/*--------------------------------*- C++ -*----------------------------------*\
| =========                 |                                                 |
| \\      /  F ield         | OpenFOAM: The Open Source CFD Toolbox           |
|  \\    /   O peration     | Version:  2406                                  |
|   \\  /    A nd           | Website:  www.openfoam.com                      |
|    \\/     M anipulation  |                                                 |
\*---------------------------------------------------------------------------*/
FoamFile
{
    version     2.0;
    format      ascii;
    arch        "LSB;label=32;scalar=64";
    class       volScalarField;
    location    "0.08";
    object      omega;
}
// * * * * * * * * * * * * * * * * * * * * * * * * * * * * * * * * * * * * * //

dimensions      [0 0 -1 0 0 0 0];

internalField   nonuniform List<scalar> 
8260
(
21853.35
18516.704
15397.291
12635.288
10261.113
8253.3141
6577.3447
5195.0953
4068.0293
3159.6977
2435.9795
1865.5453
1420.5294
1076.5836
812.8815
612.0618
459.95268
345.21726
258.94544
194.23551
145.80638
109.63614
82.706234
62.758782
48.096461
37.29467
28.508691
20.213504
16.433982
13.058348
10.620369
17953.83
15382.383
13026.856
10899.122
9010.8634
7363.7959
5950.8466
4757.8963
3765.7424
2952.5119
2295.1805
1770.6489
1357.0402
1034.389
784.99596
593.72123
447.93816
337.37196
253.83585
190.91355
143.6484
108.23458
81.795776
62.165277
47.706514
37.026205
28.290879
20.046574
16.366779
13.027242
10.616329
14603.901
12715.998
10946.938
9312.3252
7824.4364
6492.4172
5320.8598
4308.8312
3449.839
2732.9645
2144.2724
1667.9787
1287.8234
988.1002
754.24852
573.41246
434.58661
328.62647
248.12452
187.19109
141.22431
106.65633
80.767881
61.494058
47.264101
36.719405
28.039393
19.859128
16.291672
12.992264
10.612444
11731.314
10390.944
9090.507
7856.8397
6704.965
5647.7947
4695.2969
3853.4896
3123.7296
2502.875
1984.109
1557.8499
1212.9197
937.63288
720.51947
551.01977
419.80154
318.90664
241.75709
183.02984
138.50784
104.88381
79.611014
60.737023
46.763915
36.371892
27.751477
19.65012
16.207541
12.953625
10.60907
9305.7645
8377.3487
7443.2676
6533.2801
5661.4593
4841.1198
4083.9415
3399.0313
2792.0749
2264.9857
1816.1484
1440.9474
1132.5874
883.03227
683.7577
526.46228
403.50259
308.14436
234.68011
178.38981
135.47006
102.89647
78.310676
59.88399
46.198657
35.977897
27.421321
19.416869
16.112833
12.910313
10.605586
7290.1071
6658.4019
6003.0382
5348.1694
4704.7688
4084.1507
3497.1927
2953.4786
2460.4555
2022.8442
1642.463
1318.3765
1047.3436
824.4959
643.99932
499.70528
385.63127
296.28105
226.84336
173.23131
132.0812
100.67256
76.851206
58.923729
45.560165
35.530711
27.042143
19.156384
16.005869
12.86116
10.602584
5639.2324
5216.728
4767.2829
4307.6535
3845.2286
3388.3005
2945.5465
2525.3716
2135.1816
1780.7377
1465.7443
1191.6995
958.0179
762.4146
601.39349
470.77646
366.16193
283.2736
218.20307
167.51665
128.31146
98.189527
75.215904
57.843995
44.839323
35.022455
26.605983
18.86568
15.885084
12.805181
10.599987
4307.012
4029.5708
3728.308
3413.7503
3090.2697
2763.2228
2438.7136
2123.1954
1822.9472
1543.517
1289.2443
1062.9417
865.77979
697.40728
556.23096
439.7853
345.11427
269.10179
208.72617
161.21245
124.13218
95.424509
73.387209
56.631517
44.025961
34.443751
26.10355
18.541866
15.749044
12.741554
10.597886
3248.8652
3070.2698
2872.9907
2663.1248
2442.9239
2215.4493
1984.5269
1754.5718
1530.2869
1316.2725
1116.6165
934.53625
772.13703
630.33974
508.96676
406.94343
322.56666
253.77737
198.39566
154.2926
119.51734
92.355078
71.346987
55.272034
43.108747
33.783298
25.524078
18.18241
15.596587
12.669446
10.596417
2422.5122
2309.8883
2183.7003
2047.1884
1901.2903
1747.5202
1587.9964
1425.4133
1262.9158
1103.883
951.6465
809.1904
678.88632
562.31977
460.23334
372.58053
298.67006
237.35381
187.21687
146.74195
114.44562
88.960221
69.07696
53.750403
42.075037
33.027294
24.85527
17.785525
15.426955
12.587785
10.595608
1788.2395
1718.5224
1639.7016
1553.1159
1458.9799
1357.8875
1250.8439
1139.2951
1025.1133
910.51283
797.89985
689.67289
588.00592
494.65636
410.83438
337.15235
273.65906
219.93586
175.22434
138.56071
108.90286
85.22166
66.559307
52.050777
40.910705
32.158448
24.08374
17.350597
15.239728
12.495694
10.595408
1309.9387
1267.5397
1219.2645
1165.5457
1106.2571
1041.4853
971.58365
897.19871
819.29797
739.16483
658.34518
578.5454
501.49206
428.77637
361.71229
301.23478
247.85723
201.68739
162.48856
129.76922
102.88511
81.125528
63.77747
50.156855
39.599987
31.15647
23.196905
16.878684
15.034248
12.392299
10.595797
955.49575
929.99785
900.80833
867.98897
831.31765
790.66607
746.04642
697.6546
645.89231
591.39487
535.03397
477.8851
421.15858
366.10142
313.88501
265.49893
221.67223
182.83484
149.12149
120.41273
96.401958
76.664351
60.717152
48.052224
38.125193
29.99768
22.186544
16.373362
14.809722
12.277124
10.596038
696.78144
681.42966
663.80231
643.84429
621.3429
596.12287
568.0628
537.13759
503.44496
467.2285
428.9021
389.05549
348.4355
307.90109
268.35545
230.66457
195.57747
163.66362
135.27893
110.56521
89.479769
71.839251
57.367494
45.720732
36.466018
28.651282
21.047984
15.866227
14.566226
12.151479
10.595941
509.76789
500.36537
489.57528
477.32351
463.44861
447.79185
430.21728
410.62132
388.96364
365.28698
339.73704
312.58015
284.21237
255.15106
226.00662
197.43513
170.07871
144.505
121.15808
100.33113
82.164389
66.662076
53.722291
43.146785
34.598031
27.077685
19.782324
15.35598
14.30436
12.018255
10.595088
374.74633
368.81905
362.04462
354.36346
345.66599
335.83847
324.76549
312.3408
298.4818
283.1454
266.34462
248.16339
228.7707
208.43146
187.50454
166.42448
145.6684
125.71273
106.9884
89.843728
74.522304
61.156991
49.780941
40.315221
32.489497
25.229083
18.42383
14.840832
14.025834
11.879638
10.592882
276.37811
272.54655
268.19311
263.27633
257.7263
251.4688
244.42462
236.51226
227.65083
217.77253
206.83505
194.83482
181.81749
167.89111
153.23305
138.09161
122.77538
107.63141
93.015336
79.258656
66.639237
55.360772
45.548501
37.210005
30.095012
23.057613
17.045045
14.321017
13.734323
11.73939
10.586528
203.45837
200.97361
198.16618
195.0085
191.45718
187.46487
182.98032
177.94816
172.30921
166.00335
158.9744
151.1833
142.61552
133.2929
123.28234
112.70192
101.72201
90.56206
79.478103
68.742117
58.614976
49.32071
41.033623
33.810237
27.342922
20.543097
15.746729
13.751307
13.512494
11.609897
10.573734
148.40894
146.84646
145.0872
143.11269
140.89618
138.40801
135.61497
132.48022
128.96406
125.02265
120.61106
115.68199
110.19651
104.13486
97.499155
90.328193
82.700004
74.731951
66.584196
58.453493
50.552944
43.088204
36.243096
30.075506
24.113162
17.867505
14.649218
13.265311
13.094658
11.501939
10.556511
106.33071
105.41746
104.3899
103.23552
101.93779
100.47817
98.835382
96.98493
94.89904
92.54724
89.895966
86.908099
83.545176
79.767069
75.546577
70.872192
65.762188
60.270669
54.481924
48.521429
42.541391
36.702899
31.161386
25.902425
20.268998
15.501046
13.796892
12.82013
12.784461
11.440394
10.498327
74.025216
73.557546
73.030272
72.435216
71.762465
71.000707
70.136563
69.154024
68.034036
66.754133
65.288406
63.608622
61.683143
59.474855
56.946599
54.066357
50.810283
47.183244
43.225038
39.006236
34.615995
30.151783
25.675029
21.063699
16.271416
13.870175
13.133239
12.380319
12.407148
11.350094
10.474697
49.195101
49.020674
48.822503
48.595627
48.334465
48.032389
47.681075
47.269912
46.785517
46.211193
45.526433
44.706858
43.725121
42.553187
41.154157
39.494641
37.545184
35.282895
32.694125
29.803038
26.649492
23.259761
19.64777
16.070101
13.824836
12.935502
12.538135
11.960906
12.036359
11.283058
10.467092
30.067708
30.061877
30.055853
30.047385
30.03387
30.011799
29.976097
29.919512
29.832101
29.70059
29.507645
29.231173
28.844181
28.317232
27.624284
26.730603
25.622267
24.261089
22.644566
20.773856
18.700248
16.672318
14.847316
13.312414
12.532093
12.215764
11.964839
11.537857
11.642828
11.21963
10.464362
18.122812
18.131222
18.144235
18.161263
18.181594
18.204475
18.228638
18.251775
18.270086
18.277604
18.265581
18.221315
18.129327
17.969854
17.717542
17.359237
16.891609
16.289509
15.587286
14.733304
13.89385
13.124654
12.49392
12.003214
11.81606
11.583789
11.422904
11.113256
11.224149
11.0275
10.457578
12.937588
12.919335
12.901971
12.887212
12.87565
12.868717
12.867407
12.871946
12.881679
12.894633
12.907232
12.911775
12.904377
12.879423
12.834818
12.756228
12.62122
12.440038
12.226424
11.970929
11.752027
11.538245
11.392833
11.32309
11.126721
11.024609
10.949307
10.733216
10.822269
10.812502
10.39574
11.288703
11.254376
11.220773
11.189735
11.163245
11.1418
11.125764
11.115346
11.110372
11.110249
11.113731
11.118625
11.122253
11.121766
11.114429
11.095445
11.059516
11.009974
10.936545
10.880167
10.842909
10.820472
10.790546
10.754781
10.677
10.628364
10.589148
10.462474
10.547145
10.56483
10.303578
10.676683
10.650549
10.625279
10.601441
10.579718
10.56074
10.545038
10.533011
10.524874
10.520602
10.519904
10.522151
10.526447
10.531195
10.53396
10.531669
10.521245
10.501481
10.477627
10.456722
10.434472
10.438493
10.445203
10.446025
10.417386
10.395162
10.380008
10.30629
10.348404
10.393497
10.219263
10.35958
10.344062
10.329194
10.315126
10.302231
10.290857
10.281337
10.273997
10.269104
10.266847
10.267286
10.270235
10.275159
10.28092
10.28596
10.288636
10.287133
10.280376
10.270494
10.262246
10.256446
10.248403
10.262517
10.275787
10.268902
10.262734
10.25245
10.183901
10.170239
10.313314
10.205657
10.190312
10.183358
10.176657
10.170368
10.164654
10.159661
10.155528
10.152399
10.150418
10.149696
10.150212
10.151732
10.153687
10.15545
10.156628
10.157138
10.156969
10.157004
10.162396
10.173733
10.176159
10.163636
10.157759
10.172582
10.155485
10.144476
10.129663
10.083706
10.082172
10.136013
10.248775
10.089577
10.087932
10.086167
10.084528
10.08304
10.081716
10.080569
10.079615
10.078887
10.078421
10.078173
10.077623
10.076203
10.07498
10.074625
10.07552
10.078418
10.08557
10.100546
10.122224
10.135951
10.119817
10.114015
10.112945
10.096519
10.068404
10.055968
10.041755
10.04846
10.094186
10.301182
10.029305
10.029727
10.030075
10.030447
10.030766
10.030917
10.030746
10.030067
10.028697
10.02653
10.023693
10.02095
10.019314
10.018341
10.017836
10.017755
10.018272
10.020006
10.024233
10.031513
10.043357
10.057164
10.041289
10.051075
10.040609
10.031262
10.031063
10.029853
10.015415
10.095102
10.016031
95283.232
78420.786
63074.436
49930.665
39046.366
30157.369
23010.985
17347.578
12921.445
9510.9043
6926.2149
4996.6455
3575.4575
2541.4085
1797.2187
1266.638
891.25476
627.19979
442.13947
312.66758
222.09901
158.67846
114.21071
83.004576
61.113518
45.847191
34.939451
25.54014
18.892672
14.385579
11.114655
79137.405
64160.255
51707.718
41363.54
32763.765
25628.217
19786.083
15078.911
11344.903
8432.3052
6198.8713
4512.6291
3257.3641
2334.8546
1664.5977
1182.3707
838.21916
594.09765
421.62243
300.02155
214.34164
153.94179
111.3329
81.266755
60.073984
45.227294
34.538332
25.239904
18.730398
14.301654
11.082584
72168.132
58575.822
47034.153
37367.901
29383.921
22875.271
17633.169
13452.962
10154.372
7584.4902
5608.9485
4110.2103
2987.5982
2156.7828
1548.6469
1107.7895
790.76055
564.17773
402.89873
288.37797
207.13987
149.51004
108.62033
79.617154
59.08042
44.628667
34.145787
24.941649
18.571118
14.218527
11.048194
64910.355
52405.237
42000.451
33380.351
26287.449
20505.884
15840.929
12115.958
9175.3584
6881.9622
5114.6435
3768.8913
2755.9838
2002.0881
1446.8105
1041.6155
748.25079
537.13168
385.82501
277.67323
200.46774
145.37418
106.07106
78.056394
58.13374
44.053708
33.763806
24.648243
18.417264
14.137699
11.01276
59032.138
47523.591
37998.816
30155.221
23740.832
18533.607
14339.61
10993.388
8351.3123
6287.9573
4694.0314
3476.1539
2555.5736
1867.0203
1357.0935
982.80615
710.15393
512.68469
370.26834
267.84475
194.2971
141.52239
103.68065
76.58315
57.23382
43.502547
33.392699
24.360372
18.269365
14.059827
10.977217
54184.744
43383.964
34579.664
27405.91
21576.415
16858.297
13064.624
10039.735
7650.0028
5780.7024
4333.0972
3223.3771
2381.3168
1748.7049
1277.9014
930.5027
676.00366
490.59957
356.10986
258.83513
188.60145
137.9432
101.44457
75.195889
56.380402
42.975233
33.032731
24.078567
18.12755
13.984986
10.942169
49907.509
39812.24
31664.644
25071.18
19737.727
15432.893
11978.415
9225.8498
7050.0244
5345.2035
4021.8009
3004.2323
2229.3542
1644.8641
1207.942
883.97979
645.39898
470.66801
343.24301
250.59186
183.3559
134.62547
99.35825
73.892952
55.573099
42.471766
32.684168
23.80333
17.991877
13.913064
10.908182
46307.942
36796.703
29192.782
23086.008
18170.569
14217.255
11051.095
8529.4178
6535.0828
4970.1168
3752.5959
2813.8345
2096.6315
1553.666
1146.1462
842.60836
618.00005
452.70691
331.57241
243.06694
178.53725
131.55855
97.417157
72.672598
54.811422
41.992095
32.347229
23.535098
17.8624
13.843878
10.871751
43182.331
34194.812
27073.969
21389.304
16832.374
13179.032
10257.869
7932.5143
6092.4857
4646.6487
3519.5441
2648.2896
1980.6986
1473.6192
1091.5926
805.85346
593.51182
436.55507
321.01275
236.2167
174.12393
128.73232
95.616848
71.533039
54.094802
41.536128
32.022101
23.274249
17.739062
13.77716
10.845406
40470.248
31957.688
25259.474
19938.533
15689.211
12291.782
9579.2055
7420.8247
5712.0575
4367.7256
3317.8485
2504.4631
1879.5768
1403.4665
1043.4968
773.26862
571.67839
422.07075
311.48783
230.00149
170.09601
126.13719
93.953017
70.472474
53.422609
41.103748
31.708927
23.021103
17.621717
13.71301
10.817509
38119.621
30032.08
23703.408
18697.148
14712.594
11533.946
8999.072
6982.6683
5385.4849
4127.575
3143.6403
2379.8236
1791.6064
1342.1112
1001.2113
744.46983
552.27781
409.12949
302.92983
224.38546
166.43517
123.76421
92.421524
69.489112
52.794174
40.694917
31.407787
22.775927
17.510167
13.651094
10.797236
36074.963
28371.065
22368.157
17635.8
13879.363
10887.859
8504.3083
6608.5076
5106.0876
3921.617
2993.8292
2272.249
1715.3188
1288.6364
964.18572
719.12781
535.11808
397.62224
295.27853
219.33634
163.12467
121.60501
91.018433
68.581198
52.208798
40.309529
31.118725
22.538944
17.404174
13.5916
10.778752
34301.596
26941.689
21226.057
16732.097
13171.839
10339.989
8084.819
6291.0293
4868.7148
3746.2544
2865.8163
2179.9458
1649.5
1242.3024
931.95517
696.96154
520.03354
387.45389
288.48079
214.82526
160.14928
119.65186
89.740027
67.747027
51.66577
39.947431
30.841809
22.310338
17.303492
13.534299
10.761181
32784.238
25728.31
20262.721
15973.152
12579.053
9881.4143
7733.6242
6024.8483
4669.1303
3598.3611
2757.3565
2101.3406
1593.1952
1202.4843
904.1286
677.73232
506.88206
378.54196
282.49001
210.82657
157.4953
117.89768
88.582831
66.984964
51.164376
39.608432
30.577116
22.090257
17.207876
13.479041
10.744521
31555.85
24741.264
19475.807
15351.682
12092.943
9504.7119
7444.4057
5804.8728
4503.4347
3474.8897
2666.4261
2035.1184
1545.5835
1168.6604
880.37916
661.23893
495.5427
370.81555
277.26565
207.31768
155.15047
116.336
87.54362
66.293454
50.703909
39.292315
30.324743
21.878818
17.117092
13.425966
10.728807
30437.617
23876.94
18805.427
14831.98
11691.079
9195.1934
7207.3921
5624.679
4367.5557
3373.2791
2591.357
1980.2853
1505.9963
1140.4043
860.43703
647.31393
485.91385
364.21447
272.77292
204.2789
153.10395
114.96101
86.619426
65.671031
50.28368
38.998842
30.084812
21.676072
17.030932
13.375284
10.707574
29272.066
23034.033
18187.44
14374.04
11348.9
8938.0964
7013.7533
5478.9386
4258.2482
3291.7556
2531.0083
1936.0485
1473.908
1117.3745
844.08409
635.82066
477.91172
358.68851
268.98241
201.69332
151.34628
113.76753
85.807538
65.116326
49.90302
38.727762
29.857548
21.481925
16.949186
13.326302
10.69311
28311.953
22333.646
17674.652
13997.873
11072.118
8733.5908
6861.9693
5365.9064
4173.9807
3229.0383
2484.5068
1901.8109
1448.9186
1099.3073
831.14993
626.65112
471.46919
354.19688
265.86985
199.54672
149.86935
112.751
85.1055
64.628069
49.56129
38.478875
29.643281
21.296191
16.871659
13.27976
10.681048
27451.979
21740.204
17257.594
13701.612
10860.083
8580.6766
6750.7701
5284.3414
4113.6942
3184.2802
2451.2347
1877.146
1430.7398
1086.0111
821.50894
619.72428
466.53495
350.70775
263.41589
197.82744
148.66635
111.90751
84.51111
64.205091
49.257882
38.252092
29.442363
21.118627
16.798153
13.236348
10.669336
26690.913
21240.232
16925.713
13479.316
10709.772
8477.7592
6679.1669
5233.5222
4076.814
3157.0341
2430.8527
1861.8064
1419.1967
1077.3648
815.0786
614.98501
463.07276
348.19782
261.60594
196.52634
147.73177
111.23373
84.022422
63.846318
48.992221
38.047342
29.255091
20.948952
16.728433
13.196411
10.658538
26010.607
20821.851
16670.776
13325.82
10618.387
8423.4379
6646.5
5213.151
4063.1532
3147.1596
2423.2456
1855.701
1414.2185
1073.3142
811.81862
612.40382
461.06154
346.65247
260.4301
195.63684
147.06122
110.72695
83.637729
63.550768
48.76376
37.864578
29.081738
20.786867
16.662235
13.160239
10.648559
25396.627
20474.453
16486.272
13237.411
10584.106
8416.9957
6651.7993
5222.0279
4071.6485
3153.8864
2427.9303
1858.5653
1415.6835
1073.8215
811.72826
611.97684
460.49523
346.0655
259.88298
195.15483
146.65157
110.38502
83.355559
63.317543
48.571981
37.703779
28.92262
20.632075
16.599239
13.128051
10.639689
24822.332
20182.788
16364.53
13210.796
10602.973
8452.8133
6691.131
5258.1879
4102.5775
3178.3142
2445.9857
1871.1656
1424.0301
1079.0668
814.8556
613.72147
461.37068
346.42278
259.95923
195.07842
146.5009
110.20631
83.17465
63.145814
48.416384
37.564909
28.778082
20.484349
16.539179
13.099833
10.63218
24233.422
19916.31
16288.747
13233.78
10668.081
8530.2298
6765.3476
5322.2774
4153.858
3217.5111
2474.8198
1891.6188
1438.0497
1088.3738
820.83625
617.44091
463.59853
347.69463
260.63417
195.39182
146.60292
110.18927
83.093782
63.03475
48.296458
37.447868
28.648529
20.343553
16.48168
13.075139
10.623698
91754.953
76076.207
61886.857
49519.505
39096.914
30563.399
23546.837
17889.926
13404.974
9906.0927
7232.0608
5223.6133
3738.1372
2654.6149
1874.031
1317.6553
924.52856
648.5774
455.70859
321.1799
227.39938
161.96174
116.23542
84.247611
61.87131
46.309171
35.244924
25.779096
19.029944
14.46135
11.137141
85774.316
71492.329
59055.5
47948.988
38297.192
30108.89
23319.109
17802.82
13398.741
9947.979
7290.6833
5281.5406
3787.6898
2693.6134
1903.0368
1338.3544
938.83262
658.2148
462.07248
325.31783
230.05908
163.65639
117.30794
84.922851
62.293925
46.572729
35.423777
25.932346
19.122439
14.515029
11.156691
80094.991
67270.898
56095.312
46021.305
37121.263
29447.666
22988.562
17672.211
13381.275
9984.238
7347.3678
5339.7415
3838.5511
2734.2087
1933.5342
1360.2762
954.06325
668.51712
468.89487
329.76268
232.91849
165.47924
118.46169
85.649062
62.748204
46.856055
35.615311
26.097037
19.225022
14.574751
11.175897
74792.641
63345.894
53293.11
44144.466
35944.431
28765.723
22634.948
17523.006
13350.197
10013.663
7401.3561
5397.7677
3890.5013
2776.326
1965.5258
1383.4566
970.26387
679.52329
476.20604
334.53653
235.99283
167.44027
119.70308
86.430274
63.236627
47.160795
35.820427
26.273974
19.339607
14.641256
11.193794
69837.16
59669.768
50623.479
42312.893
34765.471
28062.574
22257.289
17353.913
13305.369
10035.126
7451.8463
5455.1083
3943.2737
2819.8605
1998.9979
1407.9245
987.47631
691.27288
484.0379
339.6623
239.29824
169.55025
121.03904
87.270861
63.761904
47.488837
36.040204
26.464364
19.462572
14.71476
11.211121
65210.123
56205.043
48067.529
40520.676
33583.039
27337.787
21854.739
17163.724
13245.487
10047.329
7497.9538
5511.2426
3996.5918
2864.6976
2033.9257
1433.6956
1005.7281
703.79176
492.41011
345.15307
242.84348
171.81425
122.47231
88.172259
64.325142
47.837774
36.272508
26.664197
19.58963
14.797007
11.22785
60879.15
52915.903
45607.216
38761.433
32395.516
26590.786
21426.45
16951.256
13169.236
10048.461
7538.8062
5565.6609
4050.1564
2910.6992
2070.2707
1460.7816
1025.0498
717.11263
501.35031
351.02989
246.64385
174.24186
124.00895
89.138178
64.928875
48.208025
36.516918
26.871209
19.72804
14.888419
11.249303
56823.129
49786.187
43233.839
37033.695
31204.05
25822.584
20972.535
16715.962
13076.121
10041.034
7573.7539
5617.5767
4103.4807
2957.6124
2107.9367
1489.1768
1045.4771
731.28356
510.90396
357.32945
250.72646
176.85224
125.66215
90.177325
65.578278
48.606183
36.777863
27.091507
19.878959
14.990519
11.272874
53012.766
46800.102
40937.277
35333.331
30007.563
25032.722
20492.162
16456.589
12964.514
10020.754
7601.5298
5666.2417
4156.0945
3005.1874
2146.8211
1518.8633
1067.032
746.33916
521.10458
364.07883
255.11047
179.65891
127.44086
91.295406
66.276965
49.034562
37.056444
27.325889
20.043628
15.10515
11.298034
49423.182
43944.362
38710.955
33658.695
28806.596
24221.803
19985.289
16172.387
12832.98
9985.3883
7620.8761
5710.8324
4207.4698
3053.1293
2186.7915
1549.8063
1089.7286
762.31128
531.98553
371.30602
259.81677
182.67626
129.35472
92.498567
67.028783
49.495856
37.35385
27.575168
20.223464
15.23422
11.325791
46036.22
41211.916
36552.645
32010.08
27602.608
23391.116
19452.353
15862.906
12680.596
9935.0992
7630.4624
5750.4696
4257.0254
3101.0969
2227.6842
1581.9522
1113.5709
779.22798
543.57957
379.03971
264.86741
185.92053
131.41403
93.793428
67.837803
49.992504
37.671413
27.84019
20.420028
15.37951
11.357184
42842.737
38601.54
34462.787
30389.511
26398.183
22542.777
18894.374
15528.104
12506.66
9868.7884
7629.1379
5784.2938
4304.1396
3148.7037
2269.3
1615.2258
1138.5516
797.11245
555.91821
387.30905
270.28528
189.40866
133.62973
95.187107
68.708354
50.527312
38.010598
28.121803
20.635004
15.542382
11.392997
39835.406
36112.189
32443.274
28800.357
25196.994
21679.767
18313.059
15168.488
12310.935
9786.1846
7619.1018
5811.702
4348.1737
3195.5273
2311.4046
1649.5264
1164.6499
815.98177
569.03109
396.14327
276.09408
193.15723
136.01343
96.687263
69.645073
51.10336
38.373019
28.420862
20.870138
15.723464
11.433641
37008.407
33742.812
30496.439
27246.613
24003.402
20805.802
17710.863
14785.155
12093.429
9686.1913
7595.4894
5831.5888
4388.4335
3241.1046
2353.732
1684.7295
1191.8301
835.84567
582.94523
405.57141
282.31826
197.18418
138.57744
98.302139
70.652944
51.723888
38.76041
28.738224
21.127162
15.922424
11.47924
34356
31494.956
28626.864
25733.927
22822.964
19925.564
17091.072
14379.866
11854.605
9568.3152
7558.2172
5842.9575
4424.1959
3284.9398
2395.9828
1720.6861
1220.04
856.70526
597.68416
415.62184
288.98291
201.50883
141.33604
100.04061
71.737306
52.392253
39.17463
29.074734
21.407695
16.13791
11.529962
31871.519
29368.208
26838.207
24267.998
21661.814
19044.509
16457.778
13955.113
11595.53
9432.6614
7507.3303
5844.2696
4454.7291
3326.5207
2437.8279
1757.2215
1249.2108
878.55178
613.26705
426.3218
296.11345
206.15125
144.30447
101.9121
72.904025
53.111819
39.617658
29.431203
21.713059
16.367748
11.586254
29553.617
27365.235
25135.714
22855.473
20526.875
18168.883
15815.88
13514.163
11317.975
9279.9771
7443.2835
5838.3722
4479.7578
3365.3689
2478.9181
1794.1357
1279.2551
901.36522
629.70769
437.6968
303.7354
211.13207
147.49703
103.92667
74.160028
53.885828
40.091577
29.808377
22.044057
16.609403
11.648847
27398.831
25487.155
23523.852
21502.809
19425.299
17305.443
15170.949
13061.013
11024.377
9111.3929
7366.0019
5822.3604
4498.6419
3400.9997
2518.897
1831.2062
1310.063
925.11294
647.01349
449.76997
311.87399
216.47265
150.92892
106.09506
75.512649
54.718093
40.598539
30.206873
22.400718
16.86071
11.719139
25407.477
23737.001
22007.908
20216.838
18364.547
16461.335
14529.046
12600.26
10717.746
8928.3892
7275.5768
5795.2046
4510.7304
3432.9284
2557.3948
1868.195
1341.5093
949.74907
665.1845
462.5614
320.55393
222.19491
154.61701
108.42859
76.969671
55.61357
41.140414
30.627062
22.782008
17.120748
11.799195
23578.931
22116.797
20592.102
19003.477
17351.477
15643.502
13896.445
12136.89
10401.526
8732.9771
7172.9866
5758.1872
4515.4237
3460.7024
2594.0447
1904.8486
1373.4512
975.21405
684.21244
476.08736
329.79886
228.32117
158.57916
110.94114
78.53916
56.577609
41.720377
31.069005
23.185592
17.390553
11.892091
21912.936
20628.753
19280.444
17868.129
16392.399
14858.529
13279.3
11675.989
10079.443
8527.5374
7059.5062
5711.7408
4513.3692
3484.0655
2628.5098
1940.9023
1405.7299
1001.4357
704.07988
490.35945
339.63093
234.87376
162.83346
113.64639
80.229607
57.616006
42.342112
31.532489
23.607712
17.673247
12.001987
20402.457
19269.985
18073.156
16813.368
15491.538
14111.529
12682.868
11222.288
9755.2392
8314.7013
6936.7913
5656.8695
4505.553
3502.9813
2660.505
1976.0924
1438.1698
1028.3254
724.75889
505.38367
350.07009
241.87476
167.39855
116.5569
82.050066
58.734851
43.009377
32.017089
24.043222
17.973126
12.131298
19036.763
18034.637
16968.109
15839.843
14651.495
13406.294
12111.433
10779.919
9432.3884
8097.0041
6806.2968
5593.6866
4489.5965
3516.9633
2689.7181
2010.1555
1470.5814
1055.776
746.20947
521.15936
361.1335
249.34566
172.29361
119.68718
84.009766
59.940366
43.725805
32.522379
24.485996
18.293774
12.277097
17796.188
16909.076
15956.908
14943.431
13871.391
12744.157
11567.597
10351.938
9113.7616
7876.7182
6669.5311
5523.1156
4467.1341
3525.953
2715.8754
2042.8195
1502.7628
1083.6673
768.37892
537.67808
372.8347
257.30701
177.53827
123.05308
86.120686
61.238904
44.496996
33.048258
24.929754
18.636054
12.434683
16657.429
15874.741
15025.96
14115.287
13146.469
12123.517
11051.88
9940.0255
8801.3929
7655.6713
6527.8169
5445.903
4438.2261
3529.5508
2738.666
2073.8
1534.4956
1111.8618
791.20032
554.92236
385.18271
265.77781
183.15219
126.67074
88.396141
62.63732
45.328781
33.594736
25.369152
18.997523
12.599562
15599.937
14914.017
14161.197
13345.224
12470.307
11541.16
10563.445
9544.8225
8496.5971
7435.2468
6382.2499
5362.7235
4403.1721
3528.181
2757.8987
2102.8171
1565.5394
1140.2035
814.59416
572.86462
398.18091
274.77484
189.1546
130.55628
90.847513
64.144115
46.225516
34.160187
25.801213
19.375197
12.768831
14608.554
14011.894
13348.651
12621.365
11833.905
10991.203
10099.208
9165.3389
8199.6538
7216.2744
6233.7344
5274.3459
4362.6428
3522.6896
2773.5781
2129.6241
1595.6445
1168.5126
838.45995
591.46468
411.82573
284.31188
195.56406
134.72663
93.486869
65.767361
47.192324
34.748605
26.227265
19.771183
12.945998
13672.599
13157.567
12577.719
11933.944
11229.056
10467.544
9655.3133
8799.6976
7910.095
6999.0428
6082.7515
5180.9985
4316.1462
3510.8963
2785.1055
2153.8748
1624.5366
1196.5858
862.67316
610.66699
426.10493
294.39869
202.39799
139.1991
96.327835
67.516163
48.235574
35.370156
26.654604
20.196701
13.137929
12787.69
12345.687
11842.127
11276.212
10649.253
9964.6565
9227.7352
8445.504
7626.9058
6783.4337
5929.5751
5082.986
4263.9693
3493.8248
2792.3277
2175.2504
1651.9143
1224.1965
887.09093
630.39952
440.9961
305.03997
209.67191
143.99089
99.385382
69.402381
49.36339
36.038861
27.095932
20.671677
13.379682
11953.557
11575.46
11140.151
10645.423
10091.034
9478.9479
8813.3709
8100.5788
7348.93
6569.102
5774.3023
4980.4871
4206.1212
3471.0327
2794.3765
2193.2595
1677.4284
1251.0937
911.54849
650.57198
456.46522
316.23414
217.3987
149.11839
102.67355
71.438786
50.583886
36.755232
27.567733
21.218801
13.658582
11171.586
10848.367
10472.909
10041.961
9553.9204
9009.2722
8410.825
7763.7297
7075.4763
6355.9064
5617.188
4873.9333
4143.072
3443.0927
2792.5145
2207.9303
1700.8217
1277.0135
935.86615
671.08591
472.46788
327.97281
225.58819
154.59725
106.20714
73.636099
51.903552
37.52411
28.08843
21.855654
14.075044
10442.721
10165.896
9842.091
9467.335
9038.9431
8556.0654
8020.0781
7434.7752
6806.4965
6144.0921
5458.7509
4763.9656
4075.3894
3410.2956
2786.4251
2219.1279
1721.8669
1301.7167
959.85153
691.82038
488.94682
340.23984
234.24629
160.44194
110.00165
76.008341
53.333961
38.362099
28.675396
22.584376
14.65149
9765.7318
9527.9423
9248.3195
8922.5547
8547.1624
8120.1977
7641.7078
7114.0899
6542.3437
5934.1369
5299.6096
4651.2117
4003.4654
3372.4729
2774.9288
2226.4537
1740.3153
1324.981
983.31544
712.64324
505.83282
353.01093
243.37442
166.66505
114.07258
78.569966
54.888629
39.284458
29.341366
23.375608
15.391665
9136.7534
8931.9148
8690.0692
8406.8647
8078.3392
7701.6807
7275.8022
6801.7669
6283.176
5726.3667
5140.3024
4536.3665
3928.0468
3330.4277
2759.3487
2230.1104
1756.1015
1346.6456
1006.0956
733.42839
523.04847
366.254
252.96901
173.27681
118.43473
81.33528
56.579752
40.29968
30.090632
24.183526
16.240363
8550.5827
8373.6958
8164.2682
7918.0232
7630.8477
7299.3465
6921.4872
6497.1381
6028.5174
5520.541
4980.8682
4419.7237
3849.5606
3284.5229
2739.6611
2229.8116
1769.0452
1366.5501
1028.0364
754.05685
540.51974
379.9324
263.02163
180.28459
123.1015
84.317935
58.419147
41.417105
30.920457
24.988316
17.216734
8002.5683
7849.388
7667.7417
7453.5334
7202.6558
6911.46
6577.2172
6198.7639
5777.0636
5315.5911
4820.5781
4300.9563
3768.0789
3235.1936
2716.7014
2227.1841
1779.555
1384.6938
1049.0294
774.41895
558.17021
394.00481
273.51894
187.69229
128.08438
87.530401
60.416436
42.644747
31.819151
25.786156
18.300839
7490.0229
7356.8477
7198.8548
7012.2181
6792.9757
6537.3957
6242.3868
5905.9972
5528.0299
5110.637
4658.5984
4179.4242
3683.2232
3182.239
2690.1168
2220.9026
1787.4243
1401.0051
1068.9839
794.40791
575.91164
408.42199
284.4421
195.50015
133.39273
90.984077
62.580449
43.987191
32.759573
26.567932
19.351685
7011.5695
6895.1924
6757.2043
6594.1033
6402.1705
6177.7403
5917.5401
5619.1373
5281.4598
4905.4137
4494.3976
4054.4629
3594.3418
3125.1084
2659.5117
2211.0082
1792.5292
1415.372
1087.7783
813.91148
593.6573
423.12905
295.76679
203.70471
139.03396
94.689624
64.919857
45.443009
33.727045
27.308157
20.314119
6565.7871
6463.5326
6342.4388
6199.3508
6030.8466
5833.4347
5603.8216
5339.2911
5038.1626
4700.3865
4328.066
3925.8314
3500.964
3063.2294
2624.3326
2197.0374
1794.0287
1427.3549
1105.1702
832.7755
611.30018
438.05788
307.46114
212.29859
145.01369
98.657278
67.444503
47.014656
34.718837
27.990509
21.214592
6151.552
6061.2415
5954.4652
5828.4113
5679.9727
5505.8937
5302.9738
5068.3754
4800.0311
4497.1309
4160.7295
3794.176
3403.3318
2996.5898
2584.5053
2179.0598
1792.6396
1436.9268
1120.9661
850.81505
628.71864
453.14127
319.49032
221.27152
151.33617
102.89717
70.167237
48.716625
35.749301
28.654566
22.105881
5767.2761
5687.1576
5592.6034
5481.1226
5349.9173
5195.9942
5016.3153
4808.0421
4568.8798
4297.5122
3994.1252
3660.9226
3302.4852
2925.8705
2540.4289
2157.229
1788.141
1443.977
1134.9973
867.86275
645.77646
468.28981
331.81077
230.60962
158.0045
107.41933
73.101636
50.563055
36.861633
29.39277
23.261198
5410.4816
5339.1677
5255.1696
5156.281
5039.9958
4903.5868
4744.2154
4559.1198
4345.899
4102.8821
3829.6085
3527.3544
3199.5138
2851.8629
2492.4965
2131.4145
1779.6928
1448.304
1147.1764
883.81151
662.36047
483.4157
344.37295
240.29453
165.02039
112.23623
76.264725
52.571773
38.098736
30.284404
24.708984
5077.9106
5014.2559
4939.4402
4851.5077
4748.2243
4627.1241
4485.5868
4320.98
4130.8862
3913.4162
3667.6318
3394.0118
3094.9282
2774.9596
2440.9573
2101.7947
1767.7173
1449.3449
1157.1698
898.47276
678.34651
498.42878
357.11823
250.2995
172.37963
117.35707
79.670386
54.762904
39.474923
31.315123
26.341364
4767.0092
4710.034
4643.217
4564.8245
4472.8721
4365.1455
4239.2513
4092.7228
3923.1973
3728.6758
3507.8793
3260.6914
2988.5909
2695.0421
2385.7206
2068.3799
1752.406
1447.9992
1165.0742
911.72622
693.59854
513.22431
369.97702
260.5865
180.06873
122.7837
83.324831
57.141895
40.97903
32.388014
27.966041
4476.1558
4425.0076
4365.1573
4295.07
4212.988
4116.932
4004.7342
3874.1137
3722.8131
3548.8094
3350.6059
3127.6301
2880.6575
2612.2101
2326.842
2031.1982
1733.7015
1443.8824
1170.8206
923.45284
707.96175
527.67821
382.87004
271.10782
188.06498
128.51013
87.230135
59.709015
42.603529
33.49453
29.465983
4204.7927
4158.7195
4104.926
4042.0545
3968.5492
3882.6464
3782.3934
3665.7024
3530.4532
3374.6619
3196.7198
2995.7359
2771.9335
2527.0162
2264.5393
1990.0467
1710.8981
1435.7463
1173.6185
933.24496
721.19685
541.61873
395.67804
281.79635
196.33579
134.52441
91.385414
62.466637
44.360232
34.675458
30.952653
3950.8359
3909.2573
3860.8121
3804.2987
3738.3399
3661.3662
3571.6244
3467.2149
3346.168
3206.5761
3046.79
2865.7025
2663.1058
2440.0606
2199.2378
1945.1472
1684.133
1423.9866
1173.2494
940.78603
733.04287
554.85989
408.27544
292.57543
204.8431
140.81309
95.790717
65.42142
46.264897
35.955046
32.396142
3714.47
3676.8391
3633.0825
3582.136
3522.7803
3453.619
3373.082
3279.4489
3170.9055
3045.646
2902.0328
2738.8284
2555.5101
2352.6159
2132.0762
1897.5158
1654.3252
1409.4601
1170.9064
946.39774
743.46922
567.28652
420.5523
303.36489
213.5426
147.35878
100.44605
68.584296
48.330352
37.354867
33.805439
3492.6792
3458.5982
3419.0439
3373.0739
3319.6071
3257.4019
3185.0535
3101.0088
3003.6063
2891.1548
2762.0619
2615.0211
2449.2844
2264.979
2063.4297
1847.4597
1621.5529
1391.7845
1165.3875
949.81257
752.39091
578.79827
432.42054
314.10632
222.39556
154.14208
105.34694
71.964056
50.578702
38.890554
35.059562
3286.8775
3255.9084
3220.0358
3178.4224
3130.1096
3073.9934
3008.8191
2933.1885
2845.5881
2744.4485
2628.2458
2495.6538
2345.7722
2178.4119
1994.3921
1795.8406
1586.4187
1371.3221
1157.009
950.60421
759.53629
589.25734
443.78577
324.72572
231.35365
161.13404
110.47858
75.555304
53.012656
40.561397
36.187321
3092.6228
3064.4937
3031.9697
2994.3072
2950.6555
2900.0327
2841.3187
2773.2571
2694.4738
2603.5212
2498.9577
2379.4705
2244.0641
2092.3078
1924.6122
1742.5217
1548.9594
1348.3209
1146.3487
949.68158
765.14461
598.64915
454.5701
335.14886
240.367
168.3059
115.82465
79.347421
55.619756
42.315398
37.168843
2913.6023
2887.9304
2858.3056
2824.0652
2784.4535
2738.5969
2685.4957
2624.023
2552.9362
2470.9083
2376.5898
2268.708
2146.2184
2008.5198
1855.7051
1688.8371
1510.2051
1323.4879
1133.7056
946.90243
769.19255
606.9159
464.70554
345.31436
249.38681
175.62949
121.37213
83.33238
58.376635
44.125113
38.070679
2742.5049
2719.105
2692.1535
2661.0599
2625.1533
2583.6574
2535.6816
2480.2174
2416.144
2342.2514
2257.2861
2160.031
2049.4272
1924.7568
1785.8677
1633.421
1469.1494
1296.0494
1118.4023
941.5719
771.46913
613.97895
474.11672
355.17388
258.40166
183.11204
127.14018
87.530532
61.293192
45.98477
38.886735
2587.3637
2565.896
2541.2201
2512.8077
2480.0618
2442.2911
2398.7016
2348.3905
2290.3494
2223.4782
2146.6206
2058.6266
1958.4492
1845.2981
1718.8362
1579.3989
1428.2446
1267.765
1101.5758
934.40492
771.74056
619.68666
482.76755
364.71065
267.38606
190.73665
133.12436
91.948138
64.378126
47.897136
39.608348
2436.0634
2416.4059
2393.8611
2367.9559
2338.1611
2303.864
2264.3595
2218.8436
2166.4125
2106.0717
2036.7612
1957.4035
1866.9818
1764.665
1649.9772
1522.9979
1384.5903
1236.6134
1082.0783
925.11721
770.75674
624.15358
490.54303
373.8272
276.32716
198.55023
139.3897
96.642464
67.672292
49.899957
40.283935
2302.6556
2284.4865
2263.6964
2239.8597
2212.5046
2181.0852
2144.9726
2103.4483
2055.701
2000.8319
1937.8721
1865.8198
1783.7027
1690.6792
1586.1831
1470.1019
1342.9861
1206.2616
1062.3957
914.94302
768.38036
627.55934
497.55898
382.49069
285.07675
206.36548
145.77568
101.49448
71.093658
51.969638
40.990845
2166.9289
2150.2039
2131.1157
2109.2874
2084.3035
2055.6827
2022.8703
1985.2304
1942.0417
1892.4986
1835.7231
1770.7914
1696.7833
1612.8621
1518.3956
1413.1131
1297.2912
1171.9589
1039.065
901.58511
763.42618
629.13855
503.42834
390.58853
293.71921
214.36679
152.47186
106.66042
74.7575
54.19775
41.812075
2056.4479
2040.7747
2022.9359
2002.5906
1979.3674
1952.8371
1922.5044
1887.8008
1848.0792
1802.6132
1750.6041
1691.2009
1623.5393
1546.805
1460.3364
1363.7596
1257.1534
1141.2409
1017.5673
888.60524
757.75639
629.14865
507.96609
397.63541
301.58178
221.83592
158.84683
111.6594
78.357474
56.455794
42.814118
1930.326
1915.7838
1899.2892
1880.5427
1859.2213
1834.9518
1807.3032
1775.7792
1739.8125
1698.7612
1651.9128
1598.4971
1537.7149
1468.7881
1391.0406
1304.0134
1207.6066
1102.255
989.10715
870.17469
748.38378
627.4905
511.10738
403.9491
309.39265
229.72917
165.8516
117.28723
82.471324
59.077858
44.06028
1843.6918
1829.7743
1814.0332
1796.1983
1775.9798
1753.0435
1727.0043
1697.4185
1663.7775
1625.5041
1581.9524
1532.4177
1476.1577
1412.4329
1340.5745
1260.0841
1170.7613
1072.8617
967.26722
855.62836
740.43159
624.92841
513.1027
408.7804
315.56661
236.06698
171.58241
122.00286
86.027946
61.515502
45.578656
1722.8009
1709.7549
1695.0645
1678.4978
1659.8091
1638.7157
1614.892
1587.962
1557.4929
1522.9897
1483.8925
1439.5814
1389.3895
1332.6325
1268.6589
1196.9286
1117.118
1029.2563
933.8846
832.2172
726.25759
618.81175
513.11072
413.18133
322.52915
243.94105
179.06709
128.31693
90.85826
64.824278
47.352241
1664.809
1652.1131
1637.8449
1621.7939
1603.7339
1583.406
1560.5118
1534.7076
1505.5969
1472.725
1435.5759
1393.5736
1346.0937
1292.4867
1232.1212
1164.4536
1089.1243
1006.0817
915.73134
819.09212
717.92132
614.75797
512.78987
415.71026
326.47876
248.37516
183.42217
132.13065
93.879054
67.053839
49.306513
1531.9579
1520.138
1506.9794
1492.2935
1475.827
1457.3596
1436.6412
1413.4059
1387.3471
1358.1052
1325.2678
1288.3657
1246.8763
1200.2366
1147.8714
1089.242
1023.9191
951.68191
872.64612
787.40993
697.18993
603.91902
510.22738
419.06466
334.10069
258.09776
193.27453
140.87976
100.87893
72.022699
51.66246
129858.69
118830.83
109375.95
101041.31
93568.894
86863.44
80819.378
75313.253
70242.626
65544.867
61176.194
57114.756
53348.856
49843.431
46591.863
43599.483
40853.302
38355.049
36071.605
33985.625
32068.385
30288.568
28615.337
27020.274
25483.662
23993.08
22545.518
21142.069
19789.266
18490.291
17245.488
16057.987
14935.599
13879.251
12884.587
11947.175
11066.929
10248.921
9487.1558
8778.6516
8122.2293
7516.5905
6955.7967
6440.1685
5967.9903
5540.5433
5152.1025
4804.8154
4490.2249
4211.3381
3957.166
3735.1073
3529.987
3354.6349
3192.3393
3060.7149
2936.0499
2846.6958
2753.3185
2694.6124
2617.6953
2583.3476
2484.4801
126396.83
121288.75
116192.02
109946.88
103540.27
97049.595
90701.154
84572.091
78626.215
73038.591
67817.349
62907.489
58323.366
54086.385
50191.763
46654.688
43434.135
40537.231
37899.093
35503.612
33309.301
31275.175
29366.113
27552.21
25818.186
24155.574
22565.231
21055.789
19621.716
18255.229
16962.437
15747.66
14611.078
13550.088
12557.373
11627.038
10758.08
9954.0616
9208.1709
8517.76
7880.977
7295.8924
6756.455
6262.44
5811.4966
5403.966
5033.6878
4701.9282
4400.2277
4131.3503
3884.6336
3667.4794
3465.2562
3290.6734
3127.3923
2992.7896
2863.8433
2769.0271
2668.5802
2604.2647
2519.2966
2480.3192
2374.2669
90811.296
87157.012
85528.292
84752.33
84027.667
82764.465
80787.012
77919.562
74551.179
71102.223
67269.716
63351
59496.597
55691.275
51996.208
48503.769
45218.488
42177.395
39336.161
36727.925
34308.453
32043.01
29908.277
27882.872
25963.092
24146.384
22444.993
20841.368
19332.983
17920.041
16600.187
15373.373
14235.248
13180.719
12199.503
11284.71
10434.486
9650.9713
8927.1143
8260.2317
7647.7903
7087.0839
6571.8914
6101.2966
5672.2696
5284.3447
4931.1285
4613.4083
4322.9571
4062.5955
3822.0802
3608.9452
3409.0695
3235.0947
3070.991
2933.9828
2801.481
2702.2349
2595.8911
2527.0787
2435.4388
2392.8775
2281.0817
43262.611
41379.218
41484.032
42535.137
44873.411
47870.908
51000.956
53981.53
56280.161
57457.888
57417.846
56829.452
55345.74
53125.494
50594.971
47887.075
45102.415
42388.982
39727.09
37151.651
34671.775
32287.361
30010.462
27847.099
25817.341
23908.088
22120.814
20450.538
18905.188
17473.42
16149.755
14930.048
13806.829
12772.406
11814.116
10924.687
10101.613
9345.8201
8650.3372
8012.1485
7428.0333
6894.4696
6405.0758
5958.2816
5550.5452
5180.8768
4842.9387
4537.4005
4256.4514
4003.1353
3767.6754
3557.7615
3359.754
3186.2408
3021.4286
2882.4652
2746.9867
2644.1137
2532.8121
2460.3329
2363.0926
2317.679
2201.241
22970.755
22629.297
23036.884
24236.728
26242.623
28827.886
31864.246
35198.708
38553.052
41516.9
43855.572
45570.187
46491.764
46543.637
46102.31
44944.313
43274.445
41204.539
38941.353
36590.947
34221.264
31869.905
29582.63
27390.128
25309.253
23354.831
21541.454
19866.598
18327.25
16911.513
15611.784
14421.697
13332.034
12332.781
11409.869
10556.14
9768.7459
9047.646
8386.0758
7780.524
7227.1689
6721.823
6258.0887
5833.9775
5445.7456
5092.2176
4767.3775
4472.0301
4198.8826
3951.2584
3719.8544
3512.4782
3315.9446
3142.7745
2977.3542
2836.801
2698.8291
2592.9693
2477.4843
2401.9766
2299.9915
2252.257
2132.034
16434.931
16309.586
16721.128
17679.333
19115.013
20946.928
23150.318
25687.158
28445.598
31269.088
33958.429
36340.209
38235.651
39521.528
40227.18
40165.642
39601.24
38423.579
36824.896
34925.347
32845.86
30673.831
28499.286
26383.374
24362.693
22471.377
20717.626
19097.019
17610.009
16247.282
15000.933
13864.056
12826.72
11877.385
11001.695
10193.032
9448.5297
8767.4493
8143.2784
7572.0783
7049.6914
6571.6121
6131.6937
5727.8757
5356.5408
5016.6136
4702.5693
4415.4752
4148.5798
3905.4648
3677.28
3471.8828
3276.5165
3103.6062
2937.6805
2795.8435
2655.7966
2547.4722
2428.4574
2350.4263
2244.3983
2194.7434
2071.4141
14060.502
13955.586
14317.791
15064.325
16132.682
17481.138
19093.262
20962.031
23057.647
25313.813
27635.698
29871.712
31874.04
33510.093
34695.451
35262.138
35258.786
34765.627
33710.973
32279.023
30587.865
28731.84
26814.521
24909.73
23066.183
21322.012
19694.228
18181.694
16790.261
15514.777
14348.881
13286.285
12317.163
11429.58
10609.995
9852.7011
9155.168
8516.2522
7929.8091
7391.8063
6898.1702
6444.5138
6025.2259
5638.4852
5281.0391
4952.0772
4646.6236
4366.0279
4104.0464
3864.4535
3638.8152
3434.9614
3240.5397
3067.8445
2901.5248
2758.6699
2616.9191
2506.5667
2384.5845
2304.4404
2194.9597
2143.6968
2017.808
13142.588
13017.627
13294.545
13884.502
14719.536
15760.234
16993.55
18410.176
19996.734
21730.675
23558.685
25393.098
27126.775
28651.297
29874.117
30668.924
30967.381
30802.46
30196.672
29170.481
27871.799
26376.414
24779.445
23154.512
21552.901
20013.839
18560.248
17196.181
15933.032
14770.264
13704.15
12729.676
11837.902
11017.745
10257.452
9552.6245
8901.4143
8302.5918
7750.6435
7241.8995
6772.7845
6339.3832
5936.7929
5563.6038
5217.0261
4896.5553
4597.7316
4322.1355
4063.9674
3827.1085
3603.4994
3400.8689
3207.2454
3034.7588
2868.1676
2724.5336
2581.4132
2469.4065
2344.9483
2263.0321
2150.6058
2097.9866
1969.9866
12813.98
12643.358
12834.931
13299.954
13964.365
14786.903
15746.318
16832.647
18038.925
19357.239
20754.797
22180.078
23561.656
24822.237
25874.406
26641.409
27021.88
27051.6
26730.811
26039.461
25093.185
23949.084
22680.702
21353.952
20016.204
18704.883
17445.801
16248.092
15127.245
14086.736
13125.75
12240.965
11425.116
10669.085
9963.6689
9306.064
8695.3287
8130.4658
7606.8317
7121.4574
6671.4874
6253.6233
5863.6722
5500.6453
5162.1917
4848.0638
4554.2331
4282.4242
4027.2071
3792.4837
3570.5277
3368.9038
3175.9999
3003.7505
2837.0213
2692.8278
2548.6434
2435.3074
2308.8082
2225.4087
2110.4807
2056.7136
1926.9758
12698.274
12502.431
12626.876
12998.265
13536.173
14193.515
14947.624
15789.304
16713.894
17716.82
18775.33
19862.154
20933.51
21931.354
22785.5
23435.543
23805.562
23918.158
23787.72
23349.606
22683.992
21836.917
20853.06
19789.69
18688.851
17584.812
16504.051
15459.547
14468.677
13537.739
12668.586
11859.829
11106.446
10401.858
9739.6204
9118.4772
8538.3792
7998.6892
7495.639
7027.0142
6590.638
6183.7588
5802.7494
5446.9364
5114.3087
4804.7824
4514.657
4245.7078
3992.8029
3759.788
3539.2334
3338.4891
3146.2836
2974.3306
2807.6065
2663.0588
2518.0915
2403.7135
2275.5617
2190.9284
2073.8917
2019.154
1887.9938
12675.677
12463.047
12543.281
12855.094
13310.238
13858.953
14476.243
15151.885
15882.468
16666.392
17492.967
18344.96
19197.148
20006.43
20722.204
21296
21667.292
21819.567
21813.313
21545.315
21064.037
20415.704
19620.444
18732.751
17791.231
16828.033
15869.516
14930.974
14029.554
13172.962
12364.933
11605.674
10892.162
10219.992
9584.8782
8986.6421
8425.7698
7901.814
7411.6251
6953.5283
6525.7903
6126.0037
5750.8919
5399.9394
5071.3528
4765.1095
4477.7405
4210.987
3959.9548
3728.3706
3509.0716
3309.1552
3117.6747
2946.1023
2779.5336
2634.8252
2489.3352
2374.1713
2244.7158
2159.0676
2040.2733
1984.7189
1852.4065
12686.82
12469.271
12529.242
12815.807
13235.016
13735.362
14290.679
14890.09
15530.529
16211.837
16933.886
17686.941
18452.456
19200.89
19883.42
20457.262
20870.087
21078.068
21135.137
20944.313
20527.522
19937.645
19191.02
18348.306
17449.242
16525.87
15604.586
14701.28
13830.806
13000.342
12214.018
11472.417
10773.321
10113.315
9489.1104
8900.6896
8348.4976
7831.9253
7348.0519
6895.402
6472.3845
6076.7003
5705.207
5357.3937
5031.5704
4727.6888
4442.4326
4177.4419
3928.013
3697.7076
3479.6057
3280.5265
3089.835
2918.7469
2752.4881
2607.8015
2462.0296
2346.3098
2215.8654
2129.3962
2009.1604
1952.9253
1819.6941
12712.957
12502.661
12576.95
12876.779
13309.812
13824.653
14395.824
15013.657
15675.811
16381.537
17142.705
17951.253
18784.774
19624.935
20396.411
21056
21539.193
21785.128
21846.644
21605.256
21107.611
20411.197
19556.97
18615.534
17633.862
16644.41
15672.33
14732.072
13834.594
12984.801
12184.697
11433.335
10727.313
10062.72
9436.3611
8847.488
8295.8836
7780.4353
7298.0927
6847.2597
6426.2239
6032.5951
5663.1921
5317.3875
4993.5069
4691.4132
4407.8869
4144.4197
3896.4653
3667.3883
3450.4941
3252.309
3062.4986
2892.0119
2726.2183
2581.7253
2435.8941
2319.8256
2188.6761
2101.5594
1980.1676
1923.373
1789.4268
12740.18
12554.611
12676.185
13030.95
13530.522
14125.766
14794.118
15529.481
16334.086
17208.752
18153.808
19165.88
20211.372
21245.199
22203.237
22996.835
23542.66
23793.834
23741.935
23303.145
22563.109
21604.174
20507.955
19350.229
18187.997
17052.77
15965.38
14936.388
13971.149
13070.179
12231.824
11452.178
10725.523
10046.084
9409.4622
8813.6773
8257.5841
7739.3687
7255.6241
6804.4169
6383.7389
5990.9776
5622.799
5278.3811
4956.0076
4655.4159
4373.4486
4111.4211
3864.9224
3637.1023
3421.4793
3224.2796
3035.4616
2865.7014
2700.5258
2556.3869
2410.7011
2294.4704
2162.8717
2075.2633
1952.9744
1895.7288
1761.249
12788.967
12649.121
12846.647
13292.709
13907.031
14644.56
15486.281
16430.114
17481.97
18639.041
19893.699
21231.865
22592.421
23911.214
25093.4
26029.453
26602.268
26747.332
26420.017
25617.998
24491.247
23159.409
21734.327
20295.372
18903.407
17585.433
16354.116
15213.903
14163.395
13197.77
12310.858
11495.176
10741.942
10043.372
9393.0597
8787.5843
8224.7676
7702.0591
7215.6213
6763.0919
6342.0905
5949.7206
5582.4414
5239.1975
4918.2016
4619.0518
4338.6365
4078.0835
3833.1046
3606.6277
3392.3762
3196.2768
3008.5735
2839.6673
2675.257
2531.6208
2386.267
2270.0416
2138.224
2050.2637
1927.3124
1869.7129
1734.8639
12944.246
12866.977
13161.378
13730.211
14502.245
15441.174
16533.553
17778.774
19183.575
20736.992
22409.145
24157.169
25904.166
27552.811
28916.832
29898.814
30325.762
30144.6
29374.381
28058.536
26458.415
24703.304
22926.677
21203.763
19586.207
18092.419
16723.842
15477.711
14345.848
13318.325
12384.393
11533.655
10755.255
10038.555
9375.02
8760.0709
8190.5921
7663.3981
7174.2745
6720.4468
6299.1697
5907.2606
5540.9683
5198.9947
4879.4754
4581.8741
4303.1234
4044.1645
3800.8272
3575.8187
3363.0625
3168.1913
2981.7291
2813.8024
2650.296
2507.2984
2362.4452
2246.3748
2114.5443
2026.3574
1902.9561
1845.0892
1710.0161
13436.024
13415.979
13817.575
14545.363
15535.619
16755.362
18201.324
19877.75
21775.291
23860.193
26044.178
28237.589
30348.217
32167.063
33489.869
34200.92
34147.149
33469.299
32020.625
30138.127
28032.302
25879.327
23806.504
21863.54
20077.417
18454.607
16985.348
15660.977
14468.316
13393.922
12425.329
11548.784
10751.175
10020.334
9346.7609
8724.682
8150.244
7619.8138
7128.939
6674.5282
6253.5393
5862.5443
5497.6186
5157.2274
4839.4415
4543.6091
4266.715
4009.5252
3767.9869
3544.5947
3333.4691
3139.9584
2954.8616
2788.0339
2625.559
2483.322
2339.1199
2223.3369
2091.6766
2003.3749
1879.7157
1821.6577
1686.4889
14821.901
14839.73
15332.235
16269.057
17577.581
19228.874
21217.048
23540.906
26150.437
28912.114
31612.606
34095.536
36239.975
37711.86
38472.01
38392.438
37602.309
35883.763
33670.589
31248.295
28786.256
26415.131
24196.368
22152.268
20290.813
18610.074
17094.123
15731.962
14508.52
13409.308
12420.941
11529.105
10720.362
9981.7837
9302.9975
8677.4254
8100.7475
7569.1098
7078.0033
6624.1606
6204.3485
5814.9612
5451.9675
5113.6048
4797.9052
4504.1299
4229.3297
3974.1134
3734.5484
3512.9291
3303.5711
3111.5505
2927.936
2762.3178
2600.9889
2459.6204
2316.2015
2200.822
2069.4931
1981.175
1857.4308
1799.2483
1664.0978
18753.496
18765.677
19314.352
20540.579
22365.328
24709.195
27524.391
30794.125
34298.587
37645.909
40389.853
42379.257
43731.417
43905.955
43314.062
41687.096
39407.687
36859.67
34172.591
31467.001
28850.135
26397.369
24143.599
22093.282
20234.958
18559.076
17045.188
15682.789
14457.255
13354.956
12363.385
11469.066
10658.795
9919.7231
9241.2422
8616.3939
8040.6791
7510.2481
7020.7235
6568.8203
6151.2364
5764.2705
5403.8712
5068.0476
4754.8321
4463.4308
4190.9783
3937.9486
3700.5325
3480.8396
3273.3795
3082.9703
2900.9444
2736.6343
2576.5509
2436.1443
2293.6227
2178.7463
2047.8889
1959.6402
1835.9654
1777.7156
1642.6854
30839.714
30589.053
31149.315
32632.116
35169.997
38473.831
42053.505
45694.302
49242.717
51919.515
52802.967
52441.89
51091.644
48653.997
45763.439
42808.745
39722.835
36617.436
33581.934
30748.673
28147.938
25779.339
23631.553
21683.166
19910.672
18303.539
16840.782
15515.299
14315.887
13231.786
12253.044
11368.319
10565.767
9833.3773
9160.8252
8541.08
7969.6764
7442.9811
6956.9326
6508.3864
6094.1158
5710.4317
5353.4135
5020.6487
4710.3172
4421.6052
4151.7476
3901.1084
3666.006
3448.3802
3242.935
3054.2456
2873.9004
2710.9839
2552.23
2412.8638
2271.335
2157.0458
2026.7793
1938.6734
1815.2052
1756.9355
1622.1171
66989.265
65188.413
65246.26
65843.991
67224.145
68697.128
69108.488
68669.661
67128.93
64366.265
61251.393
57528.155
53693.51
49746.554
45833.545
41997.557
38387.832
35091.702
32072.616
29368.115
26946.787
24770.603
22806.669
21020.152
19384.32
17886.771
16509.772
15248.795
14097.353
13048.585
12095.987
11231.148
10444.329
9724.9283
9063.311
8452.6232
7888.603
7367.9974
6887.2048
6443.3536
6033.4177
5653.8257
5300.7955
4971.6119
4664.5577
4378.8381
4111.8062
3863.7423
3631.0976
3415.6646
3212.3337
3025.4593
2846.8761
2685.4283
2528.0837
2389.8284
2249.3677
2135.7416
2006.166
1918.2579
1795.1162
1736.8512
1602.2962
112530.81
107314.84
101793.94
97020.659
92826.985
88459.951
83141.005
77741.486
72335.874
66890.71
61662.094
56589.291
51760.437
47268.51
43166.363
39423.023
36029.574
32970.902
30222.279
27763.764
25571.725
23607.691
21837.089
20222.843
18737.446
17363.942
16089.782
14909.391
13819.965
12818.459
11901.822
11064.74
10299.89
9598.411
8951.6681
8353.2196
7799.1378
7286.6311
6812.6356
6374.6509
5969.938
5595.1183
5246.4974
4921.3282
4617.8829
4335.4091
4071.3911
3826.0502
3595.9737
3382.8294
3181.6849
2996.6959
2819.9322
2660.0079
2504.1311
2367.0396
2227.7034
2114.7998
1985.9957
1898.3283
1775.6177
1717.3715
1583.1251
125833.7
116645.87
108059.04
99920.738
92297.822
85109.549
78374.575
72083.894
66253.637
60866.527
55908.177
51363.832
47186.069
43343.818
39812.073
36566.406
33598.472
30893.033
28441.09
26229.176
24244.546
22462.437
20856.336
19392.961
18044.27
16790.462
15619.816
14524.711
13503.655
12555.857
11681.084
10876.854
10138.226
9458.1594
8829.1732
8245.3678
7703.2113
7200.4006
6734.4399
6303.2637
5904.4836
5534.9773
5191.1595
4870.311
4570.7113
4291.6612
4030.7838
3788.2644
3560.8244
3350.0244
3151.104
2968.0381
2793.1186
2634.7443
2480.3586
2344.4569
2206.2833
2094.1371
1966.1659
1878.7762
1756.5836
1698.3702
1564.5032
116463.59
105141.02
95804.64
87761.781
80741.853
74515.222
68916.839
63806.438
59093.779
54710.847
50625.659
46829.858
43295.381
40009.739
36960.151
34130.314
31513.644
29101.994
26892.611
24880.628
23061.244
21420.759
19941.618
18597.274
17360.896
16210.975
15133.915
14120.26
13167.221
12274.901
11444.404
10675.525
9965.4466
9308.8519
8699.4234
8131.8462
7602.9864
7111.0113
6653.9799
6230.2923
5837.9507
5474.1358
5135.3984
4819.0766
4523.4761
4247.9596
3990.2918
3750.6431
3525.8651
3317.4286
3120.7373
2939.6036
2766.5272
2609.7069
2456.8148
2322.1104
2185.1183
2073.7489
1946.6538
1859.5667
1737.963
1679.7828
1546.3637
98040.762
76766.572
59728.884
47314.116
39284.528
35070.034
33869.104
34814.653
37606.671
92210.246
72881.905
57697.232
46390.252
38893.039
35011.577
33931.317
34989.362
37887.781
86767.608
69313.77
55621.082
45306.615
38403.317
34909.463
33981.848
35154.347
38147.689
81657.576
65991.691
53631.548
44238.489
37905.662
34765.591
34006.784
35297.453
38366.173
76904.739
62888.726
51723.684
43181.748
37402.124
34574.397
33994.353
35407.596
38538.04
72474.166
59957.906
49880.389
42130.964
36880.558
34340.671
33949.885
35481.46
38660.374
68329.199
57186.18
48101.327
41087.855
36344.518
34098.094
33872.207
35500.178
38714.541
64452.915
54551.107
46377.313
40047.61
35789.966
33848.998
33761.773
35478.661
38703.927
60804.539
52027.648
44695.625
39010.603
35243.453
33640.406
33622.721
35415.97
38650.143
57360.896
49606.557
43057.945
37979.006
34657.961
33267.208
33430.816
35288.702
38519.029
54107.415
47281.773
41458.334
36946.446
34036.531
32864.862
33204.4
35100.714
38302.669
51032.341
45046.844
39896.212
35911.236
33387.454
32441.515
32959.628
34861.77
38015.226
48132.378
42905.722
38372.69
34874.05
32714.076
31979.97
32617.33
34552.542
37652.061
45399.811
40859.915
36890.347
33839.133
32014.089
31472.371
32203.336
34169.016
37209.696
42829.956
38905.944
35449.349
32807.231
31289.565
30922.169
31741.651
33717.341
36689.945
40427.161
37051.579
34056.055
31781.167
30542.509
30331.315
31227.615
33198.95
36094.531
38185.465
35295.112
32708.674
30767.97
29776.5
29701.306
30660.558
32615.307
35426.196
36108.284
33638.001
31411.123
29771.039
28991.358
29034.028
30040.561
31967.2
34686.363
34184.233
32078.729
30167.93
28792.038
28183.269
28330.946
29368.782
31256.576
33878.172
32403.742
30613.586
28977.825
27827.269
27357.621
27591.92
28646.095
30484.909
33003.331
30750.12
29233.449
27836.025
26874.563
26517.16
26818.138
27874.331
29655.035
32065.69
29202.99
27925.785
26735.294
25931.246
25663.05
26011.146
27055.639
28769.562
31067.609
27739.406
26675.252
25667.386
24994.963
24796.643
25173.858
26194.023
27833.496
30015.378
26337.019
25466.03
24623.004
24062.566
23918.659
24309.237
25293.918
26852.8
28917.096
24977.515
24284.283
23593.956
23132.457
23031.952
23423.489
24363.952
25838.28
27785.559
23647.287
23117.752
22571.449
22201.624
22137.908
22521.317
23410.512
24796.792
26626.82
22340.165
21958.908
21548.517
21267.571
21238.563
21609.37
22443.53
23740.48
25454.651
21057.89
20807.117
20522.678
20328.33
20335.112
20692.457
21470.528
22678.705
24280.166
19798.915
19660.05
19489.851
19376.96
19425.668
19773.29
20498.395
21621.55
23115.852
18574.123
18526.538
18455.172
18418.228
18511.391
18855.158
19533.467
20578.013
21972.587
17386.42
17412.063
17423.012
17456.993
17595.002
17941.545
18581.957
19557.554
20862.929
16240.303
16323.779
16402.479
16501.238
16683.61
17039.926
17653.354
18572.402
19801.725
15146.37
15273.529
15406.447
15560.813
15785.257
16156.538
16753.252
17628.422
18795.282
14108.591
14268.308
14443.921
14644.86
14907.783
15297.061
15885.354
16727.842
17844.475
13124.685
13307.6
13515.705
13754.493
14051.33
14459.595
15045.248
15863.666
16939.723
12191.746
12389.891
12621.089
12888.716
13213.442
13639.534
14226.256
15027.731
16072.081
11310.912
11518.124
11764.977
12053.89
12400.96
12843.466
13434.792
14227.051
15250.108
10488.649
10700.075
10956.739
11261.038
11626.106
12083.93
12682.876
13472.665
14483.719
9720.2172
9932.425
10194.618
10509.814
10889.332
11361.086
11969.016
12760.153
13764.643
9002.1351
9211.186
9474.0737
9795.1023
10184.75
10667.933
11284.796
12079.562
13081.467
8334.02
8537.1439
8797.337
9120.2889
9516.3674
10008.347
10633.226
11432.59
12434.473
7714.9857
7909.5334
8163.3973
8484.1189
8882.5734
9379.9256
10010.359
10812.855
11814.085
7139.2382
7322.8852
7567.4423
7882.6687
8280.3283
8780.5296
9414.862
10219.682
11220.164
6607.5224
6778.3978
7010.8868
7317.1236
7710.3224
8210.1555
8845.9941
9651.6837
10650.793
6118.5464
6275.048
6492.649
6786.0995
7170.8313
7666.6178
8300.8627
9104.8397
10100.516
5674.4263
5815.7572
6016.5212
6294.0261
6666.1823
7153.5498
7782.3963
8581.5542
9571.2656
5269.8832
5395.6664
5577.7729
5835.4896
6189.7706
6663.093
7281.0708
8070.7232
9050.7181
4908.1896
5019.43
5183.0121
5419.4982
5752.5987
6207.4526
6810.4659
7587.7292
8556.359
4581.0848
4679.1154
4824.7238
5038.5647
5346.1161
5775.6783
6355.8198
7112.6858
8063.2844
4292.1725
4379.2994
4509.4137
4702.519
4984.7516
5386.7125
5939.9351
6672.1051
7600.5465
4030.282
4108.7307
4225.8692
4400.2532
4657.1884
5028.1463
5547.6137
6247.0701
7146.0204
3803.029
3875.4691
3983.3714
4143.9038
4380.9779
4725.2595
5211.8013
5874.6775
6737.6418
3594.7158
3663.2558
3764.894
3915.5132
4137.509
4460.2983
4918.4485
5546.3246
6369.0433
3418.3464
3485.3132
3584.165
3729.9166
3943.7095
4253.4752
4692.6982
5295.8763
6089.4854
3256.8095
3324.0419
3422.8443
3567.7154
3778.862
4082.7165
4510.5849
5094.2026
5857.3698
3127.9575
3197.4865
3299.3016
3447.8599
3663.0254
3970.3436
4399.3916
4979.0815
5729.297
3007.2182
3080.0251
3186.1877
3340.1772
3561.4975
3874.6492
4307.1089
4884.332
5621.4549
2922.9525
3000.0574
3112.1534
3274.0251
3505.2478
3829.909
4274.2678
4861.4237
5602.9286
2835.9456
2918.2282
3037.2432
3207.9739
3449.8824
3786.2671
4241.5952
4836.0765
5577.4028
2782.2364
2868.1759
2992.1801
3169.4608
3419.5234
3765.4048
4230.7082
4833.7845
5580.2715
2712.3537
2803.5022
2934.3743
3120.2551
3380.3307
3736.7156
4211.5159
4821.2742
5568.4888
2681.8873
2775.0606
2908.6138
3097.8502
3361.799
3722.1235
4200.0158
4810.4871
5554.4629
2589.0035
2685.8177
2824.1158
3019.0937
3289.289
3655.4065
4137.2259
4748.0039
5486.9631
42318.059
49685.4
62086.718
85817.958
145074.14
402411.47
42583.484
49954.347
62349.55
85850.432
143928.7
396145.15
42866.648
50232.598
62564.191
85750.846
142399.95
389387.12
43103.228
50444.183
62660.324
85510.112
140897.75
382199.03
43283.444
50578.947
62623.792
84995.047
138786.45
374680.33
43397.01
50607.925
62491.808
84322.277
136818.32
366841.93
43421.326
50557.493
62189.765
83439.42
134232.32
358783.23
43384.698
50412.141
61755.188
82395.458
131751.62
350542.52
43274.663
50142.545
61181.69
81170.922
128815.7
342173.93
43060.089
49764.456
60476.997
79807.108
125970.86
333698.06
42754.064
49278.331
59646.689
78299.779
122820.19
325142.48
42359.357
48688.181
58701.017
76683.45
119736.76
316507.5
41877.53
47999.522
57649.874
74964.325
116499.92
307795.3
41309.109
47217.236
56503.373
73163.918
113279.11
298995.04
40657.006
46347.385
55271.098
71290.236
109988.55
290097.69
39923.844
45394.407
53959.611
69352.099
106675.93
281096.45
39113.851
44364.377
52576.314
67354.335
103311.69
271990.48
38228.911
43259.305
51122.413
65295.619
99898.167
262796.34
37273.477
42084.921
49604.247
63180.111
96421.163
253538.75
36248.944
40841.365
48018.778
60997.341
92855.571
244275.1
35159.945
39533.418
46369.063
58744.802
89197.264
235125.5
34007.591
38159.748
44651.473
56426.615
85521.921
226204.73
32800.661
36734.99
42895.262
54106.072
81947.195
217515.83
31550.335
35274.75
41120.758
51800.378
78450.504
208925.18
30270.837
33793.153
39336.946
49499.712
74971.673
200579.61
28965.795
32288.758
37533.424
47184.317
71529.255
193431.93
27650.879
30781.193
35741.071
44918.655
68273.196
187340.22
26339.868
29289.145
33987.295
42741.577
65242.695
182110.7
25046.954
27827.192
32282.66
40646.081
62370.993
177503.39
23784.265
26408.404
30641.739
38652.832
59698.784
173398.76
22567.526
25052.606
29090.921
36800.066
57284.34
169737.46
21413.927
23779.157
27650.899
35106.063
55128.968
166451.93
20329.899
22593.769
26324.415
33565.12
53203.415
163485.32
19314.596
21492.725
25102.383
32158.031
51470.162
160801.76
18355.752
20460.566
23965.599
30862.135
49906.637
158416.35
17444.188
19488.436
22906.639
29673.794
48518.17
156364.8
16590.845
18590.83
21945.218
28619.749
47331.473
154739.52
15804.485
17775.29
21087.177
27703.039
46347.117
153482.56
15072.255
17023.212
20306.482
26888.836
45528.749
152466.41
14381.366
16320.318
19586.968
26157.516
44843.948
151633.16
13730.702
15664.049
18924.493
25502.557
44276.511
150959.25
13106.777
15035.868
18293.85
24890.82
43795.289
150380.77
12509.942
14436.625
17696.55
24324.166
43393.227
149898.78
11937.824
13863.555
17129.396
23799.076
43066.282
149504.69
11383.336
13307.687
16581.527
23303.176
42802.311
149175.08
10847.743
12769.075
16050.432
22828.917
42586.06
148854.68
10318.059
12235.134
15526.68
22375.986
42427.225
148557.5
9813.7302
11726.562
15029.376
21953.968
42315.48
148238.25
9305.5392
11211.073
14527.514
21546.661
42276.04
147915.11
8824.7193
10722.019
14053.39
21170.491
42264.781
147583.19
8344.3553
10225.664
13569.195
20796.513
42290.317
147207.9
7903.8107
9762.6906
13108.447
20432.38
42290.929
146793.46
7491.1813
9306.6607
12625.515
20000.495
42163.724
146402.54
7179.3442
8960.526
12245.621
19629.518
41945.409
146118.91
6903.2812
8617.7352
11790.265
18973.058
40966.744
145761.07
6749.2145
8409.6225
11451.97
18308.884
39493.657
145373.27
6612.7792
8209.469
11086.401
17476.669
37478.622
144947.26
6591.8377
8171.7497
10975.181
17091.668
36133.739
144616.94
6557.0082
8108.8702
10821.821
16654.307
34862.049
144109.17
6563.1029
8117.5851
10815.111
16560.021
34388.312
143578.34
6547.9593
8095.6472
10768.932
16461.054
34364.301
142780.27
6528.1924
8068.0094
10712.209
16289.057
33591.737
141947.61
6453.0482
7986.2175
10618.446
16200.315
33727.425
140700.62
14625.765
17815.042
23822.289
37241.037
79198.218
335360.6
16783.025
20602.808
27717.944
43333.03
90645.096
373123.21
19126.915
23604.477
31841.903
49645.452
102601.72
414031.77
21621.988
26783.375
36169.815
56162.618
114296.4
457684.61
24231.18
30104.979
40696.044
63067.276
127916.91
501662.33
26893.458
33477.172
45246.449
69847.81
139910.01
546470.29
29591.347
36915.065
49942.099
77053.447
154165.14
587492.58
32273.564
40328.744
54562.774
83895.372
165745.18
623435.36
34878.35
43643.284
59040.711
90545.603
177868.57
654016.72
37319.553
46717.322
63110.871
96312.369
186830.35
677783.76
39529.597
49455.925
66673.106
101336.61
195507.67
693909.62
41516.389
51890.926
69771.039
105435.85
200819.2
702209.57
43177.974
53847.071
72133.19
108414.94
204997.38
702813.98
44626.398
55535.639
74110.409
110598.05
206283.91
695220.04
45680.067
56666.781
75275.738
111608.28
206292.23
680716.12
46367.28
57293.068
75704.055
111473.8
204078.43
660177.6
46745.478
57498.901
75574.087
110521.88
200317.74
634792.39
46789.461
57255.348
74770.148
108497.39
194715.2
605959.95
46584.92
56727.272
73668.424
106178.06
188662.2
574836.86
46088.376
55751.584
71843.939
102651.54
180718.97
542760.96
45474.22
54738.447
70196.2
99739.483
173958.34
510450.63
44533.243
53137.74
67466.308
94875.344
164213.85
479059.99
43799.607
52099.726
65991.197
92522.619
158621.98
448484.59
42209.736
49576.166
61970.622
85806.897
146637.48
421187.88
27058.911
22044.057
17968.636
14892.369
12816.937
11669.235
11333.532
11718.939
12781.429
29273.869
23785.532
19380.467
16123.43
13972.037
12838.074
12594.794
13170.693
14527.655
31456.216
25551.474
20846.518
17413.986
15192.173
14081.703
13949.758
14740.911
16423.374
33629.893
27337.927
22353.323
18753.167
16467.896
15388.538
15383.589
16410.156
18443.227
35787.798
29130.591
23881.834
20123.305
17781.702
16739.043
16874.526
18151.72
20554.1
37918.558
30912.96
25413.01
21504.44
19112.056
18112.033
18396.028
19932.484
22713.061
39979.577
32660.388
26928.903
22878.429
20438.423
19485.3
19922.736
21724.59
24891.569
42023.291
34373.647
28413.226
24227.844
21742.654
20838.239
21429.58
23498.048
27054.664
43891.207
35999.908
29844.061
25534.14
23007.252
22151.566
22889.975
25216.018
29152.089
45942.707
37678.105
31265.94
26804.117
24222.913
23408.031
24280.819
26845.043
31131.838
47644.572
39176.19
32586.406
28001.067
25369.244
24589.261
25580.536
28355.703
32948.088
49123.408
40504.075
33778.937
29102.319
26436.058
25686.942
26778.137
29736.405
34595.917
50635.35
41840.892
34959.167
30167.136
27446.053
26708.606
27870.83
30964.863
36020.119
52373.791
43305.202
36193.696
31234.668
28418.76
27662.195
28862.401
32059.539
37274.574
54254.77
44876.392
37491.435
32322.195
29369.967
28548.026
29731.81
32960.834
38249.418
56289.643
46564.732
38862.632
33436.811
30306.054
29376.771
30494.17
33683.173
38962.018
58544.778
48416.59
40333.449
34592.629
31228.399
30149.381
31161.281
34238.957
39441.314
61174.125
50523.074
41955.031
35816.693
32156.02
30873.034
31739.484
34631.075
39688.425
64225.614
52926.078
43757.335
37126.912
33099.321
31555.057
32238.932
34875.513
39712.282
68035.369
55814.074
45844.758
38576.248
34081.436
32210.285
32683.984
35024.508
39556.581
72658.212
59102.015
48128.532
40119.729
35084.85
32826.286
33025.147
35056.721
39266.398
79081.819
63773.141
51226.519
42058.076
36244.192
33451.137
33287.294
34996.485
38791.507
84943.364
67602.83
53788.539
43703.965
37243.478
34126.558
33500.152
34897.579
38346.973
101854.26
79095.665
60744.598
47669.876
39404.679
34979.733
33765.719
34684.211
37458.641
750696.33
213175.3
106612.43
66644.004
46421.064
34393.824
772213.3
220344.18
111912.36
70650.439
49539.406
36945.805
794012.95
227499.34
117032.78
74609.311
52702.021
39559.26
815454.36
235296.69
122107.06
78516.393
55852.202
42174.032
836411.35
243752.18
127166.32
82336.722
58943.264
44755.028
854832
252676.6
132492.23
86225.909
62023.677
47303.773
871524.22
259649.78
136856.76
89651.888
64871.649
49725.907
882828.39
269697.92
142751.65
93680.798
67919.657
52188.702
891500.88
271889.22
145023.73
96104.844
70235.58
54296.932
892215.45
284133.13
152370.62
100767.32
73538.595
56840.163
888212.74
282267.84
153418.67
102637.61
75516.535
58722.103
880840.88
275478.46
153160.37
103872.16
77098.96
60311.592
866856.86
280226.51
154951.07
105631.87
78852.308
61967.623
844441.29
296329.62
161412.62
109167.77
81367.406
64013.241
812418.74
298468.22
165464.97
112404.62
83985.721
66217.663
774261.8
298286.31
168743.39
115568.77
86730.235
68591.719
732946.95
298213.54
171861.21
118879.63
89724.789
71224.5
681498.54
297447.93
175666.15
122883.31
93327.326
74358.618
620359.45
299796.79
180548.76
127498.44
97508.185
78034.353
551164.25
301715.75
189462.77
135084.54
103482.82
82886.323
478291.73
312473.3
199502.96
144303.22
111312.53
89149.314
372471.77
310751.12
224818.9
158876.05
121338.14
97399.779
229736.18
262436.36
238235.18
187100.32
138341.48
107744.32
152313.12
181879.12
206922.58
193973.22
164469.54
127825.74
146709.4
90236.276
121865.57
162639.81
157601.75
143926.85
150266.28
52454.539
56917.198
78400.224
123766.05
132028.77
150945.7
46696.404
34314.666
38270.645
55350.686
93253.979
154421.56
48019.936
30181.427
26463.967
30425.296
44141.483
159313.19
49940.544
29020.823
22458.261
21108.713
22655.76
165543.66
49594.266
27863.987
20482.19
17503.402
16659.591
172260.36
48999.975
26909.974
19332.391
16014.631
14585.566
179239.56
49475.241
26389.62
18688.655
15317.949
13762.671
184947.15
49777.96
26125.664
18380.218
15019.991
13452.043
189354.77
50088.195
26063.765
18280.565
14931.553
13362.895
191712.03
50168.325
26016.829
18240.294
14917.691
13357.156
194405.78
49787.961
25851.503
18178.105
14905.711
13366.981
190555.05
50030.137
25951.465
18215.606
14922.663
13382.938
188110.48
49637.075
25854.02
18173.926
14895.771
13375.018
184743.09
49101.103
25695.734
18110.866
14865.387
13375.737
179060.35
48473.523
25646.183
18165.257
14950.136
13493.951
172167.45
47888.206
25853.95
18487.981
15309.262
13922.254
164760.63
47077.749
26280.724
19180.756
16187.443
15111.656
158035.87
48101.717
27319.523
20571.422
18398.591
18609.541
152042.61
48034.224
28137.082
23103.1
24241.344
30653.563
146896.1
47276.236
30877.915
30785.99
41474.028
68458.422
142423.33
45657.257
43378.15
57555.339
93224.022
115599.79
139513.78
67473.842
97154.409
137717.04
144934.7
135561.66
141633.22
153980.36
183673.29
174768.33
160203.05
132826.37
771079.82
212099.82
102188.98
62244.469
42400.814
30707.37
770609.79
210485.48
100838.71
61266.81
41734.216
30300.997
769139.19
208910.01
99627.109
60365.073
41054.277
29785.152
767398.83
207242.71
98425.758
59516.342
40435.037
29320.795
765635.99
205457.96
97233.381
58737.812
39900.661
28938.189
763500.46
203644.99
96142.873
58095.119
39482.459
28645.572
756011.14
201890.21
95432.59
57701.667
39218.374
28449.604
750033.63
200714.65
94992.495
57439.543
39028.924
28311.732
743122.7
199368.94
94531.618
57186.383
38872.794
28211.028
735305.23
198141.4
94114.987
56979.389
38758.199
28148.236
730240.33
196827.64
93592.828
56748.257
38660.301
28115.615
736099.78
195764.53
93051.691
56573.734
38628.792
28137.074
719758.48
196005.98
93646.176
56910.587
38831.726
28277.83
721873.4
196628.11
94164.288
57274.238
39089.137
28470.059
726522.37
197511.37
94579.416
57596.846
39348.225
28681.83
731272.88
198465.7
94999.793
57915.524
39626.749
28920.888
734752.78
199639.9
95594.032
58304.501
39937.634
29191.37
737269.14
200567.07
96225.466
58780.279
40320.356
29514.503
742101.46
202242.12
97135.867
59416.43
40815.485
29920.864
741798.86
203777.32
98317.456
60247.06
41444.891
30426.891
741557.09
205133.64
99509.553
61162.332
42166.879
31018.273
742272.28
206540.58
100717.38
62127.886
42952.851
31675.629
742172.86
207929.7
101979.25
63123.115
43743.979
32330.686
744637.77
207524.23
101805.58
63274.591
44053.576
32662.978
211960.2
237674.58
219468.92
183716.34
144302.99
114586.11
335683.13
284642.77
220152.35
161208.71
122843.19
98643.623
420720.93
292059.96
194798.32
142412.74
110858.36
89053.234
473865.1
284089.81
184898.5
133280.77
101759.24
80576.112
520390.43
278964.91
172763.87
122357.56
92964.252
73385.777
559845.19
273166.52
164748.16
115529.15
86808.03
67826.666
596166.5
268651.67
157881.95
108769.68
80859.731
62768.78
614190.71
263402.81
151287.78
102937.82
75908.833
58541.772
639224.88
258784.92
145497.27
97780.81
71541.014
54852.856
661194.43
253955.48
139707.8
92972.644
67635.557
51617.572
680181.27
247187.96
133970.66
88643.66
64207.055
48796.154
695329.24
236225.87
127970.93
84675.209
61172.009
46320.881
707374.91
223993.27
122654.83
81272.969
58552.725
44166.199
716678.34
222499.4
120267.53
78883.127
56409.542
42325.174
725088.51
224715.03
119532.53
77347.408
54807.432
40860.404
734192.06
223229.96
117802.1
75657.783
53243.776
39477.25
742661.97
220232.76
114602.29
73103.298
51258.655
37913.839
749612.17
220680.47
113326.82
71538.966
49804.722
36666.087
755969.73
219484.46
111182.57
69697.064
48322.647
35479.267
760881.07
218690.98
109506.65
68130.401
47006.947
34408.644
764997.98
217518.01
107776.9
66630.588
45781.812
33421.36
768107.76
216301.72
106195.18
65279.841
44673.063
32515.411
770097.86
214974.29
104751.41
64095.911
43699.609
31686.549
770979.32
213584.9
103456.68
63102.373
42907.912
30956.84
26180.505
25612.232
24877.364
24184.539
23578.506
23064.69
22641.847
22299.479
22011.654
21768.29
21567.324
21404.734
21298.084
21270.996
21298.277
21370.469
21489.783
21658.035
21884.9
22190.289
22582.295
23064.538
23620.772
24142.505
21620.59
20749.908
19926.65
19210.11
18599.142
18083.542
17656.99
17306.36
17013.921
16774.932
16586.367
16446.005
16361.641
16339.325
16370.261
16451.968
16585.52
16773.279
17021.068
17341.503
17743.74
18240.982
18845.382
19540.894
17619.289
16704.217
15912.881
15240.581
14671.16
14192.655
13797.534
13468.938
13197.998
12980.61
12812.94
12693.663
12624.801
12606.353
12635.758
12713.236
12839.885
13018.143
13252.009
13550.612
13922.742
14380.372
14941.723
15624.437
14193.828
13351.482
12642.472
12043.854
11538.902
11117.381
10766.847
10475.353
10237.12
10047.838
9903.6309
9803.4771
9746.4246
9730.9473
9756.5961
9824.2904
9935.2522
10091.81
10297.372
10557.252
10880.848
11277.367
11762.219
12357.965
11312.374
10584.381
9974.5798
9460.8904
9029.9411
8669.9898
8369.1429
8120.1677
7917.9059
7757.9735
7637.0752
7553.9634
7506.6363
7493.5401
7514.7396
7571.12
7663.8265
7794.8528
7967.1203
8184.5007
8453.6987
8783.2169
9184.2193
9674.5129
8918.0925
8311.4904
7802.8816
7375.7963
7017.857
6717.7454
6467.5322
6261.3259
6094.333
5962.6068
5863.3685
5795.1312
5756.2042
5745.0749
5761.8183
5807.122
5881.9312
5987.8552
6127.2635
6303.2854
6520.2783
6785.0404
7106.19
7495.8071
6949.6102
6457.9984
6045.5941
5699.593
5408.9756
5165.6411
4963.283
4796.8242
4662.1215
4555.9833
4476.0351
4420.6818
4388.9584
4379.4134
4392.0106
4427.2356
4485.7931
4568.9043
4678.3854
4816.7075
4987.1144
5194.1019
5444.2058
5745.6875
5351.141
4963.0501
4637.1989
4363.4096
4133.5781
3941.3292
3781.5142
3649.9823
3543.4752
3459.4681
3396.0198
3351.713
3325.8932
3317.562
3326.4433
3352.8733
3397.3443
3460.7356
3544.3677
3650.0713
3780.2691
3938.1418
4128.0092
4355.5994
4074.2792
3775.8595
3524.5956
3313.267
3135.6933
2986.925
2863.0049
2760.7961
2677.8143
2612.122
2562.2413
2527.0806
2505.961
2498.4178
2504
2522.9369
2555.5535
2602.4558
2664.5651
2743.1688
2839.9936
2957.2974
3098.0044
3265.732
3077.3214
2852.8386
2663.0449
2502.8377
2367.711
2254.0723
2159.0469
2080.3412
2016.134
1964.9956
1925.8227
1897.7869
1880.2965
1873.1103
1875.7779
1888.4452
1911.3086
1944.7675
1989.442
2046.2047
2116.2324
2201.0754
2302.7231
2423.4876
2320.4145
2153.2475
2010.9838
1890.1676
1787.684
1701.0181
1628.1391
1567.4115
1517.5247
1477.4364
1446.3301
1423.5805
1408.7301
1401.4865
1401.6523
1409.2008
1424.2399
1447.0173
1477.9335
1517.5607
1566.6743
1626.298
1697.7449
1782.5204
1761.4298
1636.0052
1528.2999
1436.1595
1357.4756
1290.4996
1233.8018
1186.2161
1146.7916
1114.757
1089.4935
1070.5143
1057.4499
1050.0374
1048.1474
1051.6529
1060.6188
1075.1761
1095.5627
1122.1333
1155.3778
1195.9468
1244.6725
1302.5116
1356.2713
1259.3848
1175.5985
1103.445
1041.4629
988.40388
943.22503
905.05634
873.17128
846.96634
825.94585
809.70982
797.94457
790.41548
786.96255
787.49412
791.98924
800.49769
813.14209
830.12341
851.73093
878.35645
910.52015
948.79198
1060.0245
982.53675
915.31283
857.23717
807.20858
764.26302
727.5746
696.43938
670.25977
648.53244
630.83813
616.83279
606.24
598.84476
594.48858
593.06589
594.52187
598.85156
606.10034
616.36611
629.80401
646.63349
667.15455
691.69577
832.46932
769.63428
715.19791
668.1974
627.72344
592.97404
563.25538
537.97257
516.61908
498.76707
484.05849
472.19709
462.94141
456.09879
451.52062
449.09848
448.7614
450.47412
454.23618
460.08226
468.08398
478.35302
491.04987
506.35028
645.67133
595.85975
552.85514
515.81117
483.96453
456.64776
433.28552
413.38639
396.53346
382.3754
370.61818
361.01767
353.37326
347.52245
343.33637
340.71619
339.59035
339.91252
341.6602
344.83415
349.4588
355.58333
363.2856
372.65038
486.91987
449.37886
417.07667
389.3166
365.49053
345.07407
327.61889
312.74447
300.12956
289.50431
280.64307
273.35815
267.49454
262.9254
259.54839
257.28271
256.06666
255.85586
256.62182
258.35109
261.04508
264.72033
269.40963
275.14754
353.71786
327.15519
304.35112
284.7838
268.00911
253.6481
241.37871
230.92859
222.06851
214.6061
208.38045
203.25746
199.12583
195.89386
193.48666
191.84397
190.91836
190.67375
191.08435
192.13384
193.81498
196.12963
199.08844
202.70096
246.66648
228.96531
213.80952
200.8329
189.73149
180.24823
172.16573
165.3008
159.49959
154.63321
150.59381
147.2914
144.6511
142.61086
141.11964
140.13583
139.62604
139.56406
139.93004
140.7099
141.89501
143.48206
145.4719
147.86323
164.46377
153.36341
143.89628
135.82358
128.94678
123.10001
118.14411
113.96245
110.45751
107.54777
105.16511
103.25266
101.76299
100.6567
99.901208
99.469736
99.340518
99.496117
99.922876
100.6105
101.55184
102.74278
104.18041
105.85965
104.35528
97.77363
92.208229
87.497759
83.514685
80.159276
77.347401
75.008306
73.082718
71.521063
70.281904
69.330682
68.638656
68.181962
67.940838
67.898974
68.042992
68.362018
68.847347
69.49221
70.291633
71.242356
72.340441
73.580117
64.01297
59.770195
56.262775
53.372571
51.004054
49.072205
47.508592
46.258274
45.27697
44.52875
43.98436
43.61996
43.416088
43.356914
43.429685
43.623958
43.931021
44.343528
44.855225
45.460805
46.156944
46.94241
47.813496
48.765419
42.42451
38.953025
36.120963
33.835435
31.975214
30.45978
29.232847
28.250716
27.478027
26.885934
26.450853
26.153162
25.976495
25.906513
25.934515
26.053622
26.257952
26.54275
26.904071
27.338637
27.842311
28.410198
29.033677
29.705219
34.207763
30.780179
28.05053
25.785766
23.916296
22.37564
21.109795
20.070507
19.219476
18.527365
17.971389
17.533163
17.199528
16.961065
16.802717
16.71377
16.688218
16.720936
16.808461
16.947664
17.135533
17.369214
17.641026
17.944726
31.962219
28.422772
25.547292
23.20375
21.292846
19.73381
18.447452
17.375528
16.478337
15.727874
15.101771
14.582751
14.153945
13.800826
13.513116
13.283187
13.104956
12.972784
12.883137
12.832071
12.81357
12.823494
12.855941
12.908619
29.3004
26.149362
23.605005
21.529735
19.821928
18.405618
17.223795
16.232634
15.397492
14.690446
14.088763
13.573786
13.131929
12.754312
12.434165
12.166381
11.947223
11.773881
11.64148
11.539907
11.46037
11.399236
11.35206
11.316785
26.202863
23.339959
21.050939
19.201797
17.696571
16.463637
15.448719
14.610078
13.915204
13.338464
12.859362
12.46125
12.130362
11.85515
11.625906
11.434519
11.274329
11.14005
11.027689
10.934272
10.857369
10.794869
10.744788
10.705163
23.39834
20.913432
18.947603
17.374067
16.102463
15.066877
14.218296
13.519651
12.942479
12.464629
12.068605
11.740402
11.468674
11.244136
11.059107
10.907173
10.78292
10.681744
10.599709
10.533459
10.480149
10.437398
10.403822
10.377663
19.428435
17.494467
15.993949
14.816367
13.883963
13.140647
12.544998
12.065776
11.678958
11.367417
11.11734
10.917284
10.757785
10.631039
10.530625
10.451276
10.388694
10.339389
10.300547
10.269914
10.2457
10.2265
10.211103
10.198637
15.596837
14.254572
13.2514
12.494786
11.920232
11.482039
11.147218
10.891557
10.697045
10.548767
10.435497
10.348901
10.28273
10.232262
10.193907
10.164923
10.143209
10.127142
10.115463
10.107179
10.101485
10.097712
10.09446
10.091484
11.471073
11.090493
10.81777
10.618787
10.471604
10.361627
10.278855
10.21626
10.168786
10.132707
10.105252
10.084353
10.068459
10.056403
10.047306
10.040506
10.035504
10.031931
10.029516
10.028073
10.027483
10.027692
10.028155
10.028672
11570.35
10677.65
10375.323
10703.484
11759.131
13625.542
16345.735
19842.834
23702.217
10829.055
9945.0735
9607.6078
9822.2491
10655.541
12140.703
14265.326
16925.397
19888.969
10020.156
9161.9108
8796.9146
8910.1041
9544.1605
10699.471
12333.95
14337.006
16523.291
9171.5976
8342.5079
7954.123
7978.076
8435.3312
9305.3483
10530.052
12001.56
13554.093
8312.7158
7508.9475
7095.4875
7042.9002
7345.5564
7972.6125
8859.3798
9907.9031
10976.056
7472.8416
6685.8216
6245.555
6125.3639
6295.82
6721.0446
7336.3507
8057.5414
8772.8992
6686.8363
5902.2443
5432.4024
5250.4008
5310.3129
5572.5394
5976.3368
6452.079
6917.2149
5985.75
5188.6485
4685.1544
4444.4529
4414.1686
4548.0283
4791.5414
5087.8021
5379.2995
5394.7291
4571.2774
4030.2664
3733.6178
3629.7616
3664.5636
3789.618
3958.2199
4130.2747
4917.0686
4063.0955
3484.6798
3138.8474
2972.9708
2933.193
2972.4873
3052.1805
3142.6101
4527.9857
3656.6185
3050.1163
2665.8813
2451.3786
2355.1481
2333.0868
2351.3285
2386.4069
4164.4127
3309.8241
2700.2616
2296.4842
2050.0703
1914.3249
1849.7666
1826.5974
1824.8699
3753.8354
2957.1942
2379.8996
1985.5608
1731.2646
1576.6049
1488.0071
1440.2286
1416.1501
3250.4812
2555.98
2047.6257
1692.9334
1455.7911
1303.1841
1208.0883
1150.1931
1115.4697
2713.9466
2129.1615
1701.8015
1401.7103
1197.6116
1062.3034
974.30618
917.74547
881.57572
2149.397
1682.9816
1345.1571
1108.505
946.64371
837.81686
765.49397
717.73673
686.25625
1603.1608
1254.8614
1005.3121
831.43876
712.51291
632.13136
578.17599
542.07982
517.92716
1124.7434
881.60074
709.70824
590.73156
509.49401
454.48094
417.40121
392.45367
375.64154
783.00796
605.08326
484.80121
403.6488
349.2276
312.827
288.48573
272.18323
261.21697
571.29884
417.14563
323.2959
265.57457
229.1785
205.71312
190.37767
180.27269
173.54807
474.10672
318.20405
228.48096
177.30021
147.86308
130.62797
120.27075
113.86124
109.77267
443.82923
279.83944
185.53441
132.51661
103.02875
86.389026
76.787067
71.191721
67.783705
437.07398
274.32717
174.04874
117.12134
84.902515
66.689873
56.149589
49.791451
45.9448
407.05842
258.97331
168.8104
113.81349
80.620049
60.956145
49.381038
42.34618
37.978008
385.39139
242.81661
156.27687
105.56639
75.87768
58.07035
47.09286
40.203503
35.810911
347.78994
219.68984
142.15633
96.065913
68.76698
52.497431
42.651043
36.563036
32.714754
304.14135
192.49195
124.77445
84.65819
60.940548
46.745114
38.089249
32.706171
29.293031
261.94849
165.34117
107.28799
73.070597
52.898066
40.852292
33.522493
28.965836
26.075668
199.11015
126.81459
83.193899
57.331884
42.002179
32.812904
27.209
23.726448
21.522334
137.76953
89.085496
59.499295
41.833389
31.292584
24.934265
21.031354
18.606983
17.081673
53.930067
36.652408
26.231933
20.064807
16.446603
14.332019
13.097657
12.364401
11.917911
13160.805
12368.481
11469.23
10529.825
9591.6704
8689.9119
7871.2107
7166.0765
6596.0677
6143.2633
5758.7515
5356.1114
4860.1524
4214.5608
3532.0119
2812.2708
2107.7799
1485.0888
1065.0335
838.40328
748.91443
730.56444
700.70717
661.66677
626.07193
568.74965
496.37461
431.21434
326.68795
223.7498
84.927827
15915.558
15020.53
13937.232
12817.99
11723.576
10694.579
9805.5656
9080.5407
8533.4776
8101.287
7704.2358
7230.7096
6608.5215
5749.7422
4851.6204
3907.8291
2968.5471
2128.048
1618.0857
1393.4684
1319.3931
1306.0636
1225.1583
1184.1973
1120.8883
1036.0915
907.36253
803.38935
615.52076
422.29085
160.5252
21086.64
20009.676
18547.061
17063.582
15659.401
14369.873
13343.445
12574.097
12054.005
11622.379
11174.418
10573.443
9758.0638
8555.0186
7305.1419
6015.9407
4711.2436
3562.1901
2973.5604
2757.9267
2702.3531
2599.4002
2479.1592
2415.0096
2322.7318
2189.3024
1946.3017
1762.1361
1394.5407
975.437
387.39847
32631.458
31130.621
28827.546
26493.752
24378.867
22464.999
21104.574
20193.726
19642.686
19110.272
18519.824
17697.043
16590.405
14821.616
12946.355
11134.562
9465.5483
7989.571
7204.5677
6901.9749
6631.8964
6377.8608
6196.3515
6064.891
5946.1919
5748.9238
5335.7789
4903.6555
4154.2255
3110.0028
1399.1311
69069.015
65654.643
61223.741
56322.794
51905.905
47986.477
45306.329
43551.634
42379.943
41274.962
40272.322
39104.019
37511.401
35114.382
32418.82
30498.483
29536.642
27646.978
25101.231
23813.904
22641.521
21635.877
21126.047
20875.223
20846.384
20715.17
20213.111
19482.175
18086.494
15410.486
9627.7892
308625.49
290042.04
272359.09
251105.17
230882.97
211229.06
195941.43
184842.1
177391.6
171252.66
165629.94
159916.49
153956.48
147342.1
139965.71
133673.95
129570.41
127437.59
126810.04
126472.58
126254.3
126182.4
126143.27
126127.98
126124.45
126128.96
126133.37
126156.13
126176.34
126395.53
127269.74
)
;

boundaryField
{
    Side1
    {
        type            empty;
    }
    Inlet
    {
        type            inletOutlet;
        inletValue      uniform 10;
        value           nonuniform List<scalar> 
188
(
10.620369
10
10
10.60907
10
10
10
10
10
10
10
10
10
10
10
10
10
10
10.556511
10
10
10.467092
10.464362
10.457578
10
10
10.219263
10
10.248775
10.301182
10
10
10
10
10
10
10
10
10
10
10
10
10
10
10
10
10
10
10
10
10
10
10
10
10
10
10
10
10
10
10
10
11.114655
11.082584
11.048194
11.01276
10.977217
10.942169
10.908182
10
10.845406
10
10.797236
10.778752
10.761181
10.744521
10.728807
10
10.69311
10.681048
10.669336
10.658538
10.648559
10.639689
10.63218
10
11.137141
11.156691
11.175897
11.193794
11.211121
10
10
10
10
10
10
10
10
10
10
10
10
10
10
10
10
10
10
10
10
10
10
10
10
10
10
10
10
10
10
10
10
10
10
10
10
10
10
10
10
10
10
10
10
10
10
10
10
10
10
10
10
10
10
10
10
10
10
10
10
10
10
10
10
10
10
10
10
10
10
10
10
10
10
10
10
10
10
10
10
10
10
10
10
10
10
10
10
10
10
10
10
10
10
10
10
10
)
;
    }
    Side2
    {
        type            empty;
    }
    Outlet
    {
        type            zeroGradient;
    }
    Botwall
    {
        type            omegaWallFunction;
        blending        binomial;
        n               2;
        value           nonuniform List<scalar> 
118
(
402411.47
396145.15
389387.12
382199.03
374680.33
366841.93
358783.23
350542.52
342173.93
333698.06
325142.48
316507.5
307795.3
298995.04
290097.69
281096.45
271990.48
262796.34
253538.75
244275.1
235125.5
226204.73
217515.83
208925.18
200579.61
193431.93
187340.22
182110.7
177503.39
173398.76
169737.46
166451.93
163485.32
160801.76
158416.35
156364.8
154739.52
153482.56
152466.41
151633.16
150959.25
150380.77
149898.78
149504.69
149175.08
148854.68
148557.5
148238.25
147915.11
147583.19
147207.9
146793.46
146402.54
146118.91
145761.07
145373.27
144947.26
144616.94
144109.17
143578.34
142780.27
141947.61
140700.62
335360.6
373123.21
414031.77
457684.61
501662.33
546470.29
587492.58
623435.36
654016.72
677783.76
693909.62
702209.57
702813.98
695220.04
680716.12
660177.6
634792.39
605959.95
574836.86
542760.96
510450.63
479059.99
448484.59
421187.88
308625.49
290042.04
272359.09
251105.17
230882.97
211229.06
195941.43
184842.1
177391.6
171252.66
165629.94
159916.49
153956.48
147342.1
139965.71
133673.95
129570.41
127437.59
126810.04
126472.58
126254.3
126182.4
126143.27
126127.98
126124.45
126128.96
126133.37
126156.13
126176.34
126395.53
127269.74
)
;
    }
    Cyli
    {
        type            omegaWallFunction;
        blending        binomial;
        n               2;
        value           nonuniform List<scalar> 
96
(
750696.33
772213.3
794012.95
815454.36
836411.35
854832
871524.22
882828.39
891500.88
892215.45
888212.74
880840.88
866856.86
844441.29
812418.74
774261.8
732946.95
681498.54
620359.45
551164.25
478291.73
372471.77
229736.18
152313.12
146709.4
150266.28
150945.7
154421.56
159313.19
165543.66
172260.36
179239.56
184947.15
189354.77
191712.03
194405.78
190555.05
188110.48
184743.09
179060.35
172167.45
164760.63
158035.87
152042.61
146896.1
142423.33
139513.78
141633.22
771079.82
770609.79
769139.19
767398.83
765635.99
763500.46
756011.14
750033.63
743122.7
735305.23
730240.33
736099.78
719758.48
721873.4
726522.37
731272.88
734752.78
737269.14
742101.46
741798.86
741557.09
742272.28
742172.86
744637.77
211960.2
335683.13
420720.93
473865.1
520390.43
559845.19
596166.5
614190.71
639224.88
661194.43
680181.27
695329.24
707374.91
716678.34
725088.51
734192.06
742661.97
749612.17
755969.73
760881.07
764997.98
768107.76
770097.86
770979.32
)
;
    }
}


// ************************************************************************* //
