/*--------------------------------*- C++ -*----------------------------------*\
| =========                 |                                                 |
| \\      /  F ield         | OpenFOAM: The Open Source CFD Toolbox           |
|  \\    /   O peration     | Version:  2406                                  |
|   \\  /    A nd           | Website:  www.openfoam.com                      |
|    \\/     M anipulation  |                                                 |
\*---------------------------------------------------------------------------*/
FoamFile
{
    version     2.0;
    format      ascii;
    arch        "LSB;label=32;scalar=64";
    class       surfaceScalarField;
    location    "0.06";
    object      phi;
}
// * * * * * * * * * * * * * * * * * * * * * * * * * * * * * * * * * * * * * //

dimensions      [1 0 -1 0 0 0 0];

oriented        oriented;

internalField   nonuniform List<scalar> 
4030
(
0.015129425
0.0010386415
0.01538875
0.0010014522
-0.0012620991
0.015624566
0.00097994806
-0.0012172307
0.015835909
0.00096657136
-0.0011795471
0.016023821
0.00097175094
-0.0011614783
0.01618328
0.0010179509
-0.0011794596
0.016308026
0.0011404997
-0.0012675308
0.016380618
0.0013879079
-0.0014630227
0.016378214
0.0018483194
-0.0018485973
0.016266427
0.0025821984
-0.0024731097
0.016005662
0.0036280601
-0.0033698609
0.015582819
0.0049839956
-0.0045629918
0.015026404
0.0065332085
-0.0059776391
0.01439074
0.0080652434
-0.0074300126
0.013747756
0.0093548531
-0.0087119441
0.013153324
0.010243814
-0.0096492988
0.012638111
0.010641866
-0.010126828
0.012215276
0.010510377
-0.010088404
0.01189874
0.0098067213
-0.0094919858
0.011712928
0.0085023117
-0.0083195047
0.011686362
0.0065748665
-0.0065527136
0.011812298
0.0040971514
-0.0042291997
0.012026502
0.0015151847
-0.0017369639
0.012244757
-0.00032925769
0.00010267868
0.012458135
-0.0011618295
0.00093885423
0.012578277
-0.00060555074
0.00047613521
0.012505215
0.0014721638
-0.0014070809
0.012256119
0.0047388187
-0.0044971514
0.011936912
0.0082339484
-0.0079167162
0.011640513
0.010575536
-0.010282677
0.011510603
0.010316416
-0.010191568
0.011607847
0.007223102
-0.007327785
0.011820492
0.0032267142
-0.0034489792
0.012074593
0.00014848274
-0.00041346166
0.012336161
-0.0015033579
0.0012296421
0.012500812
-0.000791794
0.00061540307
0.012577198
0.0018558118
-0.0019418674
0.012722046
0.003888017
-0.0040403285
0.012975477
0.0031449576
-0.0034075018
0.013289036
0.0010621368
-0.0013861753
0.013635001
-0.00048091596
0.00012323356
0.013992173
-0.00087703437
0.00050697721
0.014374487
-0.00073294608
0.00033616562
0.014795016
-0.0010167129
0.00057847928
0.015242449
-0.0016946928
0.0012250051
0.015707727
-0.0022820455
0.0017895094
0.016192603
-0.0027771493
0.0022608512
0.016694802
-0.0031443274
0.002609342
0.017223588
-0.0035216622
0.0029640076
0.017773278
-0.0036568515
0.0030862818
0.018366065
-0.0040772906
0.0034719167
0.01897041
-0.0038128654
0.0032072705
0.019610885
-0.0035115122
0.0028944202
0.02029194
-0.0034480266
0.0028197646
0.021002944
-0.0032813864
0.0026166107
0.021696751
-0.0026844191
0.0020260513
0.022462161
-0.0030308719
0.0022942249
-0.0018836825
0.0011908437
0.012750888
0.00054642437
0.013168302
0.00058265762
0.013544113
0.00060252758
0.013894346
0.0006145134
0.014226101
0.00063797501
0.014537038
0.00070472488
0.014825827
0.00084914746
0.015075469
0.0011354508
0.015252825
0.0016680073
0.015325265
0.0025068522
0.015234696
0.0037159578
0.014942054
0.005274557
0.014505349
0.0069691774
0.013983831
0.0085868848
0.013412472
0.0099264356
0.012868359
0.010788189
0.012378967
0.011131185
0.011963725
0.010924735
0.011651128
0.010117402
0.011476929
0.0086732623
0.011472338
0.006574658
0.011625442
0.0039374693
0.011859329
0.0012730278
0.012105296
-0.00058386223
0.012367434
-0.0014340507
0.012534983
-0.00078274498
0.012514712
0.0014843161
0.012332121
0.0049155433
0.012078532
0.0084831204
0.011859089
0.010791525
0.011790251
0.010379653
0.011922724
0.0070827527
0.012140141
0.0029994497
0.01239816
-0.000120329
0.012673544
-0.0017912856
0.012862165
-0.00099250439
0.012987706
0.0017201317
0.013186872
0.0036807724
0.013478492
0.0028437905
0.013818497
0.00071135205
0.014183845
-0.00085828197
0.014557219
-0.0012637213
0.014954031
-0.001144864
0.015382301
-0.0014634433
0.01582942
-0.0021648169
0.016288121
-0.0027687147
0.016760669
-0.0032817324
0.017245114
-0.0036619803
0.017751133
-0.0040567426
0.018273038
-0.0041996472
0.018832067
-0.0046487584
0.019398483
-0.0043800738
0.019997189
-0.0040860687
0.020629695
-0.0040270269
0.021287054
-0.0038920211
0.021922198
-0.0032836682
0.022621562
-0.003701072
-0.0025044187
0.0078186298
-0.00015619018
0.0084880639
-0.00012439514
0.0091562287
-8.7058664e-05
0.009814001
-5.7009525e-05
0.010457732
-3.1197292e-05
0.01109124
2.2351653e-06
0.01170318
9.0250044e-05
0.012295855
0.00025364852
0.012843694
0.00058452842
0.013308072
0.0012004524
0.013657881
0.0021539915
0.013825325
0.0035458048
0.01377088
0.005326989
0.013505392
0.0072337885
0.013134236
0.0089584563
0.012698886
0.010362412
0.012231869
0.011255637
0.011790394
0.011572645
0.01140844
0.011305741
0.011130631
0.010393146
0.010999517
0.0088008384
0.011044502
0.0065244586
0.011246195
0.0037286504
0.011507021
0.0010035509
0.011806181
-0.00089182914
0.012134681
-0.0017731097
0.012362343
-0.0010203472
0.012414945
0.0014234371
0.01231606
0.0050106487
0.012144788
0.0086471246
0.012011039
0.010921934
0.012015104
0.010369347
0.012183592
0.0069059658
0.012409282
0.0027637085
0.012681318
-0.00040323035
0.012975569
-0.0020984411
0.013195984
-0.001225324
0.013378288
0.0015272082
0.013634779
0.0034156314
0.013966515
0.0025020483
0.014333959
0.00033287429
0.014718759
-0.0012553574
0.015107842
-0.0016665103
0.015517502
-0.0015702328
0.015951531
-0.0019166512
0.016396785
-0.002633778
0.016847966
-0.0032485002
0.01730769
-0.0037740008
0.017774332
-0.0041621322
0.018257907
-0.0045694585
0.018752707
-0.0047152662
0.019279018
-0.0051872939
0.019809053
-0.0049103921
0.020367979
-0.0046200573
0.020954127
-0.0045591006
0.02156074
-0.0044514484
0.022140452
-0.0038270257
0.022777658
-0.0043086836
-0.0030574092
0.0040700378
-0.00071472215
0.0046477096
-0.00073521099
0.0052721258
-0.00075030564
0.0059384137
-0.00075500793
0.0066336122
-0.00075408167
0.0073518384
-0.00075153808
0.0080858459
-0.00073416787
0.0088396759
-0.00066626951
0.009590739
-0.00050039764
0.010308581
-0.00013655378
0.010962011
0.00054373053
0.011522109
0.0015907941
0.011905001
0.0031602141
0.012082282
0.0051478006
0.012048177
0.0072671098
0.011845451
0.0091615292
0.011570806
0.010637928
0.011237674
0.011589339
0.010881606
0.01192871
0.010575709
0.011610601
0.010374245
0.010592379
0.010322294
0.0088489532
0.01044227
0.0063988664
0.010703231
0.0034601007
0.011001676
0.00069618271
0.011376199
-0.0012751336
0.011777287
-0.0021851116
0.012075109
-0.0013283041
0.01221654
0.0012736527
0.012218643
0.0050041016
0.012148236
0.0087112111
0.012108219
0.010957416
0.012194644
0.010276143
0.012401444
0.0066905415
0.012640923
0.0025140119
0.012934846
-0.00070820474
0.013253268
-0.0024300025
0.013511241
-0.0014959715
0.01375515
0.001272185
0.014069836
0.0030917412
0.014441481
0.002119945
0.014835658
-7.2543646e-05
0.015238667
-0.0016708698
0.015642041
-0.0020839435
0.016062333
-0.0020067932
0.016499915
-0.0023740836
0.016941702
-0.0030999129
0.017384428
-0.0037203803
0.017830913
-0.0042534303
0.018279823
-0.0046447342
0.018741432
-0.0050601872
0.019209997
-0.0052045063
0.019704878
-0.0056941293
0.020200319
-0.0054055697
0.020721582
-0.0051155932
0.021263987
-0.0050469357
0.02182291
-0.0049627414
0.022350811
-0.0043181037
0.022929967
-0.004857761
-0.0035474509
0.0027726712
-0.0010907459
0.0031786811
-0.0011426402
0.0036221765
-0.0011953731
0.0041119251
-0.0012465118
0.0046533373
-0.0012974685
0.0052441873
-0.0013446084
0.0058781831
-0.0013706548
0.0065496942
-0.0013405618
0.0072404469
-0.0011942173
0.0079275747
-0.00082697837
0.0085907433
-0.00012274578
0.0091932325
0.00098516508
0.009676043
0.0026747656
0.010017017
0.0048050194
0.010193138
0.0070903245
0.01019814
0.0091568998
0.010091238
0.010745676
0.0099221613
0.011759048
0.0097057343
0.012145088
0.0095216625
0.011793491
0.0094362229
0.010675393
0.0094942307
0.0087867944
0.0097103697
0.0061767232
0.010025607
0.0031370678
0.010380867
0.00033217746
0.010843306
-0.0017467224
0.011318665
-0.0026715138
0.011695634
-0.0017155032
0.011939438
0.0010214074
0.012056796
0.0048815397
0.012102575
0.0086602435
0.012166799
0.010887106
0.012339885
0.010095803
0.012583673
0.0064378505
0.012846967
0.0022403607
0.013172593
-0.0010451042
0.013518041
-0.0027886868
0.013816921
-0.0018077394
0.014123712
0.00095379166
0.014494638
0.0027110144
0.014903893
0.0016998077
0.015322586
-0.00050260353
0.015741596
-0.0021026015
0.016157196
-0.0025139149
0.016585587
-0.0024519653
0.017024464
-0.0028334304
0.017461257
-0.0035616294
0.017894672
-0.0041834123
0.018327631
-0.0047196193
0.018759021
-0.0051098756
0.019199311
-0.0055294717
0.019642704
-0.0056683571
0.020107653
-0.0061707092
0.020570513
-0.0058675859
0.021056462
-0.0055750349
0.021557994
-0.0054935142
0.022072549
-0.0054292401
0.022552549
-0.0047608025
0.023078083
-0.0053526855
-0.003979664
0.0016775581
-0.0012748023
0.0019153594
-0.0013298845
0.0021730012
-0.0014017524
0.0024628201
-0.0014868204
0.0027957233
-0.0015812315
0.003180903
-0.0016846799
0.00361851
-0.0017844824
0.0041000817
-0.0018547543
0.0046158746
-0.0018591677
0.0051552921
-0.0017367213
0.0057113615
-0.0013863215
0.0062731805
-0.00068784976
0.0068051515
0.00045013
0.0073021302
0.0021752551
0.0077338561
0.0043715834
0.0080702119
0.0067533732
0.0082810907
0.0089463801
0.0083732417
0.010654322
0.0083741686
0.011758649
0.0083425699
0.01217652
0.008318736
0.01181589
0.0083798365
0.010611636
0.0085694296
0.0085927296
0.0088850859
0.0058547253
0.0092537128
0.0027607049
0.0096966757
-0.00011926868
0.010243254
-0.0023028652
0.010787335
-0.0032265689
0.011251539
-0.0021899464
0.011606745
0.00065765273
0.011849913
0.0046325672
0.012020959
0.0084836103
0.012200341
0.010701378
0.012459039
0.0098293905
0.01274375
0.0061437341
0.013046957
0.0019269031
0.013407899
-0.0014174255
0.013779532
-0.0031735194
0.014120493
-0.0021617335
0.014487347
0.00057487212
0.014910158
0.0022777923
0.015353161
0.001245535
0.015792684
-0.00095354441
0.016224793
-0.0025476204
0.016650137
-0.0029539039
0.017084
-0.0029030696
0.017521988
-0.0032924519
0.017952402
-0.0040174775
0.018375787
-0.0046367857
0.018795102
-0.0051723328
0.019209356
-0.0055578168
0.01962916
-0.005978041
0.020048655
-0.0061080167
0.020485394
-0.0066187029
0.020917915
-0.006298648
0.021371138
-0.0060009829
0.021834921
-0.0059020847
0.022308701
-0.0058545519
0.022744993
-0.0051593063
0.023221636
-0.0057982015
-0.0043594785
0.00085658204
-0.0013751432
0.00099979865
-0.0014192709
0.0011485245
-0.0014799793
0.0013057968
-0.0015605267
0.0014842286
-0.0016669096
0.0016976363
-0.0017964789
0.0019437491
-0.0019328374
0.0022201141
-0.002063114
0.0025262406
-0.0021634028
0.0028595962
-0.0021953156
0.0032190444
-0.0020992167
0.0036118514
-0.0017823486
0.0040376636
-0.0011168548
0.0044637083
2.1272937e-05
0.0049219982
0.0017145079
0.0053922927
0.003899648
0.0058425879
0.0063024698
0.0062309341
0.0085582376
0.0065235366
0.010362358
0.0067205903
0.011561946
0.0068833311
0.012013386
0.0070464107
0.01165103
0.0072757865
0.010379332
0.0076086334
0.0082551275
0.0080085395
0.0054482874
0.0084508611
0.0023109582
0.0089940433
-0.00067098254
0.0096127949
-0.0029312625
0.010221472
-0.0038459953
0.010774728
-0.0027533743
0.011244192
0.0001795197
0.011618801
0.0042515828
0.011922798
0.0081735199
0.012223385
0.010394223
0.012567357
0.0094771711
0.012900944
0.005800248
0.013249731
0.0015679766
0.013647714
-0.001826738
0.014044732
-0.0035835821
0.014426307
-0.0025564111
0.014847542
0.00014115344
0.015315825
0.0017985205
0.015787073
0.00076268045
0.016242977
-0.0014208672
0.01668489
-0.0030025926
0.017117311
-0.0034012043
0.017554091
-0.0033574973
0.01798918
-0.0037490803
0.018412021
-0.0044661931
0.018824843
-0.0050798744
0.019230589
-0.0056115313
0.019628282
-0.005989008
0.020028638
-0.0064068279
0.020425726
-0.0065249015
0.020836215
-0.0070400163
0.021240864
-0.0067011923
0.02166419
-0.0063962806
0.022093602
-0.0062761386
0.022530459
-0.0062425465
0.022927503
-0.0055180691
0.023360275
-0.0061993478
-0.0046926194
0.00017766774
-0.0014184154
0.00023030344
-0.0014731708
0.00029969217
-0.0015507484
0.00039194206
-0.0016542882
0.00050330655
-0.0017799375
0.00062914091
-0.0019241498
0.00077236942
-0.0020780991
0.00093216142
-0.0022251544
0.0011040782
-0.0023377984
0.0012765629
-0.0023705156
0.0014628774
-0.0022884794
0.001689381
-0.0020119541
0.0019511653
-0.0013817478
0.0022525469
-0.00028306445
0.0026475998
0.0013170577
0.0031356988
0.0034099182
0.0036691852
0.0057682654
0.0042024382
0.00802493
0.0046750841
0.0098899762
0.0050757769
0.0111613
0.0054302144
0.011658189
0.0057919848
0.011287302
0.0061981501
0.0099697194
0.0066539188
0.0077944187
0.0071397356
0.00495606
0.0076908897
0.0017525505
0.0083216853
-0.0013103938
0.0089970911
-0.0036160844
0.009664009
-0.0045233147
0.010299955
-0.0033993443
0.010879256
-0.00040857426
0.011384851
0.0037390562
0.011824658
0.0077271283
0.012246833
0.0099650808
0.012676275
0.0090389404
0.013066719
0.0053996913
0.013463642
0.0011608018
0.013896112
-0.0022704441
0.014317377
-0.0040176528
0.014735547
-0.0029876688
0.015203332
-0.00033947124
0.015709326
0.0012809941
0.016202432
0.00025764936
0.016669815
-0.0018996516
0.017118074
-0.0034640595
0.017554902
-0.0038531096
0.017992246
-0.0038128397
0.018422671
-0.0042014893
0.018836979
-0.0049067426
0.019238932
-0.0055122784
0.01963139
-0.0060373774
0.020013303
-0.0064041099
0.020395463
-0.0068169802
0.02077186
-0.0069206554
0.021158297
-0.0074367961
0.021537766
-0.0070778836
0.021934261
-0.0067640136
0.022332932
-0.0066194084
0.022736972
-0.006597349
0.023099483
-0.0058418001
0.023493672
-0.0065614054
-0.0049850831
-0.00051829479
-0.0013804038
-0.00054544904
-0.0014472753
-0.00055920219
-0.0015383661
-0.00056058451
-0.0016544041
-0.00054950285
-0.0017926635
-0.00052621095
-0.0019492499
-0.00049071216
-0.0021155841
-0.0004442132
-0.0022738471
-0.00038497106
-0.0023994512
-0.00029860907
-0.0024594758
-0.00019732028
-0.0023926101
-8.9352226e-05
-0.0021229003
4.9173095e-05
-0.0015232638
0.00025371472
-0.00049042511
0.0005915355
0.00097687248
0.0010824455
0.0029173217
0.0016758824
0.0051739083
0.0023279416
0.0073724673
0.0029561792
0.0092615424
0.0035374145
0.010579635
0.0040788725
0.01111551
0.004634134
0.010729902
0.0051967756
0.0094031378
0.0057636019
0.0072225191
0.0063677568
0.0043457191
0.0070268021
0.0010863039
0.0077272996
-0.0020192737
0.0084481105
-0.0043459138
0.0091599565
-0.0052451026
0.009863206
-0.0041123979
0.010539978
-0.0010942547
0.011169363
0.0031022125
0.011742107
0.0071472931
0.01228259
0.0094171407
0.01279686
0.0085153734
0.013248022
0.0049382508
0.013691893
0.0007065377
0.014154462
-0.002744154
0.014597172
-0.0044728666
0.015046061
-0.0034495508
0.015551383
-0.00085791392
0.016086762
0.00073356605
0.016595192
-0.00026303765
0.017069104
-0.0023849493
0.017520264
-0.0039285828
0.017958938
-0.0043070262
0.018394774
-0.0042669664
0.018819065
-0.0046481428
0.019224161
-0.0053383708
0.019615193
-0.0059338515
0.019994847
-0.0064502409
0.02036199
-0.0068040114
0.020727426
-0.0072098718
0.02108508
-0.0072971549
0.021449903
-0.0078114312
0.021807109
-0.0074316153
0.022180074
-0.0071075033
0.022551873
-0.0069358645
0.022927449
-0.0069233289
0.023260383
-0.0061354457
0.023621523
-0.006889898
-0.0052431042
-0.0010717502
-0.0012185083
-0.0011797517
-0.0012735395
-0.0012769669
-0.0013512941
-0.0013641531
-0.0014525227
-0.001442917
-0.0015771058
-0.0015142966
-0.0017228856
-0.0015798771
-0.0018854231
-0.0016399234
-0.0020574602
-0.0016921243
-0.0022237621
-0.0017337214
-0.0023601699
-0.0017609365
-0.0024346771
-0.0017658877
-0.002390417
-0.0017255821
-0.0021660646
-0.001623033
-0.0016286892
-0.0014346876
-0.00068151012
-0.0011416665
0.00068152373
-0.00068818377
0.0024620844
-5.3075951e-05
0.0045376042
0.00070103104
0.0066175157
0.0014581311
0.0085037512
0.0021927913
0.009844005
0.0029032451
0.010403329
0.0036227179
0.010007845
0.0043228423
0.0086988333
0.0050157075
0.0065244553
0.0057472145
0.003608097
0.006503637
0.00032308926
0.0072639847
-0.0027875677
0.0080149471
-0.0051054056
0.008751899
-0.0059914219
0.0094992972
-0.0048692915
0.010253379
-0.0018573237
0.010992411
0.0023552419
0.01168936
0.006442735
0.012341572
0.0087569342
0.012937361
0.0079098214
0.013447966
0.0044171917
0.013933348
0.00021064505
0.014419526
-0.0032413848
0.014879707
-0.004945215
0.015352895
-0.0039355634
0.015886676
-0.0014050179
0.016443262
0.00016444302
0.016960701
-0.00079308125
0.017436434
-0.0028720756
0.017887228
-0.004392881
0.018325392
-0.0047605627
0.018757967
-0.0047180681
0.019174993
-0.0050878402
0.019570499
-0.0057606241
0.019950822
-0.0063447089
0.020318384
-0.0068507213
0.020671999
-0.0071898405
0.021022415
-0.0075871094
0.021363506
-0.0076565127
0.02170939
-0.008166551
0.02204747
-0.007765509
0.022400432
-0.0074303002
0.022749465
-0.0072297036
0.023101164
-0.0072250942
0.023409702
-0.0064041818
0.023743549
-0.0071905769
-0.0054731328
-0.0015849408
-0.0010417587
-0.001751206
-0.0011083766
-0.0019072263
-0.0011964689
-0.0020560488
-0.0013049995
-0.0022003561
-0.0014342132
-0.0023414864
-0.0015832983
-0.0024803602
-0.001748237
-0.0026164587
-0.0019232094
-0.002747375
-0.0020948679
-0.002866324
-0.0022434627
-0.0029691048
-0.0023342386
-0.0030434586
-0.0023185486
-0.0030517294
-0.0021605032
-0.00297882
-0.0017043243
-0.0027914477
-0.00087151777
-0.0024746833
0.00036240443
-0.0020000027
0.0019854984
-0.0013890457
0.0039251303
-0.0006325746
0.0058597572
0.00022920135
0.0076407474
0.0010904769
0.0089811777
0.0019464421
0.0095450995
0.0028078702
0.0091433915
0.0036374477
0.007864887
0.0044657208
0.0056908435
0.0053202441
0.0027474748
0.0061655872
-0.00052959166
0.0069752607
-0.0036046948
0.0077402159
-0.0058783015
0.008478321
-0.0067382338
0.0092396447
-0.0056397233
0.010043249
-0.0026699226
0.010871262
0.0015188833
0.011677996
0.0056278755
0.012431399
0.0079949737
0.013100792
0.007230247
0.013664683
0.0038426701
0.014183448
-0.00031873023
0.014685219
-0.0037541281
0.015157961
-0.0054297799
0.015649205
-0.0044394028
0.016202975
-0.0019722268
0.016773196
-0.00041879149
0.01729391
-0.0013267389
0.017767199
-0.0033567813
0.018214667
-0.0048539737
0.018650243
-0.0052116058
0.019078161
-0.005164691
0.01948716
-0.0055197495
0.019873008
-0.006173355
0.020243092
-0.0067452265
0.020599526
-0.0072396742
0.020941098
-0.0075629721
0.021278428
-0.0079505376
0.021605367
-0.0080010749
0.021935223
-0.0085050217
0.02225753
-0.0080829141
0.022594233
-0.007736173
0.022924828
-0.0075053368
0.023257459
-0.0075074743
0.023546987
-0.0066534059
0.023859502
-0.0074694033
-0.0056818122
-0.0019688048
-0.0008182957
-0.0021797476
-0.00089849231
-0.0023842272
-0.00099313228
-0.0025839174
-0.0011065474
-0.002780591
-0.0012388852
-0.0029760629
-0.0013892919
-0.0031718873
-0.0015540119
-0.0033662633
-0.0017305815
-0.0035553589
-0.0019076825
-0.0037327082
-0.0020682101
-0.0038866986
-0.0021825592
-0.0040020946
-0.0022054396
-0.0040506752
-0.0021144233
-0.0040027507
-0.0017548064
-0.0038368565
-0.0010399353
-0.0035151092
3.8265549e-05
-0.0030188203
0.0014871074
-0.002352826
0.0032572729
-0.0015875727
0.0050928049
-0.00070450711
0.0067559004
0.0002663297
0.008008185
0.0012472855
0.0085613165
0.0022321597
0.0081550238
0.0031849619
0.0069075653
0.0041478717
0.0047225402
0.005112896
0.0017764335
0.0060273787
-0.0014507644
0.0068639476
-0.0044481437
0.007625425
-0.0066470672
0.0083488828
-0.0074696863
0.0091024587
-0.0064019461
0.0099272628
-0.0035036398
0.010818116
0.00061937529
0.011715209
0.0047221639
0.012553575
0.0071474784
0.013285781
0.0064874672
0.013893598
0.0032240563
0.014434732
-0.00087052817
0.014943727
-0.0042740115
0.015423584
-0.0059211167
0.015927046
-0.0049551851
0.016493384
-0.0025520359
0.017070538
-0.0010093929
0.017589537
-0.0018590063
0.018056726
-0.0038354258
0.018498296
-0.0053092697
0.018929543
-0.0056583804
0.019351783
-0.0056057556
0.01975238
-0.005943422
0.020128815
-0.0065767286
0.020489396
-0.0071360491
0.02083593
-0.0076182235
0.021167187
-0.0079250314
0.021493598
-0.0083022393
0.021809021
-0.0083334184
0.022125986
-0.0088299395
0.022436083
-0.0083873937
0.022760476
-0.0080290966
0.02307717
-0.0077673721
0.023395741
-0.0077755005
0.023671826
-0.0068887014
0.023969161
-0.0077325282
-0.0058759512
-0.0021946657
-0.00056502454
-0.0024362311
-0.00065793189
-0.002668689
-0.00076175947
-0.0028989636
-0.00087744524
-0.0031306882
-0.0010084308
-0.0033656426
-0.0011557156
-0.0036016065
-0.001319546
-0.0038369831
-0.0014968363
-0.0040669549
-0.0016794873
-0.0042834251
-0.0018536728
-0.0044727264
-0.0019953541
-0.0046168313
-0.0020635369
-0.0047008071
-0.0020327989
-0.0046730245
-0.001784997
-0.0045227283
-0.0011926792
-0.0042129086
-0.00027395994
-0.0037200141
0.00099194162
-0.0030396671
0.0025747452
-0.0022120262
0.0042630233
-0.0012786296
0.0058201499
-0.00025231399
0.0069791137
0.00083126866
0.0074743737
0.001922377
0.0070600068
0.0029908952
0.0058343289
0.0040735424
0.0036345645
0.0051227156
0.00072143898
0.0060791539
-0.0024133478
0.0069212958
-0.005296578
0.0076641971
-0.007396583
0.0083588377
-0.0081715761
0.0090868825
-0.0071381063
0.009909707
-0.004335205
0.010837737
-0.00031748945
0.011800528
0.0037502963
0.012705395
0.0062329311
0.013487504
0.0056942736
0.014125914
0.0025747022
0.014678076
-0.0014333696
0.015186314
-0.0047929997
0.015667754
-0.006413695
0.016178055
-0.005477503
0.016750751
-0.0031381545
0.017329134
-0.0016015983
0.017842255
-0.0023856867
0.018300385
-0.0043050567
0.018733929
-0.0057566205
0.019159484
-0.0060994889
0.019575406
-0.0060405648
0.019967609
-0.0063587917
0.020335195
-0.006971229
0.020687285
-0.0075180987
0.02102541
-0.0079877637
0.021348323
-0.0082778949
0.021666212
-0.0086445328
0.021972971
-0.008656343
0.022280401
-0.0091446302
0.02258205
-0.0086827093
0.022898271
-0.0083132391
0.023205792
-0.0080205973
0.023515492
-0.0080343842
0.023783864
-0.0071158092
0.024072335
-0.0079862666
-0.0060624967
-0.0022538282
-0.00029962843
-0.0025109962
-0.00040170917
-0.002763859
-0.00050991597
-0.003015117
-0.00062728675
-0.0032676335
-0.00075710192
-0.0035224084
-0.00090222547
-0.0037781512
-0.0010651942
-0.0040340805
-0.0012424147
-0.0042844375
-0.0014307653
-0.0045202533
-0.0016196278
-0.0047281089
-0.0017894076
-0.0048847112
-0.0019089825
-0.0049826215
-0.0019370923
-0.004973084
-0.001796816
-0.0048375494
-0.0013305925
-0.0045399463
-0.00057398734
-0.0040522809
0.00050183167
-0.0033694418
0.0018894082
-0.0025156862
0.0034066698
-0.0015381225
0.0048397171
-0.00045792506
0.005895591
0.00070525447
0.0063072922
0.0018838165
0.005877224
0.0030526283
0.0046606307
0.0042252883
0.0024566255
0.0053254166
-0.0003842844
0.0062966194
-0.0033902439
0.0071245571
-0.006130245
0.0078365121
-0.0081145022
0.0084939624
-0.0088355463
0.0091851196
-0.0078367961
0.0099861034
-0.0051446438
0.010924609
-0.001264857
0.011928507
0.0027369562
0.012881262
0.005269962
0.013696723
0.0048672028
0.014351176
0.0019091965
0.014903566
-0.0019964041
0.015403874
-0.0053038298
0.015881655
-0.0069022801
0.016393944
-0.0060014876
0.016967915
-0.0037254253
0.017542857
-0.0021906587
0.018046829
-0.0029034659
0.018493666
-0.0047634513
0.018917544
-0.0061943613
0.019336452
-0.0065339401
0.019745795
-0.0064688022
0.020129989
-0.0067661692
0.02048961
-0.0073576593
0.020834498
-0.0078925788
0.021165968
-0.0083499585
0.021482745
-0.0086236849
0.021794728
-0.0089799651
0.022095882
-0.0089728599
0.022397338
-0.0094526638
0.022694487
-0.0089728066
0.023006849
-0.0085929424
0.023310094
-0.0082699548
0.02361627
-0.0082894997
0.023882802
-0.0073406117
0.024168862
-0.0082370732
-0.0062485041
-0.0021367975
-0.002396659
-0.0001427292
-0.0026538407
-0.00025368314
-0.0029108592
-0.00037128924
-0.003169704
-0.00049935658
-0.0034313902
-0.0006417243
-0.0036959114
-0.00080195135
-0.0039592096
-0.00098049627
-0.0042154511
-0.0011760144
-0.0044556231
-0.0013810661
-0.0046670192
-0.0015797482
-0.0048284149
-0.0017494541
-0.0049264646
-0.0018410791
-0.0049248322
-0.0018006215
-0.0047898118
-0.0014679157
-0.0044976492
-0.00086858775
-0.0040198751
2.1471886e-05
-0.0033430197
0.0012097775
-0.0024885936
0.002549242
-0.0014824018
0.0038301744
-0.00035534696
0.0047646817
0.00086058651
0.0050868908
0.0020924117
0.0046399044
0.0033362588
0.0034117757
0.004566058
0.00122156
0.0056840024
-0.0015076084
0.0066441661
-0.0043556957
0.0074407929
-0.0069320707
0.0081115197
-0.0087905789
0.0087263844
-0.0094562555
0.0093749261
-0.0084922794
0.010140418
-0.0059182107
0.011068527
-0.0022017021
0.01209076
0.0017050406
0.013068764
0.0042812623
0.013900299
0.0040239192
0.014558202
0.0012401723
0.015101175
-0.0025499257
0.015587377
-0.0058003084
0.016056757
-0.0073821462
0.016566759
-0.0065228541
0.017137934
-0.0043097085
0.017705831
-0.0027728687
0.018198263
-0.0034099214
0.018632238
-0.0052090599
0.019045358
-0.0066213725
0.019457085
-0.0069611656
0.019859959
-0.0068905231
0.020236895
-0.0071662301
0.020589748
-0.0077371384
0.020928999
-0.0082609729
0.021255822
-0.0087067329
0.021568899
-0.0089647616
0.021877803
-0.0093113007
0.022176615
-0.009286193
0.022475849
-0.0097578049
0.022772598
-0.0092617823
0.023085566
-0.0088727056
0.023389583
-0.0085205225
0.023697717
-0.008546356
0.023968397
-0.0075691128
0.024258612
-0.0084915143
-0.006441109
-0.0021035304
0.00010435235
-0.002351544
-6.5469027e-06
-0.0026010658
-0.00012270903
-0.0028529331
-0.00024849953
-0.00310758
-0.00038816188
-0.003364183
-0.00054651298
-0.0036187865
-0.00072714434
-0.0038648101
-0.00093133773
-0.0040927094
-0.001154619
-0.0042896752
-0.0013843514
-0.0044410985
-0.0015997314
-0.0045306028
-0.0017534396
-0.004529332
-0.0018039363
-0.004394684
-0.001604783
-0.0041069358
-0.0011587706
-0.0036445341
-0.00044360946
-0.0029843886
0.00054663864
-0.0021344134
0.0016959202
-0.0011189183
0.0028108622
2.7189915e-05
0.0036142735
0.0012587831
0.0038506184
0.0025171715
0.0033757625
0.0038120523
0.0021115177
0.0050551982
-2.6822459e-05
0.0061579312
-0.0026154794
0.0070847744
-0.0052874604
0.0078358449
-0.0076878544
0.0084567364
-0.0094162469
0.009024829
-0.010029577
0.0096281707
-0.0091019909
0.010349715
-0.0066473986
0.011250318
-0.0031107767
0.012269915
0.00067563648
0.013253614
0.0032864981
0.014085593
0.0031802045
0.014735675
0.00057887078
0.015261144
-0.0030858162
0.015728112
-0.0062773491
0.016185001
-0.0078492141
0.016689046
-0.007037927
0.017254244
-0.0048877581
0.017812515
-0.003345555
0.018291865
-0.0039034612
0.018712049
-0.0056409894
0.01911389
-0.0070371014
0.019518324
-0.0073810175
0.019915198
-0.0073061422
0.020285974
-0.0075599991
0.02063356
-0.0081110902
0.020969007
-0.0086250376
0.021293432
-0.0090602623
0.02160546
-0.0093037104
0.021914309
-0.0096415119
0.022214237
-0.0095997701
0.022515159
-0.010063918
0.02281574
-0.0095538681
0.023133917
-0.0091571668
0.023443876
-0.0087774877
0.023759561
-0.0088105767
0.024040468
-0.0078074098
0.024341488
-0.0087562407
-0.0066474991
-0.0016545298
0.00032392682
-0.0018800308
0.00021814658
-0.0021097886
0.00010618485
-0.0023423957
-1.6816117e-05
-0.0025771449
-0.00015439916
-0.0028124342
-0.00031227809
-0.0030444369
-0.00049626906
-0.0032663138
-0.00071066837
-0.0034684716
-0.00095375955
-0.0036388086
-0.0012154198
-0.0037630773
-0.001477003
-0.0038266218
-0.0016915823
-0.003809237
-0.0018232243
-0.0036694704
-0.0017466881
-0.0033865102
-0.0014441472
-0.002938833
-0.00089402953
-0.0023003585
-9.4994589e-05
-0.0014720838
0.00086400993
-0.00047394344
0.0018085282
0.00065887562
0.0024767838
0.0018663212
0.0026381592
0.0031309032
0.002106122
0.0044343024
0.00080268595
0.005648766
-0.0012464724
0.0067091662
-0.0036807896
0.00758329
-0.0061661736
0.0082767879
-0.0083856375
0.0088406684
-0.0099843849
0.0093582577
-0.010551799
0.009915185
-0.0096647613
0.010588216
-0.0073276155
0.011448129
-0.0039787695
0.012447695
-0.00033374319
0.013421261
0.0023016302
0.014240232
0.0023492785
0.014872715
-6.4950769e-05
0.015374231
-0.0035976268
0.015817861
-0.0067308529
0.016258919
-0.0083001506
0.016753975
-0.007543671
0.01731079
-0.0054571091
0.017857788
-0.0039069837
0.018323324
-0.0043832887
0.018729431
-0.0060589912
0.019120028
-0.0074415509
0.01951746
-0.0077937511
0.019909148
-0.0077164218
0.020275191
-0.0079488287
0.020619298
-0.0084812281
0.020953029
-0.0089867886
0.021277528
-0.0094129555
0.021591354
-0.0096433226
0.021903354
-0.0099737617
0.022208025
-0.0099171951
0.022514675
-0.010374932
0.022823433
-0.0098534218
0.023151536
-0.0094510807
0.023472703
-0.0090461241
0.023801617
-0.0090878724
0.024098895
-0.0080616655
0.024417424
-0.0090379586
-0.0068748856
-0.001075153
-0.0012667042
0.00040895481
-0.00146639
0.00030507865
-0.0016694642
0.00018541588
-0.0018733692
4.8610903e-05
-0.0020756982
-0.00011090012
-0.0022727833
-0.00030019531
-0.0024578585
-0.00052667018
-0.0026216876
-0.00079108368
-0.0027526338
-0.0010857231
-0.0028373413
-0.0013936742
-0.0028621681
-0.0016682816
-0.0028111902
-0.0018759668
-0.0026546298
-0.0019052894
-0.002374322
-0.0017268257
-0.001944914
-0.0013262038
-0.0013368701
-0.0007062902
-0.00054540698
6.8687274e-05
0.00041215335
0.00084648672
0.00148713
0.0013968344
0.002655385
0.0014645849
0.0039049528
0.00085123662
0.0051568956
-0.00045467857
0.0063098231
-0.0024045067
0.0073027594
-0.0046784243
0.0081068925
-0.0069745964
0.0087324083
-0.0090150714
0.0092337595
-0.010489538
0.0096976441
-0.011019779
0.010207311
-0.010179792
0.010830082
-0.0079571273
0.011639789
-0.0047960625
0.012605608
-0.0013092501
0.013556517
0.0013393032
0.014351552
0.0015420478
0.014959003
-0.00068379267
0.015431902
-0.004080711
0.015849097
-0.0071576954
0.016271756
-0.0087323939
0.016755437
-0.008037701
0.017302142
-0.0060159799
0.017837068
-0.0044562964
0.018288816
-0.0048493572
0.018681163
-0.0064633948
0.01906107
-0.0078352425
0.019452188
-0.0082000147
0.019839831
-0.0081224539
0.020202866
-0.0083343732
0.020545549
-0.0088495338
0.020879887
-0.0093484837
0.021207135
-0.0097674308
0.021525781
-0.009986576
0.021844297
-0.010311382
0.022157473
-0.0102422
0.022473996
-0.010694918
0.022795374
-0.010164905
0.023138208
-0.0097592953
0.023475917
-0.0093317744
0.023823792
-0.0093840067
0.02414362
-0.008338083
0.024486386
-0.0093433956
-0.0071304713
-0.00054151321
-0.00069824391
-0.00086248591
-0.0010266559
-0.0011858459
-0.001336326
-0.0014723518
-0.0015866567
-0.0016702454
-0.0017138622
-0.0017038622
-0.001628255
-0.0014538718
-0.001164047
-0.00074094118
-0.00015642234
0.00058952272
0.0014760543
0.0024903673
0.0036086673
0.0047812523
0.0059434831
0.0070040446
0.0079059524
0.0086246642
0.0091733408
0.009608496
0.010016162
0.010477889
0.011050907
0.011804293
0.012725745
0.013645014
0.014408067
0.014985063
0.015426422
0.01581507
0.016217537
0.016688115
0.017223588
0.017746435
-0.0049934812
0.018185096
-0.0053022971
0.018564535
-0.0068550391
0.018934773
-0.0082191616
0.019320636
-0.0086008301
0.019705681
-0.0085256356
0.020067699
-0.0087185542
0.020411247
-0.009218228
0.020748723
-0.0097125931
0.021081573
-0.010126494
0.02140821
-0.010336608
0.021736744
-0.01065785
0.022062293
-0.010578632
0.022392916
-0.011028154
0.022731438
-0.01049287
0.02309387
-0.010086722
0.023453498
-0.0096398031
0.023826097
-0.0097047798
0.024174663
-0.0086428756
0.024548386
-0.0096792724
-0.007421419
0.01758276
0.018009547
0.01837741
0.01873941
0.019121425
0.019505601
0.019868828
0.020215741
0.020559067
0.020900518
0.02123844
0.021580592
0.021922445
0.022271456
0.022631695
0.023018618
0.023405547
0.023808627
0.024192097
0.024603454
-0.00088982689
0.027867456
0.022433879
-0.00074070071
-0.0014541758
0.022233357
-0.0014850646
0.028102358
-0.0014550293
0.032935659
-0.0013562927
0.035578692
-0.0012062629
0.035352175
-0.0010345302
0.032428386
-0.0008679783
0.027699479
0.022288231
-0.00072345986
-0.0013339953
0.016470262
-0.001394326
0.022292149
-0.0014254715
0.028131655
-0.001400059
0.032908176
-0.0013089255
0.035485414
-0.001167305
0.035208502
-0.001003283
0.032262538
-0.00084318082
0.027537853
0.02214757
-0.00070372583
-0.0012851046
0.016536798
-0.0013416337
0.022346995
-0.001371261
0.028159265
-0.0013484094
0.032883074
-0.0012631573
0.035397844
-0.0011289063
0.035072046
-0.00097208492
0.032103765
-0.0008182264
0.027382371
0.022011826
-0.00068376414
-0.0012462043
0.016601997
-0.0013003995
0.022399345
-0.0013280754
0.028184735
-0.0013061193
0.032858673
-0.0012247846
0.03531401
-0.0010962158
0.034941115
-0.00094535337
0.031950823
-0.00079683426
0.027232128
0.021880327
-0.00066669437
-0.0012285113
0.016667407
-0.0012808719
0.022449668
-0.0013056572
0.028207109
-0.0012824605
0.032832826
-0.0012023596
0.035231221
-0.0010766465
0.034812883
-0.00092927715
0.03180125
-0.0007840756
0.027085108
0.021751502
-0.00065668048
-0.0012470477
0.016733169
-0.0012961765
0.022496526
-0.0013165781
0.028224875
-0.0012902024
0.032803602
-0.0012074264
0.035145578
-0.0010798173
0.034682613
-0.00093167119
0.031650792
-0.00078630308
0.026937838
0.021622615
-0.00065890943
-0.0013376227
0.016801256
-0.0013828739
0.022539312
-0.0013923478
0.028231493
-0.0013539311
0.032762112
-0.0012581469
0.035046756
-0.0011197455
0.034541436
-0.00096347423
0.031492122
-0.00081212543
0.026784523
0.0214892
-0.00068025257
-0.0015339962
0.016870017
-0.0015749764
0.022577651
-0.0015709633
0.028224444
-0.0015009612
0.032688896
-0.0013758676
0.034918593
-0.0012134335
0.034376188
-0.0010380616
0.031314317
-0.00087204163
0.026616507
0.021344675
-0.00072908266
-0.0019182742
0.016937331
-0.0019316253
0.022588126
-0.0018748312
0.028164498
-0.0017542784
0.032565191
-0.0015821117
0.034743352
-0.0013783741
0.034169632
-0.0011691891
0.0311027
-0.00097681647
0.026422139
0.021180212
-0.00081392249
-0.0025045478
0.016966374
-0.0024528364
0.022533654
-0.0023277716
0.028036476
-0.0021368661
0.032371199
-0.0018947984
0.034498269
-0.0016288688
0.03390095
-0.0013683502
0.030839803
-0.0011355533
0.026187384
0.020985081
-0.00094196621
-0.0033311196
0.016925491
-0.0031984925
0.022398636
-0.002973902
0.027809203
-0.0026749903
0.032069443
-0.0023311531
0.034151635
-0.001977126
0.033544343
-0.0016443926
0.030504816
-0.0013547803
0.025895899
0.020746855
-0.0011180396
-0.0044300939
0.016791085
-0.0041756885
0.022142351
-0.0038102453
0.027441552
-0.0033676086
0.031624403
-0.0028909834
0.033672575
-0.0024223221
0.033073369
-0.0019956832
0.030076109
-0.0016323863
0.025530856
0.020452929
-0.0013398603
-0.0057177504
0.016530173
-0.0053122681
0.021735458
-0.0047823217
0.026909925
-0.0041746851
0.03101487
-0.0035443128
0.033040178
-0.0029416928
0.032468735
-0.0024046155
0.029537171
-0.001954196
0.025078832
0.020092761
-0.0015953288
-0.0070337
0.016133287
-0.0064765671
0.021177512
-0.0057840872
0.026216361
-0.0050113403
0.030240729
-0.0042240855
0.032251277
-0.0034819773
0.031724874
-0.0028277731
0.028881277
-0.002283478
0.024533044
0.019660312
-0.0018522577
-0.0081992664
0.015620457
-0.007514243
0.020492127
-0.0066839747
0.02538541
-0.0057688178
0.029324499
-0.0048432671
0.03132431
-0.0039754649
0.030855465
-0.0032141837
0.028118394
-0.0025837111
0.023901136
0.019161891
-0.002086472
-0.0090544191
0.015025578
-0.0082804435
0.019717914
-0.0073549769
0.024459337
-0.0063404713
0.028308946
-0.0053167736
0.030299169
-0.0043589713
0.029895992
-0.0035214869
0.02727923
-0.0028310219
0.023209166
0.018618938
-0.0022893066
-0.0094844192
0.01438296
-0.0086629264
0.018895903
-0.0076894559
0.023484912
-0.0066259924
0.027244043
-0.0055536307
0.029224952
-0.0045507136
0.028891002
-0.0036748997
0.026401374
-0.002954526
0.02248698
0.018053933
-0.0023910048
-0.0094269969
0.013720768
-0.0085929735
0.01806067
-0.0076142522
0.022504458
-0.0065515261
0.026179066
-0.0054833775
0.028154165
-0.0044857903
0.02789064
-0.0036148454
0.025527797
-0.0028982601
0.021768113
0.017491266
-0.0023374336
-0.008838934
0.013066116
-0.0080240662
0.01724359
-0.0070784233
0.021555926
-0.0060634406
0.025160607
-0.0050545063
0.027141401
-0.0041214021
0.026953696
-0.0033137904
0.024716664
-0.0026546355
0.02110598
0.016976765
-0.0021424985
-0.0077098292
0.0124538
-0.0069534068
0.016483689
-0.006084799
0.020682979
-0.0051676849
0.024238476
-0.0042742271
0.026242613
-0.0034640033
0.02613828
-0.0027735676
0.02402157
-0.0022157087
0.020544228
0.016542436
-0.001784451
-0.0060299046
0.011927143
-0.0053810653
0.015829905
-0.0046412779
0.019937164
-0.0038740501
0.023464419
-0.0031466164
0.025508045
-0.0025059826
0.025490784
-0.0019726545
0.023482128
-0.0015479062
0.020114385
0.016212676
-0.0012221659
-0.0038358894
0.011528455
-0.0033417107
0.015328929
-0.0027757737
0.019363093
-0.0021961054
0.02287567
-0.0016659366
0.024968512
-0.0012266397
0.025042602
-0.00088812643
0.023135834
-0.00064163477
0.019861552
0.016035039
-0.00046887734
-0.0015150601
0.01130007
-0.0012296675
0.015035502
-0.00089877837
0.019022699
-0.00056541048
0.022531786
-0.00027994599
0.024672333
-7.4109781e-05
0.024826767
4.9758203e-05
0.023003272
0.00011267155
0.019791451
0.016002506
0.00013956446
0.00015468556
0.011240459
0.00022931017
0.014951234
0.00032018681
0.018920312
0.00040894726
0.022430244
0.00047304037
0.02459512
0.0004970625
0.024790233
0.00048468995
0.023004634
0.0004508286
0.019816352
0.016038287
0.00040815008
0.00083993531
0.011330913
0.00074524699
0.015035388
0.00066893824
0.018984304
0.00061417983
0.022471638
0.00057183825
0.024624106
0.00052963573
0.02482
0.00048110859
0.023042183
0.0004280939
0.019860181
0.016081317
0.00037774631
0.00030369096
0.011495086
0.0001352581
0.015193538
-5.5048644e-06
0.019112827
-9.7688938e-05
0.022550137
-0.00013804234
0.024650348
-0.00013764642
0.0248062
-0.00011591991
0.023008695
-8.8901231e-05
0.019823437
0.016049415
-6.4650329e-05
-0.0015230548
0.011603881
-0.0016041822
0.015265574
-0.0016105981
0.019108674
-0.0015212674
0.022450036
-0.0013518065
0.024470958
-0.0011410389
0.024586484
-0.00092919133
0.022788929
-0.00074354439
0.019631021
0.015895753
-0.00059539416
-0.004488107
0.011589078
-0.0044022866
0.015173594
-0.0042052457
0.018905445
-0.0038778575
0.022116158
-0.0034303592
0.024016363
-0.0029163116
0.024065313
-0.0024053432
0.022271427
-0.0019513027
0.019171397
0.015519682
-0.0015797227
-0.0077553736
0.011425845
-0.0074707654
0.01488612
-0.0070165208
0.018447195
-0.0063755047
0.021470148
-0.0055876193
0.023223058
-0.0047341775
0.02320662
-0.0039057268
0.021438212
-0.0031719413
0.018433551
0.014912647
-0.0025682033
-0.0099476855
0.011087799
-0.009439423
0.014373867
-0.0087242344
0.017727159
-0.0078070392
0.020547456
-0.0067440887
0.022154314
-0.0056356023
0.022092414
-0.0045892962
0.020386626
-0.0036831143
0.017522805
0.014177
-0.0029511903
-0.0097984888
0.010690511
-0.009234261
0.013804218
-0.0084697492
0.016956093
-0.0075132063
0.019583526
-0.0064261527
0.021059523
-0.005311233
0.020969946
-0.0042744962
0.019343028
-0.0033893011
0.016631786
0.013467047
-0.0026840114
-0.007028734
0.010385237
-0.0066051196
0.013372694
-0.0060380128
0.016379456
-0.0053350749
0.018869838
-0.004542027
0.020255225
-0.0037341206
0.020151153
-0.002988538
0.018587688
-0.0023576471
0.015992731
0.012962684
-0.0018597416
-0.0033017249
0.010229741
-0.0030954461
0.013155936
-0.0028223323
0.016093696
-0.0024866984
0.018520049
-0.0021103141
0.019864205
-0.0017284988
0.01975538
-0.0013774009
0.018224281
-0.0010814563
0.01568668
0.012722313
-0.00084900582
-0.00041350782
0.010220407
-0.00040590151
0.013136143
-0.00038719173
0.016060234
-0.00035543087
0.018471534
-0.00031050021
0.019801637
-0.000256209
0.019683901
-0.00020007443
0.018152597
-0.00014926247
0.015622638
0.012670185
-0.00010773565
0.0011123328
0.010327446
0.00097627274
0.013259164
0.00083022906
0.0161907
0.00068589279
0.018598392
0.00055515184
0.019914033
0.00044601502
0.019775144
0.00036118649
0.018221168
0.00029895353
0.015671045
0.012702417
0.00025561273
0.00048634172
0.010446732
0.00035044165
0.013382739
0.0002246412
0.016301732
0.00012487257
0.018681495
5.8186137e-05
0.019963286
2.1621766e-05
0.019794843
8.0431472e-06
0.01822014
8.38681e-06
0.015658431
0.012685619
1.536373e-05
-0.0019957165
0.010492749
-0.0020157379
0.013393108
-0.001972889
0.01624774
-0.0018470677
0.018543753
-0.0016416647
0.019746033
-0.0013834352
0.019525537
-0.001112042
0.017938962
-0.00086258368
0.015400643
0.012471306
-0.00065490145
-0.0040552142
0.01050183
-0.0040191297
0.013349976
-0.0038958914
0.016116398
-0.0036541098
0.018293151
-0.003287136
0.019370024
-0.0028281209
0.019057927
-0.0023376194
0.01744085
-0.0018766376
0.014933384
0.012074835
-0.0014851567
-0.0034313155
0.01051833
-0.0034173932
0.01332681
-0.0033371572
0.016025123
-0.0031647712
0.018108472
-0.0028921581
0.019084758
-0.0025395681
0.018693321
-0.0021507355
0.017041469
-0.0017733292
0.014547334
0.011737102
-0.0014422765
-0.0014524639
0.010576198
-0.0015020853
0.013365722
-0.0015140552
0.016024122
-0.0014725368
0.018052206
-0.0013761498
0.018972792
-0.001236737
0.018538724
-0.0010734878
0.016864579
-0.00090755977
0.014370018
0.011576761
-0.00075620267
-8.0889813e-08
0.010690144
-0.00012951526
0.013483184
-0.00024440583
0.016124515
-0.0003241276
0.018115454
-0.00035767119
0.018988936
-0.00034890244
0.018512957
-0.0003114166
0.016811718
-0.00026057904
0.01430619
0.011514427
-0.00020859592
0.00035484074
0.010832186
0.00018624607
0.013639038
2.188215e-05
0.01627367
-0.00010974852
0.018230116
-0.00018530796
0.019046913
-0.00020120486
0.018511966
-0.00017384255
0.016769233
-0.00012606765
0.014245708
0.011453181
-7.4942049e-05
0.00017346771
0.010983801
-7.8194873e-06
0.013806476
-0.00018495289
0.016434458
-0.00032666525
0.018353821
-0.00040611953
0.019107943
-0.00041582082
0.018504189
-0.00037136162
0.016709308
-0.00029686125
0.014158362
0.011361817
-0.0002156436
0.00040327903
0.011145594
0.00020185129
0.013991107
-5.3007049e-06
0.016621723
-0.00018672831
0.018513223
-0.00031075408
0.019209298
-0.00036146169
0.018533243
-0.00034677702
0.016675377
-0.00029263625
0.014088177
0.011280409
-0.0002239024
0.0010385659
0.011315289
0.00081666972
0.014191905
0.00057516785
0.016838042
0.00034200998
0.018718226
0.00014994282
0.019372061
2.2816493e-05
0.018632091
-3.5437893e-05
0.016708225
-4.3191619e-05
0.014074603
0.011244024
-2.3750364e-05
0.0015961409
0.011488339
0.0013604889
0.01440186
0.001094284
0.017073471
0.00082149108
0.018956472
0.00057360311
0.019583901
0.00037817396
0.018792633
0.00024758223
0.016807464
0.00017828493
0.014117501
0.011249434
0.0001518622
0.0020628381
0.011663198
0.0018174421
0.014617929
0.0015331881
0.017322548
0.0012308037
0.019219327
0.00094034843
0.019833075
0.00069171493
0.019001324
0.00050320804
0.016960086
0.00037682648
0.014213715
0.01129963
0.0003026614
0.0024140585
0.01183462
0.0021690936
0.014832621
0.0018803035
0.017574976
0.0015651725
0.019493536
0.0012512543
0.02010421
0.00096860349
0.019242545
0.00073952545
0.017151935
0.00057186646
0.014350069
0.011386698
0.00045992959
0.0027709209
0.012006983
0.0025264615
0.015050751
0.0022344591
0.017835321
0.0019098058
0.019782498
0.0015778331
0.020398834
0.0012678254
0.019516314
0.0010039031
0.017383292
0.00079797126
0.014528564
0.01151356
0.00064930572
0.0029062405
0.012172254
0.0026765954
0.015261621
0.0023994077
0.018089893
0.0020868846
0.020069515
0.0017612501
0.020697709
0.001449771
0.019801853
0.0011762592
0.01763341
0.00095469954
0.014730466
0.011665173
0.00078744346
0.0032901133
0.012345257
0.0030561731
0.015484314
0.0027706191
0.018361857
0.00244409
0.020380627
0.0020980767
0.021027525
0.0017602376
0.020123897
0.0014564408
0.017923016
0.0012032165
0.01497169
0.011853101
0.0010057712
0.0030506762
0.012500739
0.0028486186
0.015684797
0.0026012302
0.018607173
0.0023173985
0.02066193
0.0020153096
0.021326775
0.0017186707
0.020417657
0.0014496965
0.018189287
0.0012231751
0.015195889
0.012030153
0.0010442385
0.00276029
0.012649994
0.0025871068
0.015876896
0.0023750521
0.018841634
0.0021315066
0.020930265
0.0018718199
0.02161205
0.001615923
0.020697997
0.0013829645
0.018444126
0.0011855806
0.015411515
0.01220155
0.001028656
0.0027098137
0.012793468
0.0025650597
0.016063425
0.0023835077
0.019072552
0.0021696901
0.021198869
0.0019357582
0.021902336
0.001700109
0.020987451
0.0014814684
0.01871028
0.0012939898
0.015638519
0.012383148
0.0011433839
0.0025155005
0.012923484
0.0023832024
0.016232082
0.0022186435
0.019280344
0.0020264398
0.021439265
0.0018176695
0.022160994
0.0016081414
0.021244965
0.0014136076
0.018947628
0.0012458659
0.015842184
0.012547283
0.0011101863
0.0019660858
0.013004979
0.0018859249
0.01633923
0.0017837054
0.019414582
0.0016612735
0.021597239
0.001525433
0.022333586
0.0013867934
0.021418792
0.001256955
0.019108926
0.0011445055
0.015980896
0.012659058
0.0010535578
0.002221562
0.013094591
0.0021250253
0.016456991
0.0020029083
0.019561823
0.0018577623
0.021770224
0.0016975547
0.022522496
0.0015343604
0.02160945
0.0013809732
0.019286805
0.0012471617
0.016135183
0.012784551
0.0011379046
0.0011848702
0.0011734107
0.0011539822
0.0011249007
0.0010866271
0.0010423347
0.00099700529
0.00095534158
0.00092030762
-0.00061157244
0.019773906
-0.00048308061
0.018658648
-0.00035652598
0.017597921
-0.00023282722
0.01659555
-0.00011283174
0.01565212
0.014702982
-0.00059819489
0.019647654
-0.00047319346
0.018532725
-0.00034974291
0.017473611
-0.00022870825
0.016473712
-0.00011097598
0.015533636
0.014591305
-0.00058267778
0.019525554
-0.0004616224
0.018410688
-0.00034179604
0.017352867
-0.0002239802
0.01635504
-0.00010884766
0.015417704
0.01448171
-0.00056679443
0.019407466
-0.00044966497
0.018292515
-0.00033351213
0.01723574
-0.00021901596
0.016239633
-0.00010669702
0.015304534
0.014374219
-0.00055308523
0.019292672
-0.00043927856
0.018177604
-0.00032630903
0.01712174
-0.00021474047
0.016127102
-0.00010497848
0.015193872
0.0142684
-0.00054492914
0.019179676
-0.00043311148
0.018064626
-0.00032213075
0.017009675
-0.00021244622
0.016016403
-0.00010430045
0.015084779
0.014163214
-0.0005464828
0.019065949
-0.00043436932
0.0179513
-0.00032331288
0.016897486
-0.0002136318
0.015905663
-0.00010536986
0.014975526
0.014056918
-0.00056314552
0.0189475
-0.00044713372
0.017834036
-0.00033275205
0.016781933
-0.00022012786
0.015791943
-0.00010904397
0.014863415
0.013946915
-0.00060155822
0.018818609
-0.0004764716
0.017707672
-0.00035406506
0.01665833
-0.0002342107
0.015670966
-0.00011634738
0.014744499
0.013829585
-0.00066844946
0.018671764
-0.00052745872
0.017565396
-0.00039080156
0.016520466
-0.00025802335
0.015537054
-0.00012818957
0.014613601
0.013700404
-0.00076950909
0.018497953
-0.00060441886
0.017399034
-0.00044604902
0.0163609
-0.00029351071
0.015383389
-0.00014536
0.014464392
0.013554057
-0.00090826905
0.018286872
-0.00070961799
0.017199147
-0.00052086934
0.016170985
-0.00034074528
0.015202163
-0.00016767196
0.014290283
0.013385423
-0.0010827103
0.018028479
-0.00084142494
0.016956685
-0.0006141961
0.015942641
-0.00039927501
0.014986189
-0.0001948005
0.014084817
0.013189699
-0.0012822879
0.017714271
-0.00098996902
0.016663254
-0.00071581146
0.015667427
-0.00045742697
0.014726799
-0.00021301767
0.013839456
0.01297578
-0.0014783013
0.017339205
-0.0011295178
0.016313414
-0.00080316777
0.015340073
-0.0004977167
0.014420408
-0.00021587766
0.013556751
0.012759162
-0.0016579406
0.016909612
-0.0012594848
0.015913954
-0.00088910644
0.01496876
-0.00054709303
0.014077531
-0.00024043005
0.013249315
0.012518081
-0.0018266037
0.016445801
-0.0013980031
0.015484316
-0.0010013675
0.014571155
-0.00063588641
0.013711153
-0.00030320607
0.012915785
0.012213989
-0.0019140442
0.015967515
-0.001472433
0.015041459
-0.0010634994
0.014161058
-0.00068487249
0.013331435
-0.0003334692
0.012563349
0.01187951
-0.0018654929
0.015493945
-0.001426857
0.014601307
-0.0010193175
0.013752118
-0.00064157671
0.012952413
-0.0002949239
0.012215547
0.011583612
-0.0017182445
0.015067627
-0.0013251878
0.01420635
-0.00096091213
0.013386089
-0.00062312588
0.012613012
-0.00030891986
0.011899834
0.011273344
-0.0014334217
0.014713915
-0.0011067772
0.013877224
-0.00080214808
0.013079173
-0.00051750156
0.012326247
-0.00025077457
0.011631156
0.01102076
-0.00096634812
0.014454579
-0.0007278519
0.01363548
-0.00050519373
0.012853513
-0.00029826599
0.012116572
-0.00011201366
0.011442387
0.010906424
-0.00035542313
0.014336948
-0.00025668235
0.013532945
-0.00017043915
0.012763841
-9.5808663e-05
0.012038974
-3.4973388e-05
0.011378931
0.010868874
0.0001290672
0.014342525
0.00011055624
0.013546929
8.6785315e-05
0.012783413
5.964669e-05
0.012062058
3.0262906e-05
0.01140444
0.010895585
0.00034405505
0.014400683
0.0002754065
0.013610159
0.0002038362
0.012850048
0.0001306306
0.012130739
5.7662759e-05
0.011473237
0.01094935
0.00031520123
0.014456731
0.0002494296
0.013669865
0.00018154532
0.012912259
0.00011297487
0.01219402
4.7080895e-05
0.011534211
0.010992001
-5.1996496e-05
0.014437308
-4.2118316e-05
0.013653633
-3.4553428e-05
0.012898715
-2.8152515e-05
0.012181972
-2.0199462e-05
0.011520946
0.010966897
-0.00047452957
0.01431142
-0.00036689612
0.01354116
-0.00027079604
0.012797997
-0.00018397334
0.012090679
-0.00010173507
0.011434427
0.010861074
-0.0012536046
0.013981324
-0.00095142417
0.0132353
-0.00067316448
0.01251626
-0.0004182943
0.011832567
-0.00018746307
0.011200494
0.010670435
-0.0020328558
0.013442915
-0.0015287083
0.012728148
-0.001058112
0.012042736
-0.00062551988
0.011397154
-0.00024626949
0.01081855
0.010421669
-0.0023150018
0.012803336
-0.0017209282
0.012130849
-0.0011717352
0.011490501
-0.00067454102
0.010897085
-0.00025240265
0.010393701
0.010166643
-0.0020845038
0.01219965
-0.0015318048
0.011574261
-0.0010292681
0.010984324
-0.00058392371
0.010448382
-0.00021554437
0.01002218
0.0099480498
-0.0014494609
0.011783629
-0.0010731234
0.011192573
-0.00073265758
0.010638895
-0.00043113665
0.0101422
-0.00017557782
0.0097622536
0.0097683502
-0.00067251709
0.011600128
-0.00051049889
0.011024069
-0.00036377707
0.010486128
-0.00023277947
0.010005616
-0.00011648689
0.0096407545
0.009646962
-9.6095339e-05
0.011578943
-8.4249111e-05
0.011003316
-7.2498776e-05
0.010466109
-6.0082135e-05
0.0099854939
-4.2741617e-05
0.0096162961
0.0095977707
0.00019668472
0.011627798
0.00014471707
0.011045817
9.8588721e-05
0.010503348
5.7315866e-05
0.010018486
2.1152254e-05
0.0096447641
0.009611899
3.16455e-06
0.011631124
-5.2128852e-06
0.01104577
-9.6763036e-06
0.010499837
-9.5257112e-06
0.010010816
-4.2200543e-06
0.0096323099
0.0096009058
-0.00048871882
0.011458939
-0.00033721758
0.010888598
-0.00020376062
0.010361044
-9.3637759e-05
0.0098956221
-1.8504606e-05
0.0095525326
0.0095781412
-0.0011451182
0.011114366
-0.00082397246
0.010563228
-0.00052986433
0.01006299
-0.00027443262
0.0096365786
-8.0126634e-05
0.0093547762
0.0094948043
-0.0011523529
0.01081855
-0.00086585608
0.010271353
-0.000589677
0.0097818797
-0.0003334297
0.0093757864
-0.00011532951
0.0091324475
0.0093753874
-0.00063724887
0.010691473
-0.00051099677
0.010137589
-0.00037907554
0.0096430157
-0.00024363284
0.0092339448
-0.00010944861
0.0089923848
0.0092606839
-0.00018807171
0.010661494
-0.00016161683
0.010102307
-0.00012996901
0.0096031376
-9.3295902e-05
0.0091896105
-5.1093546e-05
0.0089430733
0.0092029305
-5.6955558e-05
0.010634213
-3.6645074e-05
0.01007328
-1.7439256e-05
0.0095757492
-2.7183062e-06
0.0091672067
3.6258867e-06
0.0089295331
0.0091999599
-0.00016552326
0.010574804
-0.00011051513
0.010009645
-5.7077993e-05
0.009514266
-1.3158558e-05
0.009115842
9.8697145e-06
0.0088995078
0.0092030179
-0.00018371145
0.010522987
-0.00013268457
0.0099477835
-7.7565762e-05
0.0094490853
-2.7399487e-05
0.0090562481
4.6966303e-06
0.0088586285
0.0091996012
-3.2568641e-05
0.010516127
-2.6866648e-05
0.0099275528
-1.2077598e-05
0.009420751
4.9014533e-06
0.0090268429
1.3852485e-05
0.008838172
0.0092025964
0.00010109862
0.010547329
7.0964743e-05
0.009939335
5.4541482e-05
0.009420082
4.3578968e-05
0.0090216964
2.8607667e-05
0.0088380972
0.0092173975
0.00020578751
0.010621792
0.00013895384
0.0099852573
9.5699938e-05
0.0094437785
6.641103e-05
0.0090327471
3.8394634e-05
0.0088490605
0.0092397151
0.00031922513
0.01073913
0.00021137103
0.010071289
0.00013464514
0.0095001353
8.2921478e-05
0.0090654175
4.2688293e-05
0.0088715202
0.0092659005
0.00046321735
0.010904623
0.00030919398
0.010205898
0.00018927315
0.0096019822
0.00010390961
0.0091335714
4.648492e-05
0.0089128519
0.0092977911
0.00057109814
0.011106069
0.00038442691
0.010378827
0.00023141766
0.0097421339
0.00011863084
0.0092347182
4.7460984e-05
0.0089731904
0.0093346356
0.00074763874
0.011355098
0.00051605165
0.010601738
0.00031613033
0.0099339778
0.00015817233
0.0093847376
5.6743204e-05
0.0090671722
0.0093848512
0.00079176341
0.011605711
0.00056165821
0.010830276
0.00035687872
0.010137122
0.00018654767
0.0095538813
6.6744726e-05
0.0091858698
0.0094501979
0.00078672558
0.011861732
0.00056427352
0.011065369
0.00036449288
0.010348949
0.00019303681
0.0097356733
6.7061005e-05
0.0093213901
0.0095271255
0.00089367912
0.012141435
0.00066137326
0.011325897
0.00044710523
0.010589279
0.00025597888
0.0099519585
9.9797372e-05
0.0095010416
0.0096474918
0.00086383863
0.012415802
0.0006351777
0.011581015
0.00042507463
0.010823903
0.00023876495
0.010161793
8.8157063e-05
0.0096736593
0.0097554882
0.00083809307
0.01265201
0.00063645456
0.01180165
0.00044916205
0.011029045
0.00027569824
0.01035121
0.00011742023
0.009846739
0.0098875535
0.00089004784
0.012916164
0.00065821536
0.012048672
0.00044307739
0.011258254
0.00024880394
0.010558436
9.2114133e-05
0.010015463
0.0099911723
0.0007318807
0.00055524443
0.00039062068
0.0002387501
0.00010496479
)
;

boundaryField
{
    Side1
    {
        type            empty;
    }
    Inlet
    {
        type            calculated;
        value           nonuniform List<scalar> 0();
    }
    Side2
    {
        type            empty;
    }
    Outlet
    {
        type            calculated;
        value           nonuniform List<scalar> 
35
(
0.023183433
0.023271149
0.023359959
0.023449807
0.023540616
0.023632323
0.023724867
0.023818194
0.023912237
0.024006935
0.024102238
0.024198092
0.024294447
0.024391253
0.02448846
0.024586024
0.024683898
0.024782034
0.024880394
0.024978924
0.013116846
0.016488793
0.019605294
0.021825911
0.022588154
0.021679879
0.019355383
0.016196229
0.012834931
0.013120142
0.012239815
0.011436431
0.010723089
0.010161208
0.01010702
)
;
    }
    Botwall
    {
        type            calculated;
        value           uniform 0;
    }
    Cyli
    {
        type            calculated;
        value           nonuniform List<scalar> 0();
    }
    procBoundary1to0
    {
        type            processor;
        value           nonuniform List<scalar> 
44
(
-0.014844616
-0.0013246288
-0.012259929
-0.00051208911
-0.0071515886
0.00018157671
-0.0035381104
-0.0023979347
0.0010439726
-0.0014479481
0.0012341778
-0.00071676366
-0.00013555766
0.00047912357
0.0013350296
0.00095417698
0.0014071698
0.0017443608
0.0019404635
0.0019875547
-3.3756706e-05
0.0018701057
0.0018556319
0.0014342015
0.0008940293
0.00050435442
0.00039647788
-0.028041451
-0.022584062
-0.022173582
-0.028073157
-0.032967599
-0.035679413
-0.035504113
0.0010624903
-0.032601822
0.0013930111
-0.016399575
-0.019903958
-0.018788002
-0.017725281
-0.016720001
-0.015772817
-0.01481647
)
;
    }
    procBoundary1to3
    {
        type            processor;
        value           nonuniform List<scalar> 
62
(
0.00055330208
0.00046108114
0.00034888755
0.00021196778
4.7431243e-05
-0.00015062402
-0.00039160437
-0.00067780348
-0.0010032468
-0.0013512817
-0.0016796775
-0.0019532057
-0.002081594
-0.0020189476
-0.0017520537
-0.0012940833
-0.00068122028
-4.4697717e-05
0.00037731459
0.00034074496
-0.00032688838
-0.0016223217
-0.0034700812
-0.0055848359
-0.0076973332
-0.0095673783
-0.010928115
-0.011431139
-0.010646452
-0.0085364826
-0.0055564579
-0.0022401438
0.00040862501
0.00076673086
-0.0012721829
-0.0045321836
-0.0075558018
-0.0091441566
-0.0085182916
-0.0065632016
-0.01707119
-0.0055193008
-0.0057432438
-0.007235206
-0.0085947049
-0.0089975638
-0.0089276472
-0.0091035332
-0.0095897444
-0.010081777
-0.010493108
-0.010696688
-0.011016757
-0.010930437
-0.011378994
-0.010841924
-0.010438304
-0.0099755698
-0.010055986
-0.0089822355
-0.010052268
-0.0077548211
)
;
    }
}


// ************************************************************************* //
