/*--------------------------------*- C++ -*----------------------------------*\
| =========                 |                                                 |
| \\      /  F ield         | OpenFOAM: The Open Source CFD Toolbox           |
|  \\    /   O peration     | Version:  2406                                  |
|   \\  /    A nd           | Website:  www.openfoam.com                      |
|    \\/     M anipulation  |                                                 |
\*---------------------------------------------------------------------------*/
FoamFile
{
    version     2.0;
    format      ascii;
    arch        "LSB;label=32;scalar=64";
    class       volScalarField;
    location    "0.047";
    object      k;
}
// * * * * * * * * * * * * * * * * * * * * * * * * * * * * * * * * * * * * * //

dimensions      [0 2 -2 0 0 0 0];

internalField   nonuniform List<scalar> 
8260
(
647.83836
626.81905
597.98682
562.55148
521.37851
475.2805
425.40413
373.19644
320.26732
268.07798
217.93681
170.95966
127.99001
89.672502
56.427487
29.033949
10.545498
3.2441432
1.580058
1.1038221
0.85963184
0.72208876
0.61788643
0.54112657
0.49415923
0.46279769
0.44306269
0.42815895
0.41812787
0.41135763
0.40778755
632.32109
608.64038
578.50037
542.91544
502.43305
457.66896
409.55657
359.32616
308.418
258.19792
209.82972
164.39093
122.72247
85.504577
53.167241
26.726472
9.2446373
2.9334592
1.5050024
1.075492
0.84435633
0.7137019
0.61368141
0.5388687
0.49299637
0.46208778
0.44262504
0.42789647
0.41794901
0.41123885
0.40770952
609.46093
584.68844
554.4867
519.55737
480.33513
437.34687
391.37836
343.48453
294.91981
246.92271
200.5801
156.90778
116.737
80.784052
49.509583
24.149004
8.0218922
2.6666177
1.4567332
1.0605031
0.83613996
0.7091856
0.61145316
0.53769795
0.49240194
0.4617188
0.44238905
0.42775155
0.41782537
0.41113758
0.40762382
578.37444
553.68694
524.47808
491.15313
454.00249
413.46345
370.20448
325.13318
279.33863
233.93284
189.93875
148.31553
109.88359
75.396432
45.373657
21.288237
6.8178699
2.421134
1.4074614
1.0366655
0.82228835
0.70126007
0.60736191
0.53554077
0.49129905
0.4610262
0.44193797
0.42747308
0.41762265
0.41099529
0.40752615
539.48464
515.95917
488.53519
457.55841
423.17954
385.72463
345.74027
303.99233
261.41768
219.00862
177.7195
138.45878
102.0373
69.245047
40.693224
18.150033
5.6591815
2.1925895
1.3569749
1.0151014
0.81020591
0.69436002
0.60371307
0.53366749
0.49037287
0.46043479
0.44156191
0.42724097
0.41743831
0.41085291
0.40741485
493.30916
471.79924
446.86143
418.85506
387.8327
354.01391
317.82001
279.87401
240.9646
201.96475
163.75396
127.19007
93.077292
62.238188
35.415312
14.790518
4.6427262
1.9850203
1.3061497
0.98887786
0.79477814
0.68527977
0.59872673
0.53105767
0.48907072
0.45959753
0.44102446
0.42690649
0.41719063
0.41067376
0.40728787
440.66836
421.81464
399.92902
375.38479
348.17268
318.42363
286.44104
252.70825
217.86778
182.66841
147.90469
114.37926
82.895002
54.296962
29.516424
11.346978
3.7390158
1.8011452
1.2541374
0.962634
0.77969848
0.67633813
0.59360374
0.52843492
0.48780734
0.45877132
0.44050473
0.42658083
0.41693905
0.41048226
0.40714318
382.96425
367.12949
348.63903
327.85554
304.7295
279.32074
251.8284
222.60487
192.14994
161.08249
130.09922
99.939409
71.416086
45.377111
23.046161
8.0670552
2.9752343
1.6518371
1.2015813
0.93310035
0.76208801
0.66561567
0.58724294
0.52511628
0.48620187
0.45771998
0.43983712
0.4261562
0.41662493
0.41025108
0.40697845
322.04979
309.31421
294.3002
277.34325
258.36696
237.37429
214.47511
189.9026
164.02024
137.31472
110.37406
83.864618
58.634492
35.514104
16.238159
5.5503685
2.389201
1.5287551
1.1471593
0.90301501
0.74426298
0.65454671
0.58045957
0.52157742
0.48452524
0.45662852
0.43914714
0.42570992
0.41628891
0.40999641
0.40679113
259.94864
250.16872
238.49052
225.21411
210.24726
193.55069
175.15921
155.20103
133.91611
111.666
88.927891
66.285814
44.663359
24.931396
9.7483496
3.7379325
1.9680904
1.4130612
1.0914246
0.87049073
0.72420633
0.6417379
0.57257281
0.51727676
0.4824333
0.45531246
0.4382992
0.42514926
0.41588062
0.40969452
0.406578
198.79787
191.63918
183.01234
173.10751
161.83099
149.12002
134.95397
119.37804
102.53264
84.676187
66.189746
47.559409
29.885033
14.264181
5.4974556
2.6018105
1.7125073
1.3107683
1.0345928
0.83743031
0.70375737
0.62826159
0.56431302
0.51260079
0.48007956
0.45392269
0.43739334
0.42453586
0.41542913
0.40935718
0.40633487
140.65964
135.68454
129.67384
122.70464
114.67711
105.50518
95.128294
83.538577
70.818024
57.168864
42.926811
28.406887
15.26999
6.8654935
3.1934956
1.9820447
1.5362998
1.2020983
0.97764933
0.80124603
0.68238844
0.61306905
0.55500998
0.50717958
0.47715139
0.45227421
0.43630683
0.42378617
0.41488609
0.40896192
0.40603669
87.550451
84.406722
80.537438
75.96054
70.591532
64.346144
57.156801
49.018347
40.029394
30.429083
20.748071
12.648253
6.6990279
3.4365058
2.1384641
1.6888829
1.3544813
1.1106537
0.91812816
0.76755223
0.66011695
0.59675758
0.54518995
0.50145123
0.47390805
0.45049045
0.43512079
0.4229641
0.41427793
0.40851843
0.40565022
41.829459
39.945846
37.700466
35.16078
32.25786
28.920499
25.135873
20.990127
16.621288
12.224687
8.2043792
5.0783434
3.1357302
2.1450594
1.6890344
1.4345649
1.2209248
1.0040404
0.85915154
0.72950726
0.6385101
0.57978889
0.53389341
0.49501918
0.47010712
0.44842153
0.43369611
0.4219947
0.41356447
0.40800384
0.4051962
15.105686
14.398483
13.57299
12.64125
11.542493
10.260648
8.8891959
7.4642676
6.0125304
4.6049495
3.37084
2.448265
1.9167422
1.6390096
1.4388047
1.2459518
1.063754
0.91965953
0.79933953
0.69735412
0.6147167
0.56083376
0.52271782
0.48831216
0.46620226
0.44617311
0.43208136
0.4209462
0.41278037
0.40742679
0.40468861
5.1169791
4.9458718
4.7138795
4.4408416
4.1195336
3.7501496
3.3481358
2.9339047
2.503766
2.1121196
1.7789036
1.5608402
1.4475063
1.3738808
1.1720664
1.0261029
0.94855595
0.82315667
0.7387465
0.65665799
0.59128476
0.54315141
0.51076517
0.48076386
0.46152729
0.44376172
0.43011645
0.41973376
0.41188202
0.40676577
0.40414468
2.0481539
2.0163276
1.9618778
1.8895583
1.8047072
1.7087883
1.6047009
1.4988272
1.3877913
1.3046239
1.2361802
1.1781876
1.1588983
1.0805886
1.0043306
0.90570188
0.80834786
0.74694427
0.6761597
0.62109095
0.56936536
0.52377147
0.49741571
0.47396802
0.45668991
0.44107782
0.4280379
0.41836658
0.41088135
0.40603753
0.40355312
1.1493659
1.1395741
1.1247586
1.1060551
1.0847945
1.067383
1.0508161
1.0265849
1.0045875
0.97938086
0.97950505
0.95797984
0.87926183
0.85116055
0.83477697
0.75984912
0.70934357
0.65979173
0.62092238
0.58220518
0.54298587
0.50587876
0.48486544
0.46621102
0.45125247
0.43812182
0.42551782
0.41679564
0.40975622
0.40522547
0.40287203
0.85861207
0.85309386
0.8485291
0.8434845
0.83705267
0.82664481
0.81607733
0.80471365
0.79689506
0.79199111
0.77431506
0.73717323
0.73253298
0.69859445
0.68767261
0.67938118
0.62081683
0.59633678
0.56910043
0.54383462
0.5203844
0.48998364
0.47232475
0.45955251
0.44526591
0.43476152
0.42306111
0.41499447
0.408521
0.4043526
0.40215539
0.69183451
0.69066693
0.68907793
0.68745282
0.68781023
0.69073448
0.69238906
0.69036123
0.68067126
0.65862767
0.64189882
0.63242026
0.62285386
0.61846423
0.59571807
0.58460875
0.57066044
0.54399758
0.52949707
0.50946887
0.49702428
0.47650687
0.46074107
0.45201084
0.43923619
0.43091991
0.41996727
0.41303266
0.4072453
0.40338803
0.40136765
0.59990621
0.60008913
0.5992562
0.59657131
0.59159183
0.58411711
0.57748254
0.57404564
0.57121875
0.56890955
0.56939621
0.56863733
0.55028884
0.55143102
0.5466064
0.53466163
0.51953889
0.50382334
0.49298561
0.48440161
0.48134427
0.46419499
0.45147829
0.44470579
0.43334779
0.42625052
0.41731876
0.41093487
0.40583101
0.402365
0.40055001
0.51822356
0.51837804
0.51807469
0.51725095
0.51633246
0.51634382
0.51817667
0.51988771
0.51887186
0.51586097
0.51031721
0.50573006
0.51030898
0.49771369
0.49776316
0.48894572
0.48559544
0.47090196
0.46577544
0.46105973
0.46201725
0.45573439
0.43964763
0.43593053
0.42808496
0.42128731
0.41390573
0.40871278
0.40436651
0.40129033
0.39969122
0.47786472
0.47837388
0.47830888
0.47774942
0.47671311
0.4750648
0.47244812
0.46930134
0.46838897
0.46806979
0.46893346
0.46996764
0.46788781
0.46909345
0.4631715
0.46356709
0.45111948
0.453134
0.44929395
0.44700936
0.44311449
0.44126373
0.43290025
0.42737396
0.42236115
0.41558967
0.41087784
0.40665291
0.40277665
0.40020518
0.39880569
0.44162884
0.4419063
0.441878
0.44165281
0.44139151
0.44118178
0.44111538
0.44181314
0.44305132
0.44337078
0.44288412
0.44157571
0.44062026
0.43933076
0.43797683
0.43629349
0.43516809
0.43069582
0.43123757
0.43141688
0.42804071
0.42992075
0.42535301
0.41729116
0.41575906
0.4114044
0.40738654
0.4041985
0.40132149
0.39912436
0.39797297
0.42478999
0.42516756
0.42527275
0.42519353
0.42502717
0.42477735
0.42435674
0.42359063
0.42269055
0.42253231
0.42253107
0.42310072
0.42393936
0.4242023
0.42476909
0.42259938
0.42476111
0.42204286
0.42155768
0.42264652
0.41975237
0.41718628
0.41722728
0.41216039
0.40924358
0.40718731
0.40475707
0.40223366
0.39997079
0.39813773
0.39716076
0.41018335
0.41035985
0.41040031
0.41037484
0.41035769
0.41037054
0.41042622
0.41055908
0.41090686
0.41122058
0.41123686
0.41084795
0.41056449
0.41077092
0.41094108
0.41112868
0.41098685
0.40986757
0.41214307
0.40870611
0.40964074
0.40814089
0.40856002
0.4075049
0.40527672
0.40385495
0.40262962
0.400391
0.39874722
0.3973484
0.39653572
0.40396081
0.40410108
0.40413654
0.40411075
0.40405657
0.40397648
0.40387232
0.4038008
0.40379406
0.40380165
0.4038602
0.40401796
0.40432056
0.40465273
0.4051436
0.4053258
0.40530134
0.40472602
0.40483748
0.40430954
0.40447339
0.40369701
0.40418023
0.40437556
0.40304785
0.4020152
0.40096139
0.39933667
0.39791773
0.3967123
0.39606047
0.3995088
0.39957007
0.39959529
0.39961476
0.39965649
0.39973028
0.39984099
0.3999964
0.40022325
0.40055642
0.40095292
0.4013576
0.40171228
0.40191809
0.4018692
0.40225782
0.40218827
0.40263987
0.40191524
0.40248533
0.40215804
0.40218773
0.40180789
0.40136442
0.40161562
0.40052803
0.39938755
0.39841631
0.39724687
0.39635698
0.39583356
0.39748569
0.39753209
0.39756589
0.39760341
0.39765729
0.3977306
0.39782346
0.397936
0.39807336
0.39823505
0.39842725
0.39864214
0.39882645
0.3989298
0.39905074
0.3992207
0.39969369
0.39988645
0.40017536
0.40023815
0.40053653
0.40061946
0.40025996
0.39973209
0.39950758
0.39911397
0.39847718
0.39772321
0.39690833
0.39620184
0.39572244
0.3966633
0.39669426
0.39672234
0.39675635
0.3968016
0.39685944
0.39693057
0.39701365
0.39710097
0.39720979
0.39735551
0.39756334
0.39777343
0.39789182
0.39793109
0.39797509
0.39809044
0.39816428
0.39825807
0.39840105
0.39856494
0.39857834
0.39863819
0.39864906
0.398547
0.39836329
0.39798907
0.39745847
0.39681484
0.39632827
0.39615549
0.39660139
0.39660764
0.3966191
0.39663533
0.39665705
0.39668553
0.39672251
0.39677055
0.39683365
0.39691876
0.39703947
0.39723207
0.39742863
0.39752161
0.39753182
0.39754795
0.39758564
0.39760955
0.39764789
0.39780451
0.39794345
0.39797137
0.39800813
0.39813469
0.39817298
0.39803013
0.39784784
0.39751165
0.39729904
0.39710509
0.39695698
77.383434
141.47386
223.53874
301.40867
361.09351
397.84011
411.75658
406.56354
386.8364
351.11402
307.94968
260.7832
212.64104
166.01722
122.7642
84.103601
50.904603
24.918169
9.2277458
3.0094584
1.3556191
0.89165142
0.69266699
0.5822806
0.51697209
0.47722545
0.45210998
0.43429974
0.42273648
0.41470004
0.41057679
166.8074
254.14545
324.65007
375.33782
407.66429
421.93575
420.16704
407.04202
377.70805
338.8785
294.7269
247.96476
201.06422
156.0833
114.58206
77.606022
45.967822
21.669798
7.6284006
2.576598
1.244228
0.86019772
0.67983368
0.57593234
0.51359222
0.4754223
0.45115284
0.43374036
0.4224282
0.4145257
0.41048429
248.01457
314.16465
367.44734
405.7089
426.97732
431.93341
423.3699
401.34283
367.73741
327.20498
282.6197
236.38628
190.6396
147.13188
107.19594
71.737633
41.557849
18.90841
6.4794636
2.2404656
1.1795994
0.84669665
0.67413961
0.57303648
0.51199269
0.47454143
0.45067751
0.43342338
0.42222531
0.4143847
0.41039265
317.53286
370.6482
409.83087
433.68671
442.23059
438.02548
422.7036
394.2859
357.9058
316.17735
271.43371
225.80951
181.16161
139.00193
100.48298
66.403188
37.584487
16.532894
5.5386365
2.0184086
1.1292523
0.82872321
0.6654273
0.56844896
0.50943055
0.47311472
0.44990216
0.43295192
0.42195106
0.41422145
0.41029603
369.66881
410.13047
437.2703
450.66849
451.30158
440.95461
418.31581
386.53177
348.2764
305.75317
261.06229
216.1048
172.50706
131.58924
94.35988
61.531445
33.990491
14.447
4.7533212
1.8124404
1.0872975
0.81667282
0.65983323
0.56552919
0.50780933
0.47219939
0.4494001
0.43261934
0.4217367
0.41407709
0.41019176
410.44508
440.92435
458.34256
463.02207
457.52278
440.48103
413.22153
378.77168
339.04659
295.99538
251.49117
207.21791
164.60909
124.8293
88.769515
57.068403
30.736689
12.60243
4.1022951
1.6698257
1.0538674
0.80373906
0.65314088
0.56190537
0.50575877
0.47102507
0.44874964
0.43221164
0.42148562
0.41392096
0.4100822
442.42057
464.32951
473.6828
472.07478
460.29699
437.999
407.66289
371.17838
330.34939
286.9711
242.72812
199.12139
157.42559
118.67737
83.669418
52.986183
27.790825
10.991746
3.5721997
1.544762
1.0253851
0.79359366
0.6481159
0.55921611
0.50425689
0.47014973
0.44825856
0.43188492
0.42126878
0.41377558
0.40997047
467.63857
482.35713
485.20821
478.79279
461.21214
435.11296
402.16085
364.00644
322.32089
278.73947
234.78207
191.79624
150.92545
113.09937
79.027317
49.266654
25.129254
9.6015099
3.1478696
1.4533832
1.0017093
0.78367889
0.64284291
0.55630126
0.50260255
0.46916991
0.44770195
0.43152615
0.4210347
0.41362444
0.40985717
487.89877
496.564
494.51509
482.8893
461.16424
432.0335
396.93789
357.42653
315.05984
271.34169
227.65679
185.22571
145.08338
108.06895
74.83003
45.887649
22.756074
8.4163082
2.817821
1.3813083
0.98111591
0.77531088
0.63855868
0.553954
0.50129093
0.46837601
0.44724272
0.43121744
0.4208212
0.41347967
0.40974283
504.83824
508.36539
502.20332
485.67159
460.75157
429.12771
392.23507
351.58151
308.63923
264.80459
221.35109
179.39372
139.87742
103.56364
71.061644
42.834889
20.626574
7.4166246
2.5473951
1.3243463
0.96335255
0.76748051
0.6343863
0.55160477
0.49996482
0.46755805
0.44676223
0.43089946
0.42060118
0.41333244
0.40962755
519.50985
518.73857
508.39348
488.07185
460.47328
426.68282
388.22927
346.57315
303.109
259.14385
215.86008
174.28465
135.28759
99.564066
67.697161
40.093026
18.733764
6.5839087
2.3395178
1.278503
0.94767672
0.76065944
0.63087892
0.54963667
0.49887288
0.46686622
0.44634562
0.43061512
0.42039468
0.41318925
0.40951142
532.30613
528.05223
513.72552
490.53191
460.58727
424.87578
385.04537
342.47282
298.50281
254.36765
211.17682
169.88349
131.29532
96.062792
64.717266
37.653195
17.06772
5.8995014
2.1723304
1.2412029
0.93390304
0.75442634
0.62763173
0.54776757
0.49783308
0.46619147
0.44593107
0.43033346
0.42018758
0.41304539
0.40939444
544.07358
536.57876
518.99472
493.31412
461.15344
423.84227
382.77214
339.33256
294.84437
250.48005
207.29366
166.1765
127.88971
93.033022
62.098661
35.501994
15.615054
5.3434674
2.0448392
1.210774
0.92165853
0.74894626
0.6248928
0.54618068
0.4969685
0.46561058
0.44556241
0.43007676
0.41999044
0.41290433
0.40927665
555.22377
544.68798
524.4888
496.59618
462.39278
423.7178
381.46964
337.18852
292.15528
247.49414
204.21272
163.17055
125.05663
90.450213
59.82836
33.616793
14.361607
4.8984267
1.9478858
1.1857417
0.91080805
0.74403505
0.62247549
0.54473541
0.49618556
0.4650672
0.44520777
0.42982902
0.419796
0.41276357
0.40915807
566.41935
552.97263
530.50063
500.64398
464.81878
424.45185
381.24258
336.11893
290.48263
245.45751
201.96312
160.85712
122.7869
88.320044
57.910928
31.97548
13.291766
4.549426
1.8776648
1.1652778
0.90115788
0.73974681
0.6204908
0.54351869
0.49554237
0.46459972
0.44488926
0.4296017
0.41960997
0.41262517
0.40903855
578.14041
562.15757
537.55828
505.82421
468.39461
426.6909
382.12112
336.21623
289.8941
244.35398
200.52631
159.21856
121.07996
86.641962
56.347053
30.579743
12.392556
4.285811
1.8238017
1.1482002
0.89262256
0.73599383
0.61885113
0.54246196
0.49498899
0.46417916
0.44459053
0.42938657
0.41942881
0.412488
0.40891779
589.89844
572.14888
545.75248
512.29985
473.29075
430.19947
384.40428
337.3414
290.24273
244.13401
199.86212
158.25791
119.93446
85.416038
55.136143
29.445999
11.669021
4.0715092
1.7741976
1.133695
0.88510652
0.73278211
0.61760075
0.54160737
0.49455058
0.46382383
0.44432241
0.42918946
0.41925532
0.41235289
0.4087958
598.18381
579.92938
552.85115
518.53691
478.5675
434.45093
387.6589
339.61321
291.61253
244.738
199.96316
157.97677
119.35371
84.644517
54.27754
28.580047
11.103077
3.8990891
1.7337163
1.1219635
0.87856695
0.73005459
0.61669101
0.5409248
0.49420003
0.46351867
0.44407662
0.42900623
0.41908776
0.41221933
0.40867264
605.54362
586.3595
558.82689
524.19827
483.8006
439.10344
391.61335
342.79169
293.98551
246.35792
200.90409
158.34559
119.34296
84.332726
53.772674
27.985267
10.679873
3.7609607
1.6992625
1.1126932
0.87297773
0.72779296
0.6161289
0.5404382
0.49394825
0.46327194
0.44385866
0.42883989
0.41892772
0.4120878
0.40854836
614.65815
594.18261
565.78517
530.61071
489.76712
444.57403
396.47367
346.92047
297.30808
248.87287
202.66727
159.47121
119.91908
84.461157
53.62469
27.663392
10.389481
3.6512763
1.6708922
1.1059271
0.86835935
0.72596417
0.61588023
0.54014011
0.49378378
0.46307631
0.44366495
0.42868846
0.41877441
0.41195804
0.40842317
623.654
602.50242
573.5419
537.92625
496.67032
451.02555
402.34693
352.07286
301.62417
252.31686
205.26527
161.30893
121.09816
85.109293
53.837762
27.616649
10.228315
3.563542
1.6472584
1.1016286
0.8647801
0.72457239
0.61591411
0.54004737
0.49371483
0.46293568
0.44349838
0.42855316
0.41862847
0.41183011
0.40829717
632.21238
610.90388
581.8223
546.0551
504.54392
458.5211
409.30519
358.30339
306.98406
256.73083
208.72873
163.88652
122.89348
86.250158
54.43833
27.850529
10.201431
3.4905406
1.6276017
1.0999173
0.86233951
0.72362526
0.61620208
0.54010832
0.49372703
0.46284473
0.44335627
0.42843199
0.41848881
0.41170344
0.40817029
639.94993
618.73557
589.97534
554.53922
513.23571
467.05037
417.35512
365.64159
313.42373
262.14872
213.08873
167.23281
125.3262
87.904207
55.430365
28.387225
10.304178
3.4211668
1.6109233
1.1004246
0.86108571
0.72310376
0.61673728
0.54038996
0.49380845
0.46279958
0.44323662
0.42832355
0.41835466
0.41157769
0.40804243
645.55014
624.61531
596.35279
561.42727
520.53389
474.5437
424.71141
372.56123
319.68378
267.56087
217.5518
170.73667
127.9302
89.72281
56.563323
29.040915
10.523991
3.3411899
1.5961288
1.1024855
0.8608496
0.72290229
0.61736351
0.54077242
0.49397981
0.46278738
0.4431338
0.42822519
0.41822517
0.411453
0.40791361
77.134493
133.53077
209.98302
284.84592
345.1134
385.04227
403.29968
402.085
385.47392
352.46451
311.13734
264.95618
217.09183
170.29389
126.59327
87.345169
53.463776
26.592881
9.9909223
3.1843565
1.3872269
0.89929306
0.69576437
0.5839552
0.51803572
0.47785674
0.4524543
0.43454242
0.42289082
0.41481066
0.41061447
77.531624
130.34117
203.31886
275.97506
335.5203
376.01717
395.74969
396.30383
381.56237
350.60132
310.31606
264.89405
217.64927
171.21492
127.66871
88.42862
54.479085
27.370642
10.401743
3.2956379
1.4064813
0.90333755
0.69743214
0.58493039
0.51872158
0.47828467
0.45269685
0.43471097
0.42300248
0.41488842
0.41065162
78.456459
127.59398
196.55747
266.8239
325.57335
366.59587
387.76878
390.11513
376.9363
347.91299
309.099
264.72829
218.16681
172.13728
128.77114
89.552494
55.537067
28.189666
10.847448
3.4182891
1.427858
0.90805429
0.69942099
0.58604577
0.51945775
0.47871145
0.45292397
0.43488495
0.42311264
0.41497468
0.41070296
79.785913
125.16663
189.94773
257.59375
315.39576
356.83204
379.37078
383.50136
371.97092
344.92016
307.66537
264.42511
218.6235
173.04811
129.89361
90.714315
56.635495
29.055184
11.328555
3.5545075
1.4509921
0.91216574
0.70105527
0.58706314
0.52023247
0.47922271
0.45322624
0.43508424
0.42324523
0.41506205
0.41077096
81.883639
123.49827
183.80243
248.53053
305.12531
346.78775
370.57644
376.45875
366.63507
341.60224
305.98855
263.96953
219.00228
173.93635
131.03009
91.911882
57.771942
29.969107
11.844394
3.7068332
1.4780966
0.91866162
0.70387718
0.58859667
0.52115642
0.47971878
0.45348783
0.43528692
0.42337099
0.41515837
0.4108181
84.577988
122.18009
177.96375
239.55264
294.76051
336.48873
361.40777
368.99463
360.91493
337.94005
304.04538
263.33943
219.28534
174.79004
132.17356
93.142209
58.945373
30.932661
12.385239
3.8731667
1.5064806
0.92299362
0.70558049
0.58972122
0.52205117
0.48028473
0.45380489
0.43551263
0.42351283
0.41526116
0.41085896
88.136687
121.94612
172.91385
231.06694
284.56205
326.08568
351.94094
361.13564
354.79876
333.92359
301.81528
262.51384
219.45401
175.59814
133.31834
94.403681
60.160501
31.947081
12.966332
4.0588506
1.5388558
0.92896927
0.70808337
0.59123306
0.52308018
0.48089427
0.45414642
0.43575351
0.42366304
0.41537044
0.41091342
92.272567
122.24563
168.44156
222.94685
274.47789
315.56785
342.18251
352.891
348.31342
329.52609
299.28343
261.47678
219.48665
176.35233
134.46047
95.694084
61.418006
33.010299
13.608097
4.264778
1.5752519
0.93541172
0.71076511
0.59287005
0.52418097
0.48154412
0.45451172
0.43601057
0.42382226
0.41548614
0.41100281
97.390299
123.23381
164.84419
215.47035
264.71858
305.08081
332.22315
344.30449
341.45049
324.74645
296.42762
260.20491
219.40266
177.03583
135.58598
97.00194
62.713274
34.121697
14.299415
4.4929143
1.6160595
0.94241602
0.71368151
0.59467506
0.52537276
0.48224517
0.45490603
0.43628405
0.4239909
0.41560855
0.41110079
102.95606
125.04337
162.04195
208.67286
255.386
294.72857
322.1419
335.42217
334.23164
319.5804
293.23351
258.67855
219.1583
177.63285
136.68356
98.319385
64.04125
35.290125
15.041569
4.7456404
1.661867
0.95005685
0.71686504
0.59667305
0.52666419
0.48299983
0.45532881
0.43657596
0.42417018
0.41573801
0.41120758
109.08065
127.77071
160.18264
202.69667
246.61347
284.63016
312.03277
326.3035
326.69599
314.03148
289.69194
256.87835
218.70726
178.12507
137.74069
99.638137
65.395841
36.50929
15.840824
5.0262471
1.7134226
0.95849388
0.72032442
0.59885153
0.52803875
0.48380787
0.45578462
0.43688516
0.4243601
0.41587481
0.41131143
115.7399
131.30785
159.34663
197.68281
238.55462
274.92063
302.0007
317.02856
318.89929
308.11367
285.80005
254.79104
218.05399
178.49592
138.74401
100.94924
66.770875
37.76355
16.669845
5.3349642
1.771542
0.96783999
0.72428983
0.60137672
0.52958818
0.48470184
0.45627743
0.43721576
0.42456252
0.41601898
0.41141797
122.37752
135.31521
159.53879
193.70512
231.32727
265.73933
292.19319
307.67842
310.88592
301.86481
281.56541
252.40916
217.18345
178.72777
139.67959
102.24305
68.160353
39.051184
17.524315
5.6749959
1.8372075
0.97833136
0.72842948
0.60399799
0.53115885
0.48562796
0.45680004
0.4375625
0.42477604
0.41617135
0.4115315
128.5166
139.44192
160.2728
190.72127
225.00822
257.20797
282.73816
298.37522
302.70518
295.33994
277.01187
249.7339
216.08378
178.7917
140.53296
103.5094
69.558029
40.368362
18.421521
6.0496933
1.91163
0.99026125
0.73370426
0.60727264
0.53307216
0.48670747
0.45737853
0.43793641
0.4250045
0.41633132
0.41165409
134.36361
143.75668
161.83613
188.65608
219.66765
249.46685
273.77098
289.26511
294.44525
288.61532
272.17477
246.77673
214.75352
178.72018
141.29462
104.73846
70.957179
41.710161
19.360747
6.4601121
1.996225
1.0038005
0.7386832
0.61044137
0.53487362
0.48776326
0.4579684
0.4383223
0.42524294
0.41650021
0.41178406
139.96435
148.62416
164.66056
188.2712
215.65145
242.7328
265.46471
280.51014
286.23633
281.76955
267.10611
243.55943
213.19714
178.49801
141.95552
105.92136
72.351305
43.069059
20.350188
6.9120561
2.0927298
1.0198335
0.74596797
0.61462995
0.53725001
0.48906451
0.45865211
0.43874741
0.42549987
0.41667566
0.4119191
146.23587
154.20342
168.32544
188.80155
212.90487
237.10375
257.95666
272.25686
278.21719
274.89855
261.87105
240.11647
211.42078
178.07412
142.5036
107.05087
73.738253
44.441451
21.393177
7.399798
2.2030338
1.0391744
0.75228214
0.61871302
0.53943798
0.49029598
0.45931135
0.4391763
0.42576194
0.41686101
0.41205851
154.11252
160.96192
172.95984
190.30456
211.16914
232.50327
251.30357
264.61119
270.51857
268.10588
256.54395
236.49148
209.44296
177.47992
142.93367
108.1214
75.118861
45.841295
22.509519
7.9557551
2.330144
1.0623425
0.7616632
0.62362819
0.54220017
0.49177982
0.46011664
0.43966381
0.42604798
0.41705122
0.41220197
164.2857
169.46668
179.19269
193.46887
211.00028
229.09267
245.58772
257.65686
263.25422
261.49117
251.20135
232.73354
207.28774
176.72092
143.24188
109.1256
76.482641
47.271111
23.686951
8.5593507
2.4762663
1.0898337
0.77107084
0.62952172
0.54516933
0.49334279
0.46087322
0.44014406
0.42632921
0.41725228
0.41234862
176.68165
179.87755
186.84709
197.74511
211.62712
226.72862
240.81909
251.44145
256.5087
255.13819
245.91336
228.88981
204.97984
175.80465
143.4258
110.05514
77.818952
48.711574
24.912635
9.2074075
2.6454305
1.1222826
0.78086394
0.63462055
0.5479436
0.49485227
0.46179345
0.44069897
0.42664376
0.41745501
0.41249775
190.90071
191.9232
195.8516
203.14893
213.34113
225.27994
236.90483
245.93884
250.31092
249.09671
240.72928
224.99903
202.54092
174.73265
143.45409
110.89814
79.121084
50.162464
26.190855
9.9308972
2.8412512
1.1609337
0.79600111
0.64292885
0.55203946
0.49700885
0.46273256
0.44124104
0.42694013
0.41766857
0.41264906
206.71917
205.76096
206.54797
210.17034
216.67522
225.26551
234.00124
241.17702
244.66718
243.38217
235.67119
221.08087
199.98238
173.51206
143.38321
111.65136
80.382694
51.620482
27.518387
10.725149
3.0706541
1.2056536
0.80570824
0.64877296
0.55480755
0.49847214
0.46372215
0.44184301
0.42728448
0.41788137
0.41280165
222.45158
219.88562
218.39625
218.54601
221.1657
225.99606
231.92125
237.08253
239.52756
237.96566
230.72483
217.12877
197.29946
172.13719
143.17994
112.30578
81.595764
53.080725
28.892073
11.580601
3.3361092
1.2583656
0.82339859
0.65710807
0.55924281
0.50118247
0.46494901
0.44245274
0.42760028
0.41810117
0.4129543
235.22882
232.49236
229.56664
227.43658
226.82454
228.03877
230.86837
233.71198
234.87234
232.80324
225.84615
213.10663
194.46213
170.57608
142.78122
112.8364
82.746515
54.53575
30.313877
12.525805
3.64594
1.3206849
0.84079726
0.6663967
0.56346581
0.50309053
0.46596545
0.44306589
0.42797885
0.41832295
0.41310533
241.176
239.46561
236.84492
233.88314
231.40782
230.19237
230.22653
230.79023
230.54227
227.79602
220.95799
208.95084
191.42079
168.79114
142.18554
113.22547
83.817595
55.973056
31.772034
13.580403
4.0221395
1.3904546
0.85250555
0.6710211
0.56667449
0.5055414
0.46743925
0.44374996
0.42832564
0.41853858
0.41325284
240.64613
239.90161
238.10723
235.50043
232.64642
230.255
228.79856
227.71061
226.15146
222.72584
215.92368
204.56595
188.10025
166.71989
141.33293
113.38911
84.767481
57.36731
33.256365
14.717472
4.4601281
1.4693792
0.87208218
0.6812055
0.572445
0.50861486
0.46853427
0.44440347
0.42872813
0.41876877
0.41339418
236.48679
237.0858
236.24529
234.30463
231.64029
228.87469
226.24543
223.89876
221.29629
217.3113
210.56091
199.82989
184.41189
164.29428
140.17505
113.33311
85.56536
58.686193
34.731472
15.910125
4.9540017
1.5597595
0.89147266
0.68882626
0.57665551
0.51024664
0.47007447
0.44516727
0.42910325
0.41896979
0.41352639
226.00411
228.4314
229.64474
229.27237
227.47555
224.71277
221.63686
218.7246
215.57985
211.318
204.73532
194.66019
180.29961
161.47694
138.69417
113.08625
86.193992
59.900256
36.169334
17.13867
5.5148443
1.6606411
0.90223453
0.69261738
0.57936454
0.51365697
0.47152215
0.4458762
0.42950436
0.41919819
0.41364596
213.08717
215.76311
217.61006
218.36328
218.0029
216.59427
214.44999
211.87774
208.80951
204.64015
198.40418
189.04943
175.76705
158.25661
136.8469
112.4998
86.606548
60.978547
37.540108
18.36606
6.1042441
1.7721657
0.91234367
0.69769845
0.58454232
0.515552
0.47290075
0.4466885
0.42991364
0.41938051
0.41374872
201.54088
204.05243
206.0156
207.19639
207.52828
207.02673
205.79271
203.89961
201.26163
197.45135
191.70571
183.11492
170.90307
154.68955
134.66393
111.60569
86.783059
61.904718
38.829478
19.585376
6.7304403
1.8984574
0.9244586
0.69948056
0.58714222
0.51776481
0.47483892
0.44742811
0.4302622
0.41957934
0.41383023
193.35778
195.38593
197.01904
198.11376
198.583
198.42224
197.61018
196.14632
193.87001
190.39852
185.10155
177.19266
165.94935
150.94834
132.25299
110.47885
86.751751
62.678456
40.03106
20.792537
7.4171213
2.0423336
0.93749534
0.69914521
0.58935403
0.52098951
0.4758714
0.44828601
0.4306834
0.41975421
0.41388521
189.55596
191.06748
192.20113
192.88959
193.0789
192.70202
191.73657
190.13748
187.76041
184.29473
179.18241
171.72426
161.24128
147.27733
129.78359
109.2304
86.615484
63.332265
41.150121
21.978238
8.1533494
2.2070941
0.95179621
0.69915496
0.5909948
0.52205011
0.47757796
0.44917909
0.43101475
0.41987323
0.41390861
189.26505
190.48584
191.32217
191.70681
191.56745
190.79859
189.33187
187.10819
184.08403
180.0599
174.63373
167.21153
157.14815
143.9483
127.45586
107.98901
86.378314
63.905569
42.211664
23.15134
8.9422716
2.3991444
0.96903905
0.69949037
0.59126306
0.52427301
0.47917199
0.449801
0.43132816
0.42000948
0.41389518
190.95378
191.89064
192.44217
192.59815
192.24042
191.23774
189.49126
186.90703
183.29621
178.48147
172.25085
164.3167
154.1666
141.31254
125.50742
106.91656
86.199366
64.463245
43.249363
24.329264
9.8040289
2.626438
0.99141924
0.69940188
0.59224975
0.52647608
0.47988046
0.45070926
0.43170255
0.42006501
0.41383922
193.07308
194.24192
194.97573
195.22051
194.82022
193.62435
191.50867
188.38175
184.17214
178.79719
172.00475
163.37085
152.71112
139.73733
124.20721
106.1812
86.176462
65.056413
44.292443
25.526598
10.742786
2.8978616
1.0212028
0.69964365
0.59422088
0.5267733
0.48139449
0.45140669
0.43189986
0.42005815
0.4137382
192.53074
193.97523
195.06496
195.71226
195.778
195.04053
193.29495
190.34724
186.02367
180.1574
172.67414
163.5193
152.42785
139.17594
123.64336
105.8938
86.293502
65.72859
45.356242
26.743578
11.736568
3.2250467
1.0605099
0.70175575
0.59439628
0.5271424
0.48200609
0.45144277
0.43191619
0.42001785
0.41358542
188.15189
190.37445
192.2353
193.5415
194.1626
193.9397
192.71372
190.14185
186.07184
180.374
172.91264
163.59408
152.32789
138.97169
123.44557
105.85758
86.640856
66.464728
46.432068
27.969983
12.778576
3.6267635
1.1121491
0.70795976
0.59416481
0.52709728
0.48180577
0.4513802
0.43188532
0.41989191
0.41338429
176.36878
179.73123
183.01709
185.9453
188.19829
189.38948
189.27128
187.65285
184.42516
179.28673
172.18159
163.05182
151.83258
138.50563
123.0929
105.73285
86.838191
67.131172
47.456973
29.172469
13.856734
4.1181488
1.1797892
0.71596218
0.59377811
0.52638425
0.48141793
0.45122271
0.43167857
0.41974447
0.413131
161.36217
164.70622
168.12284
171.44007
174.49309
177.06698
178.7635
179.23134
177.93429
174.57303
168.79662
160.58723
150.00099
137.14178
122.15316
105.2398
86.755971
67.511317
48.297783
30.290962
14.949299
4.6804939
1.2664428
0.72101896
0.59306633
0.52431488
0.4807449
0.45039235
0.43139802
0.41940781
0.4128307
149.81638
152.62999
155.53174
158.4106
161.13187
163.51009
165.29025
166.15149
165.77736
163.77638
159.8219
153.51846
144.66973
133.28762
119.55684
103.75705
86.198067
67.495671
48.900983
31.257706
15.9921
5.3009755
1.372644
0.72599927
0.59095249
0.52107444
0.47871643
0.4492665
0.43088191
0.41896991
0.41249221
143.30254
145.4464
147.62735
149.78119
151.8044
153.55455
154.83508
155.40754
155.01515
153.31703
149.98277
144.69789
137.1941
127.32452
115.11146
100.73644
84.580634
67.101147
49.120279
31.97456
16.901306
5.9161099
1.500357
0.73153434
0.58511773
0.51707734
0.47579156
0.44793594
0.43009181
0.41851276
0.41212155
140.56667
142.24289
143.8944
145.47615
146.89696
148.03538
148.71572
148.78133
147.9845
146.06194
142.73649
137.72875
130.80372
121.80664
110.66517
97.451533
82.424056
66.061035
49.074158
32.514778
17.714815
6.5286635
1.6554937
0.73931159
0.58075055
0.51374338
0.47333307
0.4465328
0.42930658
0.41798257
0.41172495
139.01998
140.51837
141.96413
143.30908
144.46218
145.29981
145.67303
145.42063
144.32048
142.14691
138.66083
133.62904
126.85703
118.19512
107.57506
95.045216
80.807994
65.263377
49.067828
33.049502
18.548523
7.2105142
1.8498672
0.75343615
0.57967841
0.51229054
0.47188307
0.44560545
0.42857234
0.41750713
0.41131606
135.66129
137.18928
138.70044
140.13157
141.39302
142.36472
142.88225
142.78987
141.85115
139.82215
136.46268
131.55376
124.9096
116.41372
106.03691
93.852751
80.061989
65.052414
49.259891
33.75288
19.516496
8.0337951
2.1002248
0.77782407
0.58070205
0.51232839
0.47154294
0.44524921
0.42807728
0.41710765
0.41089842
128.06105
129.73889
131.4498
133.12673
134.69031
136.03294
137.00869
137.43739
137.12056
135.79142
133.16587
128.96818
122.97293
115.02544
105.08634
93.268498
79.835984
65.177246
49.881063
34.72581
20.671204
9.0229063
2.4233518
0.81518585
0.58719741
0.51446471
0.471929
0.44526398
0.4278413
0.41669399
0.41046733
120.39758
121.97382
123.60425
125.23854
126.81323
128.23982
129.39924
130.12309
130.23839
129.50124
127.63682
124.34921
119.35329
112.42355
103.43465
92.397318
79.532481
65.392119
50.62421
35.793938
21.905964
10.113911
2.8326951
0.86792022
0.59658784
0.51988942
0.47413302
0.44578111
0.42775148
0.41643421
0.41001502
114.97831
116.31913
117.70068
119.08867
120.43128
121.65582
122.66354
123.31427
123.45888
122.89023
121.36239
118.60758
114.34822
108.33541
100.39536
90.482543
78.704802
65.259368
51.006025
36.661928
23.049033
11.248715
3.3997053
0.94235439
0.60224686
0.52275282
0.47615569
0.44653693
0.42771274
0.4161981
0.4095302
110.75839
111.91378
113.09814
114.28194
115.41893
116.4447
117.27218
117.77673
117.83204
117.24978
115.8155
113.28829
109.41691
103.96598
96.752955
87.696613
76.864662
64.526287
50.945678
37.1204
23.859985
12.197056
3.9844906
1.0386393
0.60568847
0.52323338
0.47671208
0.44672736
0.42764894
0.41588731
0.40900616
106.0482
107.11368
108.20875
109.30477
110.3598
111.31535
112.09227
112.57795
112.65426
112.15087
110.86827
108.58205
105.05479
100.05838
93.407189
85.003125
74.881981
63.254605
50.526855
37.260638
24.413582
12.954306
4.5167886
1.1603037
0.60904912
0.52230971
0.47651997
0.44660182
0.42744254
0.41532267
0.40843737
101.20014
102.18776
103.20776
104.23451
105.23125
106.14635
106.90934
107.42108
107.56875
107.20248
106.1353
104.15562
101.03235
96.535003
90.466718
82.705348
73.252451
62.27911
50.154882
37.452572
24.990583
13.719484
5.0807706
1.3113176
0.61530966
0.51718507
0.4746169
0.44554516
0.42663143
0.41457239
0.40782163
96.421012
97.317858
98.247379
99.187984
100.10816
100.9633
101.6921
102.20906
102.40963
102.16413
101.30107
99.624129
96.913755
92.942666
87.502672
80.444005
71.724684
61.463095
49.982821
37.831656
25.764537
14.682774
5.8489197
1.5144924
0.62871262
0.51220465
0.4703973
0.44294219
0.42507374
0.41357911
0.4071616
92.076386
92.880071
93.714381
94.560828
95.392147
96.169607
96.839788
97.32862
97.541866
97.366599
96.648605
95.209512
92.845964
89.340797
84.4849
78.110795
70.138658
60.628807
49.833958
38.294697
26.642483
15.756774
6.7364321
1.7818991
0.65273501
0.51137579
0.4681928
0.44127451
0.42380331
0.41264794
0.40646332
87.617776
88.341765
89.094639
89.860383
90.615265
91.325467
91.944199
92.406984
92.628827
92.511043
91.915193
90.679913
88.618453
85.527207
81.203089
75.472094
68.231587
59.502732
49.48523
38.547135
27.361064
16.753894
7.6911394
2.119855
0.69091708
0.51251341
0.46771052
0.44054631
0.42304855
0.41203502
0.40572853
83.640541
84.290471
84.967019
85.656194
86.337179
86.980245
87.544159
87.972281
88.18828
88.104922
87.597738
86.520375
84.701006
81.949375
78.069948
72.886248
66.278049
58.229344
48.877758
38.548279
27.85049
17.530935
8.4841012
2.5186042
0.74786616
0.51563321
0.46787433
0.44032845
0.42272378
0.41168132
0.40495037
79.370068
79.958586
80.572578
81.199965
81.822679
82.414798
82.940229
83.349712
83.57436
83.538083
83.129279
82.216036
80.641729
78.22863
74.788963
70.146129
64.166094
56.801889
48.145758
38.481534
28.285132
18.301361
9.3858718
3.0710582
0.83606142
0.52043965
0.46795551
0.44013524
0.42234903
0.41082813
0.40412591
75.774488
76.304136
76.85736
77.423585
77.986975
78.524759
79.005161
79.384909
79.602408
79.590553
79.249401
78.460069
77.079823
74.944369
71.87605
67.700052
62.271964
55.51752
47.482907
38.390971
28.708056
19.058231
10.252962
3.593599
0.95984062
0.52612508
0.46740949
0.43947945
0.42134577
0.40980601
0.40329372
71.585225
72.067071
72.571679
73.089999
73.608381
74.10709
74.558472
74.924715
75.152231
75.180366
74.922082
74.270588
73.09699
71.250901
68.566206
64.874032
60.025891
53.929214
46.595007
38.191801
29.072893
19.83418
11.240781
4.3793581
1.1269106
0.53549293
0.46490801
0.43733778
0.41963086
0.408508
0.40266678
68.398083
68.83415
69.291239
69.761397
70.232572
70.687309
71.101101
71.440377
71.657753
71.698201
71.484578
70.920383
69.888571
68.251283
65.85387
62.53485
58.145141
52.57867
45.815037
37.970118
29.343146
20.45572
12.02659
4.9980084
1.3348109
0.55193225
0.46345462
0.43613693
0.41884929
0.40784511
0.40115178
64.20249
64.602292
65.022736
65.45712
65.895172
66.321908
66.716175
67.048859
67.279374
67.357514
67.217488
66.773198
65.920145
64.533388
62.469565
59.57607
55.705759
50.742057
44.640879
37.474387
29.477789
21.092573
12.974231
5.9361288
1.6129734
0.57978859
0.46346843
0.43492393
0.41753138
0.4064375
0.40024542
61.47153
61.839323
62.226623
62.627482
63.032757
63.429064
63.797458
64.111803
64.335798
64.423364
64.315587
63.933708
63.181712
61.944826
60.092557
57.482701
53.97085
49.434755
43.8051
37.116868
29.553701
21.53813
13.623479
6.5565791
1.9446198
0.62416358
0.46409822
0.43402718
0.41663983
0.40557168
0.3997871
57.111392
57.450038
57.808168
58.180937
58.56077
58.936454
59.291982
59.605134
59.845506
59.97163
59.934558
59.665399
59.080537
58.077981
56.536318
54.320741
51.293959
47.333812
42.359813
36.373209
29.509014
22.052477
14.545486
7.6357903
2.5004655
0.70166396
0.46601537
0.43202909
0.41477689
0.40383661
0.39790262
54.949193
55.269579
55.609108
55.963445
56.325726
56.685718
57.028745
57.334359
57.574714
57.710687
57.697833
57.471846
56.954936
56.052684
54.653843
52.632048
49.85266
46.188639
41.550804
35.923581
29.414632
22.302699
14.988306
8.1766635
2.8816467
0.80806687
0.47042222
0.43104439
0.41379561
0.4029145
0.39679699
49.674452
49.967079
50.277999
50.603896
50.939446
51.276638
51.603916
51.905104
52.158089
52.333248
52.391898
52.284032
51.942639
51.28623
50.219067
48.628206
46.391971
43.387711
39.513404
34.718421
29.042579
22.659676
15.963719
9.4624665
3.924128
1.0068975
0.48060832
0.42865316
0.41117242
0.40042883
0.39459858
132.96115
144.14266
153.59707
161.25497
167.44479
172.53006
176.7214
180.3762
183.59825
186.54669
189.37673
191.97373
194.51998
197.02511
199.57812
201.98216
204.29143
206.47364
206.58164
205.44917
202.10829
195.07384
185.68445
175.91082
167.22358
160.17824
154.29113
148.82422
143.33452
138.8297
135.45301
131.13501
124.28307
115.1429
104.47061
92.095482
78.321658
66.295127
59.085346
56.513794
54.807481
50.706947
43.541994
37.587118
34.805276
34.048435
33.496248
32.487972
31.66737
31.639486
31.953674
32.514899
32.783119
33.039085
33.029986
32.934753
32.435795
31.94058
30.782392
29.987358
28.233821
27.246712
24.462769
70.35989
80.137923
90.969869
101.79596
112.10426
121.67507
130.52865
138.90325
146.89897
154.58107
162.079
169.39074
176.54518
183.53024
190.35953
196.74038
202.46448
207.29515
208.50463
207.67747
204.50949
196.66847
186.38274
176.29133
167.85776
161.33446
156.17138
151.49869
146.92077
143.06751
139.27099
133.4467
124.88726
114.50511
103.16066
90.710876
77.497111
66.402548
59.973058
57.693567
55.914825
51.54979
44.495619
38.900478
36.51771
36.104281
35.940827
35.302636
34.587617
34.580737
34.899312
35.411284
35.589545
35.724181
35.581806
35.373248
34.709293
34.139885
32.828332
31.981389
30.099645
29.075841
26.14819
38.529176
43.637567
50.753632
60.306592
71.732476
84.440468
97.6717
111.18512
123.95186
136.1632
147.74388
158.73418
169.22562
179.26453
188.84515
197.39751
204.71755
210.32775
211.42806
210.21016
206.3231
197.65265
186.99677
176.82135
168.84281
163.06953
158.52441
154.52854
150.62258
146.87842
142.02526
134.38101
124.20234
112.80905
101.12808
88.896669
76.455498
66.380515
60.722898
58.75225
56.996828
52.650757
45.868599
40.622904
38.601981
38.486928
38.691299
38.381131
37.740036
37.693364
37.967951
38.383992
38.442436
38.435499
38.131154
37.800598
36.952883
36.297408
34.825694
33.914512
31.898346
30.828229
27.758324
29.84061
33.900229
39.600514
47.79271
58.006523
69.812234
82.668742
96.210018
110.03815
124.02464
137.64434
150.95376
163.75873
175.92903
187.08938
196.88928
204.78781
210.03752
210.95427
209.47966
205.2093
196.65086
186.51942
177.05554
169.87294
165.03544
161.14489
157.60176
154.01343
149.76231
143.3379
133.82307
122.24451
110.19929
98.5448
86.776677
75.271559
66.265343
61.380862
59.76442
58.172667
54.167694
47.786705
42.842322
41.113627
41.212637
41.76314
41.6826
41.107156
40.952902
41.139372
41.416162
41.328786
41.1668
40.6665
40.208286
39.166113
38.412325
36.775858
35.790367
33.63466
32.511713
29.300526
28.443248
32.08529
36.903869
43.182618
50.826378
60.016054
71.094635
83.658434
97.246365
111.58392
126.13464
140.70093
154.85448
168.21929
180.51343
191.07257
199.24221
204.25969
205.14894
203.80964
199.94111
192.87
184.47788
176.54658
170.69373
166.81932
163.56455
160.30517
156.55247
151.21437
142.97827
131.74328
119.19047
106.98247
95.692305
84.560398
74.070394
66.134731
62.037483
60.834939
59.578917
56.225366
50.35541
45.624532
44.070651
44.298783
45.124181
45.199444
44.651717
44.334702
44.390116
44.49404
44.231541
43.900611
43.185495
42.58811
41.347254
40.482208
38.679718
37.610624
35.312274
34.1317
30.780711
30.19123
33.841725
38.172153
43.375368
49.642117
57.110202
65.936525
76.294308
88.061081
101.01001
114.75358
128.91298
142.99597
156.45574
168.76247
179.21386
187.21536
192.16583
193.66652
193.05943
190.75603
186.1817
180.48187
175.05539
170.83827
167.98395
165.22829
162.05172
157.68567
150.92076
140.91857
128.28279
115.43381
103.64189
92.966417
82.538414
73.035741
66.121221
62.823046
62.102673
61.361842
58.881539
53.639752
48.99957
47.46559
47.744857
48.736047
48.911239
48.335029
47.815236
47.694047
47.606122
47.131081
46.619943
45.684525
44.932659
43.493032
42.504899
40.536429
39.37553
36.934068
35.691935
32.203568
33.415832
37.019702
41.061143
45.656218
50.961583
57.137447
64.377809
72.812357
82.537121
93.494533
105.47012
118.06606
130.82817
143.19713
154.56914
164.19206
171.55349
176.33416
178.60028
179.35131
178.99023
177.5015
174.85482
172.25213
169.96765
167.961
165.58168
162.26568
157.1066
148.85343
137.13281
123.93267
111.58476
100.79639
90.876361
81.093623
72.417282
66.40768
63.89673
63.718865
63.662325
62.103295
57.660486
52.958051
51.272817
51.525513
52.561571
52.779487
52.124041
51.367363
51.027582
50.733518
50.013707
49.314035
48.154403
47.236107
45.598095
44.478028
42.344224
41.085537
38.501154
37.194955
33.572641
37.105964
40.462304
44.106475
48.154925
52.721327
57.939006
63.956152
70.893563
78.877474
87.909475
97.866267
108.46531
119.32178
129.96626
139.83597
148.1764
154.59367
159.05997
162.00508
164.23801
166.20658
167.48566
167.92745
168.03771
167.6628
166.60772
164.5188
160.97412
154.67565
144.76698
132.21015
119.39888
108.41417
99.149618
90.016945
80.661494
72.521343
67.238814
65.473325
65.815156
66.613669
65.839831
62.323288
57.454204
55.451812
55.597616
56.559731
56.765718
55.982601
54.960795
54.369773
53.849584
52.872812
51.972342
50.585917
49.492323
47.657055
46.398761
44.101026
42.740448
40.014109
38.642441
34.890524
40.628095
43.618896
46.793324
50.271736
54.156005
58.549423
63.56083
69.29241
75.824881
83.178958
91.270838
99.903547
108.8038
117.61789
125.8363
132.87148
138.46895
142.75052
146.22154
149.54551
153.30059
157.00812
160.03543
162.43699
163.58535
163.25808
161.59891
157.64496
150.12425
139.34325
126.92201
115.54884
106.69226
99.20406
90.8548
81.66384
73.679447
68.855677
67.708443
68.509031
70.225326
70.091105
67.4744
62.419428
59.953095
59.900577
60.690484
60.832199
59.872811
58.566023
57.69951
56.933883
55.697086
54.584296
52.970045
51.695051
49.664567
48.263975
45.804559
44.339611
41.473109
40.03553
36.158985
43.62509
46.195942
48.886382
51.820531
55.08687
58.763812
62.925422
67.641976
72.964998
78.907268
85.402231
92.321448
99.498303
106.69895
113.49241
119.47801
124.54539
128.89752
132.86942
137.00793
141.64629
146.80368
151.61241
155.62705
157.90134
158.02411
156.64607
152.38365
144.20415
133.41565
122.23652
113.25001
106.96424
101.37252
93.802091
84.464735
76.209753
71.486361
70.717283
71.874522
74.42153
74.840478
72.93406
67.784777
64.725419
64.353774
64.92114
64.94279
63.755898
62.15481
60.995975
59.970511
58.472261
57.139458
55.298056
53.838069
51.615419
50.070422
47.452448
45.882077
42.87803
41.374929
37.379065
45.892624
48.065637
50.320497
52.781316
55.52393
58.606522
62.076227
65.973756
70.327469
75.144482
80.380337
85.961782
91.81081
97.816061
103.65228
109.03129
113.90173
118.46146
122.90228
127.54277
132.51995
138.06856
143.49011
148.24475
151.13231
151.60038
150.39329
146.00182
137.8457
128.04373
119.12024
113.1209
109.46269
105.69601
98.96098
89.22882
80.306977
75.265114
74.565446
75.92486
79.102964
79.996138
78.576636
73.448711
69.702648
68.899964
69.205409
69.063429
67.592789
65.700605
64.239114
62.944171
61.184835
59.627754
57.561616
55.915331
53.504617
51.814843
49.042309
47.366699
44.228542
42.661011
38.551135
47.281963
49.157501
51.093271
53.207936
55.566944
58.213445
61.177376
64.48299
68.149761
72.186424
76.577956
81.301344
86.356117
91.744629
97.274329
102.71045
107.9801
113.10825
118.03065
122.77711
127.42697
132.286
137.0883
141.49633
144.39566
144.97595
143.86248
139.59071
132.22589
124.30847
118.28665
115.34257
114.07333
111.8798
106.14481
95.889906
86.007588
80.223934
79.248362
80.622327
84.157472
85.418882
84.333735
79.278765
74.81297
73.490969
73.50075
73.145868
71.354968
69.178952
67.409991
65.840341
63.822213
62.039659
59.752909
57.921092
55.32746
53.494082
50.571816
48.792342
45.524189
43.893913
39.674919
47.719296
49.457439
51.234687
53.172469
55.322837
57.723826
60.399077
63.369649
66.659411
70.294288
74.294773
78.689295
83.508143
88.876224
94.757718
100.76102
106.76379
112.60307
118.01152
122.79607
126.94473
130.7693
134.19421
137.14911
139.24578
139.57478
138.40447
134.47964
128.53557
123.03781
119.90977
119.81182
120.4235
119.50389
114.8393
104.18163
93.18047
86.297122
84.688168
85.887844
89.464016
90.979567
90.120537
85.161203
79.983711
78.086152
77.765495
77.141956
75.017293
72.567608
70.491055
68.645477
66.372846
64.366358
61.864734
59.85002
57.079619
55.105167
52.038773
50.157764
46.764444
45.073613
40.749482
47.220845
48.999177
50.798053
52.731153
54.858307
57.212755
59.819815
62.708686
65.920293
69.511876
73.554443
78.131021
83.348814
89.24475
95.764206
102.83503
110.11894
117.21153
123.53846
128.6171
132.16874
134.61756
136.08306
136.97805
137.43517
136.99433
135.43998
131.94476
127.67589
124.4537
124.01108
125.97611
128.15041
128.03774
124.33871
113.7267
101.56379
93.339881
90.756041
91.607057
94.909001
96.562778
95.850693
90.995825
85.144969
82.636044
81.943942
81.028597
78.560862
75.846687
73.466368
71.34722
68.826342
66.599879
63.890602
61.697288
58.757193
56.645389
53.441173
51.461787
47.948778
46.2
41.773208
45.77044
47.76941
49.771889
51.887885
54.172145
56.663902
59.39796
62.418319
65.790693
69.600818
73.971945
79.057886
84.964306
91.746054
99.44228
107.96028
116.9405
125.7404
133.4742
139.4426
142.90173
144.30473
143.76825
142.15483
140.35481
138.38987
136.02285
132.78961
129.78892
128.65894
129.86545
133.43664
136.59114
137.06578
134.14226
123.99051
110.81776
101.15038
97.304165
97.634439
100.39633
102.0693
101.44372
96.694567
90.231608
87.095386
85.998319
84.772936
81.970647
78.998671
76.321775
73.93458
71.173565
68.733205
65.824818
63.458653
60.356768
58.112357
54.777238
52.703335
49.07672
47.272919
42.744903
43.524082
45.852446
48.178817
50.607911
53.191431
55.96936
58.983036
62.289058
65.970244
70.138757
75.006723
80.787642
87.560977
95.41768
104.44856
114.56866
125.45818
136.26271
145.86984
153.45852
157.80657
158.8636
156.82917
152.86732
148.58428
144.39286
140.57706
137.18627
135.10899
135.09049
137.09281
141.47667
145.20564
146.14715
143.83558
134.46507
120.57639
109.49337
104.19556
103.78694
105.85853
107.41714
106.82886
102.18136
95.184701
91.423927
89.89692
88.344151
85.235171
82.008387
79.04505
76.398084
73.406725
70.760358
67.662541
65.13052
61.875461
59.504048
56.045466
53.88148
50.147842
48.29222
43.666045
40.649733
43.325203
46.028461
48.84702
51.824905
54.998198
58.40411
62.104702
66.192927
70.824101
76.223296
82.647747
90.265856
99.18095
109.45902
121.10835
133.83747
146.76964
158.87144
168.66581
174.66782
176.18298
173.62514
168.0941
161.53813
155.01218
149.4215
145.16613
142.95083
143.04639
145.1319
149.57499
153.56134
154.88623
153.08617
144.71097
130.48592
118.12215
111.30076
109.88141
111.2448
112.54079
111.94674
107.39251
99.952392
95.586723
93.613718
91.722088
88.339695
84.862917
81.625995
78.729889
75.519435
72.676465
69.399837
66.709988
63.310949
60.818845
57.244652
54.995469
51.161799
49.257774
44.536716
37.28942
40.268574
43.338027
46.560099
49.974899
53.615916
57.498991
61.683187
66.256607
71.379694
77.278378
84.269529
92.596416
102.37336
113.67667
126.62269
141.09223
156.02433
170.45659
182.48868
190.55781
193.68613
191.72091
185.85393
177.68278
169.01933
161.41111
155.65717
152.43482
151.91236
153.45152
157.35858
161.33158
162.98743
161.63061
154.3654
140.22928
126.79823
118.46806
115.84374
116.4652
117.3881
116.74961
112.27702
104.49237
99.554317
97.128079
94.896559
91.267274
87.551708
84.056514
80.923855
77.50675
74.477799
71.033706
68.19488
64.661494
62.055558
58.373916
56.04476
52.118352
50.169499
45.357866
33.625542
36.805081
40.156676
43.731942
47.564778
51.659712
56.054991
60.786993
65.928267
71.626802
78.063056
85.605488
94.526846
104.98609
117.11028
130.92514
146.17837
161.98848
177.78763
192.18153
203.04027
208.84266
208.5218
203.65878
194.97849
184.80366
175.26883
167.66044
162.82276
161.01249
161.68362
164.5776
168.29523
170.24471
169.28323
163.14348
149.54281
135.30499
125.55612
121.62329
121.4434
121.91932
121.20082
116.7968
108.76918
103.3029
100.4247
97.859651
94.005677
90.0668
86.33065
82.975576
79.365183
76.161798
72.562099
69.583761
65.925956
63.213446
59.432711
57.029029
53.017386
51.027374
46.130245
29.792287
33.037059
36.542649
40.390836
44.614008
49.231323
54.275206
59.723006
65.626791
72.041696
79.142252
87.258211
96.691523
107.49928
119.82384
133.51076
148.00254
163.7018
180.13494
196.03155
209.64139
219.2683
222.13845
219.36343
211.80673
201.08206
189.98233
180.37417
173.47751
169.80112
169.20641
170.85803
174.01662
176.27986
175.77715
170.88727
158.49321
143.70838
132.55943
127.17281
126.00108
126.02747
125.20224
120.96368
112.81072
106.83046
103.47782
100.59432
96.548371
92.405678
88.444859
84.88206
81.092544
77.726934
73.983843
70.875943
67.103757
64.292128
60.420763
57.94817
53.858927
51.831437
46.854411
25.813574
29.095795
32.797167
37.024959
41.801462
47.147783
53.059366
59.507079
66.373099
73.66818
81.626385
90.321811
99.967891
110.48877
122.10707
134.55993
147.71361
162.19563
178.37371
195.41673
210.7152
223.2656
230.61639
231.00585
226.05119
216.10252
204.18129
192.81383
183.76366
177.96984
175.69891
176.21943
178.53991
181.10431
181.137
177.54392
166.80443
151.80085
139.33966
132.43033
130.15211
129.70277
128.74877
124.76481
116.58934
110.12053
106.28357
103.09942
98.891464
94.565478
90.397301
86.642309
82.688204
79.172961
75.298772
72.071467
68.194941
65.291771
61.338221
58.802341
54.643156
52.581817
47.530867
22.139973
25.549962
29.677141
34.615868
40.263119
46.590058
53.483027
60.917089
68.865266
77.280301
86.257035
95.619644
104.92827
114.63123
124.86426
135.33228
146.17189
158.52705
173.37554
190.50664
207.16411
222.6386
233.39228
237.5819
235.66291
228.20411
216.58982
204.12276
193.263
185.44779
181.4068
180.81612
182.26559
184.90914
185.51226
182.96607
174.02292
159.2389
145.72683
137.40252
133.99258
133.01303
131.92475
128.15071
120.03757
113.1541
108.85904
105.38723
101.03179
96.542973
92.188064
88.257366
84.153022
80.500807
76.507647
73.171077
69.200154
66.213067
62.185638
59.591965
55.370411
53.278723
48.160703
20.674129
24.260909
29.523119
35.678918
42.30013
49.365495
56.896272
65.234106
74.183056
83.393816
92.891159
102.56653
111.43296
119.91033
128.25063
136.31393
144.83707
154.77887
167.64096
183.66295
200.65222
217.78247
231.80579
239.66263
240.49703
236.33834
226.51323
213.77536
201.63388
192.07467
186.34163
184.56115
185.30487
187.74301
188.93916
187.24022
180.07667
165.95957
151.66729
142.0583
137.52014
135.96016
134.73279
131.13309
123.15399
115.92862
111.20636
107.46104
102.9718
98.340376
93.81923
89.729373
85.488955
81.71231
77.612011
74.17619
70.120551
67.057036
62.963812
60.317679
56.041187
53.922436
48.744325
29.534404
34.089224
39.109839
44.693385
50.952498
57.745931
64.905861
72.88572
81.589191
90.480642
99.517825
108.69417
117.02563
124.4175
131.25401
137.54186
144.29087
152.75107
164.25459
178.18923
193.89966
210.96738
226.84753
238.2215
241.89352
240.05847
233.48316
221.48313
208.66976
197.77396
190.52764
187.55672
187.68587
189.73456
191.48102
190.484
184.9517
171.93282
157.12479
146.37728
140.74002
138.55984
137.18075
133.73125
125.94228
118.44575
113.33085
109.32698
104.71664
99.962007
95.29457
91.061848
86.699115
82.810251
78.614186
75.088851
70.957789
67.825098
63.673853
60.980353
56.656131
54.513293
49.282132
231.52456
305.87798
370.45812
410.06595
424.653
421.76764
405.59331
381.07655
353.71486
231.84561
302.34085
364.03769
402.25023
416.70823
414.15333
398.27786
374.31311
347.32399
231.87182
298.57664
357.20417
393.9996
408.28966
406.02054
390.50986
367.0729
340.46674
231.68304
294.48774
349.99035
385.33954
399.39419
397.36256
382.25934
359.34449
333.15547
231.16783
290.02168
342.33331
376.2242
390.0028
388.19225
373.52456
351.12301
325.35004
230.30922
285.17217
334.23242
366.68716
380.1293
378.49824
364.27651
342.38774
317.06579
229.19136
280.02459
325.89061
356.78794
369.80419
368.31988
354.53971
333.16458
308.3165
227.93039
274.64977
317.31398
346.55393
359.06924
357.6806
344.32795
323.46668
299.11613
226.49792
269.07656
308.52788
336.02204
347.95565
346.6076
333.66173
313.32123
289.50171
224.95276
263.4144
299.58503
325.24789
336.51049
335.13798
322.57359
302.75799
279.49812
223.36495
257.67752
290.54749
314.27846
324.77048
323.29978
311.09471
291.81151
269.14262
221.64062
251.88624
281.44611
303.15261
312.78785
311.16438
299.2822
280.53423
258.49018
219.89469
246.09589
272.31523
291.91212
300.61577
298.78131
287.18406
268.98403
247.60831
218.10535
240.31992
263.18234
280.59681
288.29988
286.19273
274.85137
257.20931
236.53672
216.37005
234.6193
254.08987
269.25046
275.88952
273.46143
262.37205
245.30765
225.38022
214.6309
228.99774
245.06419
257.91184
263.43139
260.64365
249.7964
233.32149
214.1627
212.94192
223.51607
236.16667
246.64384
250.98993
247.81467
237.20873
221.34818
202.99755
211.29591
218.15605
227.39824
235.467
238.59475
235.01441
224.6503
209.42121
191.90233
208.79601
212.56493
218.67421
224.39546
226.28696
222.28881
212.15961
197.5656
180.88622
205.51735
206.70039
210.02439
213.50594
214.15191
209.7113
199.80163
185.84558
170.02113
200.86652
200.07984
201.12236
202.64189
202.12205
197.24174
187.52076
174.1677
159.16333
193.69904
192.06725
191.68401
191.77472
190.21364
184.91642
175.35825
162.58529
148.39423
184.76743
182.96937
181.91542
181.02697
178.5573
172.8054
163.31303
151.01886
137.5499
175.35109
173.63722
172.2474
170.58885
167.27438
161.00338
151.47053
139.55575
126.73246
166.76489
164.99665
163.1655
160.68042
156.46423
149.57512
139.891
128.26049
116.01346
159.33349
157.19497
154.6589
151.18688
145.98691
138.41205
128.50853
117.09512
105.35997
152.78433
149.97886
146.48655
141.88906
135.64328
127.36632
117.24015
106.04419
94.82473
146.53275
142.93965
138.41947
132.70921
125.49081
116.61287
106.36069
95.464
84.827037
140.1184
135.69009
130.14375
123.39742
115.36736
106.09424
95.913782
85.472298
75.523719
134.72426
129.53764
122.97599
115.12804
106.19937
96.479559
86.371507
76.415929
67.188268
131.18358
125.81344
118.74223
110.0839
100.26286
89.880961
79.542946
69.782953
61.031987
127.73475
123.08469
116.5581
108.11408
98.16499
87.476348
76.881395
67.051253
58.417038
122.21633
118.79228
113.55302
106.23888
97.046332
86.776197
76.382058
66.649952
58.085905
114.22285
111.94999
108.07339
102.20012
94.379455
85.115658
75.328948
65.972425
57.658747
104.32306
102.91202
100.15372
95.595985
89.128192
81.174591
72.532757
64.004776
56.250713
92.23876
91.21222
89.136671
85.612197
80.464059
73.921348
66.588139
59.220961
52.420671
78.285147
77.242902
75.377206
72.368573
68.054649
62.601058
56.480983
50.284808
44.520882
65.680773
64.304485
62.184876
59.133797
55.111515
50.296127
45.065375
39.874942
35.110559
57.98074
56.423592
54.191495
51.147688
47.289476
42.811475
38.072769
33.472
29.325061
55.247463
53.708859
51.536414
48.607485
44.921727
40.667794
36.193443
31.87827
27.989944
53.637685
52.24249
50.295269
47.664202
44.310768
40.375346
36.173624
32.068121
28.314033
49.893552
48.888231
47.502646
45.543775
42.891256
39.585117
35.858492
32.05055
28.535723
42.777028
41.919391
40.922206
39.722901
38.156086
36.076648
33.461928
30.473607
27.482932
36.588602
35.59247
34.444085
33.109423
31.519326
29.619839
27.470534
25.248963
23.062822
33.515348
32.320811
30.948135
29.394864
27.634305
25.655956
23.519875
21.358791
19.320755
32.47759
31.052036
29.412183
27.598994
25.647351
23.592158
21.490768
19.439272
17.550203
31.592142
29.870962
27.906713
25.811706
23.695308
21.623654
19.635534
17.773743
16.096016
30.29432
28.339123
26.124402
23.806635
21.555236
19.476084
17.593361
15.905169
14.425539
29.367709
27.326258
24.978661
22.487839
20.057783
17.847886
15.923618
14.282477
12.905985
29.299535
27.22469
24.785893
22.123413
19.44974
16.989944
14.876861
13.137891
11.746364
29.595227
27.512667
25.034345
22.289124
19.477229
16.795098
14.429492
12.495871
11.00004
30.178386
28.120177
25.62845
22.803506
19.840028
16.994537
14.473743
12.365461
10.709507
30.516594
28.535904
26.117219
23.341912
20.378281
17.45051
14.779383
12.53674
10.766675
30.872263
28.997931
26.691532
24.016447
21.117049
18.195113
15.458698
13.073313
11.139584
30.979738
29.228808
27.062204
24.529694
21.756154
18.923421
16.226764
13.827572
11.824176
30.985272
29.349317
27.320936
24.938013
22.305736
19.587783
16.965645
14.595438
12.579421
30.620368
29.114147
27.230478
25.002107
22.529912
19.956348
17.448283
15.154247
13.176581
30.198402
28.782781
27.010801
24.908847
22.563556
20.11934
17.727456
15.523105
13.60438
29.176689
27.900298
26.297244
24.383725
22.226539
19.940881
17.674721
15.571542
13.73382
28.432734
27.224955
25.704052
23.884375
21.830998
19.655966
17.49717
15.483229
13.711407
26.795059
25.707476
24.336044
22.691857
20.8316
18.854517
16.882844
15.034116
13.398505
25.848843
24.821567
23.523897
21.965097
20.197755
18.315575
16.435645
14.672156
13.11326
23.194494
22.296911
21.166376
19.810851
18.274582
16.63675
14.997095
13.453767
12.083421
325.55215
294.08808
255.71736
206.80764
138.62335
42.333746
319.45151
288.24511
250.14739
201.59687
134.22
40.966973
312.8965
281.96847
244.17838
196.07743
129.70505
39.498557
305.91614
275.30409
237.88523
190.34535
125.17105
37.955142
298.47471
268.22184
231.24767
184.38985
120.59709
36.348319
290.5892
260.74334
224.29628
178.25311
116.00631
34.703672
282.27493
252.89247
217.05304
171.95001
111.41014
33.036541
273.55156
244.6919
209.5514
165.51239
106.81527
31.365546
264.45835
236.17705
201.82436
158.97222
102.24343
29.702641
255.01776
227.38103
193.90781
152.34975
97.691775
28.06096
245.27804
218.35819
185.85585
145.69691
93.200124
26.449901
235.28825
209.14503
177.68939
139.0111
88.73924
24.876333
225.126
199.82926
169.50375
132.39126
84.405684
23.352918
214.81763
190.41694
161.27401
125.77437
80.104784
21.881776
204.48023
181.04312
153.15765
119.33617
75.998693
20.476566
194.106
171.65577
145.04138
112.88842
71.821922
19.110462
183.8295
162.41452
137.11751
106.66109
67.854815
17.798811
173.64622
153.28934
129.31867
100.5438
63.944759
16.537067
163.54873
144.25245
121.59854
94.474304
60.028113
15.334847
153.62514
135.42018
114.10793
88.645395
56.329538
14.228031
143.67321
126.52041
106.49447
82.617318
52.340764
13.160934
133.8187
117.74471
99.039588
76.783756
48.566688
12.136222
123.80546
108.72957
91.253863
70.522461
44.291698
11.073584
113.76339
99.643515
83.368274
64.140447
39.87474
10.049895
103.77308
90.578981
75.487856
57.76811
35.513171
9.0702338
93.786102
81.44448
67.454782
51.161468
30.912268
8.1378113
83.92337
72.441149
59.579387
44.775399
26.64775
7.3171006
74.652257
64.070386
52.376634
39.092487
23.07136
6.664112
66.141133
56.49036
45.960743
34.142322
20.088911
6.1657124
58.611672
49.886108
40.491542
30.069818
17.843331
5.8226813
53.036247
45.008549
36.511502
27.209012
16.441887
5.6224136
50.61991
42.868067
34.791138
26.053998
16.024469
5.5577398
50.349355
42.653398
34.672322
26.06259
16.1292
5.5583097
50.111191
42.559521
34.696455
26.182482
16.31494
5.5336914
49.122746
41.906212
34.311423
25.986842
16.204427
5.4164779
46.086463
39.555135
32.553697
24.762373
15.468124
5.151001
39.154984
33.65484
27.720675
21.052829
13.013012
4.6777319
30.698031
26.206132
21.409888
16.104542
9.8947462
4.2151091
25.504857
21.662037
17.651806
13.349351
8.5780207
4.0535513
24.381101
20.730318
16.954801
12.971189
8.6318474
4.1692637
24.785206
21.167989
17.412369
13.466549
9.3034221
4.4665809
25.209213
21.744461
18.085056
14.161217
9.9390518
4.7536684
24.521731
21.331662
17.874606
14.087341
9.9189405
4.8823507
20.871777
18.451152
15.740163
12.667369
9.1688518
4.7464167
17.34434
15.237252
12.965981
10.490552
7.8104969
4.5354893
15.742271
13.844174
11.857258
9.77705
7.6137066
4.5112878
14.502135
12.830351
11.092349
9.3213701
7.5743057
4.5692376
13.038574
11.595199
10.113433
8.637832
7.3159189
4.5943625
11.652424
10.381845
9.114871
7.8948485
6.844425
4.5386943
10.533982
9.3717975
8.2912292
7.3371176
6.5910141
4.4776201
9.7444415
8.6024147
7.6225178
6.8537949
6.3572625
4.411143
9.3244392
8.1086707
7.1387517
6.4696467
6.152184
4.3401277
9.2517237
7.890206
6.835702
6.1955428
5.9903985
4.2639535
9.4623342
7.9500378
6.7604846
6.0486599
5.8878784
4.1917907
10.003362
8.2632
6.8515331
5.9650326
5.7410261
4.1051396
10.695698
8.8112121
7.1592094
6.0235343
5.662709
4.0230016
11.285123
9.3247645
7.5174612
6.1189388
5.5151635
3.918474
11.73413
9.7439938
7.8479436
6.2761675
5.4654134
3.8205489
11.914002
9.9326742
7.9905439
6.2725777
5.2398561
3.671542
11.933211
9.9690959
8.021961
6.255576
5.1150688
3.5244563
11.723951
9.8287558
7.9094872
6.0792455
4.6601063
3.3081017
11.499227
9.6529397
7.7794416
5.9866093
4.5815421
3.1537057
10.635964
8.9454076
7.2194163
5.5165506
4.0648185
2.8255264
197.83354
167.28695
134.96756
98.35568
51.884023
7.7082877
220.46957
188.44305
154.16097
114.88163
64.598708
11.057454
242.95723
209.51822
173.28547
131.30678
77.019923
14.614206
264.41139
229.66861
191.552
146.84856
88.357452
18.262486
284.06784
248.28601
208.61158
161.61415
99.553226
22.014687
301.16344
264.63088
223.6964
174.67291
109.22409
25.551383
315.16603
278.26931
236.57515
186.24131
118.62861
29.08766
325.95688
289.0598
247.01079
195.80061
126.30785
32.250799
333.53916
296.91468
254.77448
202.91724
131.7737
34.856721
338.03132
301.93182
259.97012
207.83345
135.78055
36.911328
339.56243
304.33448
262.90939
210.87387
138.45103
38.498797
338.97888
304.32444
263.5331
212.0958
140.21017
39.720114
337.49912
303.29442
262.86146
211.74841
140.28698
40.562747
335.69117
301.81768
261.63763
210.78002
139.77191
41.060914
333.76705
300.2928
260.38334
209.76768
139.11963
41.341773
331.89525
298.78387
259.134
208.76201
138.45757
41.530906
330.3042
297.48338
258.04432
207.87581
137.8877
41.655195
329.22721
296.5323
257.21201
207.20246
137.50427
41.762214
328.63146
295.97735
256.69837
206.77101
137.21812
41.864162
328.36849
295.75319
256.51431
206.69581
137.45414
42.05515
328.30012
295.69975
256.40436
206.49655
137.17974
42.207724
328.34356
295.98586
256.95395
207.41013
138.52597
42.583835
328.15427
295.76789
256.64377
206.92337
137.92031
42.785797
331.49713
299.72835
260.94776
211.43289
142.07129
43.585203
666.97609
634.57213
586.07392
524.54429
456.63011
389.40246
328.09629
275.451
232.14122
674.61909
645.80348
600.61569
542.47963
477.66233
412.75558
352.66032
300.12107
256.09939
678.98841
653.85595
612.61961
558.44724
497.19195
434.97904
376.43032
324.28137
279.71977
680.44051
659.07338
621.95835
572.05137
514.59117
455.30889
398.5602
347.05813
302.15641
679.00851
661.24731
628.29978
582.60763
529.06481
472.8901
418.15741
367.55623
322.5609
675.34487
660.22736
631.16267
589.65455
539.98158
486.96146
434.41373
384.95207
340.13037
668.07901
656.51815
630.38359
592.77381
546.8932
497.01516
446.7637
398.65132
354.27953
657.83892
649.47548
626.81836
591.9992
549.53396
502.84016
455.00947
408.47936
364.86765
644.6616
639.092
620.21664
588.56414
548.41716
504.38731
459.18488
414.49423
371.94481
630.57412
627.26466
610.8741
582.50912
544.96271
502.71377
459.38098
416.6929
375.60714
615.7028
613.89814
599.47405
573.41757
538.94266
499.15456
457.37433
415.96398
376.0726
597.55235
597.58054
585.49729
561.98221
530.12024
493.34027
453.85534
413.83164
374.81428
577.68747
579.71982
570.31829
549.53809
520.34087
485.86998
448.78337
410.66667
372.7576
558.12723
562.45711
555.61184
537.4624
510.71506
478.48096
443.25437
406.79257
370.21998
539.73625
546.49223
542.1162
526.607
502.06683
471.7399
438.1007
402.92966
367.52216
521.55664
531.25047
529.6118
516.99581
494.59497
465.98171
433.67992
399.55355
364.97713
503.24295
516.37615
517.79687
508.33018
488.12852
461.15249
430.03167
396.7773
362.87047
484.10085
501.30244
506.40976
500.07124
482.5248
457.1313
427.0947
394.61187
361.28715
463.14711
485.34811
494.88567
491.81656
477.42115
453.65599
424.66852
392.86583
360.27625
438.12049
466.40454
481.65379
482.48713
472.07219
450.29628
422.47562
391.44894
359.62728
409.02156
445.37596
467.25684
472.78454
465.88432
446.92447
420.30589
390.19692
359.10913
368.18634
413.95909
445.9966
459.53278
457.22295
442.71577
417.88823
388.90034
358.59473
327.61634
386.02879
426.82026
447.1707
448.39619
437.76574
414.97052
387.42252
358.029
235.31992
315.87862
382.36881
421.76351
434.79309
430.4041
413.38026
387.85332
360.01919
192.19625
474.42499
609.75232
669.81297
690.33515
687.59257
189.09759
460.14599
596.99347
661.47326
686.53977
689.03768
186.06344
445.93435
584.10537
652.84125
682.56792
689.04899
183.10448
430.47691
570.2776
642.77192
676.79644
687.29468
180.38421
417.0342
556.63815
631.54105
668.85694
682.57513
177.23819
399.40558
540.35057
618.06773
658.50143
675.39281
174.58697
387.95081
526.08788
604.05791
646.27052
665.57088
170.77051
365.55364
506.05381
586.60716
631.21296
652.89373
167.67188
355.60123
491.01667
569.37745
614.29019
637.50273
162.42669
328.38109
466.38976
548.11048
595.7545
621.26334
157.43842
314.0811
449.15941
531.01838
579.29037
605.4617
152.76653
298.92823
431.32604
511.27737
559.40312
586.14221
147.71958
283.95259
412.07381
489.84652
537.54665
564.87292
141.19061
261.70887
388.56829
466.39747
514.85757
543.47489
133.01821
238.92757
365.98466
443.49044
492.90326
523.0464
123.51521
215.32987
341.11044
418.89049
469.96648
502.27908
115.81266
191.52284
314.53358
393.31664
446.22078
480.94132
102.83383
166.81694
285.78964
364.79902
420.22449
458.05584
89.473151
140.10559
253.35641
333.04429
391.27668
432.63208
74.015463
112.10933
216.52585
295.99242
357.03779
402.28341
59.290767
82.26836
165.58523
250.50542
315.42529
365.40855
36.981361
54.742611
107.99042
186.9419
260.43225
317.55775
11.527319
24.478497
56.260682
120.13085
186.84714
250.95845
2.0710637
8.7963984
22.988659
57.980057
122.96106
178.53088
1.8605147
4.7747041
9.4903093
21.257065
49.749809
111.40336
2.2299185
6.8269979
11.898917
14.998416
24.612084
56.915024
2.1502388
6.6581204
11.320763
15.587142
21.216484
34.803344
2.441901
8.3224468
13.239371
16.955239
21.499678
26.062891
2.8458854
9.4281593
15.060312
18.878403
22.133803
25.061739
3.4939528
11.854827
17.734702
21.545434
24.478087
27.076544
4.2493871
14.399319
20.904785
24.925053
27.884495
30.44683
5.1694743
17.477887
24.50211
28.692028
31.71963
34.287648
6.0347153
20.412694
28.014183
32.402316
35.482445
38.013681
6.7092113
22.883098
31.100207
35.693793
38.80687
41.256937
7.1640667
24.757511
33.534415
38.288023
41.410271
43.765864
7.5684596
26.101641
35.167967
39.987264
43.088822
45.348298
7.6222637
26.429961
35.735194
40.585391
43.670203
45.877667
7.5291134
26.099941
35.246783
40.110144
43.175384
45.368423
7.3902198
25.005725
33.794558
38.535454
41.568275
43.794065
6.9719305
23.194686
31.470775
36.026456
39.040846
41.345483
6.3676387
20.887853
28.547609
32.899551
35.88018
38.251204
5.4684031
17.944554
25.120492
29.343646
32.305524
34.707888
4.5671676
14.961644
21.593408
25.635482
28.540167
30.91828
3.7080857
11.74505
17.982352
21.893455
24.746755
27.030303
2.9945321
8.8702092
14.567632
18.284275
21.065438
23.061899
2.2110738
5.9571858
11.245321
14.916135
17.780685
19.267613
1.6331707
4.9976946
9.2391188
12.337801
17.033475
18.776186
1.157478
2.9230175
5.6549323
8.8530631
18.131613
24.105687
192.60643
451.76106
585.22615
647.41166
670.62493
670.80844
193.02043
459.53771
593.80615
656.11414
679.75977
680.49248
192.79266
465.55785
600.82966
663.25911
686.95463
687.77324
192.18355
470.82658
606.63314
668.88891
692.45055
693.33327
191.18923
475.0703
611.39943
673.38278
696.65857
697.80895
189.96868
478.47822
615.13973
676.84474
699.90785
701.06918
188.74878
481.32229
617.91702
679.40422
702.41315
703.62122
187.36186
483.94662
620.09767
681.61917
704.56332
705.74473
183.33867
483.69162
621.4525
683.78088
706.78056
707.57187
180.19929
484.38095
623.18565
685.59616
708.15041
708.61495
176.83146
484.5104
624.00854
686.13422
708.49015
708.70248
172.95223
483.96826
623.85352
685.73689
707.91318
707.90704
170.3102
482.84091
622.3407
683.97302
706.07546
706.00231
172.08721
481.33048
621.09103
682.17828
704.11861
703.90506
166.66834
480.74978
620.45682
681.66931
703.31217
702.58292
167.98544
480.33051
619.69295
680.90543
702.31239
701.08848
171.01999
480.31155
619.1006
680.03218
701.1231
699.37919
174.5952
479.91211
617.80998
678.82537
699.74084
697.58871
178.07205
480.02619
616.74834
677.44818
698.37887
695.84897
181.73937
480.98756
616.73771
676.6495
697.24849
694.4068
186.37051
482.68725
617.47159
676.54669
696.57395
693.2723
189.40566
483.33522
618.36431
677.06208
696.62393
692.30088
191.85377
483.43311
618.77835
676.96793
695.8748
690.25414
195.42391
487.19938
620.35732
676.3651
693.87955
686.57013
0.7449885
1.5878294
4.5496253
11.565689
35.112634
39.480998
0.80874914
4.0738375
11.211625
28.230898
71.47787
85.750859
5.648905
14.646226
32.57996
71.317719
119.10157
169.52978
25.704283
38.13372
69.312649
125.31925
194.37024
253.77484
48.092116
62.538049
114.10555
196.47779
265.72473
319.23821
66.308365
88.898283
173.37704
256.35363
321.00951
369.70147
81.595411
116.45419
221.47807
304.97525
366.32247
409.82024
96.28952
144.61267
264.10327
346.09036
403.40041
441.8731
110.39945
173.11222
300.7156
381.57238
434.50506
467.94065
119.01231
201.13421
332.30155
410.67532
460.35629
489.81966
129.32252
228.63936
361.94136
437.77511
483.63043
508.9307
138.71505
254.86442
387.47472
460.84506
503.6986
525.57777
147.45643
280.09583
411.22547
482.31492
522.15944
540.80909
154.73155
302.52533
432.16709
501.85899
539.15669
554.99714
160.70307
323.76891
452.02441
520.41764
555.54113
568.86529
165.48398
339.1154
469.21008
537.86856
571.67053
582.9902
169.77476
351.06105
482.79876
552.99196
586.20971
596.37584
174.55744
368.07109
497.47405
564.7222
596.21894
605.40369
179.00251
383.88431
513.29544
578.42885
607.29037
614.3488
182.70576
397.1788
527.46695
592.02995
619.48415
625.11268
185.95676
410.97154
541.05303
604.37175
630.49616
635.10074
188.46967
422.90384
553.47287
615.95591
640.83667
644.45335
190.44966
434.11717
565.3383
627.1262
650.71106
653.05362
191.77264
443.38513
575.8864
637.61239
660.24031
660.86814
666.22603
670.39168
672.80577
674.10944
675.20439
676.67967
678.52721
680.5641
682.66222
684.56403
686.36116
688.68813
690.75087
691.95103
692.36445
691.92603
690.75718
689.12776
686.99424
684.15044
680.28177
675.28137
668.61417
659.84635
642.93615
645.14644
645.80713
645.76344
645.85761
646.70184
648.01168
649.68888
651.60672
653.50644
655.51386
657.94344
660.2039
661.96154
663.21691
663.88406
663.91156
663.58886
662.88614
661.50787
659.30106
656.19816
651.79251
645.33872
610.06581
609.66012
608.11886
606.45358
605.57138
605.52818
606.08875
607.23615
608.82251
610.63778
612.79194
615.3506
617.90953
620.29606
622.47122
624.36251
625.90733
627.0398
628.03253
628.64073
628.59761
627.80949
625.94057
622.48228
566.91387
563.80814
560.25697
557.34956
555.49462
554.49625
554.3727
555.03869
556.31311
558.05981
560.33889
563.06014
565.96877
568.97731
572.02989
575.06163
578.02276
580.82539
583.45784
586.08361
588.38879
590.16785
591.08545
590.63806
514.11109
508.80773
503.88334
500.0345
497.25377
495.5705
494.95214
495.25845
496.31255
498.02735
500.40703
503.31095
506.57951
510.16488
514.01028
518.05974
522.2655
526.56011
530.8645
535.2624
539.71118
543.94906
547.66024
550.32094
453.18091
446.5786
440.88994
436.37328
433.10644
431.07778
430.18459
430.2806
431.22333
432.95352
435.42459
438.49957
442.08691
446.14892
450.63558
455.50389
460.71698
466.23153
471.98409
477.91292
484.08886
490.40315
496.57514
502.13903
386.50725
379.51252
373.57115
368.92929
365.60791
363.52983
362.57838
362.61503
363.55083
365.33771
367.88667
371.09682
374.91598
379.30722
384.2318
389.65891
395.56422
401.92517
408.71221
415.87477
423.36971
431.21801
439.28578
447.19459
317.19249
310.43024
304.7854
300.45521
297.3925
295.5039
294.67529
294.79595
295.80902
297.65777
300.2522
303.52902
307.45366
311.9944
317.12511
322.82705
329.0881
335.90104
343.25927
351.14648
359.5314
368.38108
377.68396
387.19613
248.36666
242.32905
237.37487
233.64478
231.06193
229.53583
228.9558
229.2498
230.37206
232.25166
234.82668
238.06228
241.93371
246.42078
251.5101
257.1947
263.47368
270.35163
277.83678
285.93587
294.64813
303.96211
313.85871
324.20956
183.18066
178.16058
174.10663
171.1169
169.1115
168.0094
167.71745
168.18706
169.36297
171.19104
173.63958
176.68928
180.32715
184.54593
189.3445
194.72737
200.70404
207.28868
214.49929
222.35538
230.87473
240.07075
249.94997
260.4188
124.34415
120.42137
117.30763
115.06282
113.62096
112.91497
112.86061
113.41424
114.53264
116.18915
118.36948
121.06784
124.28441
128.02256
132.29052
137.10472
142.48557
148.45648
155.04329
162.27335
170.17401
178.7698
188.07948
198.05335
73.93015
71.059863
68.805346
67.218574
66.244381
65.820566
65.871916
66.37166
67.29971
68.647123
70.412967
72.605819
75.237102
78.311085
81.827105
85.824439
90.337976
95.402047
101.05156
107.32221
114.25087
121.87299
130.21005
139.20794
34.411104
32.533167
31.125824
30.177735
29.613673
29.371194
29.395948
29.676864
30.209304
30.998755
32.050464
33.390048
35.054748
37.095816
39.571314
42.48896
45.86953
49.743806
54.150438
59.133902
64.74335
71.030192
78.034517
85.720388
12.144019
11.277883
10.731927
10.409464
10.236533
10.172957
10.204985
10.327018
10.541053
10.858261
11.309423
11.901213
12.644589
13.560041
14.671722
16.00521
17.591025
19.46785
21.685618
24.308612
27.419868
31.123997
35.529683
40.634761
4.0182852
3.8287339
3.7149046
3.6495131
3.6216367
3.6213345
3.6500183
3.7014333
3.7781506
3.8841621
4.0270858
4.211452
4.4423792
4.7273999
5.075434
5.496662
6.0025679
6.6078778
7.3319791
8.200287
9.2517728
10.557116
12.261818
14.539589
1.6805126
1.6800216
1.6780573
1.6789965
1.6867178
1.6994565
1.7168557
1.7380648
1.7637445
1.7952016
1.8345476
1.8839445
1.9454643
2.0213212
2.1143309
2.2279841
2.3664067
2.5347517
2.7394557
2.9878834
3.2925599
3.6784621
4.1963237
4.9077041
1.054157
1.0862454
1.1050321
1.1177239
1.1293512
1.1400959
1.1507657
1.1605074
1.1696798
1.1787327
1.188253
1.1999999
1.2147888
1.2325178
1.2539968
1.2799838
1.313168
1.3557756
1.4085603
1.4724992
1.5508617
1.6520131
1.7927143
1.987118
0.85859652
0.89319311
0.91467672
0.92821487
0.93848514
0.94621264
0.95083326
0.95415208
0.95700321
0.95964809
0.96215018
0.96426755
0.96592474
0.96740273
0.96909245
0.97059989
0.9758822
0.9869287
1.0007615
1.0164072
1.0341748
1.0572269
1.0928594
1.1389941
0.74410624
0.76538392
0.77183182
0.77133229
0.76953534
0.76793203
0.76806377
0.76870495
0.7692337
0.76966806
0.77019197
0.77098559
0.77218777
0.77395708
0.77671591
0.78278893
0.79076933
0.79930591
0.80858002
0.81868326
0.82918023
0.84153343
0.85513006
0.86276657
0.63271234
0.64688346
0.65440413
0.65919053
0.66304116
0.66535973
0.66661605
0.66707248
0.66710749
0.66702746
0.66697761
0.66706823
0.66730858
0.66765071
0.6678432
0.66750707
0.66701025
0.66641764
0.66595626
0.66695781
0.67121549
0.6781306
0.68712383
0.69239888
0.56044349
0.56961088
0.57145893
0.56988295
0.56787649
0.56727792
0.56689333
0.56640889
0.56584007
0.56527828
0.56484253
0.56462491
0.56465133
0.56496117
0.56557753
0.56655508
0.56806499
0.57106668
0.57584175
0.58110102
0.58554841
0.59064039
0.59651141
0.59967621
0.50230109
0.50873077
0.51185029
0.51334697
0.51430549
0.51471149
0.51464813
0.51432536
0.51390645
0.51349573
0.51316695
0.51295784
0.51287709
0.51290627
0.51304321
0.51326144
0.51343495
0.51298593
0.51191471
0.51129208
0.51240341
0.51475382
0.51756476
0.51834128
0.46282714
0.46583198
0.46627377
0.46600833
0.46582439
0.46565545
0.46543258
0.46517061
0.4649131
0.46470614
0.46458218
0.46454953
0.46461126
0.46476619
0.46500798
0.46534327
0.46591208
0.46735033
0.46943257
0.47143626
0.47331653
0.47523492
0.47712737
0.47765369
0.43592122
0.43839264
0.43954461
0.44004616
0.44025716
0.44029187
0.44021748
0.44009633
0.43997078
0.43986972
0.43980503
0.4397735
0.43977699
0.43981573
0.43986861
0.43985156
0.43963073
0.43924816
0.43916895
0.4395342
0.44014379
0.44090127
0.44163822
0.44155794
0.41800434
0.41900133
0.41938812
0.41949256
0.41950392
0.41947805
0.41943588
0.41939574
0.41937199
0.41937281
0.41940222
0.41945528
0.4195426
0.41967461
0.41987862
0.42023611
0.42085036
0.42158573
0.42227455
0.42286663
0.42341803
0.42398499
0.42450019
0.42456525
0.40765755
0.40826769
0.40854831
0.40864056
0.40867656
0.40868235
0.40867203
0.40865783
0.40864724
0.40864231
0.40864899
0.40868121
0.4087292
0.40879128
0.40886939
0.4089662
0.40908369
0.40922233
0.40937937
0.40955167
0.40974079
0.40994425
0.41011089
0.41006829
0.40172914
0.40199667
0.40216336
0.40222854
0.40225326
0.40227187
0.40229588
0.40233018
0.40237779
0.40244217
0.40252273
0.40261531
0.40271578
0.4028213
0.40293369
0.40305344
0.40317982
0.40331067
0.40344202
0.40356876
0.40368541
0.40379372
0.40386995
0.40385857
0.3983157
0.39842595
0.39852452
0.39858048
0.39861606
0.3986507
0.39869135
0.39873909
0.39879384
0.39885539
0.39892367
0.39899845
0.39907789
0.39915383
0.39922471
0.39928913
0.39934411
0.39938802
0.39942187
0.39944892
0.39947204
0.39948698
0.39948175
0.39945326
0.39667306
0.39669918
0.39674451
0.39678058
0.3968098
0.39683864
0.39686982
0.39690352
0.39693916
0.39697632
0.39701537
0.39705698
0.39710215
0.39715453
0.39720726
0.3972543
0.39729264
0.3973216
0.39734366
0.39736339
0.39738421
0.3974032
0.39741624
0.39743304
0.396178
0.3961792
0.39620596
0.39623417
0.39625961
0.39628396
0.39630844
0.3963323
0.39635466
0.39637509
0.39639423
0.3964128
0.39643094
0.39644875
0.39646663
0.39648526
0.39650539
0.39652739
0.39655075
0.39657385
0.39659395
0.39660727
0.39661418
0.39662903
0.39669584
0.39669823
0.39670242
0.39670334
0.39669979
0.39669182
0.3966799
0.39666484
0.39664736
0.39662853
0.39661159
0.39659962
0.39659232
0.39658844
0.39658711
0.39658758
0.39658915
0.39659132
0.39659385
0.39659671
0.39659976
0.39660215
0.3966017
0.39659974
211.42843
253.29407
304.9305
365.93797
433.75564
503.21508
567.21967
618.80155
652.9349
189.84278
229.58103
278.81731
337.3769
403.01507
471.04755
535.04933
588.83095
627.34856
166.94908
204.0727
250.38825
305.89209
368.65258
434.45683
497.46478
552.01368
593.3603
142.87462
176.97507
219.82596
271.58393
330.61386
393.1464
453.86843
507.56365
550.00997
118.03219
148.74205
187.60448
234.92007
289.33835
347.52267
404.68362
456.05275
497.87442
93.04259
120.06249
154.47874
196.71334
245.69384
298.51936
350.93962
398.65111
438.27797
68.626003
91.796191
121.44811
158.10557
200.97351
247.59782
294.26171
337.14733
373.26456
45.56689
64.882516
89.641614
120.4461
156.76124
196.59142
236.77195
273.99822
305.70405
24.64104
40.281766
60.223668
85.167639
114.79405
147.56633
180.89159
211.96537
238.69203
8.8930629
19.057451
34.208008
53.636918
76.778408
102.57602
129.01136
153.83075
175.35171
2.4066709
5.986736
13.895735
26.803657
43.668864
62.96789
82.890349
101.76811
118.29051
0.6480285
1.6248512
4.1483168
9.3733526
18.426173
30.491551
44.124526
57.500209
69.424735
0.46128014
0.61511434
1.2155845
2.8447291
5.8929985
10.842773
17.501824
24.729591
31.630279
0.45493017
0.51841778
0.66419604
1.02878
1.9344728
3.4774562
5.6394507
8.1982468
10.888873
0.45204381
0.50944244
0.59849372
0.71750193
0.96434806
1.3864811
2.030162
2.8108634
3.5966884
0.44500642
0.49496136
0.58135336
0.67980825
0.77863721
0.92032765
1.1307217
1.3527258
1.5563646
0.43707441
0.48083771
0.54708809
0.62923392
0.72355928
0.80100052
0.88448119
0.96291871
1.0159035
0.4259724
0.46301115
0.52281029
0.58668878
0.65040118
0.7250805
0.79082859
0.83371853
0.84572502
0.41612583
0.44670742
0.48950853
0.54002573
0.59210721
0.63714973
0.68177668
0.71859
0.7324328
0.40587776
0.43139779
0.46685717
0.50244465
0.53730669
0.57322093
0.60431126
0.62489781
0.62890105
0.39790751
0.41852005
0.44378125
0.47081369
0.49625515
0.51832852
0.53867704
0.55382221
0.55731563
0.39096966
0.40713041
0.42580935
0.44386513
0.4609388
0.47690427
0.49041362
0.49941106
0.5008635
0.38712612
0.40066014
0.41454904
0.42750453
0.43870907
0.44812242
0.45612914
0.46161905
0.46234079
0.38498335
0.39496038
0.40440866
0.41283894
0.4199791
0.42587639
0.43081496
0.43437141
0.43521395
0.38441289
0.39227463
0.39913931
0.40510006
0.40985509
0.41347281
0.41617818
0.41786737
0.41801134
0.384528
0.39115106
0.39599231
0.39979068
0.40266051
0.40481133
0.40643476
0.40744392
0.40759529
0.38693888
0.39127489
0.39474578
0.39722733
0.39899702
0.40025787
0.40115168
0.40168507
0.40175404
0.38881576
0.39205302
0.39434982
0.39584728
0.39687122
0.39756049
0.3980114
0.39828419
0.39832951
0.39172604
0.39322799
0.39435818
0.39527032
0.39589805
0.39628751
0.39654176
0.39666671
0.39668912
0.39384406
0.39466461
0.39522651
0.39559374
0.39583772
0.39600986
0.39612159
0.39618231
0.39619113
0.3964288
0.39662874
0.39674712
0.39679026
0.39678433
0.39675631
0.39672723
0.39670656
0.39669554
178.77558
159.01414
138.33917
116.73968
94.603371
72.495427
51.003937
30.819013
13.159345
3.6892222
0.82546058
0.40599357
0.38528828
0.38457186
0.38239777
0.38013899
0.37748454
0.37680385
0.37348981
0.3722881
0.36963911
0.36890566
0.3687142
0.36984114
0.3727646
0.3750012
0.38042192
0.38371505
0.38933202
0.39250289
0.39610434
149.7083
131.67373
113.0906
93.712178
73.937068
54.286975
35.182601
17.143636
5.117963
1.1351424
0.35870539
0.31805045
0.31673879
0.31643682
0.31783746
0.31856273
0.32183861
0.32341222
0.32698363
0.32883525
0.33321873
0.33569703
0.34170095
0.34520203
0.35340285
0.35801603
0.36810451
0.37361243
0.38408053
0.38958459
0.39536617
119.329
102.83251
86.609712
69.475094
52.026952
34.730363
17.558985
5.389783
1.2837276
0.32167972
0.26088895
0.25791599
0.25757998
0.25746638
0.25892358
0.25971637
0.26395964
0.26616455
0.27306218
0.27673835
0.28431942
0.28841949
0.29842719
0.30387838
0.31767268
0.32517956
0.34240659
0.35172615
0.37171056
0.38253833
0.39363314
85.089869
69.844824
56.626915
41.591846
26.052522
11.588874
4.208288
0.9361915
0.29928427
0.24705523
0.24107336
0.23740674
0.23429085
0.23124432
0.22893935
0.22628539
0.22188264
0.21939638
0.21781977
0.21597643
0.21952401
0.22117765
0.22780839
0.23040869
0.24640176
0.25553421
0.28280134
0.29760763
0.33565887
0.36078921
0.3882128
40.836753
26.742883
18.677169
10.186927
5.3126287
1.7796356
0.70354492
0.4990327
0.46967877
0.45039763
0.43205578
0.41178125
0.38879709
0.36151143
0.33196581
0.30214572
0.27291999
0.24237252
0.21595057
0.19245361
0.17534314
0.15945065
0.1489598
0.13779891
0.13520655
0.14025532
0.16204466
0.17925593
0.22188431
0.27778233
0.36366523
4.7452962
3.0215365
2.1089515
1.5637145
1.3954525
1.3645851
1.4034442
1.4466483
1.4807878
1.5032363
1.5090499
1.4942931
1.4557842
1.3879758
1.2832548
1.1714972
1.1004454
0.94963935
0.79188785
0.68773432
0.58564494
0.49614612
0.42195631
0.37821856
0.34225275
0.31931284
0.30660656
0.30438088
0.32192558
0.36049339
0.38792907
)
;

boundaryField
{
    Side1
    {
        type            empty;
    }
    Inlet
    {
        type            inletOutlet;
        inletValue      uniform 0.39740317;
        value           uniform 0.39740317;
    }
    Freestream
    {
        type            slip;
    }
    Side2
    {
        type            empty;
    }
    Outlet
    {
        type            zeroGradient;
    }
    Botwall
    {
        type            kqRWallFunction;
        value           nonuniform List<scalar> 
118
(
42.333746
40.966973
39.498557
37.955142
36.348319
34.703672
33.036541
31.365546
29.702641
28.06096
26.449901
24.876333
23.352918
21.881776
20.476566
19.110462
17.798811
16.537067
15.334847
14.228031
13.160934
12.136222
11.073584
10.049895
9.0702338
8.1378113
7.3171006
6.664112
6.1657124
5.8226813
5.6224136
5.5577398
5.5583097
5.5336914
5.4164779
5.151001
4.6777319
4.2151091
4.0535513
4.1692637
4.4665809
4.7536684
4.8823507
4.7464167
4.5354893
4.5112878
4.5692376
4.5943625
4.5386943
4.4776201
4.411143
4.3401277
4.2639535
4.1917907
4.1051396
4.0230016
3.918474
3.8205489
3.671542
3.5244563
3.3081017
3.1537057
2.8255264
7.7082877
11.057454
14.614206
18.262486
22.014687
25.551383
29.08766
32.250799
34.856721
36.911328
38.498797
39.720114
40.562747
41.060914
41.341773
41.530906
41.655195
41.762214
41.864162
42.05515
42.207724
42.583835
42.785797
43.585203
4.7452962
3.0215365
2.1089515
1.5637145
1.3954525
1.3645851
1.4034442
1.4466483
1.4807878
1.5032363
1.5090499
1.4942931
1.4557842
1.3879758
1.2832548
1.1714972
1.1004454
0.94963935
0.79188785
0.68773432
0.58564494
0.49614612
0.42195631
0.37821856
0.34225275
0.31931284
0.30660656
0.30438088
0.32192558
0.36049339
0.38792907
)
;
    }
    Cyli
    {
        type            kqRWallFunction;
        value           nonuniform List<scalar> 
96
(
192.19625
189.09759
186.06344
183.10448
180.38421
177.23819
174.58697
170.77051
167.67188
162.42669
157.43842
152.76653
147.71958
141.19061
133.01821
123.51521
115.81266
102.83383
89.473151
74.015463
59.290767
36.981361
11.527319
2.0710637
1.8605147
2.2299185
2.1502388
2.441901
2.8458854
3.4939528
4.2493871
5.1694743
6.0347153
6.7092113
7.1640667
7.5684596
7.6222637
7.5291134
7.3902198
6.9719305
6.3676387
5.4684031
4.5671676
3.7080857
2.9945321
2.2110738
1.6331707
1.157478
192.60643
193.02043
192.79266
192.18355
191.18923
189.96868
188.74878
187.36186
183.33867
180.19929
176.83146
172.95223
170.3102
172.08721
166.66834
167.98544
171.01999
174.5952
178.07205
181.73937
186.37051
189.40566
191.85377
195.42391
0.7449885
0.80874914
5.648905
25.704283
48.092116
66.308365
81.595411
96.28952
110.39945
119.01231
129.32252
138.71505
147.45643
154.73155
160.70307
165.48398
169.77476
174.55744
179.00251
182.70576
185.95676
188.46967
190.44966
191.77264
)
;
    }
}


// ************************************************************************* //
