/*--------------------------------*- C++ -*----------------------------------*\
| =========                 |                                                 |
| \\      /  F ield         | OpenFOAM: The Open Source CFD Toolbox           |
|  \\    /   O peration     | Version:  2406                                  |
|   \\  /    A nd           | Website:  www.openfoam.com                      |
|    \\/     M anipulation  |                                                 |
\*---------------------------------------------------------------------------*/
FoamFile
{
    version     2.0;
    format      ascii;
    arch        "LSB;label=32;scalar=64";
    class       volScalarField;
    location    "0.096";
    object      omega;
}
// * * * * * * * * * * * * * * * * * * * * * * * * * * * * * * * * * * * * * //

dimensions      [0 0 -1 0 0 0 0];

internalField   nonuniform List<scalar> 
8260
(
19410.502
16546.862
13852.827
11446.616
9364.3957
7591.1072
6098.278
4854.9898
3830.8335
2996.0324
2323.0284
1786.6604
1363.9806
1034.3557
777.68423
573.6021
394.33157
262.19945
200.47665
169.10623
148.94178
133.86889
123.60188
115.62431
110.18605
106.20171
103.5016
101.68114
100.41497
99.599976
99.165844
16026.432
13805.078
11763.68
9910.2866
8254.742
6799.1686
5538.6334
4462.9781
3558.5695
2808.7716
2195.3353
1700.3113
1306.045
995.77612
751.6697
554.50692
378.46704
252.21143
196.59625
167.25665
147.8715
133.20754
123.14038
115.30776
109.9836
106.08262
103.43224
101.6409
100.39204
99.585591
99.158187
13125.723
11489.377
9950.0634
8520.6583
7211.1099
6029.1541
4979.4065
4062.6278
3275.6536
2611.283
2059.1299
1607.4059
1243.3043
953.77389
723.23929
533.53591
362.37682
245.57678
194.53814
166.27402
147.30593
132.85696
122.89508
115.1364
109.87069
106.01589
103.39122
101.61411
100.37532
99.573043
99.149198
10633.684
9466.7355
8330.9092
7246.73
6227.0917
5283.1741
4424.1627
3656.5363
2983.4435
2404.1708
1914.468
1507.7144
1175.4148
907.9622
691.96411
510.06615
344.9649
237.85404
191.582
164.66622
146.32351
132.22764
122.44689
114.82345
109.66162
105.89217
103.31677
101.56956
100.34937
99.555807
99.137954
8519.3915
7709.7095
6888.8109
6083.6858
5306.2154
4567.9094
3879.3733
3249.5658
2685.0301
2189.1757
1762.1647
1401.4915
1102.3327
858.13095
657.4628
483.38727
325.75113
230.26017
188.77932
163.14916
145.40308
131.64834
122.0448
114.55109
109.48085
105.78761
103.25331
101.52966
100.32531
99.538391
99.125131
6751.818
6199.1877
5618.7521
5034.4695
4455.4933
3891.5717
3352.5259
2847.5472
2384.4186
1968.7435
1603.5348
1289.3079
1024.1913
804.13787
619.28534
452.82021
305.00632
222.64313
185.54204
161.25242
144.20491
130.87317
121.49656
114.17737
109.22918
105.64081
103.16445
101.47568
100.29379
99.516728
99.110368
5289.8877
4918.698
4517.0953
4103.0331
3682.576
3262.8376
2851.6386
2456.9688
2086.3178
1745.9555
1440.3777
1172.0516
941.29924
745.8711
576.79056
417.77316
283.51578
215.26685
182.17026
159.24137
142.92877
130.0541
120.92804
113.80305
108.97803
105.49765
103.07776
101.42166
100.26171
99.493527
99.093592
4093.8771
3849.0156
3577.3
3290.9944
2993.5795
2689.611
2384.5829
2084.6098
1795.9533
1524.4506
1274.9623
1050.9314
854.13439
683.17699
528.94118
377.88895
262.55908
208.09977
178.39054
156.86667
141.3838
129.04555
120.21936
113.33657
108.6622
105.31592
102.96758
101.35424
100.22233
99.465704
99.074437
3126.9159
2968.7181
2789.1847
2596.2628
2391.6166
2177.7786
1958.1593
1736.9125
1518.6764
1308.2022
1109.9085
927.39808
763.24018
615.65307
474.07115
334.19476
243.79558
201.11673
174.29222
154.24929
139.67106
127.93079
119.44352
112.84312
108.3318
105.1276
102.85387
101.28364
100.18056
99.435024
99.052608
2354.5455
2254.7488
2139.2282
2012.8563
1876.1917
1730.3858
1577.2471
1419.235
1259.3781
1101.0959
947.89409
802.91289
668.84453
542.14897
410.15996
290.75445
228.23704
194.01927
169.66909
151.20941
137.65056
126.60244
118.51102
112.25371
107.93991
104.89869
102.71569
101.19868
100.13065
99.398753
99.027645
1745.2255
1683.8526
1611.9309
1531.8366
1443.568
1347.4655
1244.2568
1135.122
1021.7385
906.24775
791.06819
678.39077
570.13132
458.79205
338.50539
255.41468
215.57061
186.53953
164.58028
147.82441
135.37782
125.11292
117.47089
111.61371
107.52852
104.65418
102.56976
101.10778
100.07617
99.358254
98.999067
1269.662
1233.1808
1190.0096
1141.1627
1086.3264
1025.3275
958.18289
885.18555
807.01012
724.7413
639.72761
552.43828
462.33525
362.85954
275.73821
232.33454
203.36926
178.24013
159.01485
143.87653
132.78391
123.37913
116.25969
110.8632
107.05594
104.36505
102.3976
101.00095
100.01133
99.311158
98.966033
900.61554
880.07181
855.35242
826.80309
793.93806
756.28232
713.45157
665.20857
611.58406
552.864
489.67247
420.90947
345.94131
278.74516
239.23183
213.99755
190.14606
170.13715
152.7929
139.85957
129.78351
121.39819
114.94362
110.04927
106.55051
104.05797
102.2148
100.88655
99.939179
99.259061
98.922931
609.66424
598.09131
583.91755
567.40557
547.95032
524.74529
497.39974
465.68591
429.48633
388.37656
344.7731
300.58124
262.10015
233.09898
214.01406
194.99986
177.7982
160.42669
146.33298
135.1589
126.61673
119.24765
113.42965
109.14792
105.96885
103.71139
102.0045
100.75484
99.854928
99.200108
98.872787
389.49665
382.71134
375.02796
366.54082
356.32889
343.75643
328.95526
312.48058
293.94621
273.85275
254.23944
234.19566
217.92502
206.71185
191.18572
178.09128
163.3616
151.41658
139.50826
130.82223
123.13456
116.88521
111.93662
108.22059
105.34679
103.3435
101.78583
100.6156
99.763522
99.136306
98.817163
265.84641
262.57065
258.61951
254.45799
249.89342
244.64136
238.40244
231.69003
222.90077
214.39536
205.76319
197.85854
191.49772
180.8996
170.17499
160.63739
151.79258
141.68365
133.01916
125.82529
119.79904
114.69512
110.24268
107.28087
104.6981
102.93031
101.54581
100.45818
99.661363
99.065928
98.757307
200.31618
199.12553
197.74142
196.08433
194.41413
192.36265
189.73629
187.21993
184.47203
182.20643
175.94144
169.28626
164.45957
158.23125
151.95664
147.55757
140.50745
134.27363
127.10232
121.69857
116.44311
112.43074
108.88929
106.31657
104.03221
102.50978
101.30009
100.3068
99.552489
98.989605
98.694965
166.45689
165.64616
165.00646
164.35131
163.75637
163.86319
163.78613
162.27966
160.00418
155.62049
153.72357
153.2405
149.59658
142.80047
137.63644
134.03917
132.52753
127.69279
122.78403
117.33586
113.49715
110.63328
107.415
105.34586
103.40809
102.07267
101.03394
100.14144
99.43293
98.906393
98.628803
147.88234
147.92419
147.78259
147.28884
146.31612
144.48301
142.23581
140.90869
140.20387
139.87094
139.14388
135.61232
133.81253
131.27215
128.62312
125.15016
122.93826
121.94937
119.08921
114.84188
111.23537
108.57255
106.24466
104.39909
102.85549
101.68223
100.76326
99.975598
99.312399
98.814702
98.554566
130.37287
130.22114
130.07157
129.87066
129.69091
129.89863
130.74682
130.78499
130.04644
128.26992
125.8311
125.24603
124.49679
123.51172
122.97024
119.83192
117.10562
114.87383
114.4761
112.12846
109.24051
107.10449
105.15185
103.54262
102.29665
101.33164
100.48662
99.781702
99.178919
98.717751
98.476105
121.2211
121.34496
121.3421
121.20438
120.87725
120.25914
119.1015
118.47534
118.04375
117.59307
117.63097
116.80909
115.04195
114.5346
114.00002
114.86832
112.96262
110.48046
109.28905
109.04232
107.72405
105.74472
104.40249
102.76092
101.8494
101.00382
100.24437
99.59753
99.039256
98.613677
98.391226
112.64927
112.66277
112.62949
112.53806
112.42092
112.31238
112.40755
112.58359
112.41169
111.91784
111.03103
110.35955
110.25672
109.81641
109.09453
108.67344
108.55718
107.63891
106.34033
105.49222
105.89594
104.87919
103.5487
102.18639
101.44716
100.64116
100.01662
99.393602
98.889024
98.506931
98.304759
108.30971
108.38426
108.38297
108.32116
108.19961
108.01763
107.68262
107.17999
106.98595
106.89647
106.82305
106.85641
106.6851
106.47002
106.41021
105.47115
105.35559
105.46643
104.55547
103.66854
103.33865
103.43372
102.9572
101.74778
100.98806
100.37515
99.814545
99.198915
98.731325
98.399426
98.218137
103.82078
103.84904
103.84327
103.81106
103.76995
103.73925
103.7809
103.99586
104.12595
104.21582
104.33234
104.35528
104.35895
104.15131
103.61293
103.62691
103.29618
103.03429
103.01983
102.41841
101.86117
101.76799
101.91659
101.2513
100.68207
100.02434
99.494925
98.984724
98.585126
98.294263
98.132546
101.57324
101.62403
101.63541
101.61894
101.58177
101.52219
101.4292
101.31227
101.29957
101.33699
101.39642
101.45957
101.49144
101.54283
101.53148
101.41666
101.4582
101.0523
101.2246
101.51516
101.10036
100.6327
100.46802
100.57752
100.15563
99.558436
99.202864
98.800315
98.439474
98.195082
98.056112
99.703649
99.723026
99.726895
99.725455
99.729358
99.742778
99.766964
99.801843
99.87295
99.957005
100.04216
100.11785
100.18319
100.13055
100.14881
100.01729
99.927692
100.08475
99.971238
99.940186
100.13421
99.996642
99.550792
99.58058
99.420721
99.231191
98.850493
98.579934
98.307332
98.113168
98.008556
98.908692
98.924918
98.927495
98.923927
98.922681
98.927113
98.937186
98.951799
98.969102
98.988533
99.00807
99.024465
99.036907
99.057139
99.078921
99.128338
99.211029
99.20192
99.279194
99.139354
99.210234
99.260478
99.053319
99.010615
98.895471
98.814404
98.61029
98.402949
98.21757
98.067927
97.982421
98.419893
98.428919
98.433971
98.43868
98.445897
98.455904
98.468323
98.483142
98.500818
98.522344
98.549662
98.585492
98.62961
98.670435
98.698338
98.702087
98.706855
98.742461
98.762639
98.767989
98.789778
98.75783
98.710608
98.661221
98.628216
98.563296
98.444195
98.30984
98.171736
98.049002
97.967967
98.235598
98.241114
98.244878
98.248941
98.254761
98.26249
98.271945
98.283175
98.296736
98.314028
98.337544
98.369792
98.410792
98.445063
98.464319
98.474881
98.492457
98.51668
98.535335
98.548949
98.550274
98.537195
98.520334
98.494915
98.490834
98.440231
98.369357
98.270348
98.156324
98.059347
98.023212
98.164385
98.169123
98.173494
98.17836
98.184422
98.191705
98.200188
98.210084
98.222042
98.237469
98.259249
98.292269
98.336628
98.371301
98.388287
98.393132
98.398873
98.415679
98.43142
98.451277
98.456206
98.460788
98.456976
98.439219
98.442435
98.405132
98.34644
98.267966
98.217637
98.17579
98.130112
98.283041
98.281695
98.280684
98.279918
98.279418
98.279289
98.279678
98.280862
98.283232
98.287339
98.29446
98.307924
98.333453
98.357605
98.366348
98.375764
98.388322
98.397329
98.415701
98.425152
98.438033
98.45001
98.455329
98.447317
98.445831
98.424318
98.39083
98.36121
98.34366
98.309986
98.305109
106341.48
90206.005
71119.198
54710.285
41766.582
31505.943
23476.476
17353.718
12735.579
9259.4746
6666.2577
4756.7922
3367.6441
2367.6779
1654.4604
1149.0809
790.28405
529.43074
343.94254
229.35699
172.83848
145.80166
130.78165
121.1311
114.0779
108.7904
105.10811
102.67341
101.04923
100.01392
99.486878
94301.903
71224.372
54463.723
42544.124
33107.959
25504.875
19479.636
14710.159
10972.713
8085.0681
5892.0377
4252.4377
3042.7694
2160.6045
1523.7212
1067.0326
738.20674
495.73424
322.1325
217.41248
167.77277
143.62774
129.7211
120.48745
113.6725
108.53375
104.96205
102.59469
101.00721
99.992095
99.478535
75458.468
59790.883
47858.385
37890.097
29515.385
22689.517
17272.732
13034.836
9746.125
7217.4733
5295.3132
3850.8962
2777.4204
1988.0068
1412.9864
996.65144
693.244
467.00822
305.06102
210.39278
165.44263
142.64813
129.24296
120.18513
113.47772
108.40568
104.88199
102.54706
100.97808
99.974619
99.466731
66195.163
53325.892
42377.831
33271.759
25890.238
19988.666
15308.054
11618.823
8735.2208
6506.6556
4803.88
3516.8489
2554.088
1841.0526
1317.6836
935.47484
653.83079
441.8767
289.96083
203.16399
162.35646
141.20959
128.4969
119.69114
113.15654
108.19527
104.76011
102.47967
100.94051
99.954291
99.45346
59023.176
47038.752
37259.236
29345.191
22953.046
17811.558
13703.06
10447.054
7893.1274
5911.5267
4390.0206
3233.5499
2363.1819
1714.3905
1234.8527
881.81703
618.94303
419.19555
276.26545
197.24334
160.26011
140.27751
128.01529
119.36316
112.94301
108.05423
104.67539
102.43008
100.91028
99.936339
99.441925
52443.688
41837.412
33239.167
26246.481
20579.215
16014.795
12362.282
9463.1951
7183.4576
5407.7689
4037.8438
2991.0193
2198.6719
1604.4855
1162.4529
834.44165
587.88911
398.35718
263.952
192.00476
158.10105
139.20496
127.43313
118.95575
112.6732
107.87495
104.5704
102.3706
100.87567
99.916909
99.431035
47342.476
37751.543
29975.723
23679.03
18596.776
14508.238
11235.363
8634.0061
6582.8927
4979.3336
3736.6939
2782.4334
2056.3342
1508.7969
1098.9794
792.54201
560.14142
379.33464
252.98662
187.57586
156.41774
138.39291
126.99158
118.6363
112.46112
107.73402
104.48691
102.3216
100.84539
99.898862
99.419244
43229.424
34355.509
27247.327
21535.954
16940.672
13246.012
10288.114
7934.1108
6073.5499
4614.1083
3478.5987
2602.6811
1932.9799
1425.3828
1043.2678
755.46161
535.22966
362.00618
243.31669
183.78153
154.84361
137.56525
126.52305
118.28991
112.22696
107.57764
104.39478
102.26821
100.81307
99.880096
99.406628
39701.474
31499.751
24974.292
19750.627
15555.535
12186.917
9490.581
7342.4943
5641.0773
4302.4993
3257.274
2447.7343
1826.0881
1352.7059
994.46786
722.66208
512.99474
346.30912
234.88418
180.5787
153.54708
136.88848
126.13652
117.99488
112.02612
107.44423
104.3158
102.2213
100.78345
99.862159
99.393624
36811.016
29139.842
23084.478
18259
14394.43
11297.082
8818.5963
6842.2604
5273.9145
4036.7625
3067.6395
2314.33
1733.6109
1289.5153
951.88669
693.81314
493.04371
332.1544
227.6114
177.8722
152.3884
136.24285
125.75403
117.6972
111.8199
107.30698
104.23425
102.17292
100.75312
99.843921
99.380433
34345.096
27149.637
21496.38
17006.756
13420.07
10549.476
8252.7387
6419.7454
4962.6682
3810.58
2905.5349
2199.7854
1653.8543
1234.7729
914.85534
668.54527
475.16237
319.47135
221.40335
175.60083
151.41825
135.69766
125.42465
117.43367
111.63536
107.18515
104.1614
102.12885
100.72462
99.826212
99.367129
32266.585
25475.239
20162.668
15956.251
12603.428
9922.3223
7777.3132
6063.8497
4699.6787
3618.7745
2767.5331
2101.8767
1585.4013
1187.6625
882.81405
646.5539
459.2383
308.19603
216.1656
173.70086
150.57831
135.20014
125.11155
117.17881
111.45398
107.06537
104.08907
102.08486
100.69616
99.808429
99.353721
30492.661
24059.541
19041.081
15076.123
11920.139
9397.8964
7379.524
5765.5639
4478.7047
3457.1027
2650.8057
2018.7537
1527.0983
1147.3682
855.2454
627.59525
445.12585
298.27706
211.80171
172.12486
149.88086
134.7788
124.83656
116.94995
111.28908
106.95721
104.02303
102.04396
100.66909
99.791011
99.340223
28975.581
22861.605
18098.814
14340.786
11351.303
8962.1365
7049.0109
5517.5589
4294.6904
3322.1641
2553.079
1948.9946
1477.9481
1113.1832
831.72593
611.37563
432.70533
289.66972
208.21878
170.83055
149.29891
134.41007
124.58232
116.73515
111.13197
106.85398
103.95907
102.00392
100.64248
99.773635
99.326635
27682.188
21853.132
17313.309
13732.123
10883.001
8604.4747
6778.0991
5314.3483
4143.7753
3211.457
2472.6909
1891.3583
1437.14
1084.6805
812.02509
597.58659
421.85073
282.32016
205.33491
169.78573
148.83268
134.1053
124.35876
116.54259
110.98916
106.76034
103.90011
101.96631
100.61706
99.756559
99.312933
26612.239
21026.241
16674.907
13240.791
10506.732
8318.197
6561.7654
5152.3225
4023.2524
3122.6888
2408.0538
1844.7548
1404.0383
1061.4719
795.93004
586.15213
412.47554
276.19061
203.05983
168.96397
148.46829
133.85389
124.15833
116.36669
110.85658
106.67286
103.84397
101.92994
100.59237
99.739635
99.299081
25769.265
20378.812
16177.592
12859.787
10216.037
8097.5226
6395.1781
5027.3023
3930.1181
3053.7032
2357.6343
1808.3684
1378.1132
1043.2372
783.25162
577.10929
404.60906
271.23189
201.25744
168.34488
148.20272
133.66002
123.98609
116.21114
110.7373
106.59374
103.79212
101.89561
100.56876
99.722969
99.285073
25000.628
19823.324
15770.777
12559.317
9992.8726
7931.2459
6271.1621
4934.6528
3861.4056
3003.0106
2320.535
1781.5517
1358.9587
1029.7238
773.82576
570.3633
398.29787
267.31443
199.91936
167.91239
148.02802
133.51866
123.83946
116.07331
110.62931
106.52122
103.74347
101.86274
100.546
99.706491
99.270899
24188.203
19276.875
15399.019
12304.282
9816.1268
7807.2852
6183.2233
4871.4891
3815.4752
2969.4615
2296.0684
1763.8366
1346.2763
1020.7467
767.52985
565.8447
393.57209
264.36302
198.99515
167.65373
147.94096
133.43111
123.72152
115.95499
110.53391
106.45629
103.69874
101.83173
100.52428
99.690265
99.256559
23528.827
18834.993
15105.518
12111.612
9690.802
7725.9465
6130.1657
4836.1533
3791.2215
2952.3345
2283.7449
1754.9195
1339.8725
1016.1816
764.28539
563.48628
390.45622
262.31115
198.46297
167.56067
147.93932
133.39556
123.63234
115.85553
110.45023
106.39819
103.65746
101.80233
100.50348
99.674258
99.242104
22943.071
18473.97
14886.087
11982.08
9617.7038
7687.1833
6111.4515
4828.0561
3788.1134
2951.2635
2283.3306
1754.6488
1339.6359
1015.9731
764.06222
563.23192
388.9793
261.11049
198.30472
167.62595
148.02502
133.41071
123.57493
115.77658
110.37895
106.34744
103.61999
101.77474
100.48368
99.658477
99.227598
22419.927
18178.919
14732.075
11912.078
9596.1043
7690.4091
6124.6305
4843.9273
3803.0714
2964.4363
2294.1515
1762.8866
1345.5453
1020.1205
766.87702
565.10987
389.12556
260.74971
198.48756
167.87427
148.19269
133.4923
123.55088
115.71836
110.3195
106.30352
103.58597
101.74873
100.46471
99.642851
99.212945
21931.644
17933.148
14634.031
11897.082
9620.3774
7729.9346
6167.7006
4885.3178
3839.9767
2994.56
2317.3025
1779.9444
1357.6767
1028.6643
772.78283
569.21225
390.93868
261.07215
199.06132
168.27889
148.45243
133.6154
123.55596
115.68011
110.27091
106.26596
103.55515
101.72418
100.44648
99.627336
99.197749
21428.476
17706.763
14572.84
11922.781
9683.7928
7804.9031
6240.2118
4948.439
3891.6384
3034.972
2347.6618
1801.9797
1373.2276
1039.4766
780.1296
574.20861
393.77711
262.04154
199.81264
168.73871
148.72752
133.75406
123.58055
115.65789
110.23055
106.23337
103.52682
101.7008
100.42887
99.61196
99.181688
103661.56
88057.671
69999.843
54379.638
42001.484
32198.533
24306.904
18101.88
13324.048
9705.3388
6992.5768
4988.1831
3527.0923
2474.7482
1724.6845
1194.1595
818.65459
546.64017
353.90323
233.79006
174.3854
146.41564
131.06133
121.32432
114.20892
108.88239
105.16859
102.71003
101.07163
100.02744
99.490352
98333.069
83749.698
67430.264
53174.38
41485.05
31955.304
24237.411
18133.435
13409.234
9802.6132
7081.6631
5061.0606
3582.5952
2514.8798
1752.5178
1212.7578
830.82379
554.4517
359.06555
236.38361
175.33455
146.79611
131.2203
121.4376
114.28796
108.9427
105.20773
102.73394
101.0866
100.03735
99.493558
93026.291
79768.332
64694.94
51589.349
40634.606
31558.23
24114.32
18152.257
13488.997
9898.8579
7172.2117
5136.3916
3640.6291
2557.1927
1782.0417
1232.571
843.79451
562.74293
364.56463
239.20333
176.3687
147.20468
131.40541
121.56688
114.37647
109.00422
105.25141
102.76091
101.10321
100.04712
99.498568
88081.82
76057.888
62064.977
49993.415
39751.244
31129.822
23965.786
18152.449
13561.068
9992.7417
7263.4149
5213.7471
3701.0202
2601.653
1813.2851
1253.6503
857.60024
571.55771
370.39948
242.26128
177.50527
147.65046
131.56797
121.68032
114.45813
109.07105
105.29342
102.78665
101.1195
100.05843
99.504994
83298.481
72615.371
59571.234
48404.662
38836.853
30667.34
23789.843
18140.765
13623.864
10082.847
7354.3841
5292.6573
3763.5691
2648.2136
1846.2736
1276.0489
872.27443
580.99816
376.56036
245.56013
178.76392
148.16146
131.82356
121.84669
114.56737
109.14191
105.34471
102.81836
101.1388
100.07009
99.510384
78642.404
69386.173
57197.285
46827.109
37892.853
30169.198
23583.886
18108.444
13674.869
10167.437
7443.9959
5372.4914
3827.981
2696.7763
1881.009
1299.8103
887.87001
591.09779
382.90739
249.09783
180.11566
148.68276
131.99919
121.96927
114.65782
109.21644
105.39616
102.85004
101.15829
100.08247
99.513322
74020.125
66322.902
54948.785
45267.276
36918.5
29630.752
23342.217
18047.57
13710.463
10244.441
7531.0796
5452.663
3894.0226
2747.2962
1917.5321
1325.0042
904.48917
601.88225
389.57983
252.88288
181.60054
149.27711
132.23673
122.1206
114.7626
109.29501
105.45056
102.88356
101.17881
100.09558
99.517021
69488.216
63331.046
52786.923
43720.702
35914.869
29052.394
23064.537
17960.397
13728.556
10312.997
7615.1399
5532.9186
3961.612
2799.7934
1955.9127
1351.7031
922.19327
613.39373
396.93897
256.93304
183.21811
149.9267
132.49395
122.28124
114.87201
109.37695
105.50775
102.91867
101.20035
100.10941
99.524761
65058.93
60412.143
50712.427
42195.859
34885.315
28432.208
22746.591
17841.905
13724.904
10369.938
7694.0265
5611.9225
4030.0171
2853.9191
1996.0143
1379.8629
941.00668
625.67372
404.8359
261.25539
184.98084
150.63513
132.76698
122.44493
114.9835
109.46371
105.5681
102.95571
101.22296
100.12387
99.537883
60790.289
57462.411
48693.934
40684.926
33829.029
27768.562
22385.562
17689.9
13704.194
10413.471
7766.0115
5688.5637
4098.6279
2909.3967
2037.7445
1409.4774
960.95867
638.85593
413.27124
265.86866
186.90098
151.41018
133.06732
122.62293
115.10143
109.55399
105.63129
102.99429
101.24663
100.13905
99.549803
56767.304
54505.241
46710.047
39185.188
32746.582
27060.411
21978.692
17500.162
13654.546
10440.424
7829.049
5761.5549
4166.7082
2965.8631
2080.9661
1440.5236
982.0632
652.94371
422.34517
270.80558
188.9923
152.25239
133.38499
122.80058
115.2165
109.65012
105.69793
103.03482
101.27143
100.15489
99.559559
52955.164
51527.28
44726.201
37693.979
31639.097
26306.883
21523.04
17268.061
13570.699
10442.402
7880.296
5829.3681
4233.3917
3022.8748
2125.4927
1472.9552
1004.3301
667.8418
431.71586
276.03313
191.2702
153.17074
133.74054
122.99914
115.34363
109.74993
105.76705
103.07677
101.29723
100.17152
99.569122
49477.573
48535.779
42640.249
36152.334
30487.021
25501.305
21014.484
16990.029
13453.348
10428.842
7918.4924
5890.4384
4297.6851
3079.8967
2171.0827
1506.6979
1027.763
683.59436
441.35931
281.59387
193.73383
154.1598
134.11581
123.19486
115.45681
109.85544
105.83973
103.12051
101.32421
100.18878
99.580255
46302.191
45556.606
40479.096
34565.99
29288.906
24641.322
20450.224
16663.032
13299.128
10390.3
7940.9993
5942.9994
4358.4788
3136.3088
2217.4357
1541.6458
1052.3531
700.22355
451.54027
287.50089
196.40697
155.23727
134.54329
123.41181
115.59465
109.96572
105.91404
103.16575
101.35206
100.20688
99.59276
43374.234
42556.682
38203.569
32883.153
28022.294
23719.301
19826.755
16283.86
13103.043
10316.864
7940.4928
5984.6911
4414.4918
3191.4086
2264.2132
1577.6625
1078.0749
717.7384
462.29432
293.81122
199.2803
156.37799
134.99366
123.63764
115.70311
110.07783
105.99164
103.21227
101.38112
100.22546
99.605858
40648.397
39590.539
35810.88
31093.668
26676.853
22729.808
19141.589
15850.542
12863.233
10212.88
7926.465
6014.8603
4464.5678
3244.4307
2311.011
1614.5803
1104.8864
736.13622
473.72202
300.37214
202.40157
157.64004
135.51528
123.85713
115.85127
110.19839
106.06977
103.26109
101.41095
100.24481
99.619192
37978.715
36620.303
33278.636
29174.628
25239.355
21669.442
18394.887
15363.396
12579.305
10076.447
7889.2219
6031.4149
4507.5168
3294.5913
2357.3837
1652.2071
1132.7451
755.42447
485.94853
307.70195
205.70089
158.93935
136.05924
124.1356
115.96665
110.31034
106.15024
103.30996
101.44177
100.26441
99.632502
35249.705
33639.784
30688.554
27167.883
23729.777
20548.979
17593.646
14826.659
12252.882
9906.1729
7824.2526
6030.2435
4541.8906
3341.0951
2402.8779
1690.3359
1161.6223
775.7014
499.13623
315.59159
209.33198
160.41861
136.69443
124.33606
116.11307
110.43714
106.23082
103.36307
101.47353
100.28481
99.645656
32361.882
30659.243
28086.579
25118.511
22173.03
19385.289
16750.474
14248.959
11888.951
9704.7099
7737.201
6018.9005
4567.7965
3383.3533
2447.0569
1728.7366
1191.4177
797.04182
513.35158
323.36099
213.0163
161.91519
137.3464
124.67536
116.26908
110.54199
106.31174
103.41369
101.50538
100.30519
99.658526
29442.314
27804.714
25608.152
23136.58
20639.896
18221.134
15891.63
13646.458
11497.014
9477.1309
7629.3384
5991.0079
4584.56
3420.9005
2489.5259
1767.151
1221.9829
819.2953
528.35721
331.73341
217.23891
163.60211
138.09484
124.88937
116.38825
110.66364
106.39431
103.47124
101.53906
100.32607
99.670948
26682.031
25205.172
23354.344
21300.543
19188.522
17096.522
15045.126
13038.398
11089.525
9230.6448
7503.6785
5947.7397
4591.8231
3453.4449
2529.9764
1805.3542
1253.1994
842.45093
544.22145
340.89237
221.45753
165.30174
138.86327
125.21462
116.60482
110.7664
106.47313
103.52244
101.57048
100.34624
99.68274
24219.686
22941.765
21391.33
19667.844
17867.147
16050.083
14240.076
12445.76
10680.827
8974.2572
7365.2898
5892.9726
4590.1847
3480.8708
2568.1899
1843.1512
1284.9542
866.46828
560.90698
350.66916
226.21399
167.31017
139.71699
125.5786
116.71136
110.86387
106.55687
103.58257
101.60588
100.36654
99.69372
22106.883
21032.844
19731.897
18267.384
16710.358
15113.143
13501.876
11888.463
10285.609
8717.9736
7220.4983
5830.659
4583.6746
3503.9748
2604.1527
1880.3871
1317.1433
891.30878
578.3823
360.74914
231.52465
169.31209
140.612
125.77976
116.94112
110.98586
106.62956
103.63339
101.63488
100.38522
99.703692
20380.61
19482.42
18379.712
17113.961
15740.682
14309.529
12852.205
11384.538
9917.8323
8471.8066
7075.7965
5763.951
4570.6511
3523.1135
2637.9467
1916.9766
1349.6858
916.96498
596.76429
371.65853
236.5481
171.25764
141.39278
126.31649
117.0879
111.04694
106.71026
103.69226
101.67103
100.40356
99.712428
18993.642
18245.508
17305.595
16198.324
14966.193
13657.552
12311.803
10951.932
9591.2707
8245.591
6937.6782
5696.7051
4554.5104
3539.0829
2669.7439
1952.8557
1382.4859
943.40557
616.1429
383.90745
242.2524
173.75652
142.59535
126.57743
117.27597
111.18472
106.77542
103.74303
101.69588
100.41879
99.719641
17867.079
17249.671
16451.468
15481.89
14369.14
13156.871
11890.264
10603.643
9318.0692
8048.4894
6812.2688
5632.6274
4537.1647
3552.6752
2699.695
1987.9357
1415.4139
970.51893
636.38006
397.10581
248.43362
175.80536
143.08254
126.91053
117.55644
111.25293
106.8452
103.79616
101.72875
100.43318
99.724933
16918.785
16416.801
15745.002
14901.425
13900.417
12776.222
11574.676
10339.746
9103.6402
7886.6315
6704.3391
5574.7165
4520.1242
3564.4211
2727.8396
2022.031
1448.2411
998.15011
657.38489
411.07324
254.97584
177.97921
144.21097
127.67081
117.6823
111.35619
106.90913
103.84208
101.74782
100.44378
99.727972
16052.947
15658.91
15105.912
14383.149
13493.568
12460.611
11325.757
10137.722
8938.936
7758.3886
6614.9612
5524.394
4504.405
3574.8624
2754.1477
2054.8838
1480.7008
1026.0994
679.05053
425.85523
262.17036
180.5844
145.29076
127.92829
117.96945
111.50463
106.95936
103.8817
101.77201
100.45258
99.728167
15169.244
14878.34
14441.823
13841.372
13070.361
12141.672
11088.491
9958.0167
8798.8715
7649.9316
6537.2093
5478.0259
4487.4776
3581.7568
2777.1862
2085.6911
1512.3466
1054.075
701.17953
441.21685
269.43381
182.69547
146.07131
128.59439
118.28884
111.54823
107.01263
103.91264
101.78329
100.45606
99.725282
14212.955
14008.165
13679.059
13200.874
12556.975
11748.143
10797.115
9745.3311
8642.4313
7534.5282
6455.5306
5427.193
4464.7201
3581.7258
2795.6441
2113.579
1542.5561
1081.7311
723.6157
457.19609
277.29514
185.0624
147.08274
129.03871
118.43042
111.64134
107.06148
103.93646
101.79238
100.45495
99.718448
13197.458
13049.986
12799.908
12422.743
11898.538
11218.083
10389.854
9443.226
8424.0981
7379.9661
6349.6799
5360.7552
4431.4576
3575.8642
2807.9657
2137.2066
1570.4436
1108.5175
746.11204
473.78322
286.22694
188.02045
148.21053
129.53174
118.83415
111.81787
107.09389
103.94173
101.79126
100.45007
99.70766
12135.967
12024.498
11830.532
11530.951
11105.727
10542.423
9841.7391
9020.8482
8112.542
7158.2548
6198.4565
5264.4233
4378.3545
3556.7315
2808.9551
2154.4536
1595.0016
1133.9492
768.39109
490.80597
295.99318
191.37788
149.3681
130.41119
119.15721
111.82873
107.1305
103.93648
101.78662
100.4419
99.691775
11064.506
10970.196
10812.037
10570.111
10226.26
9766.5453
9185.9206
8492.1901
7707.124
6862.3425
5992.9125
5130.378
4299.4579
3518.9185
2803.1392
2165.9541
1615.9084
1157.6954
790.32155
508.29198
306.73471
195.00365
150.65875
131.01614
119.20153
111.85732
107.13224
103.91787
101.7761
100.42172
99.671168
10047.637
9958.9591
9821.6008
9619.6032
9337.8367
8963.045
8487.2361
7911.2379
7246.8388
6515.4177
5744.7504
4963.4201
4196.4662
3464.5274
2784.8598
2168.6362
1632.2743
1179.4174
811.82604
526.32754
318.76611
199.53572
152.07918
131.21826
119.2889
111.85908
107.09755
103.89282
101.75447
100.40521
99.644789
9151.2645
9062.9535
8936.7787
8760.7437
8522.9241
8211.8905
7818.9309
7340.7034
6781.1382
6153.3409
5477.7877
4777.9562
4077.305
3396.8872
2754.8754
2166.3854
1644.8633
1199.1301
832.77702
544.75394
331.92436
204.65831
153.17043
131.2251
119.29666
111.7898
107.08505
103.83528
101.73627
100.36769
99.613248
8428.6915
8339.0945
8218.3596
8057.8364
7848.2611
7580.235
7245.4834
6838.8367
6360.7431
5818.1323
5224.0748
4596.903
3957.3314
3325.8222
2721.0827
2159.5748
1654.5394
1217.1601
853.0404
563.15353
345.50345
210.09952
153.70324
131.13778
119.22131
111.71734
107.03885
103.77739
101.70443
100.34245
99.576118
7891.8706
7803.6589
7687.9591
7538.5199
7347.8131
7108.1129
6812.1354
6454.6418
6033.7108
5552.1449
5018.6943
4447.6489
3856.8849
3265.642
2692.6055
2154.7788
1664.2
1234.6255
872.79674
581.1677
358.73589
215.01096
153.89964
130.73542
118.9665
111.61433
106.91612
103.73245
101.66206
100.29001
99.533887
7487.7203
7407.9912
7303.523
7169.0618
6997.7303
6782.1993
6515.6574
6192.7826
5810.7217
5370.59
4878.6718
4346.6178
3790.3181
3227.9151
2677.6067
2155.8734
1676.5015
1253.1926
892.92316
599.23667
371.94289
219.97295
154.0704
130.30855
118.77305
111.50662
106.84808
103.6666
101.60808
100.25317
99.486991
7115.2473
7049.3234
6961.8953
6848.1016
6701.5789
6515.1998
6281.5221
5993.946
5648.3969
5244.6195
4786.9702
4285.2157
3754.1846
3211.8009
2676.5004
2164.2556
1694.1058
1274.6367
914.67293
618.44337
386.34982
226.29622
154.50343
130.2244
118.72664
111.46934
106.79899
103.62807
101.56832
100.19587
99.435039
6715.3279
6665.0601
6596.4929
6504.8067
6384.1798
6228.0912
6029.5372
5781.5302
5478.131
5116.1611
4697.3163
4229.0866
3724.4935
3201.2103
2679.9246
2181.2748
1716.3381
1298.9442
938.35072
639.25184
402.64738
234.76216
155.75586
130.42197
118.80195
111.4895
106.7839
103.61073
101.50212
100.14989
99.37876
6277.0548
6239.4762
6187.1091
6115.2764
6018.5864
5890.8133
5725.1392
5514.6703
5253.2863
4936.7994
4564.277
4139.5395
3672.5255
3177.9717
2676.0234
2190.1426
1735.8707
1322.6398
962.30444
661.09937
420.7044
245.80028
158.78632
131.30187
119.20186
111.65614
106.79973
103.60145
101.46415
100.09992
99.317122
5828.7298
5796.6551
5752.6468
5692.6878
5612.1861
5505.6955
5367.0468
5189.6803
4967.315
4694.9702
4370.2463
3994.7679
3575.1986
3123.6607
2654.7435
2186.2022
1743.8041
1340.1246
983.4554
681.85252
438.68379
257.76304
162.50775
132.03899
119.60006
111.99462
106.90896
103.60749
101.43099
100.04967
99.24929
5417.8458
5385.7161
5343.432
5287.799
5215.081
5120.781
4999.6809
4846.0415
4654.0576
4418.6081
4136.3273
3806.8596
3434.0757
3026.9715
2599.3358
2165.6212
1741.2381
1349.4662
999.41521
699.7672
455.23179
269.22285
165.80132
132.38841
119.77168
112.22662
107.05699
103.63209
101.38933
99.985741
99.175575
5071.1523
5038.0865
4995.8343
4941.8956
4873.1928
4786.0139
4676.0103
4538.3139
4367.8314
4159.763
3910.4144
3618.3183
3285.4702
2918.0148
2526.3957
2124.4781
1728.2292
1351.515
1011.0923
715.70663
471.20812
281.31944
169.54316
132.6015
119.80639
112.31762
107.12636
103.63781
101.35638
99.942804
99.094963
4775.9057
4744.1122
4703.9253
4653.2619
4589.4761
4509.3848
4409.251
4284.8495
4131.6617
3945.243
3721.8977
3459.6105
3158.9607
2824.045
2463.0156
2087.777
1712.7248
1352.8183
1022.0219
731.37163
487.82534
295.49438
175.32958
133.02227
119.79615
112.32297
107.13654
103.63262
101.31701
99.859361
99.006609
4500.8483
4472.298
4436.3128
4391.0349
4334.1299
4262.7858
4173.6926
4063.0743
3926.829
3760.8077
3561.236
3325.4899
3053.0879
2746.604
2412.305
2060.2921
1703.7089
1357.0271
1034.6925
747.92858
504.99948
310.44135
182.02053
133.75715
119.72299
112.26871
107.11409
103.60083
101.24044
99.777042
98.910603
4231.7463
4206.6617
4175.165
4135.5933
4085.8938
4023.5732
3945.6757
3848.784
3729.1119
3582.7214
3405.8885
3195.6256
2950.5177
2671.6951
2363.6839
2034.7942
1696.8294
1363.7185
1049.0454
765.69837
522.8082
325.70172
189.47337
134.66387
119.36964
111.94759
106.96428
103.46593
101.11427
99.651513
98.807773
3976.0859
3953.3974
3925.1262
3889.8318
3845.7422
3790.6928
3722.0861
3636.8795
3531.6366
3402.6769
3246.353
3059.5122
2840.1586
2588.3139
2306.8751
2002.2078
1684.1286
1365.1197
1061.0826
782.49289
540.25377
341.00239
197.68388
135.89463
118.63126
111.20768
106.48073
103.14801
100.948
99.523915
98.700573
3737.2328
3716.1876
3690.2069
3658.0523
3618.1956
3568.7646
3507.5005
3431.7327
3338.3996
3224.146
3085.5219
2919.3449
2723.2538
2496.4516
2240.5436
1960.267
1663.8077
1362.4415
1068.5901
796.13028
556.03363
355.98443
207.18905
137.64316
118.31803
110.75711
106.07136
102.87563
100.76097
99.369875
98.595912
3517.1349
3497.5536
3473.5739
3444.1236
3407.8779
3363.2118
3308.1581
3240.3763
3157.1535
3055.4634
2932.1058
2783.9779
2608.5181
2404.3343
2171.9774
1914.7182
1639.0762
1354.8278
1073.2713
808.13131
570.86392
370.30291
216.45631
140.09867
118.32613
110.63308
105.89048
102.70752
100.60075
99.259937
98.48473
3308.9038
3290.8382
3268.8593
3242.0333
3209.2076
3168.9675
3119.5959
3059.0396
2984.8977
2894.4542
2784.774
2652.9015
2496.2075
2312.907
2102.7399
1867.7293
1612.8261
1346.1433
1078.4101
821.80628
588.63333
388.63561
230.64845
143.90642
118.63608
110.66808
105.85551
102.62994
100.50093
99.137223
98.349785
3117.1111
3100.3179
3080.0215
3055.4067
3025.4675
2988.9684
2944.4067
2889.9785
2823.5593
2742.719
2644.7855
2526.9904
2386.7373
2222.0169
2031.99
1817.6773
1582.63
1333.329
1079.0743
833.17723
605.53746
407.0292
246.29766
149.58972
119.39622
110.8033
105.86196
102.5978
100.44822
99.067589
98.207665
2933.5671
2918.0271
2899.3523
2876.8317
2849.5861
2816.5348
2776.3603
2727.4747
2667.9953
2595.7456
2508.2952
2403.0618
2277.5186
2129.5464
1957.9194
1762.9235
1547.0539
1315.5846
1076.7669
840.07138
618.21821
421.98999
260.34308
156.18151
120.14215
110.81363
105.85507
102.55548
100.37138
98.923069
98.073435
2768.2916
2753.8106
2736.5118
2715.7717
2690.8201
2660.7098
2624.2841
2580.1438
2526.62
2461.7656
2383.3762
2289.0599
2176.3928
2043.1844
1887.8929
1710.2022
1511.6656
1296.3263
1071.0531
844.92858
629.42892
435.58513
272.7502
161.12059
120.9761
110.63199
105.75204
102.42849
100.17109
98.755322
97.917423
2604.4127
2591.0298
2575.1299
2556.1678
2533.4719
2506.2162
2473.39
2433.7669
2385.8763
2327.9877
2258.1179
2174.0748
2073.5709
1954.4297
1814.9256
1654.2655
1473.199
1274.653
1064.187
849.95997
642.21445
452.12867
289.66413
171.35951
122.22368
110.07609
105.31294
102.05415
99.870602
98.51751
97.8539
2462.2355
2449.6545
2434.7936
2417.1735
2396.2044
2371.1615
2341.1574
2305.1129
2261.7287
2209.466
2146.5439
2070.9641
1980.5918
1873.3151
1747.3153
1601.4728
1435.905
1252.5779
1055.8455
852.68222
653.01645
467.06377
305.08391
180.69865
124.07231
109.8761
104.93869
101.80112
99.725783
98.398883
97.722091
2313.6752
2302.0053
2288.293
2272.1212
2252.9764
2230.2276
2203.1012
2170.6538
2131.745
2085.0151
2028.876
1961.5215
1880.9823
1785.2455
1672.468
1541.3118
1391.4121
1223.9498
1042.2298
852.08673
661.77509
481.5184
321.81403
194.18555
126.91588
109.92417
104.80403
101.65043
99.546234
98.173054
97.371475
2194.918
2183.8503
2170.9176
2155.7513
2137.8984
2116.8024
2091.781
2062.0003
2026.4487
1983.9135
1932.9664
1871.9645
1799.0852
1712.4153
1610.119
1490.7126
1353.4669
1198.9345
1029.5395
850.12011
668.44288
493.41212
335.36825
204.57364
130.72408
110.13935
104.66666
101.51511
99.388029
98.023397
97.134832
2056.536
2046.2354
2034.2687
2020.3179
2003.9932
1984.8157
1962.1973
1935.4175
1903.5984
1865.681
1820.4071
1766.3127
1701.7463
1624.9278
1534.0672
1427.6007
1304.5375
1164.8964
1010.3486
844.7281
673.67591
506.31938
352.33054
221.44463
137.09386
110.59701
104.40801
101.17289
99.062663
97.725746
97.040351
1962.0868
1952.1856
1940.7418
1927.4719
1912.029
1893.9874
1872.824
1847.8971
1818.4222
1783.4482
1741.8369
1692.2508
1633.1596
1562.894
1479.7648
1382.2178
1269.0812
1140.0167
995.98777
839.88553
677.36936
515.58136
364.08729
232.61308
142.17552
111.29039
104.07536
100.97077
98.893243
97.565505
96.8522
1827.2946
1818.0295
1807.3926
1795.1451
1780.9955
1764.5865
1745.4786
1723.1311
1696.8805
1665.9166
1629.2619
1585.7559
1534.0539
1472.6454
1399.9008
1314.2359
1214.3549
1099.5924
970.35407
828.66001
678.20263
526.21565
380.9532
251.54673
153.28383
112.5623
103.89497
100.6176
98.55347
97.228941
96.488676
1761.1471
1752.1121
1741.7759
1729.9196
1716.2766
1700.5207
1682.251
1660.9738
1636.0823
1606.8337
1572.3281
1531.4929
1483.0772
1425.6739
1357.769
1277.8352
1184.5163
1076.9449
955.22176
820.90765
677.52711
531.29227
389.02032
261.00736
160.09212
114.45292
103.6196
100.4259
98.367449
97.047874
96.310902
1607.2111
1598.8264
1589.3056
1578.4752
1566.1262
1552.0059
1535.8064
1517.0867
1495.3258
1469.9695
1440.3408
1405.5692
1364.6183
1316.2796
1259.1888
1191.9012
1113.0522
1021.5485
916.92605
799.83282
672.56791
539.10322
406.8343
283.46398
178.66691
118.68484
103.5893
99.905522
97.861139
96.561118
95.85044
112906.3
102772.19
94177.743
86702.617
80086.829
74233.219
68970.293
64195.16
59778.674
55682.725
51853.52
48288.409
44979.448
41936.589
39184.834
36754.591
34644.252
32844.132
31332.027
30044.838
28886.69
27752.166
26553.534
25238.883
23775.273
22174.78
20534.33
18962.708
17552.712
16346.782
15308.069
14317.978
13286.766
12255.708
11319.741
10517.966
9870.7431
9364.1759
8855.2993
8157.2147
7329.7082
6628.2017
6120.3534
5718.394
5338.1457
4955.2948
4597.6959
4295.39
4038.7695
3819.3549
3621.237
3453.4661
3298.5775
3172.7149
3051.5825
2961.1317
2868.5205
2807.1486
2731.6908
2689.1309
2616.1309
2582.8466
2478.4288
112767.28
107598.69
102001.36
96321.481
90557.192
84744.727
79051.543
73475.762
68167.316
63207.898
58460.83
53972.258
49829.77
46076.362
42730.907
39806.563
37288.801
35149.715
33333.138
31738.74
30263.775
28812.429
27320.96
25772.905
24136.08
22407.668
20666.031
19009.903
17530.379
16272.992
15174.706
14128.055
13050.198
11986.964
11034.571
10233.403
9604.2418
9110.063
8592.1254
7890.7087
7088.6502
6421.0202
5934.1757
5545.5684
5178.3671
4816.4649
4483.836
4202.7921
3961.0847
3751.8411
3560.3911
3396.1859
3241.8346
3113.8244
2988.3385
2891.604
2790.9584
2721.2477
2635.9373
2585.422
2502.6303
2463.1815
2349.0934
85595.275
82132.029
80130.653
78747.527
77376.471
75447.098
72874.75
69698.788
66754.543
63437.011
59698.602
55981.985
52263.751
48623.96
45242.162
42133.993
39357.339
36921.587
34780.054
32844.822
31044.834
29308.57
27601.787
25920.236
24211.414
22445.438
20665.877
18973.501
17462.327
16151.884
15002.089
13901.711
12776.286
11682.021
10717.492
9923.0135
9318.2362
8839.1795
8318.9411
7624.9232
6857.6562
6228.0613
5766.4817
5394.7881
5043.6162
4703.347
4394.0202
4131.7597
3902.5865
3701.2768
3514.6325
3352.5761
3198.037
3067.7104
2938.2608
2836.1154
2728.6478
2652.0646
2558.6266
2501.747
2411.0976
2367.1768
2245.6587
41314.511
39234.763
39154.212
39920.659
41850.809
44596.577
47727.92
50223.11
52101.953
52926.466
52738.923
51857.027
49874.931
47395.781
44743.044
42056.156
39488.222
37096.743
34871.42
32802.374
30867.076
29021.182
27272.395
25606.555
23953.841
22249.527
20511.228
18832.603
17311.816
15970.383
14777.27
13625.885
12456.457
11337.639
10369.793
9591.4483
9017.3285
8556.0997
8040.6915
7364.6355
6640.2347
6052.8052
5620.7952
5268.7281
4934.915
4614.9633
4325.8941
4079.2566
3859.9975
3664.4567
3480.9148
3319.7607
3164.39
3031.5697
2898.411
2791.4881
2678.1114
2595.7103
2495.4178
2433.2746
2336.1163
2288.777
2161.4266
20803.679
20426.047
20725.095
21732.467
23537.132
25954.179
28891.275
32080.333
35350.715
38268.393
40554.23
42180.383
42739.249
42456.926
41445.853
39784.752
37794.931
35715.739
33640.257
31633.633
29722.186
27938.412
26311.966
24807.405
23326.33
21777.054
20154.366
18543.766
17048.642
15708.162
14486.438
13291.925
12087.782
10956.403
9998.1514
9248.5014
8709.7741
8268.5706
7764.9408
7116.6447
6441.2762
5899.2764
5499.7491
5168.7014
4851.8873
4549.4852
4276.846
4042.368
3830.4138
3638.6653
3456.7387
3295.4381
3138.6938
3003.2238
2866.5423
2755.3214
2636.7556
2549.3255
2443.1555
2376.5447
2273.8618
2223.7899
2091.774
14364.405
14164.593
14457.857
15250.98
16518.49
18197.757
20284.92
22747.745
25504.53
28319.496
30966.226
33229.681
34823.205
35685.037
35717.038
35181.837
34038.259
32584.987
30954.438
29286.865
27672.362
26174.799
24824.682
23583.431
22350.724
21022.066
19576.569
18090.621
16667.669
15352.938
14120.837
12897.164
11673.81
10547.596
9616.2643
8909.6779
8408.4423
7988.3344
7501.9611
6888.9869
6266.1302
5770.9904
5404.5887
5094.385
4792.8331
4504.4055
4244.1197
4018.3562
3811.2809
3621.5967
3440.0383
3277.7388
3119.185
2980.9464
2840.9038
2725.7642
2602.6004
2510.7556
2399.4859
2329.0077
2221.5515
2169.2141
2033.4098
12017.8
11810.864
12030.842
12615.138
13520.857
14720.933
16215.93
18005.194
20041.648
22242.894
24480.727
26569.325
28300.426
29534.21
30155.885
30168.394
29708.434
28816.327
27682.353
26437.383
25194.237
24037.951
23001.038
22054.194
21101.823
20030.464
18804.032
17483.986
16167.351
14903.703
13679.661
12446.982
11225.803
10127.882
9245.1533
8594.4157
8130.2202
7730.2523
7263.7591
6689.9545
6119.7408
5670.2351
5334.9841
5043.8689
4755.0186
4476.8036
4224.9479
4004.7208
3800.3746
3611.29
3429.0916
3265.1242
3104.4307
2963.3514
2820.1051
2701.3644
2574.1043
2478.344
2362.6136
2288.741
2177.1086
2122.8393
1983.9222
11030.297
10788.788
10922.325
11351.998
12028.826
12923.245
14024.275
15324.764
16806.282
18436.802
20148.413
21825.449
23325.333
24524.894
25319.562
25658.766
25561.331
25104.467
24368.074
23492.66
22594.336
21754.337
21011.608
20346.032
19669.653
18862.622
17873.943
16745.086
15560.148
14370.476
13174.684
11955.71
10763.926
9721.7798
8909.9666
8322.741
7893.3009
7509.9739
7062.2562
6526.8632
6005.6672
5597.5696
5289.2001
5014.1369
4735.163
4463.6492
4216.6876
3999.2147
3795.7703
3606.0893
3422.4526
3256.3164
3093.2551
2949.3122
2803.0263
2680.9655
2550.0476
2450.7939
2331.1436
2254.2652
2138.9493
2082.9982
1941.5012
10575.945
10301.981
10351.238
10658.771
11166.729
11840.055
12661.038
13619.672
14705.433
15904.707
17180.062
18461.435
19657.16
20672.742
21422.716
21850.863
21945.063
21748.282
21314.14
20726.431
20102.81
19522.73
19026.464
18599.767
18165.064
17600.955
16843.331
15911.736
14871.989
13773.214
12627.492
11448.156
10316.671
9358.417
8633.9754
8111.5087
7712.7185
7340.46
6906.88
6404.6316
5925.4138
5551.7149
5264.4592
5001.6313
4729.6168
4461.8172
4216.7744
3999.738
3795.7244
3604.5579
3418.9009
3250.2473
3084.6835
2937.9043
2788.7548
2663.6355
2529.4534
2427.0754
2303.9752
2224.4218
2105.843
2048.4088
1904.7585
10351.98
10045.833
10027.735
10237.689
10618.192
11129.683
11749.149
12464.923
13269.292
14154.272
15100.623
16063.718
16987.206
17803.85
18440.93
18846.395
19003.965
18950.024
18708.693
18336.499
17924.308
17538.621
17224.492
16971.329
16716.91
16346.351
15786.844
15037.779
14142.885
13145.192
12069.292
10958.422
9917.7074
9064.7897
8433.0591
7970.1039
7596.1635
7228.5384
6802.4544
6324.8704
5878.1018
5529.9074
5257.2068
5002.3323
4734.816
4468.4567
4223.0022
4004.561
3798.8259
3605.4676
3417.4082
3246.021
3077.9045
2928.3642
2776.5424
2648.6163
2511.5309
2406.3609
2280.2284
2198.291
2076.8188
2018.0689
1872.6288
10238.75
9908.2772
9837.365
9969.6034
10256.033
10651.14
11128.017
11672.358
12276.727
12935.7
13638.321
14359.597
15061.22
15702.313
16228.866
16601.497
16787.958
16820.254
16710.694
16501.727
16249.293
16004.495
15794.008
15627.576
15466.798
15213.885
14794.644
14192.334
13427.128
12532.521
11542.983
10526.446
9599.0958
8859.1101
8312.9071
7899.3858
7543.2703
7174.378
6748.3237
6285.6549
5860.6868
5528.4326
5263.5966
5012.7903
4747.593
4480.9719
4233.3748
4012.1397
3803.837
3607.806
3417.0992
3242.8855
3072.241
2920.0594
2765.7722
2635.2871
2495.6354
2387.979
2259.1923
2175.1336
2051.1002
1991.1811
1844.2633
10182.51
9823.9296
9722.4684
9803.6112
10027.758
10345.335
10727.1
11156.956
11626.871
12132.621
12668.021
13219.599
13763.272
14276.07
14721.871
15070.159
15305.413
15421.565
15438.246
15370.787
15260.397
15114.843
14931.117
14741.414
14557.561
14324.564
13967.888
13456.766
12790.877
11991.192
11097.22
10190.79
9383.5175
8747.2309
8268.8023
7888.3474
7541.8517
7168.986
6738.8017
6282.1293
5868.5366
5543.1301
5279.9872
5029.7375
4765.0848
4497.054
4246.1494
4021.1508
3809.7054
3610.7037
3417.2446
3240.2122
3067.1297
2912.4659
2755.9358
2623.1384
2481.2389
2371.3816
2240.2878
2154.3498
2028.0588
1967.1027
1818.9444
10153.604
9776.1604
9661.4557
9716.2453
9907.071
10182.682
10512.045
10878.021
11272.125
11690.038
12128.545
12581.299
13038.332
13486.57
13908.098
14276.745
14582.601
14814.177
14956.184
15009.403
14988.218
14874.117
14671.77
14411.314
14128.166
13798.427
13405.064
12915.374
12304.548
11579.403
10777.173
9979.4344
9279.639
8723.2212
8287.7491
7924.1348
7580.1577
7201.6173
6764.9608
6307.3837
5896.3804
5569.8048
5302.9817
5050.315
4784.8335
4514.7108
4259.8304
4030.4769
3815.5445
3613.435
3417.2403
3237.4797
3062.105
2905.1518
2746.6148
2611.7521
2467.908
2356.119
2223.0402
2135.448
2007.182
1945.3103
1796.0812
10141.646
9758.7937
9641.0667
9691.2239
9875.5193
10142.398
10459.705
10808.967
11180.912
11571.683
11979.915
12403.294
12843.347
13299.971
13761.125
14203.446
14613.138
14969.45
15236.15
15373.52
15391.747
15254.523
14970.327
14582.057
14148.091
13681.964
13180.666
12636.981
12028.053
11344.438
10613.564
9903.954
9281.8977
8772.6039
8354.6627
7992.3711
7644.3254
7259.8549
6816.5673
6354.1067
5938.6879
5604.4828
5329.59
5072.1042
4804.7864
4532.2636
4273.1589
4039.1888
3820.6196
3615.3871
3416.5868
3234.2619
3056.7868
2897.7647
2737.4673
2600.7859
2455.2874
2341.8221
2207.059
2118.0234
1988.0484
1925.3739
1775.1702
10144.827
9767.0994
9654.5154
9718.7745
9918.633
10204.099
10542.152
10913.304
11307.848
11722.358
12157.086
12614.002
13098.914
13617.657
14166.236
14730.951
15291.943
15798.162
16172.407
16361.723
16376.564
16162.778
15755.139
15210.883
14600.309
13956.362
13302.982
12652.762
11994.019
11310.632
10616.056
9954.9278
9372.63
8877.9992
8453.6024
8079.2717
7721.7897
7331.8004
6883.4062
6414.4267
5990.0883
5643.5714
5357.2718
5093.1237
4823.2776
4548.3357
4285.099
4046.5283
3824.3243
3616.1071
3414.8865
3230.2176
3050.8702
2890.0211
2728.2171
2589.9625
2443.0871
2328.1881
2192.0227
2101.7415
1970.3095
1906.9374
1755.8157
10180.301
9809.6103
9706.2983
9794.3628
10026.199
10352.245
10739.181
11166.386
11623.644
12107.894
12620.803
13167.507
13755.461
14396.043
15088.91
15816.368
16536.515
17173.107
17624.116
17842.322
17790.815
17443.092
16878.472
16162.983
15372.747
14550.733
13731.595
12944.465
12191.636
11463.958
10764.385
10116.122
9534.522
9021.2081
8570.2567
8173.1365
7802.1538
7407.2918
6956.272
6481.1984
6045.7576
5683.9531
5383.9392
5111.8081
4839.0034
4561.8358
4294.8244
4051.885
3826.1967
3615.2275
3411.8322
3225.0828
3044.1181
2881.6983
2718.645
2579.0595
2431.072
2314.9696
2177.666
2086.3252
1953.6758
1889.7044
1737.7459
10292.801
9911.8566
9819.3431
9935.1598
10208.427
10590.325
11046.171
11554.682
12105.231
12695.205
13327.258
14005.328
14738.462
15538.48
16405.145
17313.826
18203.222
18967.513
19480.08
19674.471
19478.922
18943.183
18185.947
17289.353
16328.039
15346.538
14375.419
13449.165
12587.208
11785.997
11041.83
10360.9
9743.0925
9185.8573
8692.75
8264.7119
7877.3519
7478.2945
7027.4616
6548.2612
6101.4795
5723.0192
5407.939
5126.9772
4850.9915
4571.9389
4301.6886
4054.7847
3825.9334
3612.4699
3407.1985
3218.6629
3036.3534
2872.6278
2708.5821
2567.9024
2419.0542
2301.9659
2163.7717
2071.545
1937.9056
1873.4264
1720.7306
10557.973
10131.894
10044.3
10186.344
10502.927
10947.009
11482.908
12087.354
12748.445
13464.252
14240.974
15077.738
15985.105
16973.295
18039.778
19151.331
20219.448
21097.742
21633.666
21710.719
21312.74
20522.553
19535.346
18448.834
17330.718
16216.739
15124.002
14078.134
13107.722
12217.339
11401.447
10657.299
9977.0028
9357.9146
8811.7385
8347.1113
7941.5086
7538.8944
7090.9508
6610.6273
6153.7206
5758.6702
5428.0228
5137.7778
4858.5035
4578.0034
4305.225
4054.9761
3823.2806
3607.6555
3400.8357
3210.8267
3027.4539
2862.6892
2697.9029
2556.3581
2406.8862
2289.0162
2150.162
2057.2111
1922.7972
1857.8945
1704.5744
11106.862
10619.337
10509.364
10666.001
11025.519
11537.361
12161.283
12871.708
13653.389
14503.915
15425.845
16427.355
17520.136
18708.815
19985.611
21304.577
22537.983
23487.868
23948.5
23845.213
23155.549
22053.678
20801.168
19518.364
18261.084
17045.816
15869.447
14737.468
13676.805
12699.2
11800.56
10975.974
10217.228
9525.7748
8920.2096
8415.5631
7990.6921
7585.1273
7142.3866
6664.2926
6199.6771
5789.2828
5443.3181
5143.6315
4861.2233
4579.773
4305.2382
4052.2326
3818.1099
3600.6878
3392.6619
3201.5
3017.3459
2851.8049
2686.5211
2544.3297
2394.4553
2275.9938
2136.6933
2043.1672
1908.1822
1842.9324
1689.1111
12237.131
11650.508
11495.676
11646.38
12044.226
12635.946
13362.923
14189.183
15095.521
16080.423
17146.851
18308.185
19568.206
20927.563
22374.869
23835.477
25139.071
26045.522
26319.247
25951.078
24860.459
23408.791
21874.433
20396.294
19019.799
17738.693
16520.738
15345.796
14225.986
13178.12
12201.404
11292.933
10450.31
9682.1228
9013.3337
8465.0725
8018.5299
7611.5889
7178.3878
6707.369
6238.6692
5814.5465
5453.2965
5144.0688
4858.6797
4577.0472
4301.6361
4046.5118
3810.3791
3591.5432
3382.6639
3190.6615
3005.9948
2839.9337
2674.3867
2531.7529
2381.679
2262.8011
2123.251
2029.2853
1893.9202
1828.3905
1674.1994
14769.702
13959.215
13717.212
13854.52
14278.071
14956.175
15795.67
16745.149
17773.282
18864.724
20032.187
21278.72
22600.51
23990.863
25429.762
26824.188
27998.627
28649.186
28599.562
27826.774
26271.621
24465.078
22642.421
20990.05
19528.924
18226.063
17013.61
15839.976
14698.019
13606.336
12568.336
11584.271
10661.631
9818.5749
9087.1058
8493.8864
8026.2064
7619.1448
7197.7433
6738.2432
6269.1864
5833.4728
5457.6568
5138.9866
4850.9437
4569.873
4294.4339
4037.8294
3800.1264
3580.2645
3370.8749
3178.3332
2993.4096
2827.0698
2661.4768
2518.5899
2368.5011
2249.3661
2109.7453
2015.4622
1879.8948
1814.1421
1659.7197
21613.811
20076.776
19473.482
19488.111
19780.88
20409.687
21222.138
22141.809
23118.297
24127.368
25151.95
26199.919
27280.457
28368.808
29439.161
30400.608
31117.366
31195.675
30656.059
29224.84
27180.263
25038.182
23005.793
21250.316
19750.335
18453.785
17287.901
16166.97
15047.501
13944.349
12870.953
11829.868
10839.473
9929.7186
9140.7973
8505.5023
8017.2369
7610.1379
7200.9331
6754.6465
6289.0157
5844.905
5456.5706
5129.0524
4838.5646
4558.4398
4283.6634
4026.2638
3787.4744
3566.9553
3357.3698
3164.576
2979.6366
2813.2371
2647.7926
2504.8259
2354.8884
2235.6387
2096.1076
2001.6156
1866.0104
1800.0795
1645.5713
43237.241
38726.359
36610.45
35530.414
34814.707
34332.098
34095.465
34041.64
34063.718
34139.415
34203.363
34257.826
34368.576
34494.872
34603.627
34572.595
34348.146
33631.741
32101.185
29942.305
27536.004
25198.798
23057.627
21246.849
19740.449
18471.228
17359.45
16307.783
15248.46
14170.595
13091.436
12017.286
10976.727
10012.542
9173.3287
8500.7949
7992.5313
7585.4565
7188.6166
6757.2478
6298.0887
5848.9858
5450.1744
5114.6246
4821.9204
4543.068
4269.5616
4012.0076
3772.5964
3551.7655
3342.2709
3149.4858
2964.7465
2798.4835
2633.3598
2490.4675
2340.8269
2221.5871
2082.288
1987.681
1852.1885
1786.1106
1631.6708
86275.564
82610.606
78324.069
73884.735
69374.228
64941.065
60808.155
57076.929
53650.36
50623.623
47963.01
45585.851
43568.118
41836.166
40287.884
38771.394
37101.199
35103.094
32751.213
30116.076
27434.142
24957.862
22772.045
20963.53
19492.839
18280.779
17244.544
16283.568
15304.94
14277.199
13219.207
12138.206
11068.122
10064.615
9186.4452
8481.0274
7954.0015
7546.8791
7162.2594
6746.8046
6296.992
5846.0326
5438.8738
5096.1993
4801.5046
4524.1791
4252.4515
3995.3189
3755.7157
3534.8854
3325.7336
3133.1866
2948.8342
2782.8779
2618.223
2475.5386
2326.319
2207.1958
2068.2517
1973.6093
1838.3652
1772.1559
1617.9494
83310.582
64070.245
48934.397
38118.373
31215.884
27608.343
26520.033
27204.823
29370.989
78356.642
60909.934
47376.637
37423.145
30949.405
27583.212
26600.645
27368.711
29639.096
73689.485
57918.708
45685.146
36581.42
30590.999
27533.622
26672.932
27534.847
29896.792
69294.608
55133.755
44065.729
35751.34
30227.69
27462.033
26736.642
27694.354
30126.611
65177.465
52522.112
42513.264
34928.642
29857.69
27363.825
26789.899
27837.396
30326.21
61358.184
50062.385
41008.49
34107.508
29479.493
27235.721
26810.821
27956.095
30491.215
57782.969
47726.84
39560.088
33294.575
29089.708
27082.202
26802.021
28043.835
30615.837
54446.606
45506.231
38149.763
32482.279
28688.671
26927.327
26771.284
28101.444
30698.819
51301.314
43376.638
36774.681
31669.357
28273.646
26755.264
26713.743
28109.455
30719.254
48323.992
41326.712
35430.194
30856.994
27854.905
26589.523
26631.266
28089.68
30700.921
45506.958
39355.499
34115.863
30048.917
27421.386
26360.062
26513.016
28033.668
30640.185
42843.141
37459.235
32834.272
29243.727
26958.444
26067.225
26367.005
27921.938
30507.594
40329.912
35647.96
31591.193
28442.077
26472.869
25760.844
26201.342
27767.763
30315.311
37985.979
33933.301
30391.153
27642.939
25976.366
25429.357
25964.631
27555.406
30058.529
35826.94
32328.314
29246.392
26863.989
25461.944
25065.098
25678.131
27282.972
29734.022
33875.49
30850.72
28167.598
26103.918
24935.088
24669.187
25348.522
26951.33
29341.169
32146.521
29515.544
27165.428
25369.417
24398.279
24241.172
24969.912
26556.895
28875.966
30644.613
28330.416
26245.286
24667.693
23852.729
23780.458
24540.112
26097.939
28337.709
29368.159
27300.393
25414.621
24001.207
23298.976
23286.207
24057.082
25572.255
27724.229
28288.713
26417.12
24675.162
23371.633
22737.991
22759.972
23522.526
24982.805
27040.22
27337.892
25640.32
24010.308
22774.211
22171.981
22205.061
22942.169
24337.987
26297.35
26426.586
24904.765
23382.09
22193.203
21600.019
21625.47
22324.492
23649.578
25509.988
25463.553
24132.772
22738.428
21604.845
21018.193
21028.074
21683.598
22937.069
24701.941
24374.429
23243.826
22010.014
20966.345
20410.037
20413.338
21031.129
22219.857
23898.598
23109.455
22175.189
21133.194
20231.534
19752.295
19778.211
20378.034
21518
23125.794
21683.029
20944.192
20117.736
19405.866
19049.879
19135.331
19744.216
20856.29
22410.54
20195.962
19643.391
19035.325
18535.962
18324.666
18495.42
19133.31
20232.469
21744.496
18759.82
18378.883
17974.595
17684.962
17612.586
17878.761
18556.392
19650.906
21125.16
17469.73
17235.814
17007.122
16882.9
16935.171
17286.161
17996.382
19078.802
20505.386
16344.4
16227.766
16138.709
16122.368
16271.443
16675.875
17391.917
18437.182
19792.094
15367.976
15334.252
15323.301
15382.337
15585.364
16007.242
16700.95
17687.215
18953.924
14426.834
14446.234
14486.925
14585.292
14800.236
15199.044
15835.392
16735.978
17897.399
13433.64
13495.63
13573.966
13692.763
13898.061
14251.227
14810.268
15613.109
16669.373
12431.837
12532.947
12648.75
12792.645
12999.145
13323.734
13828.59
14563.452
15550.854
11517.249
11652.831
11805.713
11981.648
12205.93
12528.075
13011.845
13715.272
14670.58
10725.182
10884.02
11065.371
11271.716
11523.046
11864.276
12358.328
13066.238
14024.65
10073.286
10240.665
10436.525
10664.336
10944.067
11319.402
11851.502
12599.821
13598.413
9562.109
9732.5669
9937.5756
10182.806
10487.132
10889.495
11445.537
12210.751
13217.743
9065.7942
9249.0018
9474.1702
9745.0793
10075.67
10497.467
11056.753
11801.412
12761.588
8375.5653
8564.8305
8804.1496
9100.5653
9467.0118
9928.1654
10521.197
11287.453
12255.776
7534.3208
7716.5355
7955.4202
8261.7139
8650.5961
9147.0616
9787.6762
10613.043
11652.08
6810.3325
6979.996
7207.6965
7507.2199
7897.6
8407.6173
9076.6918
9947.322
11048.82
6290.5149
6455.8286
6680.5785
6978.95
7370.0801
7883.3288
8559.2438
9441.1519
10558.377
5881.4761
6044.1899
6268.9913
6570.3793
6965.9406
7482.1383
8156.9996
9032.2294
10135.971
5493.1309
5650.009
5871.2069
6173.3109
6574.2453
7097.2915
7773.8977
8639.9126
9721.3877
5094.1121
5236.7084
5443.951
5736.816
6138.1349
6673.7648
7374.2215
8271.2417
9385.1277
4715.0162
4837.4014
5020.7086
5288.9084
5669.5063
6193.6911
6896.5291
7812.032
8961.5928
4393.4574
4497.2877
4657.1235
4898.7801
5253.3821
5754.5567
6437.581
7337.7008
8478.3251
4122.6055
4212.057
4352.3311
4569.4266
4896.6337
5371.8232
6033.179
6914.2574
8036.4353
3892.6515
3970.6631
4094.084
4287.8549
4585.9238
5029.3586
5661.2682
6519.7087
7626.9659
3687.1048
3756.5708
3866.5106
4039.7876
4308.7066
4715.0139
5306.7457
6129.7511
7213.1422
3514.8162
3578.6002
3678.992
3836.8386
4082.4332
4456.3347
5007.0855
5784.5253
6825.7482
3358.5104
3419.7723
3515.2486
3664.0038
3893.8218
4242.5497
4757.1203
5487.3053
6471.6741
3233.8826
3295.1722
3389.5526
3534.7997
3756.595
4089.7561
4577.5806
5267.3297
6198.3711
3116.2186
3179.6208
3276.0912
3422.6286
3643.3949
3970.5759
4443.3431
5103.1658
5983.0967
3031.1157
3098.2222
3199.2379
3350.8086
3576.1443
3905.4836
4374.5333
5019.3731
5866.1205
2945.3547
3017.1814
3124.1606
3282.7393
3515.319
3850.2638
4319.8392
4954.628
5773.4249
2891.1359
2967.6245
3080.6435
3246.5997
3487.4358
3830.2395
4304.5896
4937.0017
5740.7228
2823.9575
2905.5443
3024.9927
3198.4463
3446.9688
3795.9057
4272.0156
4896.9326
5677.6775
2787.9163
2872.687
2996.0682
3173.9693
3426.8015
3778.8177
4254.8099
4873.6819
5639.0298
2722.893
2811.5298
2939.6587
3122.8875
3380.8018
3735.5247
4208.3616
4813.515
5549.4936
2694.6072
2784.3732
2913.7933
3098.2011
3356.5692
3710.1225
4178.7396
4774.5618
5493.5257
2597.6597
2689.7888
2821.7012
3008.0294
3266.3886
3615.7954
4072.9767
4646.2651
5328.2403
33127.816
39033.447
49059.638
68421.348
117019.71
323587.07
33383.644
39306.086
49356.228
68580.902
116048.28
319125.74
33669.907
39603.229
49621.145
68575.607
115023.53
314279.04
33925.145
39855.841
49805.513
68474.864
113706.52
309070.25
34141.848
40053.381
49897.259
68249.677
112416.21
303572.5
34312.199
40182.853
49874.72
67823.12
110733.18
297823.9
34429.79
40239.141
49782.278
67277.704
109080.6
291860.32
34487.891
40217.431
49566.095
66589.31
107090.49
285728.76
34477.791
40133.883
49245.553
65779.865
105125.34
279453.92
34422.053
39952.169
48822.403
64845.942
102899.89
273070.73
34292.79
39688.832
48299.144
63802.825
100670.3
266592.4
34086.381
39341.125
47680.093
62652.067
98249.405
260067.59
33808.481
38908.433
46962.82
61392.996
95786.188
253538.97
33455.747
38390.149
46153.958
60055.508
93310.871
247036.13
33028.628
37793.624
45273.022
58677.818
90890.586
240410.25
32527.831
37121.907
44322.587
57245.728
88422.805
233688.35
31948.137
36366.849
43286.774
55726.225
85862.874
227329.99
31290.198
35530.668
42169.848
54128.926
83237.935
221577.84
30551.792
34611.121
40970.869
52460.323
80597.99
216349.49
29739.359
33616.665
39701.611
50740.535
77977.524
211492.45
28868.741
32569.231
38393.51
49011.959
75407.863
206905.54
27956.186
31486.664
37064.365
47289.184
72903.182
202534.23
27029.062
30399.208
35746.633
45606.873
70511.254
198251.61
26118.197
29344.211
34485.997
44022.804
68301.634
193968.5
25253.389
28354.71
33317.667
42571.61
66298.572
189601.29
24462.044
27456.113
32259.678
41252.589
64459.882
185077.93
23729.246
26625.198
31276.111
40009.864
62695.797
180493.42
23044.389
25839.517
30326.763
38775.827
60903.039
175982.18
22347.081
25025.138
29323.527
37453.073
59002.817
171775.83
21533.683
24071.113
28157.71
35956.541
56989.426
168229.38
20583.621
22972.078
26847.102
34339.315
54950.513
165592.61
19406.728
21645.883
25327.043
32578.055
53002.543
163799.79
18070.979
20191.184
23749.487
30905.373
51366.393
163073.11
16886.353
18939.392
22444.87
29594.91
50170.359
163295.09
15976.492
18003.337
21498.125
28664.376
49253.681
163886.39
15334.617
17372.015
20895.608
28126.505
48823.65
164281.4
14947.811
17030.286
20601.043
27864.753
48493.605
164042.13
14568.987
16654.193
20225.282
27474.824
48024.593
162708.33
14039.052
16014.34
19413.861
26425.734
46861.766
159702.61
13533.005
15509.159
18931.966
26096.101
46944.13
157712.91
13021.886
15142.173
18807.205
26401.925
48350.289
157784.56
12507.414
14775.08
18707.569
26899.276
50134.317
159175.91
12042.239
14362.574
18409.447
26828.177
50659.767
160871.83
11600.094
13894.318
17897.73
26287.015
50037.686
161879.32
11151.437
13399.677
17337.996
25629.64
49296.119
161434.07
10850.813
13147.272
17149.647
25566.399
49438.55
160487.52
10489.753
12908.631
17127.285
25972.24
50487.813
160274.31
10012.457
12483.964
16871.132
26037.439
51388.702
160317.47
9555.3541
12024.815
16432.761
25784.17
51449.376
160156.3
9142.3537
11640.071
16130.826
25662.375
51621.073
159825.36
8722.8677
11255.263
15845.619
25591.631
51865.764
159381.82
8307.2323
10855.85
15540.613
25512.68
52122.326
158886.52
7891.147
10397.114
15115.939
25296.202
52163.688
158363.69
7553.764
9992.3243
14664.259
24913.134
52007.14
157866.92
7260.3374
9579.997
14084.083
24184.571
51371.879
157265.4
7085.524
9298.1432
13604.109
23451.882
50573.144
156689.05
6940.4859
9044.8477
13103.295
22469
49187.893
155952.57
6877.7645
8920.0118
12818.754
21818.814
48059.221
155253.92
6774.3893
8736.2387
12436.565
20957.378
46423.807
154204.44
6712.7638
8638.7335
12247.918
20527.493
45405.226
153173.88
6576.766
8418.0334
11826.677
19589.585
43312.275
151660.81
6500.4876
8320.3729
11684.457
19344.788
42778.318
150580.37
6284.1683
8025.8853
11235.736
18508.919
40947.929
148239.97
6748.2002
8073.1791
10730.319
17153.613
40339.462
188616.47
8298.2865
10117.386
13718.278
22281.299
51788.984
229759.48
10153.069
12566.321
17256.945
28150.163
64066.433
274331.62
12285.815
15364.824
21237.292
34575.372
77212.662
321706.62
14667.067
18477.641
25625.049
41526.621
90751.265
371686.54
17244.604
21830.457
30304.677
48836.474
105151.21
422051.41
19938.226
25307.394
35091.604
56120.079
118396.65
472905.23
22701.978
28879.425
40033.093
63783.646
133644.46
520649.23
25468.78
32447.2
44923.348
71119.658
146257.39
562785.4
28136.165
35865.602
49563.016
78013.779
158711.23
597353.47
30607.686
38986.338
53672.119
83730.198
167208.35
622843.85
32774.553
41681.919
57168.573
88544.116
174740.77
638241.33
34623.555
43910.562
59925.477
92023.091
178802.98
642590.91
36140.823
45685.372
62011.818
94401.017
180683.52
636042.13
37187.465
46808.336
63173.545
95384.687
180812.84
619940.32
37829.598
47387.535
63519.622
95163.241
178409.23
596272.81
38099.705
47453.244
63229.359
93973.796
174119.27
566929.93
38020.669
47059.837
62230.002
91677.768
167945.13
533973.95
37684.318
46373.407
60919.155
89034.272
161184.04
499183.4
37053.974
45241.157
58912.459
85287.393
152826.98
464388.02
36339.52
44110.44
57110.801
82129.62
145549.38
430148.06
35319.531
42429.206
54317.475
77245.736
135796.77
398218.65
34559.701
41365.769
52808.457
74822.409
130068.74
367549.68
33019.451
38915.255
48919.906
68351.94
118503.99
341034.53
20399.298
15954.471
12416.563
9745.8453
7870.8959
6682.0394
6061.1161
5892.8564
6103.4645
22071.839
17231.862
13432.22
10622.678
8694.1507
7513.0664
6964.8465
6924.9141
7345.9749
23725.955
18549.901
14515.136
11572.025
9593.0819
8436.6573
7978.8084
8110.1429
8804.7438
25401.109
19913.123
15656.955
12586.547
10563.352
9445.4213
9098.4306
9441.7477
10468.457
27096.82
21313.711
16846.07
13652.881
11592.945
10525.424
10311.034
10901.993
12314.307
28808.43
22740.336
18067.619
14756.48
12666.628
11657.755
11594.863
12462.171
14303.419
30501.652
24172.793
19306.181
15881.334
13766.172
12818.769
12921.871
14083.946
16381.247
32219.316
25611.605
20549.919
17012.622
14871.527
13986.38
14263.451
15731.565
18503.113
33830.279
27009.415
21776.107
18133.508
15964.482
15139.777
15591.276
17368.546
20621.83
35618.733
28471.398
23012.519
19240.437
17032.874
16262.149
16877.423
18952.529
22669.425
37177.422
29823.738
24189.989
20302.701
18056.32
17335.457
18098.569
20444.011
24585.532
38566.178
31046.048
25273.075
21296.385
19022.643
18347.111
19235.531
21807.357
26299.421
39977.645
32275.721
26347.076
22262.88
19946.895
19302.04
20293.343
23050.945
27815.69
41592.201
33622.033
27475.571
23240.4
20847.69
20203.668
21255.715
24144.643
29106.403
43363.278
35079.798
28670.791
24245.004
21737.548
21052.692
22110.061
25048.244
30086.869
45287.549
36649.527
29937.062
25280.914
22622.056
21856.131
22870.799
25777.935
30790.721
47407.284
38364.907
31294.114
26357.885
23504.169
22616.065
23544.283
26343.255
31238.587
49867.651
40310.631
32788.596
27499.333
24392.93
23335.731
24136.515
26748.472
31438.986
52694.352
42512.837
34440.988
28717.527
25296.643
24017.966
24652.811
27002.136
31426.295
56231.774
45176.837
36362.593
30065.043
26237.265
24675.695
25112.914
27171.807
31228.152
60384.912
48126.327
38433.085
31489.988
27195.112
25293.444
25475.064
27229.569
30914.749
66392.052
52429.905
41271.419
33283.347
28298.514
25918.64
25765.415
27201.504
30429.3
71552.755
55861.637
43584.936
34794.219
29242.609
26558.851
26038.886
27166.142
30010.726
86398.12
65860.659
49648.027
38369.416
31270.722
27458.849
26372.34
27058.8
29220.42
655324.9
179217.2
86770.317
53168.629
36517.619
26737.201
676693.1
186188.21
91379.156
56435.253
38955.531
28671.555
697840.07
193373.26
95971.169
59745.42
41485.146
30690.024
718400.46
200327.48
100479.04
63054.053
44044.84
32741.79
738256.5
207147.61
104898.63
66327.543
46600.861
34803.607
755636.06
213760.27
109368.52
69640.586
49173.743
36875.423
771811.51
218955.7
112975.66
72562.929
51582.801
38882.637
782850.49
228255.89
118230.48
76112.576
54222.184
40970.124
792088.23
230203.36
120282.72
78304.561
56277.566
42802.34
792894.69
244341.27
127519.3
82595.392
59226.384
45033.195
789937.13
240898.52
128578.49
84537.197
61171.801
46800.145
783414.54
240063.3
129813.78
86190.014
62831.218
48341.995
771653.05
240437.85
130892.82
87792.403
64505.275
49912.907
752036.49
254743.01
136528.66
91011.298
66856.336
51831.532
724302.15
259396.94
140950.92
94259.986
69406.279
53944.604
689479.77
260195.64
144442.58
97442.438
72099.641
56235.512
656281.14
261886.06
147920.47
100758.01
75005.865
58754.517
606634.59
261594.04
151881.65
104714.19
78473.424
61728.848
553738.41
263836.27
156536.27
109112.84
82423.006
65172.848
492695.33
265582
164804.52
116070.45
87932.728
69673.853
431438.33
274580.23
173718.61
124591.14
95083.482
75340.466
340812.16
278324.68
195667.5
137152.27
104267.96
83012.74
216837.46
237166.08
212541.11
162349.19
118495.67
91841.428
148510.24
176804.28
187193.39
173427.76
143793.4
109461.93
141927.19
91520.809
117223.54
148282.58
142135.03
126094.07
144627.62
48622.451
54808.417
76876.35
115686.91
117701.09
144023.37
41685.246
30702.053
35728.356
52851.793
87865.436
146060.09
42630.756
26610.174
23674.264
27974.638
42495.44
149530.57
45447.255
25835.376
19857.302
18801.003
20477.636
154518.04
45555.482
25039.648
18168.483
15399.623
14617.684
159843.18
44550.45
24125.476
17113.664
13988.914
12589.914
165574.78
44909.966
23688.563
16503.777
13287.533
11735.684
171078.81
45224.281
23355.832
16128.38
12913.95
11332.41
174822.51
45446.137
23220.966
15958.665
12743.561
11145.28
177435.06
45696.279
23215.27
15908.824
12680.29
11062.945
178758.26
45810.395
23201.895
15877.523
12650.373
11026.193
179015.74
45703.325
23143.122
15848.219
12632.112
11007.063
177776.02
45306.489
23076.839
15839.747
12628.145
10999.322
175330.89
45399.37
23138.933
15870.167
12638.287
11000.855
172702.96
45131.943
23129.386
15907.378
12674.703
11032.053
168846.77
44845.654
23235.83
16055.422
12808.523
11150.771
163301.59
44474.343
23552.512
16406.547
13122.427
11435.668
157472.79
44118.102
24046.255
16994.341
13692.099
11999.842
152053.45
45092.156
25030.574
17964.793
14686.531
13091.828
147071.53
48102.392
26756.497
19516.961
16501.401
15517.749
142220.34
46998.041
27126.357
21257.681
20621.928
22452.188
138370.86
41966.59
27236.157
26217.823
33056.838
47685.741
135854.59
45361.077
32051.037
43685.746
67732.297
87705.752
641872.31
178694.47
87267.508
53750.245
36983.457
27045.592
642491.82
177497.08
86115.823
52870.212
36352.089
26629.677
642086.61
176337.4
85118.801
52092.318
35743.027
26147.302
641068.62
175103.3
84148.147
51367.772
35190.92
25717.623
639433.95
173831.34
83226.391
50702.064
34696.905
25345.121
637441.5
172476.84
82310.459
50073.124
34250.475
25021.148
635458.56
171015.13
81379.739
49480.222
33852.888
24743.869
633165.77
169529.45
80522.761
48983.919
33532.745
24521.748
626537.3
168057.61
79945.197
48665.59
33319.298
24359.645
621349.16
167023.62
79551.636
48429.733
33144.578
24227.908
615722.76
165862.02
79129.117
48189.663
32985.294
24114.943
609257.9
164788.68
78747.335
47970.756
32845.812
24020.93
604813.45
163590.46
78210.482
47702.288
32702.39
23938.556
608049.99
162304.31
77651.96
47484.902
32614.539
23899.31
598580.27
162532.03
78002.874
47665.251
32708.633
23952.678
601052.64
163516.41
78478.061
47923.261
32861.291
24049.094
606307.2
164573.67
78901.963
48168.185
33024.157
24163.392
612416.26
165577.46
79252.664
48397.421
33193.712
24293.451
618299.68
166729.81
79655.268
48637.161
33379.957
24443.099
624485.28
167915.04
80096.105
48903.006
33587.166
24619.696
632166.6
169481.11
80713.642
49274.095
33861.351
24847.07
637136.84
171189.19
81616.789
49831.47
34253.902
25145.467
641176.45
173414.04
82806.911
50514.733
34690.713
25452.455
646989.38
173668.96
82775.537
50576.796
34789.514
25520.343
132788.71
42097.338
60827.766
99413.728
116080.43
113519.79
133151.51
115680.92
139513.7
144058.96
133821.3
120329.69
164958.97
186273.59
178319.3
158178.52
127207.65
99375.473
260850.6
236194.56
189612.97
140433.59
104700.3
82641.609
337824.28
248360.11
168066.99
120693.93
92887.576
74001.415
389669.88
241242.74
155792.36
111435.24
84190.638
65966.427
428158.41
234146.09
144386.08
101078.36
75973.254
59468.42
462163.45
228221.56
136491.39
94542.46
70370.899
54587.435
492607.07
223762.26
129512.8
88322.528
65184.841
50283.703
510490.28
217849.59
123707.93
83389.736
61053.559
46810.813
530834.44
213712.2
118514.06
78941.72
57411.23
43806.504
548744.59
208665.67
113544.99
75036.622
54309.206
41269.601
564946.4
203306.31
108872.26
71574.292
51615.176
39084.759
578163.36
193233.77
103850.75
68420.204
49264.361
37197.444
588617.58
183290.79
99774.991
65832.318
47274.732
35577.877
596959.98
183140.43
98216.291
64117.959
45711.92
34240.437
604559.34
185186.13
97789.531
63020.061
44561.129
33195.707
612386.52
184030.53
96560.461
61812.622
43432.664
32199.287
619841.21
182481.58
94244.653
59904.164
41957.028
31054.113
625966.23
182737.33
93247.48
58736.515
40892.915
30154.205
631255.14
181961.01
91726.28
57420.689
39830.882
29303.829
635311.4
181426.5
90532.231
56320.232
38904.536
28538.007
638484.53
180604.56
89365.763
55334.112
38090.023
27840.676
640570.17
179730.83
88325.493
54504.915
37431.719
27236.761
20287.395
20057.088
19682.643
19337.427
19054.998
18826.927
18638.093
18482.173
18356.439
18260.96
18209.277
18219.561
18270.806
18348.328
18454.245
18588.825
18757.893
18975.142
19244.636
19565.428
19943.014
20389.568
20909.482
21432.18
16695.888
16202.777
15734.135
15339.903
15017.097
14755.324
14540.287
14367.037
14232.614
14136.204
14083.4
14079.093
14113.913
14182.017
14283.956
14420.111
14592.785
14810.5
15078.675
15399.291
15779.647
16234.955
16787.889
17449.078
13536.868
12988.787
12521.562
12136.516
11823.337
11568.086
11360.295
11195.767
11070.996
10984.592
10937.527
10929.599
10956.447
11016.129
11108.825
11235.119
11396.639
11596.28
11841.476
12135.872
12485.602
12903.755
13413.151
14047.934
10828.55
10317
9894.1897
9549.1927
9268.4814
9039.1972
8855.0253
8711.2847
8604.4479
8532.4059
8494.1217
8487.5924
8510.8282
8563.2836
8645.0702
8756.8121
8899.9396
9076.3854
9289.877
9547.0687
9852.7964
10216.839
10656.769
11204.041
8544.8579
8104.7396
7744.7363
7451.5596
7212.1014
7018.2609
6864.4514
6745.9449
6659.6057
6602.964
6574.2361
6571.2193
6593.0093
6639.4116
6710.5316
6806.9567
6929.8735
7080.9449
7262.5923
7479.6942
7737.946
8044.2425
8410.7455
8859.3215
6642.7552
6283.2413
5989.8167
5750.2784
5555.7526
5399.8606
5277.4965
5184.5375
5118.1649
5076.3167
5056.8323
5057.9028
5079.1541
5120.3776
5181.6669
5263.5463
5367.0119
5493.5181
5645.0266
5824.4037
6036.6807
6287.7103
6585.6729
6944.2574
5076.5571
4794.9037
4564.4841
4377.1328
4226.2076
4106.4155
4013.5002
3944.0548
3895.8523
3867.237
3856.0222
3861.0224
3881.9572
3918.611
3971.0619
4039.7451
4125.4746
4229.4661
4353.3746
4499.3642
4670.5477
4871.7444
5109.0268
5390.7518
3804.7352
3592.1222
3418.4709
3278.2575
3166.3209
3078.4745
3011.4026
2962.4865
2930.0022
2912.5384
2908.2838
2916.5644
2937.0618
2969.5833
3014.1988
3071.2582
3141.4074
3225.6154
3325.2098
3441.9143
3577.9776
3736.5048
3922.0418
4139.9752
2788.3392
2634.3194
2509.1308
2408.9837
2329.989
2268.9911
2223.4957
2191.6095
2172.0498
2163.4907
2164.7212
2175.3706
2195.1048
2223.7852
2261.4799
2308.4675
2365.2495
2432.573
2511.4594
2603.237
2709.6001
2832.7376
2975.5998
3141.761
1992.3049
1885.7481
1799.7796
1731.8848
1679.2745
1639.6555
1611.255
1592.7127
1583.0492
1581.0891
1586.2705
1598.2496
1616.7881
1641.8032
1673.3665
1711.7018
1757.1949
1810.4108
1872.1141
1943.2929
2025.1937
2119.3868
2227.8837
2352.8648
1383.2257
1313.139
1257.1726
1213.8633
1181.2775
1157.7891
1142.1286
1133.3011
1130.4974
1133.0267
1140.563
1152.8446
1169.7266
1191.1735
1217.2612
1248.1749
1284.2162
1325.8139
1373.5367
1428.1091
1490.4313
1561.6048
1642.9822
1735.9452
928.80934
885.15059
850.89891
825.27655
806.93134
794.67747
787.58243
785.03298
786.41193
791.44022
799.88033
811.57206
826.42296
844.40511
865.57929
890.10768
918.24147
950.32198
986.78576
1028.1767
1075.1651
1128.5523
1189.2266
1257.8576
601.10705
575.08639
555.16254
540.88976
531.23407
525.40005
522.87278
523.22279
526.24449
531.7731
539.66911
549.83188
562.20978
576.70826
593.39302
612.42285
634.00055
658.38454
685.90128
716.95888
752.07656
791.91233
837.20581
888.3147
391.86423
375.84962
363.95929
355.34273
349.31707
345.49122
343.61626
343.52763
345.10915
348.30797
353.06205
359.30918
367.14668
376.8743
388.52915
402.07011
417.50986
434.93639
454.53521
476.58044
501.45443
529.71691
562.1557
599.27648
281.50856
271.52553
263.86469
257.77499
253.19797
250.01862
248.07337
247.21728
247.34405
248.38844
250.33058
253.16186
256.88048
261.5402
267.21408
273.98458
281.92566
291.08407
301.66114
313.84533
327.86125
344.03927
362.82809
384.40399
230.98284
224.01445
217.8349
212.44713
208.23886
205.11589
202.88688
201.40615
200.56768
200.29044
200.50703
201.16685
202.25092
203.76435
205.73449
208.23206
211.39505
215.27229
220.06132
225.83774
232.74654
241.13235
251.47965
263.23839
207.05231
201.08843
195.15768
189.83641
185.61812
182.40655
180.01239
178.29906
177.15071
176.46119
176.12113
176.03169
176.13091
176.36798
176.6977
177.11089
177.80051
179.23206
181.13698
183.42972
186.18094
189.58822
194.08366
199.38531
183.34158
177.52302
171.72198
166.65694
162.68371
159.69804
157.50877
155.94755
154.90331
154.29126
154.03963
154.10332
154.51218
155.24744
156.24697
157.31257
158.55108
159.78153
160.96357
162.11434
163.30153
164.50901
165.87885
166.85041
168.02466
162.43374
157.23325
152.82325
149.3812
146.74834
144.72363
143.16712
141.98149
141.08808
140.33751
139.67973
139.09781
138.60144
138.34237
138.53088
138.96076
139.51861
140.18676
140.97202
141.9468
143.43939
145.56289
147.44609
149.99404
144.89746
140.30545
136.49987
133.582
131.41155
129.81681
128.66162
127.84382
127.3033
127.10945
127.20117
127.52268
127.90999
128.25015
128.55283
128.82841
129.09465
129.36738
129.66774
130.00198
130.28553
130.58626
130.57399
139.9176
135.08223
130.89858
127.5188
124.96944
123.10127
121.74554
120.76655
120.0587
119.52818
119.02698
118.53385
118.10098
117.87094
117.87463
117.96599
118.10175
118.26762
118.45493
118.67596
119.01714
119.67221
120.54854
121.08327
128.25043
123.88055
120.31964
117.57489
115.58014
114.1739
113.20082
112.54194
112.1096
111.84953
111.80228
111.90922
112.12111
112.30676
112.3951
112.45434
112.50688
112.56284
112.61547
112.65435
112.67089
112.67262
112.71407
112.69394
121.83866
117.7033
114.49179
112.10404
110.41626
109.26096
108.48993
107.99084
107.6785
107.47276
107.28393
107.09271
106.91275
106.80676
106.8138
106.86111
106.92611
107.00502
107.11632
107.283
107.52364
107.84196
108.16339
108.26956
114.61988
111.01201
108.38346
106.53433
105.28665
104.47436
103.96276
103.65229
103.47701
103.40914
103.44
103.52973
103.62301
103.70275
103.75666
103.79574
103.83061
103.86613
103.8982
103.914
103.89716
103.87067
103.86489
103.82208
110.60891
107.34451
105.04637
103.50044
102.49384
101.86655
101.49263
101.27684
101.15114
101.06872
101.00469
100.96008
100.95269
100.9624
100.98218
101.00762
101.03772
101.07319
101.11664
101.17541
101.27041
101.38964
101.49926
101.53475
106.4085
103.68187
101.96981
100.90923
100.27218
99.90948
99.711613
99.607221
99.554551
99.530487
99.522599
99.52414
99.531732
99.54309
99.556608
99.571258
99.586912
99.60376
99.621924
99.641647
99.663645
99.687461
99.704261
99.692095
103.78111
101.64652
100.33375
99.549545
99.13049
98.916197
98.808928
98.757124
98.734327
98.727081
98.72845
98.734953
98.744752
98.756762
98.770211
98.784323
98.799185
98.814698
98.830636
98.846874
98.863397
98.879843
98.893318
98.895102
101.74138
100.07529
99.187791
98.746802
98.531793
98.427626
98.377953
98.355544
98.34703
98.345721
98.348144
98.352662
98.358339
98.364797
98.371798
98.378745
98.385947
98.393123
98.399875
98.405876
98.410865
98.414324
98.414972
98.412551
99.750999
98.938354
98.54128
98.354832
98.264106
98.219265
98.198133
98.189408
98.187135
98.188112
98.190633
98.193845
98.197331
98.200983
98.20508
98.21041
98.21603
98.221396
98.226032
98.229434
98.231147
98.231067
98.230003
98.230125
98.850479
98.477837
98.312888
98.229646
98.182584
98.157736
98.146055
98.141497
98.140598
98.141368
98.142712
98.144082
98.145258
98.146203
98.146978
98.14769
98.148459
98.149403
98.150615
98.152128
98.153821
98.155352
98.156601
98.159258
98.440825
98.327233
98.279696
98.266127
98.26839
98.27498
98.28161
98.286715
98.290105
98.292152
98.293334
98.294041
98.294484
98.294764
98.294926
98.29497
98.294879
98.294621
98.294172
98.293503
98.292548
98.29114
98.288961
98.286012
5315.1692
5198.9973
5411.1138
6027.4883
7145.9508
8876.6781
11318.686
14433.491
17912.433
4807.9095
4693.4255
4876.0591
5410.3888
6363.885
7805.9548
9777.0937
12230.448
14997.863
4271.1566
4166.9736
4324.1294
4782.0782
5585.593
6774.2671
8354.9618
10270.025
12384.997
3715.3757
3626.306
3762.307
4150.2086
4817.7416
5783.0381
7032.4173
8501.6716
10075.643
3156.1097
3083.6786
3201.5455
3525.882
4071.563
4842.0549
5812.6468
6920.4508
8065.8692
2613.5759
2555.3505
2656.2369
2923.0953
3361.193
3964.721
4704.7795
5525.2183
6345.8351
2106.4415
2058.757
2142.7238
2357.7257
2702.3621
3165.7378
3719.1922
4315.9777
4896.1388
1658.4294
1612.4713
1677.591
1845.562
2110.148
2458.2566
2864.0679
3290.7345
3695.9273
1301.503
1235.3814
1275.9187
1400.2395
1596.907
1851.9083
2143.263
2442.8251
2722.1788
1096.322
947.75498
948.86797
1031.4245
1170.7168
1351.3939
1555.2863
1761.4277
1951.0678
1039.1011
790.22267
708.89648
739.946
829.77308
952.20386
1090.7995
1229.6842
1356.4505
1037.3134
729.85161
582.22345
543.71193
575.33623
647.04626
736.74161
827.45649
910.34368
1053.7888
722.08714
533.21821
446.10137
426.58062
446.94009
489.19443
539.7305
588.85117
1049.2736
721.87625
520.84897
408.67043
355.72614
341.84832
349.28954
366.63706
387.25631
1009.9666
695.39475
514.45602
397.88382
329.35622
295.84097
283.16654
280.99555
283.36426
984.69194
672.11331
482.89981
379.32506
318.14487
278.41641
255.61529
244.31784
237.42647
918.44119
631.50867
461.06214
352.10015
288.73705
255.91761
238.14931
226.09374
215.72402
880.95262
599.45989
428.8847
331.26214
271.80551
234.47232
213.04954
200.76279
191.40014
806.73576
552.04402
398.25485
302.4281
246.12326
214.63396
196.57132
185.08391
175.90756
766.485
523.089
372.85512
283.31212
229.04396
196.02007
176.74431
165.26766
157.01439
699.42914
479.01224
341.95746
258.74395
209.49993
180.92534
164.24823
153.93757
146.40719
662.97504
454.34283
323.89512
244.4942
196.44216
167.57997
150.63635
140.58919
133.94609
603.81395
415.34501
296.63463
224.36114
181.57006
156.56669
141.87399
132.97112
127.05128
571.46215
393.78204
281.4943
212.9727
171.83174
147.30017
132.91047
124.45023
119.19509
513.17316
356.16648
256.50595
195.63336
159.43926
138.41619
126.22091
119.04025
114.60356
481.30265
335.44125
242.69676
185.96236
152.08838
132.17277
120.61588
113.92464
109.95706
414.75933
293.25862
215.64051
168.19064
140.08047
123.87866
114.7217
109.54098
106.53638
377.33306
269.38226
200.26015
158.08695
133.21569
118.9846
111.01342
106.57534
104.06624
290.15033
213.12899
164.26174
135.0359
118.50242
109.53539
104.80037
102.31564
100.98697
233.85078
177.94834
142.45985
121.70121
110.37993
104.54264
101.63676
100.20388
99.487887
136.46383
119.74231
109.71512
104.1599
101.27583
99.843327
99.145209
98.801474
98.624399
5808.2509
5275.3644
4692.7485
4085.0377
3471.5134
2881.6358
2334.7273
1867.7599
1574.0238
1489.7957
1543.5332
1572.1295
1576.8445
1560.3851
1512.1318
1464.8602
1372.7199
1322.4056
1213.8663
1158.3335
1056.7857
1004.0827
913.58859
865.71992
774.97333
726.49183
620.21035
561.07113
424.23591
330.33924
167.96435
6862.5558
6277.5711
5610.1123
4909.1679
4193.3658
3520.1578
2909.914
2483.2828
2352.309
2523.245
2615.4925
2635.5746
2638.0631
2613.37
2540.7992
2463.1809
2315.2845
2225.7774
2046.8562
1952.6236
1787.636
1700.3492
1555.7227
1478.969
1334.1871
1256.7171
1079.0451
977.66671
744.91414
562.40682
254.95152
8962.1546
8309.7823
7511.5401
6682.2742
5808.3121
5056.2521
4605.0946
4405.3959
4908.5966
5171.4651
5248.5094
5263.3979
5267.4157
5230.1567
5082.7316
4938.4807
4629.4946
4445.9094
4089.7836
3883.1001
3563.1588
3369.9188
3103.7708
2944.6224
2697.0932
2547.5017
2243.4544
2031.472
1605.7667
1190.8429
514.13256
13929.03
13169.607
12262.919
11481.569
10782.243
10302.45
11271.425
12315.078
12877.451
13068.548
13098.928
13052.901
13015.932
12890.67
12625.398
12307.116
11613.204
11080.247
10343.042
9725.7055
9056.546
8452.3881
7880.6659
7369.7282
6911.4881
6504.1311
6012.9405
5465.4783
4652.9437
3546.2934
1645.4025
31770.159
30182.607
30007.255
31869.053
34611.018
37169.65
38797.866
39653.508
40003.926
40117.455
40022.021
39733.77
39439.525
38946.892
38220.875
37559.217
36015.53
34537.555
33040.265
31494.449
29963.052
28356.885
26760.551
25137.37
23797.984
22998.918
22082.784
21118.068
19552.452
16837.71
10549.517
160771.96
149071.54
142482.67
138362.15
137067.78
136792.75
137085.44
137385.68
137623.29
137764.02
137776.6
137637.11
137347.16
136918.59
136344.16
135791.51
134802.55
133404.29
132551.98
131763.98
130941.16
130262.3
129693.29
129379.27
129089.99
128925.67
128833.29
128828.98
128965.06
129284.72
129531.59
)
;

boundaryField
{
    Side1
    {
        type            empty;
    }
    Inlet
    {
        type            inletOutlet;
        inletValue      uniform 98.392324;
        value           uniform 98.392324;
    }
    Freestream
    {
        type            slip;
    }
    Side2
    {
        type            empty;
    }
    Outlet
    {
        type            zeroGradient;
    }
    Botwall
    {
        type            omegaWallFunction;
        blending        binomial;
        n               2;
        value           nonuniform List<scalar> 
118
(
323587.07
319125.74
314279.04
309070.25
303572.5
297823.9
291860.32
285728.76
279453.92
273070.73
266592.4
260067.59
253538.97
247036.13
240410.25
233688.35
227329.99
221577.84
216349.49
211492.45
206905.54
202534.23
198251.61
193968.5
189601.29
185077.93
180493.42
175982.18
171775.83
168229.38
165592.61
163799.79
163073.11
163295.09
163886.39
164281.4
164042.13
162708.33
159702.61
157712.91
157784.56
159175.91
160871.83
161879.32
161434.07
160487.52
160274.31
160317.47
160156.3
159825.36
159381.82
158886.52
158363.69
157866.92
157265.4
156689.05
155952.57
155253.92
154204.44
153173.88
151660.81
150580.37
148239.97
188616.47
229759.48
274331.62
321706.62
371686.54
422051.41
472905.23
520649.23
562785.4
597353.47
622843.85
638241.33
642590.91
636042.13
619940.32
596272.81
566929.93
533973.95
499183.4
464388.02
430148.06
398218.65
367549.68
341034.53
160771.96
149071.54
142482.67
138362.15
137067.78
136792.75
137085.44
137385.68
137623.29
137764.02
137776.6
137637.11
137347.16
136918.59
136344.16
135791.51
134802.55
133404.29
132551.98
131763.98
130941.16
130262.3
129693.29
129379.27
129089.99
128925.67
128833.29
128828.98
128965.06
129284.72
129531.59
)
;
    }
    Cyli
    {
        type            omegaWallFunction;
        blending        binomial;
        n               2;
        value           nonuniform List<scalar> 
96
(
655324.9
676693.1
697840.07
718400.46
738256.5
755636.06
771811.51
782850.49
792088.23
792894.69
789937.13
783414.54
771653.05
752036.49
724302.15
689479.77
656281.14
606634.59
553738.41
492695.33
431438.33
340812.16
216837.46
148510.24
141927.19
144627.62
144023.37
146060.09
149530.57
154518.04
159843.18
165574.78
171078.81
174822.51
177435.06
178758.26
179015.74
177776.02
175330.89
172702.96
168846.77
163301.59
157472.79
152053.45
147071.53
142220.34
138370.86
135854.59
641872.31
642491.82
642086.61
641068.62
639433.95
637441.5
635458.56
633165.77
626537.3
621349.16
615722.76
609257.9
604813.45
608049.99
598580.27
601052.64
606307.2
612416.26
618299.68
624485.28
632166.6
637136.84
641176.45
646989.38
132788.71
133151.51
164958.97
260850.6
337824.28
389669.88
428158.41
462163.45
492607.07
510490.28
530834.44
548744.59
564946.4
578163.36
588617.58
596959.98
604559.34
612386.52
619841.21
625966.23
631255.14
635311.4
638484.53
640570.17
)
;
    }
}


// ************************************************************************* //
