/*--------------------------------*- C++ -*----------------------------------*\
| =========                 |                                                 |
| \\      /  F ield         | OpenFOAM: The Open Source CFD Toolbox           |
|  \\    /   O peration     | Version:  2406                                  |
|   \\  /    A nd           | Website:  www.openfoam.com                      |
|    \\/     M anipulation  |                                                 |
\*---------------------------------------------------------------------------*/
FoamFile
{
    version     2.0;
    format      ascii;
    arch        "LSB;label=32;scalar=64";
    class       volScalarField;
    location    "0.01";
    object      T;
}
// * * * * * * * * * * * * * * * * * * * * * * * * * * * * * * * * * * * * * //

dimensions      [0 0 0 1 0 0 0];

internalField   nonuniform List<scalar> 
8951
(
292.99218
292.69405
292.72168
292.74506
292.79842
292.99172
293.12575
293.04773
292.96992
292.89395
292.82028
292.74826
292.6766
292.60297
292.52711
292.47205
292.50972
292.57775
292.61712
292.6553
292.69233
292.7198
292.74338
292.79679
292.99131
293.41869
293.42521
293.431
293.43523
293.43666
293.43357
293.42373
293.40457
293.37368
293.32962
293.2727
293.20523
293.13082
293.05327
292.9756
292.89956
292.8257
292.75343
292.68145
292.60743
292.53127
292.47432
292.50876
292.57666
292.61582
292.65378
292.69061
292.71794
292.74169
292.79507
292.99104
293.41525
293.42167
293.42741
293.43166
293.43326
293.43052
293.42126
293.40299
293.37336
293.33077
293.27535
293.20916
293.13567
293.05865
292.98116
292.90509
292.83106
292.75855
292.68626
292.61188
292.53551
292.47673
292.50787
292.57557
292.61454
292.65227
292.6889
292.71607
292.73997
292.79331
292.99099
293.41117
293.41751
293.42321
293.4275
293.42926
293.42689
293.41827
293.40097
293.37261
293.33152
293.27764
293.2128
293.1403
293.06386
292.98661
292.91054
292.83635
292.76362
292.69103
292.61633
292.53978
292.47926
292.50706
292.57446
292.61326
292.65076
292.68719
292.71421
292.73821
292.79151
292.99117
293.40649
293.41276
293.41843
293.42278
293.42473
293.42273
293.41479
293.39849
293.37142
293.33187
293.27958
293.21615
293.1447
293.0689
292.99194
292.9159
292.84158
292.76863
292.69576
292.62077
292.54404
292.48189
292.50633
292.57336
292.61198
292.64924
292.68546
292.71235
292.73642
292.78968
292.99158
293.40125
293.40745
293.41312
293.41755
293.4197
293.41811
293.41085
293.39553
293.36979
293.33182
293.28117
293.2192
293.14887
293.07378
292.99715
292.92116
292.84674
292.77358
292.70044
292.62519
292.54831
292.48458
292.50564
292.57227
292.61074
292.64774
292.68371
292.71047
292.73459
292.78784
292.99219
293.39546
293.40162
293.40729
293.41181
293.41419
293.41302
293.40643
293.39213
293.36774
293.33138
293.28241
293.22197
293.15282
293.07848
293.00223
292.92634
292.85182
292.77847
292.70507
292.62959
292.5526
292.48734
292.505
292.57119
292.60951
292.64623
292.68194
292.70857
292.73271
292.78605
292.99283
293.38917
293.39529
293.40098
293.40561
293.40822
293.4075
293.4016
293.38834
293.36531
293.33057
293.28331
293.22445
293.15654
293.08302
293.00719
292.93142
292.85683
292.7833
292.70966
292.63397
292.55689
292.49018
292.50445
292.57014
292.60826
292.64473
292.68012
292.70665
292.73077
292.78435
292.99342
293.38241
293.3885
293.39422
293.39897
293.40184
293.40156
293.39638
293.38413
293.36247
293.32937
293.28387
293.22664
293.16003
293.08738
293.01201
292.9364
292.86176
292.78806
292.71421
292.63833
292.56119
292.49314
292.50401
292.56911
292.607
292.64323
292.67828
292.7047
292.72878
292.78274
292.99424
293.37522
293.38129
293.38705
293.39192
293.39506
293.39522
293.39074
293.37952
293.35924
293.32781
293.28409
293.22854
293.16329
293.09157
293.01671
292.94128
292.86661
292.79276
292.71871
292.64269
292.56547
292.49624
292.50365
292.5681
292.60575
292.64173
292.6764
292.70274
292.72673
292.78117
292.99545
293.36764
293.37371
293.37951
293.38451
293.38791
293.38852
293.38475
293.37455
293.35565
293.32589
293.28398
293.23015
293.16631
293.09558
293.02128
292.94606
292.87138
292.7974
292.72317
292.64705
292.56976
292.49943
292.50338
292.5671
292.60452
292.64025
292.67449
292.70076
292.72464
292.77962
292.99658
293.35974
293.3658
293.37165
293.37679
293.38045
293.38151
293.37843
293.36926
293.35172
293.32362
293.28354
293.23147
293.16911
293.09941
293.02571
292.95073
292.87607
292.80198
292.72759
292.65142
292.57409
292.50267
292.50319
292.56611
292.60332
292.63877
292.67257
292.69877
292.7225
292.77802
292.99775
293.35156
293.35761
293.36351
293.36878
293.3727
293.3742
293.37182
293.36366
293.34746
293.32103
293.28279
293.23251
293.17166
293.10306
293.03
292.9553
292.88067
292.80649
292.73199
292.65581
292.57852
292.50593
292.50309
292.56513
292.60214
292.63731
292.67064
292.69678
292.72032
292.77633
292.99893
293.34315
293.34919
293.35513
293.36053
293.3647
293.36665
293.36497
293.35779
293.34291
293.31812
293.28172
293.23327
293.17398
293.10652
293.03415
292.95977
292.88519
292.81095
292.73635
292.66022
292.58303
292.50917
292.50306
292.56417
292.60099
292.63587
292.66872
292.69479
292.71809
292.77458
292.99981
293.33458
293.34063
293.34662
293.35213
293.35654
293.35893
293.35791
293.35166
293.33808
293.31491
293.28035
293.23374
293.17606
293.10979
293.03816
292.96412
292.88964
292.81534
292.74069
292.66464
292.58746
292.51243
292.50312
292.56321
292.59985
292.63445
292.66682
292.69282
292.71584
292.77284
293.00025
293.32592
293.33197
293.33801
293.34365
293.3483
293.35105
293.35062
293.34531
293.333
293.31143
293.2787
293.23394
293.1779
293.11288
293.04203
292.96837
292.894
292.81969
292.745
292.66905
292.59178
292.51574
292.50324
292.56227
292.59874
292.63305
292.66494
292.69088
292.71357
292.77116
293.00023
293.3172
293.32324
293.32932
293.33507
293.33994
293.34306
293.34323
293.3388
293.32771
293.3077
293.27676
293.23387
293.1795
293.11577
293.04575
292.97251
292.89828
292.82397
292.74928
292.67344
292.59601
292.51911
292.50345
292.56133
292.59765
292.63169
292.66309
292.68896
292.71126
292.76963
292.99976
293.3085
293.31452
293.32063
293.32648
293.33155
293.33503
293.33576
293.33217
293.32225
293.30374
293.27457
293.23353
293.18086
293.11846
293.04932
292.97655
292.90248
292.82821
292.75353
292.67779
292.60025
292.52259
292.50372
292.56037
292.59657
292.63037
292.66129
292.68709
292.70893
292.76829
292.99891
293.29987
293.30587
293.31199
293.31793
293.32318
293.32698
293.32825
293.32545
293.31663
293.29957
293.27214
293.23294
293.18199
293.12096
293.05274
292.98048
292.90662
292.83239
292.75775
292.68211
292.60449
292.52616
292.50405
292.55944
292.59549
292.62905
292.65953
292.68525
292.70657
292.76715
292.9977
293.29138
293.29735
293.30348
293.30948
293.31488
293.31898
293.32073
293.31867
293.3109
293.29523
293.26948
293.2321
293.18288
293.12327
293.05602
292.9843
292.91067
292.83653
292.76195
292.6864
292.60873
292.52977
292.50444
292.55853
292.59443
292.62774
292.65783
292.68346
292.7042
292.7662
292.99617
293.28308
293.28901
293.29514
293.30118
293.30672
293.31107
293.31326
293.31187
293.3051
293.29076
293.26663
293.23104
293.18355
293.12538
293.05915
292.98802
292.91466
292.84062
292.76611
292.69063
292.6129
292.53347
292.50489
292.55764
292.59338
292.62644
292.65617
292.68171
292.70184
292.76541
292.99435
293.27506
293.28095
293.28705
293.29313
293.29877
293.30331
293.30584
293.30509
293.29926
293.28617
293.26361
293.22978
293.18402
293.12732
293.06214
292.99164
292.91859
292.84467
292.77024
292.69482
292.61699
292.53713
292.50541
292.55676
292.59233
292.62515
292.65457
292.68
292.69955
292.76469
292.99227
293.26732
293.27313
293.27919
293.28526
293.29097
293.29574
293.29866
293.29846
293.29346
293.28154
293.26047
293.22833
293.18429
293.12907
293.065
292.99517
292.92245
292.84868
292.77433
292.69896
292.62105
292.54076
292.50599
292.55587
292.59129
292.62386
292.65301
292.67835
292.69735
292.76395
292.98996
293.25997
293.2657
293.27169
293.27775
293.28351
293.28845
293.29168
293.29197
293.28773
293.2769
293.25724
293.22674
293.18438
293.13066
293.06772
292.9986
292.92625
292.85265
292.7784
292.70306
292.62508
292.54442
292.50661
292.555
292.59024
292.62257
292.65148
292.67673
292.69526
292.76309
292.98743
293.25307
293.25871
293.26464
293.27066
293.27644
293.28146
293.2849
293.28564
293.2821
293.27229
293.25395
293.22503
293.18432
293.1321
293.07032
293.00195
292.93
292.85658
292.78243
292.70713
292.62909
292.54808
292.5073
292.55412
292.58919
292.62127
292.65
292.67515
292.69327
292.76198
292.98474
293.24664
293.25217
293.25799
293.26394
293.26971
293.2748
293.27843
293.27954
293.27666
293.26776
293.25066
293.22323
293.18413
293.13341
293.07281
293.00522
292.93371
292.86048
292.78643
292.71117
292.63307
292.55176
292.50822
292.55325
292.58814
292.61996
292.64854
292.6736
292.69139
292.76059
292.98193
293.24076
293.24615
293.25186
293.2577
293.26339
293.2685
293.27235
293.27386
293.27148
293.26338
293.2474
293.22139
293.18383
293.1346
293.07519
293.00842
292.93736
292.86436
292.79041
292.71517
292.63703
292.55545
292.50924
292.55238
292.58708
292.61865
292.64711
292.67207
292.6896
292.75886
292.9791
293.2355
293.24076
293.24633
293.25207
293.25771
293.26282
293.26674
293.26841
293.26646
293.25914
293.24423
293.21954
293.18347
293.13569
293.07749
293.01156
292.94098
292.8682
292.79435
292.71913
292.64095
292.55909
292.51026
292.55149
292.58602
292.61733
292.64568
292.67055
292.6879
292.75681
292.97635
293.23087
293.23597
293.24139
293.24698
293.2525
293.25753
293.26145
293.26334
293.26187
293.25518
293.24119
293.21773
293.18307
293.1367
293.07971
293.01463
292.94456
292.87203
292.79827
292.72306
292.64482
292.5626
292.51133
292.5506
292.58494
292.61601
292.64428
292.66902
292.68626
292.75455
292.97373
293.22692
293.23185
293.2371
293.24254
293.24792
293.25287
293.2568
293.25882
293.25759
293.25143
293.23831
293.21599
293.18268
293.13767
293.08187
293.01766
292.94811
292.87582
292.80217
292.72695
292.64863
292.56605
292.51247
292.5497
292.58385
292.61467
292.64289
292.6675
292.68467
292.75216
292.97134
293.22367
293.22843
293.23349
293.23874
293.24396
293.24878
293.25263
293.25466
293.25369
293.24808
293.2357
293.21439
293.18231
293.13861
293.08398
293.02065
292.95163
292.8796
292.80603
292.7308
292.65238
292.56953
292.5137
292.5488
292.58277
292.61333
292.6415
292.66597
292.68311
292.75001
292.96928
293.22115
293.22572
293.23058
293.23563
293.24066
293.24533
293.24909
293.25115
293.25036
293.24507
293.23329
293.21293
293.18202
293.13956
293.08607
293.02361
292.95513
292.88336
292.80987
292.73462
292.65608
292.57304
292.51503
292.5479
292.5817
292.61199
292.64011
292.66444
292.68157
292.74827
292.9677
293.21936
293.22373
293.22839
293.23323
293.23804
293.24252
293.24615
293.24815
293.2474
293.24242
293.23127
293.21169
293.18182
293.14053
293.08814
293.02654
292.9586
292.8871
292.81368
292.7384
292.65975
292.57662
292.51641
292.547
292.58063
292.61068
292.63872
292.66291
292.68004
292.74685
292.96679
293.21831
293.22247
293.22691
293.23152
293.23612
293.24038
293.24384
293.24575
293.24505
293.24034
293.22955
293.21061
293.18174
293.14156
293.09022
293.02945
292.96206
292.89081
292.81746
292.74214
292.6634
292.58019
292.51784
292.54608
292.57958
292.6094
292.63733
292.66139
292.67849
292.74561
292.96688
293.21797
293.22193
293.22614
293.23052
293.23487
293.2389
293.24216
293.24393
293.24318
293.23846
293.22812
293.20999
293.18186
293.14265
293.0923
293.03235
292.96549
292.89451
292.82122
292.74584
292.66702
292.58375
292.51929
292.54516
292.57856
292.60814
292.63595
292.65989
292.67694
292.74459
292.96828
293.21831
293.22206
293.22605
293.23018
293.23428
293.23807
293.2411
293.2427
293.24187
293.23725
293.22718
293.2095
293.18213
293.14384
293.09442
293.03525
292.96891
292.89817
292.82494
292.74951
292.67059
292.58723
292.52081
292.54425
292.57755
292.60692
292.6346
292.65842
292.67539
292.74372
292.97008
293.21929
293.22284
293.2266
293.23049
293.23433
293.23786
293.24065
293.24204
293.2411
293.2365
293.22657
293.20925
293.1826
293.14515
293.09658
293.03814
292.97231
292.90182
292.82863
292.75313
292.67411
292.59064
292.52238
292.54335
292.57658
292.60576
292.63329
292.65701
292.67385
292.74289
292.97145
293.22085
293.2242
293.22774
293.23138
293.23497
293.23823
293.24076
293.24192
293.24082
293.23614
293.22628
293.20936
293.18334
293.14658
293.09878
293.04104
292.97568
292.90543
292.83227
292.7567
292.67758
292.59399
292.52402
292.54249
292.57563
292.60465
292.63203
292.65565
292.67229
292.74175
292.97168
293.22292
293.22607
293.2294
293.23281
293.23614
293.23914
293.2414
293.24231
293.24101
293.23626
293.22647
293.2098
293.18421
293.14809
293.10102
293.04393
292.97904
292.90901
292.83588
292.76022
292.681
292.59731
292.52571
292.54164
292.57473
292.60359
292.63084
292.65435
292.67075
292.74024
292.97252
293.22542
293.22838
293.2315
293.23468
293.23776
293.2405
293.2425
293.24316
293.24165
293.23678
293.22701
293.21049
293.18524
293.1497
293.10331
293.04683
292.98237
292.91255
292.83944
292.76368
292.68437
292.6006
292.52746
292.54081
292.57386
292.60261
292.62971
292.6531
292.66924
292.73875
292.97407
293.22823
293.23102
293.23395
293.23691
293.23976
293.24225
293.24399
293.2444
293.24267
293.23765
293.22782
293.21139
293.18647
293.15148
293.10565
293.04971
292.98566
292.91605
292.84294
292.7671
292.68768
292.60384
292.52927
292.54001
292.57305
292.60166
292.62863
292.65192
292.66777
292.73729
292.97616
293.23127
293.2339
293.23665
293.23941
293.24204
293.24429
293.24579
293.24596
293.244
293.23881
293.22892
293.21256
293.1879
293.15332
293.10801
293.05259
292.98892
292.91949
292.8464
292.77045
292.69095
292.60703
292.53119
292.5392
292.57228
292.60076
292.62762
292.65078
292.66632
292.73598
292.97855
293.23443
293.23691
293.23949
293.24208
293.24451
293.24654
293.2478
293.24775
293.24558
293.24022
293.23024
293.21393
293.18945
293.15522
293.11038
293.05544
292.99213
292.92288
292.8498
292.77376
292.69417
292.61017
292.53317
292.53842
292.57156
292.59992
292.62664
292.64965
292.66494
292.73511
292.98096
293.23758
293.23994
293.24237
293.24479
293.24705
293.24888
293.24994
293.24967
293.24731
293.24179
293.23173
293.21543
293.19111
293.15717
293.11277
293.05826
292.99529
292.92622
292.85313
292.77701
292.69736
292.61331
292.53519
292.53771
292.57088
292.59913
292.62569
292.64853
292.66361
292.73455
292.98315
293.24062
293.24287
293.24518
293.24746
293.24955
293.25122
293.2521
293.25165
293.24911
293.24345
293.2333
293.21702
293.19284
293.15915
293.11514
293.06104
292.99839
292.92948
292.85641
292.78022
292.70054
292.61653
292.53726
292.53707
292.57023
292.59836
292.62475
292.64741
292.6623
292.73419
292.98502
293.24344
293.24559
293.24779
293.24995
293.25192
293.25345
293.25417
293.25357
293.25088
293.2451
293.23488
293.21861
293.19456
293.16114
293.11749
293.06377
293.00143
292.93269
292.85964
292.78338
292.7037
292.61976
292.53937
292.53654
292.56962
292.59763
292.62382
292.64626
292.66102
292.73404
292.9865
293.24592
293.248
293.25011
293.25218
293.25404
293.25546
293.25606
293.25533
293.25254
293.24666
293.23639
293.22016
293.19623
293.1631
293.11978
293.06643
293.0044
292.93582
292.8628
292.78651
292.70684
292.62294
292.54148
292.53606
292.56904
292.59694
292.62288
292.64507
292.65978
292.73406
292.98761
293.24799
293.25
293.25205
293.25404
293.25583
293.25715
293.25767
293.25686
293.25399
293.24806
293.23779
293.22162
293.19785
293.16498
293.122
293.06902
293.00729
292.93889
292.86591
292.78961
292.70997
292.62605
292.54364
292.53566
292.5685
292.59628
292.62195
292.64385
292.65853
292.73416
292.98849
293.24954
293.2515
293.2535
293.25545
293.25718
293.25845
293.25891
293.25806
293.25515
293.24922
293.23899
293.22293
293.19936
293.16675
293.12413
293.07151
293.01009
292.94188
292.86898
292.79267
292.71309
292.6291
292.54587
292.53534
292.56799
292.59565
292.62102
292.64262
292.6573
292.73429
292.98927
293.2505
293.25244
293.25441
293.25632
293.25802
293.25927
293.25971
293.25884
293.25595
293.25006
293.23992
293.22401
293.20068
293.16838
293.12614
293.07391
293.01282
292.94482
292.872
292.79572
292.71619
292.63216
292.5482
292.53512
292.56753
292.59505
292.6201
292.6414
292.65609
292.73454
292.99008
293.25083
293.25274
293.2547
293.2566
293.25829
293.25954
293.25999
293.25916
293.25632
293.25053
293.24053
293.22483
293.20177
293.16984
293.128
293.0762
293.01546
292.9477
292.875
292.79876
292.7193
292.63529
292.55064
292.53499
292.56711
292.59451
292.61922
292.6402
292.6549
292.73499
292.99102
293.25047
293.25238
293.25434
293.25624
293.25795
293.25922
293.25972
293.25895
293.25621
293.25056
293.24076
293.22532
293.20261
293.17109
293.12972
293.07837
293.01802
292.95053
292.87797
292.80181
292.72243
292.63846
292.55317
292.53494
292.56676
292.59402
292.61839
292.63903
292.65375
292.73577
292.99216
293.24941
293.25133
293.25329
293.25522
293.25695
293.25828
293.25885
293.25818
293.25558
293.25012
293.24057
293.22546
293.20316
293.17212
293.13126
293.08042
293.0205
292.95332
292.88093
292.80487
292.72558
292.64167
292.55585
292.53498
292.56647
292.59361
292.61762
292.63793
292.65264
292.73695
292.99348
293.24764
293.24957
293.25156
293.25351
293.2553
293.25669
293.25735
293.25682
293.25441
293.24919
293.23996
293.22524
293.20341
293.1729
293.13262
293.08236
293.02292
292.95608
292.8839
292.80796
292.72875
292.64487
292.55859
292.53512
292.56626
292.59328
292.61692
292.6369
292.65157
292.73849
292.99493
293.24518
293.24712
293.24914
293.25113
293.25298
293.25445
293.25524
293.25486
293.25267
293.24774
293.23889
293.22465
293.20333
293.1734
293.13381
293.08418
293.02529
292.95883
292.88689
292.81109
292.73195
292.64809
292.56136
292.53532
292.56612
292.59304
292.61631
292.63595
292.65055
292.74011
292.99639
293.24205
293.24402
293.24606
293.24811
293.25002
293.25159
293.25251
293.25232
293.25037
293.24576
293.23732
293.22359
293.20289
293.1737
293.13484
293.08591
293.02761
292.96159
292.88992
292.81427
292.73521
292.65139
292.56428
292.53566
292.56608
292.59288
292.6158
292.63509
292.64958
292.74151
292.9977
293.23831
293.2403
293.24238
293.24447
293.24646
293.24813
293.2492
293.24921
293.24753
293.24329
293.2353
293.22214
293.20216
293.17377
293.13571
293.08755
293.02989
292.96436
292.89299
292.81751
292.73853
292.65476
292.56736
292.53614
292.56612
292.59281
292.6154
292.6343
292.64866
292.74239
292.99876
293.23402
293.23603
293.23814
293.24029
293.24236
293.24414
293.24537
293.24559
293.24421
293.24034
293.23286
293.22034
293.20114
293.17359
293.13641
293.08909
293.03216
292.96715
292.89612
292.82082
292.74193
292.65821
292.57061
292.53669
292.56625
292.59284
292.61512
292.63359
292.64782
292.74255
292.99948
293.22925
293.23129
293.23344
293.23564
293.23778
293.23968
293.24107
293.24152
293.24045
293.237
293.23006
293.21819
293.19977
293.17315
293.13695
293.09055
293.0344
292.96998
292.89932
292.82422
292.74541
292.66175
292.57394
292.53734
292.56647
292.59296
292.61495
292.63297
292.64705
292.74199
292.99987
293.22411
293.22616
293.22834
293.23059
293.2328
293.23481
293.23636
293.23704
293.23627
293.23325
293.22686
293.2157
293.19814
293.1725
293.13733
293.09193
293.03663
292.97285
292.90259
292.8277
292.74897
292.66536
292.57723
292.53811
292.5668
292.59317
292.61488
292.63245
292.6464
292.74094
293
293.21868
293.22074
293.22295
293.22524
293.22752
293.22963
293.23133
293.23223
293.23177
293.22917
293.22334
293.21292
293.19627
293.17165
293.13757
293.09323
293.03885
292.97576
292.90593
292.83126
292.75262
292.66906
292.58076
292.53914
292.56721
292.59347
292.61493
292.63203
292.64586
292.73979
293
293.21308
293.21514
293.21736
293.21968
293.22202
293.22422
293.22606
293.22717
293.22702
293.22483
293.21958
293.20989
293.19416
293.1706
293.13767
293.09446
293.04106
292.97871
292.90936
292.83492
292.75636
292.67285
292.58446
292.54053
292.56771
292.59386
292.61511
292.63173
292.64544
292.73893
293.00001
293.20739
293.20945
293.21167
293.21401
293.2164
293.21868
293.22065
293.22195
293.22208
293.2203
293.21561
293.20667
293.19185
293.16937
293.13764
293.09561
293.04326
292.9817
292.91285
292.83868
292.7602
292.67675
292.58834
292.54224
292.56827
292.59435
292.61541
292.63158
292.64517
292.73865
293.00021
293.20174
293.20378
293.20599
293.20834
293.21075
293.2131
293.21517
293.21665
293.21705
293.21566
293.2115
293.20326
293.18935
293.16799
293.13747
293.09668
293.04543
292.98472
292.91642
292.84252
292.76414
292.68076
292.59232
292.54396
292.5689
292.59494
292.61579
292.63158
292.64512
292.73905
293.00074
293.19623
293.19824
293.20042
293.20276
293.20518
293.20756
293.20972
293.21134
293.21198
293.21095
293.20729
293.19975
293.18673
293.16646
293.13719
293.09766
293.04757
292.98776
292.92005
292.84645
292.76818
292.68486
292.59639
292.54565
292.56961
292.59562
292.61628
292.63173
292.6453
292.74005
293.00172
293.19096
293.19292
293.19507
293.19737
293.19978
293.20217
293.20439
293.20613
293.20696
293.20624
293.20306
293.19617
293.18402
293.16483
293.1368
293.09857
293.04967
292.99082
292.92374
292.85046
292.77231
292.68906
292.60057
292.54745
292.57041
292.5964
292.61691
292.63206
292.64572
292.74153
293.00326
293.18605
293.18795
293.19004
293.19229
293.19466
293.19704
293.19927
293.20109
293.20209
293.20164
293.19887
293.19259
293.18126
293.16311
293.13632
293.09939
293.05173
292.99388
292.92748
292.85455
292.77655
292.69336
292.60488
292.54943
292.57132
292.59729
292.61767
292.63258
292.64641
292.74337
293.00546
293.18158
293.18341
293.18542
293.1876
293.18991
293.19225
293.19447
293.19633
293.19744
293.19722
293.19482
293.18907
293.17849
293.16135
293.13576
293.10015
293.05374
292.99694
292.93126
292.85873
292.78088
292.69778
292.60935
292.55171
292.57232
292.59828
292.61857
292.63333
292.64736
292.74548
293.00838
293.17767
293.17941
293.18132
293.18341
293.18563
293.1879
293.19008
293.19194
293.19312
293.19306
293.19096
293.18568
293.17579
293.15959
293.13517
293.10085
293.05571
292.99999
292.93508
292.86298
292.78531
292.70231
292.61396
292.55418
292.57342
292.59938
292.61961
292.63431
292.64856
292.74777
293.01207
293.1744
293.17602
293.17782
293.17979
293.18189
293.18405
293.18614
293.18795
293.18914
293.18918
293.18733
293.18248
293.17325
293.15792
293.13458
293.10152
293.05766
293.00305
292.93895
292.86732
292.78986
292.70696
292.61869
292.55682
292.57461
292.60061
292.62081
292.63552
292.65001
292.75004
293.01655
293.17184
293.17334
293.17501
293.17684
293.1788
293.18082
293.18279
293.18451
293.18565
293.18572
293.18403
293.1796
293.17098
293.15638
293.13404
293.10219
293.05959
293.00611
292.94286
292.87174
292.79451
292.71173
292.62354
292.55959
292.57593
292.60198
292.62217
292.63696
292.65171
292.75209
293.02176
293.17008
293.17144
293.17297
293.17465
293.17645
293.17831
293.18013
293.18172
293.18279
293.18287
293.18129
293.17708
293.16886
293.15497
293.1336
293.1029
293.06153
293.0092
292.94683
292.87625
292.79928
292.71663
292.62851
292.56261
292.57738
292.60349
292.62368
292.63862
292.65364
292.75387
293.02756
293.16916
293.17038
293.17175
293.17326
293.17488
293.17655
293.17819
293.17961
293.18055
293.18056
293.179
293.17494
293.16708
293.15383
293.13334
293.1037
293.06352
293.01232
292.95086
292.88086
292.80417
292.72166
292.6336
292.56588
292.57897
292.60514
292.62534
292.64049
292.65582
292.75558
293.03373
293.16913
293.1702
293.17141
293.17273
293.17415
293.17562
293.17705
293.17827
293.17902
293.17889
293.17727
293.17328
293.16579
293.15312
293.1333
293.10464
293.06559
293.0155
292.95495
292.88557
292.80919
292.72684
292.63884
292.56939
292.58071
292.60692
292.62712
292.64255
292.65827
292.75772
293.03998
293.17
293.17092
293.17195
293.17309
293.17431
293.17557
293.17677
293.17776
293.17831
293.17802
293.17631
293.17237
293.16505
293.15268
293.13349
293.10576
293.06777
293.01876
292.95914
292.89038
292.81435
292.73219
292.64428
292.57314
292.58258
292.60884
292.62903
292.6448
292.661
292.76066
293.04602
293.17175
293.17253
293.17339
293.17434
293.17536
293.17638
293.17735
293.1781
293.1784
293.1779
293.17603
293.17199
293.16467
293.15265
293.13416
293.10718
293.07014
293.02214
292.96342
292.89532
292.81965
292.7377
292.64991
292.57711
292.58467
292.6109
292.63107
292.64721
292.664
292.76456
293.05166
293.17435
293.17499
293.17569
293.17646
293.17727
293.17807
293.17879
293.17929
293.17933
293.17858
293.17651
293.17234
293.16501
293.15324
293.13522
293.10888
293.07271
293.02567
292.96783
292.90038
292.8251
292.74337
292.65571
292.58129
292.58703
292.61312
292.63324
292.64974
292.66723
292.76924
293.05679
293.17772
293.17823
293.17879
293.17939
293.18001
293.1806
293.18108
293.18132
293.1811
293.18009
293.1778
293.17348
293.16614
293.15442
293.13663
293.11088
293.07551
293.02937
292.97237
292.90557
292.8307
292.74921
292.66163
292.58568
292.58966
292.61549
292.63556
292.65231
292.67067
292.77425
293.06141
293.18176
293.18216
293.18259
293.18304
293.18349
293.18388
293.18414
293.18414
293.18366
293.18239
293.17984
293.17533
293.16787
293.15616
293.13854
293.11327
293.0786
293.03327
292.97707
292.9109
292.83644
292.75518
292.66769
292.59028
292.59237
292.61804
292.63807
292.65483
292.67428
292.7791
293.06565
293.18635
293.18665
293.18698
293.18731
293.18761
293.18783
293.1879
293.18767
293.18695
293.18542
293.18261
293.17786
293.17023
293.15845
293.14101
293.11614
293.08201
293.03739
292.98192
292.91637
292.84232
292.76129
292.67386
292.59508
292.59507
292.62076
292.64076
292.65723
292.67804
292.78344
293.0698
293.19132
293.19157
293.19182
293.19206
293.19224
293.19233
293.19223
293.19182
293.19088
293.18911
293.18606
293.18108
293.17326
293.16141
293.14405
293.11941
293.08574
293.04174
292.98694
292.92198
292.84834
292.76753
292.68015
292.60006
292.59789
292.62371
292.6436
292.65946
292.68193
292.78718
293.07429
293.19652
293.19673
293.19694
293.19712
293.19723
293.19723
293.19701
293.19645
293.19534
293.19337
293.1901
293.18491
293.17691
293.16494
293.14756
293.12307
293.08978
293.04632
292.99214
292.92772
292.85448
292.77391
292.6866
292.60522
292.60086
292.62685
292.64646
292.66157
292.68592
292.79042
293.07954
293.20176
293.20198
293.20217
293.20233
293.20241
293.20236
293.20207
293.20141
293.20018
293.19806
293.19462
293.18924
293.18107
293.16897
293.15154
293.12715
293.09415
293.05115
292.99751
292.93361
292.86074
292.78041
292.69313
292.61071
292.60405
292.6302
292.64924
292.66373
292.68995
292.79345
293.08591
293.20687
293.20711
293.20733
293.20751
293.2076
293.20754
293.20724
293.20654
293.20525
293.20304
293.19948
293.19396
293.18564
293.17343
293.15595
293.13162
293.09883
293.05621
293.00304
292.93962
292.86713
292.78705
292.69982
292.61624
292.60749
292.63378
292.65205
292.6662
292.69392
292.79668
293.09359
293.21166
293.21195
293.21223
293.21246
293.21261
293.2126
293.21233
293.21166
293.21037
293.20814
293.20453
293.19894
293.19053
293.17823
293.1607
293.13643
293.10381
293.06149
293.00875
292.94577
292.87363
292.79381
292.70666
292.62201
292.61147
292.63764
292.65498
292.6692
292.69772
292.80048
293.10272
293.21597
293.21634
293.2167
293.21702
293.21726
293.21735
293.21718
293.21659
293.21537
293.21319
293.20961
293.20402
293.19558
293.18326
293.16573
293.1415
293.10903
293.06699
293.01462
292.95204
292.88026
292.80069
292.71361
292.62807
292.61584
292.64172
292.65811
292.67284
292.70128
292.80504
293.11329
293.21964
293.22011
293.22059
293.22103
293.2214
293.22163
293.2216
293.22116
293.22007
293.21803
293.21456
293.20905
293.20068
293.1884
293.17093
293.14678
293.11446
293.07266
293.02063
292.95843
292.887
292.80769
292.72072
292.63443
292.62032
292.64618
292.66145
292.67699
292.70465
292.81037
293.12413
293.22255
293.22314
293.22375
293.22434
293.22488
293.22528
293.22544
293.2252
293.22433
293.22249
293.21922
293.21389
293.20568
293.19354
293.17619
293.15219
293.12004
293.07849
293.02678
292.96494
292.89385
292.81481
292.72798
292.6411
292.62502
292.65097
292.66525
292.68146
292.70799
292.81639
293.13486
293.2246
293.22532
293.22608
293.22684
293.22757
293.22818
293.22858
293.22859
293.22798
293.22642
293.22344
293.21839
293.21045
293.19855
293.18143
293.15764
293.12571
293.08443
293.03304
292.97156
292.90082
292.82206
292.73543
292.6481
292.63012
292.65601
292.66966
292.68612
292.71148
292.82295
293.14683
293.22571
293.22658
293.2275
293.22845
293.22939
293.23025
293.23091
293.23121
293.23093
293.22971
293.22709
293.22242
293.21485
293.20331
293.18652
293.16301
293.1314
293.09045
293.0394
292.97829
292.90791
292.82946
292.74307
292.65541
292.63564
292.66126
292.67427
292.69096
292.71526
292.82992
293.15832
293.22587
293.22689
293.22798
293.22913
293.23029
293.2314
293.23236
293.233
293.23308
293.23227
293.23008
293.22586
293.21876
293.20769
293.19134
293.16828
293.13707
293.0965
293.04585
292.98513
292.91512
292.837
292.75091
292.66302
292.6415
292.66673
292.679
292.69599
292.71938
292.83727
293.16951
293.22508
293.22625
293.22752
293.22887
293.23027
293.23165
293.23292
293.23391
293.23441
293.23404
293.23235
293.22867
293.22214
293.21164
293.19586
293.17334
293.14266
293.10257
293.05236
292.99206
292.92246
292.8447
292.75895
292.67091
292.64763
292.67242
292.68412
292.70124
292.72384
292.84509
293.18222
293.2234
293.22472
293.22616
293.22771
293.22934
293.231
293.23258
293.23394
293.23484
293.23499
293.23384
293.23077
293.2249
293.21507
293.19998
293.17816
293.14811
293.1086
293.05892
292.99909
292.92992
292.85256
292.76717
292.67897
292.65399
292.67829
292.68976
292.70666
292.72856
292.85343
293.19375
293.22094
293.2224
293.22401
293.22575
293.22761
293.22953
293.23142
293.23314
293.23448
293.23508
293.23455
293.23213
293.22698
293.21795
293.20368
293.18267
293.15338
293.11456
293.06549
293.00621
292.93751
292.86056
292.77556
292.68729
292.66054
292.68423
292.69543
292.71215
292.73345
292.86229
293.1978
293.21783
293.21941
293.22117
293.2231
293.22517
293.22735
293.22954
293.23163
293.2334
293.23453
293.23454
293.23282
293.22844
293.22028
293.20692
293.18683
293.15843
293.12043
293.07207
293.01339
292.94521
292.8687
292.78411
292.69585
292.66722
292.69018
292.7009
292.71762
292.73841
292.87144
293.19837
293.21421
293.21592
293.21781
293.2199
293.22217
293.22458
293.22707
293.2295
293.23168
293.23331
293.23393
293.23288
293.2293
293.22203
293.20967
293.1906
293.16322
293.12615
293.07862
293.02063
292.95301
292.87697
292.79282
292.70452
292.67399
292.69609
292.70642
292.72308
292.74334
292.88056
293.19677
293.21028
293.21208
293.2141
293.21633
293.21877
293.22139
293.22413
293.22687
293.22944
293.23153
293.23271
293.23235
293.22959
293.22326
293.21194
293.19398
293.16771
293.1317
293.0851
293.02788
292.96088
292.88534
292.80166
292.71339
292.68077
292.70193
292.71184
292.72849
292.7482
292.88922
293.19312
293.20622
293.2081
293.21021
293.21256
293.21514
293.21794
293.2209
293.22391
293.22682
293.22934
293.23105
293.23136
293.22938
293.22399
293.21374
293.19695
293.17189
293.13705
293.09148
293.03513
292.9688
292.89379
292.8106
292.72242
292.68757
292.70764
292.71703
292.73383
292.75293
292.89691
293.18739
293.20223
293.20416
293.20634
293.20878
293.21147
293.21441
293.21755
293.22079
293.22399
293.22688
293.22907
293.22998
293.22875
293.22429
293.21511
293.19953
293.17574
293.14215
293.09773
293.04233
292.97675
292.9023
292.8196
292.73148
292.69426
292.71322
292.72216
292.73906
292.75757
292.90325
293.17924
293.19847
293.20044
293.20267
293.20516
293.20793
293.21097
293.21425
293.21767
293.22111
293.22432
293.22693
293.22837
293.22784
293.22422
293.21609
293.20171
293.17923
293.14698
293.1038
293.04945
292.98467
292.91082
292.8286
292.74057
292.70091
292.71866
292.72724
292.74421
292.76216
292.90788
293.16668
293.1951
293.19708
293.19932
293.20185
293.20467
293.20777
293.21114
293.2147
293.21832
293.22178
293.22473
293.22665
293.22675
293.22389
293.2167
293.20352
293.18239
293.15152
293.10965
293.05643
292.99254
292.91931
292.83757
292.74961
292.70765
292.72392
292.73216
292.74932
292.76675
292.91069
293.14228
293.19221
293.19418
293.19643
293.19896
293.20179
293.20493
293.20834
293.21197
293.21571
293.21936
293.22257
293.22486
293.22545
293.22335
293.21715
293.20507
293.18524
293.15577
293.11528
293.06326
293.0003
292.92775
292.84648
292.75861
292.71437
292.72903
292.73703
292.75444
292.77141
292.91194
293.10703
293.18989
293.19184
293.19407
293.19658
293.1994
293.20253
293.20596
293.20963
293.21344
293.2172
293.22061
293.2232
293.22424
293.22277
293.21741
293.20639
293.18781
293.15974
293.12065
293.0699
293.00794
292.9361
292.85531
292.76753
292.72084
292.734
292.74201
292.75964
292.7762
292.91224
293.07011
293.18817
293.1901
293.1923
293.19478
293.19757
293.20068
293.20409
293.20776
293.21159
293.21543
293.21898
293.2218
293.22321
293.22224
293.21756
293.2075
293.19013
293.16344
293.12577
293.07633
293.01543
292.94433
292.86404
292.77637
292.72721
292.73882
292.74703
292.76495
292.78116
292.91218
293.03844
293.18707
293.18896
293.19112
293.19357
293.19632
293.19938
293.20275
293.2064
293.21023
293.21409
293.21772
293.2207
293.22239
293.22184
293.21775
293.20852
293.19228
293.16691
293.13065
293.08254
293.02276
292.95245
292.87266
292.7851
292.73344
292.74349
292.75204
292.77037
292.7863
292.91208
293.01701
293.18652
293.18839
293.19051
293.19291
293.19562
293.19864
293.20197
293.20557
293.20936
293.21321
293.21686
293.21992
293.22177
293.22157
293.21804
293.20965
293.1944
293.17023
293.13533
293.08856
293.02991
292.96043
292.88116
292.79371
292.73941
292.74801
292.75716
292.77588
292.79165
292.91218
293.00815
293.18646
293.18831
293.1904
293.19278
293.19545
293.19842
293.20171
293.20526
293.20902
293.21285
293.2165
293.21961
293.22158
293.22162
293.21857
293.21086
293.19647
293.17343
293.13983
293.09438
293.0369
292.96827
292.88954
292.80218
292.74527
292.75241
292.76241
292.78142
292.79719
292.91263
293.00866
293.18678
293.18862
293.1907
293.19306
293.19571
293.19867
293.20192
293.20545
293.20918
293.21298
293.21663
293.21978
293.22187
293.2221
293.21936
293.21213
293.19856
293.17657
293.1442
293.10004
293.04373
292.97598
292.89781
292.81053
292.75106
292.75673
292.76767
292.78695
292.80297
292.91348
293.01141
293.18735
293.18919
293.19129
293.19366
293.19631
293.19927
293.20252
293.20604
293.20976
293.21356
293.21721
293.22039
293.22255
293.22294
293.22045
293.21366
293.20077
293.17972
293.14849
293.10557
293.05041
292.98357
292.906
292.8188
292.7568
292.761
292.77283
292.79246
292.809
292.91485
293.01446
293.18799
293.18987
293.192
293.1944
293.1971
293.20009
293.20337
293.20692
293.21066
293.21448
293.21817
293.22138
293.22362
293.22413
293.22188
293.21547
293.20317
293.18294
293.15275
293.111
293.05697
292.99105
292.9141
292.82708
292.76261
292.76527
292.77795
292.79798
292.81536
292.91701
293.01682
293.18853
293.19047
293.19267
293.19514
293.1979
293.20096
293.20432
293.20794
293.21175
293.21564
293.21939
293.22268
293.22501
293.22566
293.22362
293.21755
293.20576
293.18626
293.15702
293.11636
293.06342
292.99843
292.92215
292.83536
292.76848
292.7696
292.78303
292.80357
292.82205
292.9204
293.01806
293.18879
293.19081
293.19309
293.19566
293.19853
293.20171
293.20518
293.20892
293.21286
293.21688
293.22075
293.22417
293.22664
293.22746
293.22564
293.21989
293.20855
293.1897
293.16132
293.12167
293.06979
293.00572
292.93013
292.84356
292.77442
292.774
292.78805
292.80926
292.82904
292.92559
293.01824
293.18857
293.1907
293.1931
293.1958
293.19881
293.20214
293.20578
293.20969
293.21382
293.21802
293.22209
293.2257
293.22837
293.22941
293.22785
293.22242
293.21152
293.19327
293.16567
293.12696
293.07608
293.01293
292.93804
292.85174
292.78055
292.77852
292.79308
292.81505
292.83625
292.93286
293.01763
293.18771
293.18997
293.19251
293.19537
293.19856
293.20208
293.20593
293.21007
293.21444
293.2189
293.22323
293.22712
293.23007
293.2314
293.23015
293.22508
293.21463
293.19694
293.17007
293.13225
293.08232
293.02006
292.94588
292.85994
292.78681
292.78318
292.79817
292.82099
292.84349
292.94232
293.01646
293.18609
293.18849
293.1912
293.19424
293.19763
293.20138
293.20548
293.2099
293.21456
293.21934
293.22401
293.22826
293.23158
293.23329
293.23243
293.22779
293.21781
293.2007
293.17452
293.13753
293.08851
293.02713
292.95367
292.86819
292.79314
292.788
292.80336
292.82704
292.8505
292.95369
293.01475
293.18365
293.1862
293.18909
293.19232
293.19594
293.19994
293.20432
293.20905
293.21406
293.21922
293.2243
293.22897
293.23274
293.23492
293.23457
293.23044
293.221
293.20448
293.179
293.14281
293.09467
293.03414
292.96143
292.87659
292.79967
292.79295
292.80866
292.83311
292.85704
292.96604
293.01181
293.18036
293.18308
293.18614
293.18959
293.19344
293.19771
293.2024
293.20747
293.21286
293.21844
293.22398
293.22916
293.23347
293.23622
293.23644
293.23291
293.2241
293.20824
293.18348
293.14809
293.1008
293.04111
292.96918
292.88496
292.80633
292.79804
292.81406
292.8391
292.86298
292.97717
293.00917
293.17628
293.17916
293.18241
293.18606
293.19015
293.1947
293.1997
293.20513
293.21092
293.21696
293.22301
293.22874
293.23366
293.23705
293.23795
293.23513
293.22704
293.21192
293.18793
293.15334
293.10689
293.04805
292.9769
292.89333
292.81302
292.80325
292.81952
292.84488
292.86835
292.98443
293.00893
293.17154
293.17457
293.17799
293.18185
293.18617
293.19099
293.1963
293.20208
293.20829
293.21478
293.22136
293.22769
293.23326
293.23736
293.23905
293.23706
293.22976
293.21546
293.1923
293.15856
293.11295
293.05494
292.98459
292.90164
292.81996
292.80855
292.82498
292.8504
292.87331
292.98893
293.01345
293.16631
293.16947
293.17306
293.1771
293.18164
293.1867
293.1923
293.19842
293.20502
293.21197
293.21908
293.22601
293.23226
293.23713
293.23965
293.23856
293.23217
293.2188
293.19655
293.16369
293.11897
293.0618
292.99224
292.90992
292.82702
292.81392
292.83041
292.85567
292.87801
292.99244
293.02532
293.1608
293.16407
293.16779
293.17199
293.17671
293.182
293.18786
293.19429
293.20125
293.20863
293.21624
293.22376
293.23069
293.23633
293.23965
293.23952
293.23419
293.22185
293.2006
293.16871
293.1249
293.06859
292.99983
292.91817
292.83419
292.8193
292.8358
292.86076
292.88248
292.99604
293.04313
293.1552
293.15856
293.16239
293.16671
293.17159
293.17705
293.18313
293.18982
293.1971
293.20486
293.21294
293.22101
293.2286
293.23501
293.23924
293.24003
293.23579
293.22456
293.2044
293.17355
293.13071
293.0753
293.00735
292.92638
292.84149
292.82469
292.84115
292.86582
292.88673
292.99962
293.05629
293.14969
293.15312
293.15702
293.16144
293.16642
293.17202
293.17827
293.18517
293.19271
293.2008
293.20927
293.21784
293.22604
293.2332
293.23834
293.24008
293.23693
293.22685
293.20787
293.17815
293.13635
293.08188
293.01476
292.9345
292.84884
292.83008
292.84645
292.87099
292.89077
293.00281
293.06374
293.14441
293.14788
293.15182
293.15629
293.16135
293.16704
293.17341
293.18046
293.1882
293.19654
293.20535
293.21434
293.22309
293.23092
293.23687
293.23961
293.23752
293.22866
293.21094
293.18244
293.14176
293.08828
293.02204
292.9425
292.85621
292.83546
292.85173
292.87633
292.89462
293.00583
293.06861
293.13943
293.1429
293.14686
293.15135
293.15644
293.16218
293.16862
293.17577
293.18365
293.19218
293.20124
293.21058
293.21979
293.22821
293.23488
293.23853
293.23752
293.22994
293.21354
293.18634
293.14687
293.09446
293.02914
292.95034
292.86356
292.84087
292.85696
292.88187
292.8983
293.00885
293.07186
293.13475
293.13821
293.14215
293.14664
293.15174
293.15749
293.16395
293.17115
293.17909
293.18775
293.19699
293.20659
293.21616
293.22509
293.23247
293.23701
293.23708
293.2307
293.21563
293.1898
293.15162
293.10036
293.03601
292.95801
292.8709
292.84629
292.86216
292.88762
292.90171
293.01123
293.07392
293.13033
293.13376
293.13768
293.14215
293.14722
293.15295
293.1594
293.16661
293.17459
293.18331
293.19267
293.20246
293.21232
293.22168
293.22966
293.23503
293.23616
293.2309
293.21717
293.19276
293.15596
293.10594
293.04263
292.96547
292.87818
292.85172
292.86728
292.89336
292.90484
293.01253
293.07502
293.12609
293.12949
293.13337
293.1378
293.14283
293.14853
293.15495
293.16214
293.17012
293.17886
293.18829
293.19822
293.20831
293.21801
293.22648
293.23254
293.23457
293.2305
293.21813
293.19518
293.15984
293.11113
293.04895
292.97269
292.88535
292.85711
292.8723
292.89849
292.90767
293.01278
293.07534
293.12191
293.12527
293.12912
293.1335
293.13849
293.14415
293.15053
293.15768
293.16564
293.17439
293.18385
293.19387
293.20412
293.21409
293.22298
293.22964
293.23249
293.22952
293.21851
293.19705
293.16322
293.11591
293.05493
292.97964
292.89238
292.86241
292.87717
292.90266
292.91029
293.01221
293.075
293.11766
293.121
293.12481
293.12916
293.1341
293.13972
293.14606
293.15317
293.1611
293.16983
293.17931
293.18939
293.19977
293.20996
293.21921
293.22641
293.23001
293.22805
293.21836
293.19838
293.16609
293.12025
293.06055
292.9863
292.89933
292.86761
292.88186
292.90611
292.91282
293.01124
293.07395
293.11324
293.11655
293.12033
293.12465
293.12956
293.13514
293.14145
293.14853
293.15643
293.16516
293.17465
293.18477
293.19525
293.20564
293.2152
293.22289
293.22721
293.22627
293.21773
293.19917
293.16844
293.12413
293.06577
292.99264
292.90614
292.87286
292.88633
292.9092
292.9153
293.01001
293.07205
293.10854
293.11183
293.1156
293.11989
293.12479
293.13034
293.13662
293.14369
293.15158
293.1603
293.1698
293.17997
293.19055
293.20111
293.21097
293.21909
293.22408
293.22407
293.21662
293.19945
293.17026
293.12751
293.07056
292.99863
292.91274
292.878
292.89055
292.91205
292.91779
293.00881
293.06921
293.10352
293.1068
293.11055
293.11483
293.11971
293.12525
293.13152
293.13858
293.14646
293.15519
293.16473
293.17495
293.18563
293.19636
293.20648
293.21501
293.22058
293.22136
293.21503
293.19921
293.17155
293.13038
293.0749
293.00423
292.91907
292.88272
292.89444
292.91465
292.92022
293.008
293.06537
293.09813
293.1014
293.10514
293.10942
293.11429
293.11982
293.12609
293.13314
293.14104
293.14978
293.15936
293.16965
293.18043
293.19133
293.2017
293.21061
293.21672
293.21825
293.21297
293.19845
293.1723
293.13271
293.07874
293.0094
292.92507
292.88684
292.89797
292.91699
292.92249
293.00763
293.06087
293.0924
293.09566
293.09939
293.10365
293.10851
293.11404
293.1203
293.12736
293.13526
293.14403
293.15364
293.164
293.1749
293.18596
293.19658
293.20586
293.21249
293.21473
293.21043
293.19715
293.17247
293.13446
293.08202
293.01408
292.93066
292.89032
292.90101
292.91904
292.92456
293.00731
293.05602
293.08635
293.0896
293.09331
293.09755
293.1024
293.10791
293.11416
293.12121
293.12911
293.1379
293.14755
293.15798
293.16898
293.18021
293.19107
293.2007
293.20783
293.21076
293.20736
293.1953
293.17203
293.13558
293.08471
293.01821
292.93579
292.89321
292.90353
292.92074
292.92629
293.00613
293.0502
293.08008
293.08329
293.08698
293.09119
293.096
293.10148
293.10769
293.11472
293.12261
293.1314
293.14107
293.15154
293.16264
293.17401
293.18511
293.19507
293.20268
293.20629
293.20384
293.19284
293.17094
293.13602
293.08671
293.02171
292.94036
292.8955
292.90546
292.92203
292.92754
293.0028
293.04207
293.07369
293.07686
293.08049
293.08465
293.0894
293.09482
293.10098
293.10795
293.11579
293.12454
293.13419
293.14468
293.15583
293.16733
293.17864
293.18892
293.19698
293.20122
293.19961
293.18972
293.16914
293.13572
293.08798
293.02451
292.94432
292.8972
292.90678
292.92279
292.92819
292.99697
293.02894
293.06731
293.07041
293.07396
293.07804
293.0827
293.08803
293.09409
293.10097
293.10871
293.11738
293.12697
293.13742
293.14859
293.16016
293.17162
293.18218
293.19067
293.19551
293.19469
293.18586
293.16657
293.13462
293.08844
293.02654
292.94759
292.89834
292.90744
292.92292
292.92817
292.99001
293.00523
293.06105
293.06406
293.06751
293.07148
293.07602
293.08122
293.08714
293.09387
293.10147
293.10999
293.11946
293.12981
293.14092
293.1525
293.16407
293.17484
293.1837
293.18909
293.18904
293.18121
293.16316
293.13265
293.08803
293.02772
292.95013
292.89894
292.90742
292.92233
292.92744
292.98561
292.97607
293.05503
293.05793
293.06125
293.06507
293.06946
293.07448
293.08022
293.08676
293.09416
293.10248
293.11174
293.12193
293.1329
293.14441
293.15599
293.1669
293.17605
293.18193
293.18259
293.17572
293.15886
293.12976
293.08667
293.02798
292.95188
292.899
292.90666
292.92095
292.92607
292.9822
292.94713
293.04932
293.05208
293.05525
293.05891
293.0631
293.06792
293.07343
293.07972
293.08686
293.09491
293.10391
293.11383
293.12458
293.13592
293.14742
293.15838
293.16774
293.17402
293.17532
293.16934
293.15362
293.12588
293.08432
293.02727
292.95278
292.89848
292.9052
292.91871
292.92414
292.97548
292.92101
293.04397
293.04658
293.04958
293.05303
293.05701
293.06159
293.06683
293.07282
293.07965
293.08737
293.09603
293.10561
293.11605
293.12711
293.13842
293.14931
293.15877
293.16536
293.1672
293.16204
293.1474
293.12098
293.08091
293.02551
292.95271
292.89728
292.90288
292.91549
292.92175
292.9643
292.90123
293.03899
293.04143
293.04424
293.04748
293.05122
293.05552
293.06046
293.06613
293.07259
293.07992
293.08817
293.09734
293.10737
293.11807
293.12907
293.13976
293.14919
293.15596
293.15825
293.15381
293.14017
293.11501
293.0764
293.02262
292.95159
292.89531
292.89959
292.91108
292.91859
292.95044
292.88872
293.03438
293.03664
293.03925
293.04226
293.04574
293.04975
293.05437
293.05967
293.06574
293.07263
293.08042
293.0891
293.09864
293.10887
293.11946
293.12983
293.13908
293.1459
293.14849
293.14465
293.13192
293.10793
293.07072
293.01854
292.94923
292.89236
292.89505
292.90527
292.913
292.93492
292.87703
293.03011
293.03219
293.0346
293.03737
293.04058
293.04429
293.04856
293.05348
293.05911
293.06554
293.07281
293.08095
293.08993
293.09959
293.10965
293.11958
293.12853
293.13524
293.13799
293.13461
293.12266
293.09974
293.06384
293.01318
292.94556
292.8883
292.88907
292.89766
292.90429
292.91836
292.86492
293.02621
293.0281
293.03029
293.03282
293.03576
293.03915
293.04307
293.04758
293.05276
293.05869
293.06541
293.07296
293.0813
293.09032
293.09976
293.10913
293.11763
293.12407
293.12681
293.12373
293.11241
293.09043
293.05573
293.00647
292.94044
292.88287
292.88133
292.88818
292.89292
292.90096
292.85268
293.02266
293.02436
293.02634
293.02863
293.03128
293.03436
293.03791
293.04201
293.04673
293.05213
293.05827
293.06519
293.07285
293.08117
293.08989
293.09858
293.10649
293.1125
293.11505
293.11208
293.10122
293.08001
293.04635
292.99833
292.93368
292.87583
292.87157
292.87677
292.87914
292.88301
292.84078
293.01952
293.02104
293.0228
293.02485
293.02722
293.02997
293.03315
293.03683
293.04106
293.04593
293.05147
293.05771
293.06465
293.07219
293.08012
293.08802
293.09522
293.10067
293.10285
293.09978
293.08915
293.06852
293.0357
292.9887
292.92512
292.86663
292.85965
292.86326
292.86309
292.86463
292.82947
293.01685
293.01818
293.01972
293.02152
293.02361
293.02603
293.02884
293.03209
293.03584
293.04015
293.04507
293.05063
293.05681
293.06353
293.07059
293.07762
293.08398
293.08868
293.0903
293.08694
293.07632
293.05603
293.02382
292.97756
292.91473
292.85481
292.8456
292.84754
292.84499
292.84601
292.81884
293.01471
293.01585
293.01718
293.01873
293.02053
293.02262
293.02505
293.02787
293.03113
293.03489
293.03917
293.04402
293.04941
293.05527
293.06141
293.06748
293.07288
293.07669
293.07756
293.07368
293.06284
293.04263
293.01076
292.96497
292.90248
292.84122
292.82944
292.82966
292.82517
292.82746
292.80907
293.01315
293.0141
293.01522
293.01651
293.01803
293.01979
293.02184
293.02423
293.02699
293.03018
293.03383
293.03795
293.04253
293.04749
293.05266
293.05769
293.06204
293.06483
293.06478
293.06018
293.04887
293.02847
292.99664
292.95101
292.88844
292.82519
292.81116
292.80981
292.80395
292.80902
292.80037
293.0122
293.01297
293.01387
293.01492
293.01614
293.01758
293.01925
293.02121
293.02347
293.02609
293.02909
293.03248
293.03623
293.04027
293.04443
293.04838
293.0516
293.05325
293.05214
293.04661
293.03459
293.01373
292.98165
292.93584
292.87269
292.80502
292.79101
292.78829
292.78164
292.79096
292.79283
293.01186
293.01245
293.01313
293.01394
293.01489
293.016
293.0173
293.01883
293.0206
293.02266
293.02501
293.02766
293.03059
293.0337
293.03683
293.03966
293.04168
293.04212
293.0398
293.03317
293.02021
292.99863
292.966
292.91971
292.85563
292.7842
292.7693
292.76553
292.75847
292.77364
292.78638
293.01213
293.01253
293.01302
293.01359
293.01427
293.01506
293.01601
293.01711
293.01841
293.01991
293.02163
293.02356
293.02566
293.02784
293.02994
293.03163
293.03243
293.03156
293.02794
293.02005
293.00597
292.98342
292.94998
292.90289
292.83771
292.76603
292.74639
292.74212
292.73463
292.75727
292.78074
293.01294
293.01318
293.01348
293.01383
293.01424
293.01475
293.01534
293.01605
293.01689
293.01786
293.01896
293.02019
293.02148
293.02275
293.02381
293.02435
293.0239
293.02173
293.01676
293.0075
292.99211
292.96839
292.93389
292.88571
292.81905
292.74538
292.72278
292.71881
292.71046
292.74196
292.77619
293.01428
293.01437
293.01448
293.01463
293.01481
293.01503
293.0153
293.01564
293.01604
293.01651
293.01703
293.01758
293.0181
293.01849
293.01854
293.01797
293.01628
293.01276
293.00636
292.99567
292.97888
292.95382
292.91806
292.86853
292.79977
292.7185
292.69917
292.69635
292.6876
292.72774
292.77306
293.01607
293.01603
293.01598
293.01593
293.0159
293.01587
293.01585
293.01584
293.01584
293.01583
293.01582
293.01574
293.01553
293.01508
293.01417
293.01251
293.00961
293.00475
292.99692
292.98475
292.96649
292.93999
292.90283
292.85177
292.78069
292.69177
292.67631
292.67545
292.6691
292.71467
292.77164
293.01827
293.0181
293.01791
293.0177
293.01747
293.01721
293.01692
293.0166
293.01624
293.01582
293.01529
293.01463
293.01374
293.01249
293.01068
293.00798
293.00391
292.99776
292.98853
292.9749
292.95514
292.92717
292.88853
292.83593
292.763
292.67451
292.65477
292.65645
292.65764
292.70294
292.77225
293.02071
293.02044
293.02013
293.01977
293.01937
293.01892
293.0184
293.0178
293.01711
293.0163
293.01533
293.01414
293.01263
293.01065
293.008
293.00434
292.99917
292.99181
292.98126
292.96621
292.94498
292.91554
292.87546
292.82143
292.74724
292.66048
292.63519
292.6394
292.65062
292.69293
292.77527
293.02338
293.02301
293.02259
293.02212
293.02157
293.02094
293.02021
293.01937
293.0184
293.01724
293.01587
293.0142
293.01212
293.00949
293.00607
293.00153
292.99536
292.98687
292.97508
292.9587
292.93609
292.90525
292.86383
292.80855
292.73359
292.64766
292.61788
292.62424
292.64142
292.68512
292.78107
293.02597
293.02553
293.02503
293.02446
293.02379
293.02302
293.02213
293.02109
293.01987
293.01843
293.01671
293.01463
293.01207
293.00887
293.00478
292.99945
292.99237
292.98286
292.96994
292.95234
292.92846
292.89636
292.85374
292.79746
292.72204
292.63575
292.60295
292.61115
292.63136
292.68011
292.78992
293.02866
293.02817
293.02759
293.02693
293.02617
293.02528
293.02424
293.02302
293.02159
293.01989
293.01786
293.01541
293.01242
293.00871
293.00403
292.998
292.99012
292.9797
292.96577
292.94708
292.92208
292.88887
292.84525
292.78822
292.71258
292.62561
292.58999
292.60039
292.62238
292.67809
292.80166
293.0309
293.03035
293.02972
293.02899
293.02814
293.02716
293.02601
293.02467
293.02308
293.0212
293.01894
293.01622
293.0129
293.00878
293.00361
292.99701
292.98845
292.97725
292.96244
292.94282
292.91687
292.88276
292.83835
292.78082
292.7052
292.61763
292.58033
292.59222
292.61554
292.67884
292.81443
293.03316
293.03257
293.03188
293.03108
293.03016
293.02908
293.02782
293.02634
293.02459
293.02253
293.02007
293.0171
293.01348
293.00902
293.00343
292.99633
292.98721
292.97535
292.95984
292.93948
292.91276
292.87793
292.83296
292.77517
292.6998
292.61211
292.5765
292.58686
292.61118
292.68145
292.82476
293.03522
293.03459
293.03385
293.033
293.032
293.03084
293.02948
293.02788
293.026
293.02377
293.02112
293.01793
293.01406
293.0093
293.00336
292.99586
292.98627
292.97389
292.95781
292.93686
292.90958
292.87424
292.82893
292.77111
292.69622
292.60894
292.57492
292.58407
292.60901
292.68481
292.83097
293.03756
293.03688
293.03609
293.03517
293.03409
293.03283
293.03136
293.02963
293.02759
293.02518
293.02233
293.01891
293.01478
293.00974
293.00348
292.99562
292.98562
292.9728
292.95626
292.93486
292.90716
292.87149
292.82603
292.76838
292.69416
292.60751
292.5742
292.58335
292.60816
292.68753
292.83295
293.03938
293.03865
293.0378
293.03681
293.03567
293.03434
293.0328
293.03099
293.02887
293.02635
293.02337
293.01979
293.01548
293.01021
293.0037
292.99554
292.98521
292.97201
292.95508
292.9333
292.90528
292.86942
292.82396
292.76661
292.69318
292.60708
292.57386
292.58418
292.60765
292.68827
292.83121
293.04182
293.04102
293.04011
293.03904
293.03781
293.03639
293.03474
293.03281
293.03057
293.02792
293.02479
293.02105
293.01653
293.011
293.00419
292.99571
292.98503
292.97148
292.95417
292.93203
292.90376
292.86777
292.82237
292.76537
292.69272
292.60712
292.57363
292.58545
292.60711
292.68628
292.82598
293.04462
293.04377
293.04278
293.04164
293.04033
293.03881
293.03704
293.03498
293.03257
293.02975
293.02643
293.02247
293.01771
293.01192
293.00481
292.996
292.98497
292.97106
292.9534
292.93093
292.90239
292.86629
292.82096
292.76431
292.69241
292.60734
292.57326
292.58588
292.60568
292.6808
292.81756
293.04855
293.04759
293.04647
293.04518
293.0437
293.042
293.04006
293.03783
293.03525
293.03224
293.02871
293.0245
293.01944
293.01332
293.00584
292.99661
292.98515
292.97081
292.95275
292.92992
292.90106
292.86477
292.81946
292.76309
292.6918
292.60724
292.57253
292.58451
292.6014
292.67134
292.80712
293.05212
293.05117
293.05006
293.04875
293.04722
293.04543
293.04336
293.04095
293.03817
293.03493
293.03114
293.02665
293.02128
293.01481
293.00694
292.9973
292.98539
292.9706
292.95212
292.92888
292.89966
292.8631
292.8177
292.76148
292.69065
292.60633
292.57087
292.58121
292.59401
292.65855
292.79762
293.05807
293.057
293.05577
293.05434
293.05268
293.05077
293.04854
293.04597
293.04298
293.03949
293.03538
293.0305
293.02467
293.01766
293.0092
292.99892
292.98635
292.97088
292.95173
292.92786
292.89813
292.8612
292.81552
292.75921
292.68853
292.60426
292.56754
292.57534
292.58443
292.64409
292.79346
293.06208
293.06099
293.05973
293.05825
293.05653
293.05451
293.05215
293.04941
293.04621
293.04248
293.03811
293.03298
293.0269
293.01963
293.01088
293.00025
292.98726
292.97128
292.95149
292.92696
292.89663
292.85914
292.813
292.75642
292.68568
292.60078
292.5624
292.56686
292.57397
292.63082
292.79875
293.07165
293.07037
293.06888
293.06715
293.06514
293.06281
293.06013
293.05701
293.0534
293.0492
293.0443
293.03857
293.03183
293.02387
293.01441
293.00306
292.98933
292.97255
292.95194
292.92656
292.89536
292.85701
292.81013
292.75291
292.68152
292.59564
292.55437
292.55607
292.56367
292.61988
292.81382
293.07128
293.07012
293.06878
293.06722
293.06539
293.06327
293.06077
293.05785
293.05443
293.05046
293.04582
293.04036
293.03388
293.0261
293.01671
293.00529
292.99134
292.97417
292.95295
292.92677
292.89464
292.85535
292.80758
292.74952
292.67703
292.5886
292.54182
292.54233
292.5548
292.6146
292.83548
293.0915
293.08989
293.08804
293.08589
293.08341
293.08055
293.07725
293.07346
293.06911
293.06409
293.05832
293.05166
293.0439
293.03482
293.0241
293.01136
292.99611
292.97769
292.95528
292.92796
292.89458
292.85403
292.80495
292.7456
292.67134
292.58123
292.52532
292.52756
292.54631
292.60958
292.85534
293.09109
293.08984
293.08839
293.08672
293.08479
293.08253
293.0799
293.07681
293.07315
293.06878
293.06358
293.05738
293.05
293.04118
293.03058
293.01777
293.00223
292.98332
292.96018
292.93171
292.89696
292.85479
292.80378
292.74206
292.6638
292.56842
292.5049
292.50499
292.53106
292.6117
292.87449
293.1725
293.17569
293.17816
293.17991
293.18095
293.18128
293.18092
293.1799
293.17825
293.17601
293.17323
293.16996
293.16628
293.16223
293.1579
293.15335
293.14867
293.14393
293.13921
293.13458
293.13013
293.12593
293.12204
293.11855
293.1155
293.11296
293.18977
293.19245
293.19443
293.19571
293.19629
293.19617
293.19538
293.19393
293.19188
293.18924
293.18608
293.18245
293.17841
293.17402
293.16936
293.16449
293.15949
293.15444
293.14941
293.14449
293.13975
293.13525
293.13108
293.12731
293.12398
293.12117
293.11891
293.11726
293.11624
293.11589
293.11622
293.11725
293.11896
293.12135
293.12439
293.12804
293.13227
293.13699
293.14214
293.14763
293.15336
293.15921
293.16508
293.17084
293.17638
293.18157
293.18633
293.19054
293.19413
293.19703
293.1992
293.2006
293.20123
293.20108
293.20019
293.19858
293.19632
293.19347
293.19013
293.18637
293.18232
293.17806
293.17373
293.16943
293.16529
293.16142
293.15795
293.15496
293.15257
293.15083
293.14984
293.14961
293.15018
293.15156
293.15372
293.15661
293.16016
293.16428
293.16883
293.17368
293.17869
293.18372
293.18861
293.19321
293.19738
293.20101
293.20399
293.20622
293.20763
293.20817
293.20781
293.20654
293.20439
293.20142
293.19773
293.19345
293.18875
293.18381
293.17882
293.17401
293.16954
293.16557
293.16221
293.15952
293.15752
293.15615
293.15531
293.15487
293.15466
293.15451
293.15422
293.15363
293.15258
293.15091
293.14851
293.14526
293.1411
293.13604
293.13014
293.12349
293.11631
293.10886
293.10144
293.09432
293.08774
293.08184
293.07669
293.07223
293.06833
293.0648
293.0614
293.05793
293.05421
293.05011
293.04559
293.04067
293.03541
293.02994
293.02441
293.01902
293.01397
293.00943
293.00549
293.00222
292.9996
292.99759
292.99608
292.995
292.99428
292.9939
292.99386
292.99426
292.99513
292.99658
292.99861
293.00121
293.0043
293.00782
293.01162
293.01566
293.01978
293.02395
293.02799
293.03195
293.03544
293.03893
293.04185
293.04484
293.04742
293.05044
293.05331
293.0575
293.06083
293.06573
293.0694
293.0778
293.08181
293.09456
293.09244
293.12016
293.1142
293.20672
293.20894
293.21046
293.21129
293.21143
293.2109
293.2097
293.20786
293.20542
293.20241
293.1989
293.19492
293.19054
293.18583
293.18085
293.17567
293.17036
293.16501
293.15969
293.15448
293.14945
293.14467
293.14021
293.13615
293.13254
293.12944
293.12691
293.12498
293.12369
293.12308
293.12314
293.12391
293.12537
293.12751
293.13032
293.13374
293.13773
293.14223
293.14716
293.15244
293.15796
293.16362
293.1693
293.17488
293.18025
293.1853
293.18992
293.19401
293.19749
293.20031
293.2024
293.20373
293.20429
293.20409
293.20314
293.20147
293.19915
293.19624
293.19282
293.18898
293.18483
293.18047
293.17601
293.17158
293.16729
293.16327
293.15962
293.15644
293.15385
293.15191
293.1507
293.15026
293.15062
293.15181
293.15379
293.15653
293.15995
293.16397
293.16846
293.17329
293.17832
293.18339
293.18835
293.19305
293.19734
293.20111
293.20424
293.20663
293.20819
293.20889
293.20867
293.20755
293.20553
293.20268
293.19909
293.19491
293.19028
293.18539
293.18044
293.17563
293.17116
293.16717
293.16378
293.16107
293.15903
293.15763
293.15679
293.15636
293.15619
293.15609
293.15589
293.15542
293.15451
293.153
293.15077
293.1477
293.14373
293.13886
293.13313
293.12666
293.11963
293.11231
293.10499
293.09793
293.09139
293.0855
293.08032
293.07582
293.07186
293.06827
293.06482
293.06131
293.05756
293.05344
293.04891
293.04397
293.03869
293.03319
293.02762
293.02216
293.01702
293.01235
293.00826
293.00482
293.00202
292.99981
292.99811
292.99684
292.99593
292.99537
292.99515
292.99537
292.99606
292.99732
292.99916
293.00159
293.0045
293.00786
293.01151
293.01543
293.01944
293.02353
293.02751
293.03143
293.03489
293.03835
293.04125
293.04421
293.04678
293.04977
293.0526
293.05675
293.06004
293.06488
293.06853
293.07682
293.08087
293.09348
293.09143
293.1189
293.11312
293.22333
293.22511
293.22621
293.22663
293.22637
293.22544
293.22385
293.22165
293.21885
293.2155
293.21165
293.20735
293.20265
293.19763
293.19234
293.18686
293.18127
293.17563
293.17002
293.16452
293.1592
293.15414
293.1494
293.14505
293.14116
293.13777
293.13496
293.13274
293.13117
293.13027
293.13007
293.13056
293.13176
293.13364
293.13619
293.13937
293.14313
293.1474
293.15211
293.15717
293.16248
293.16794
293.17344
293.17885
293.18407
293.18898
293.19347
293.19745
293.20085
293.20358
293.2056
293.20688
293.20739
293.20714
293.20615
293.20444
293.20207
293.1991
293.19561
293.1917
293.18746
293.183
293.17843
293.17387
293.16944
293.16526
293.16144
293.15808
293.15529
293.15314
293.15172
293.15107
293.15123
293.15221
293.15401
293.15658
293.15986
293.16377
293.16819
293.17298
293.178
293.18311
293.18813
293.19293
293.19734
293.20124
293.20452
293.20706
293.20879
293.20964
293.20958
293.20861
293.20673
293.204
293.20053
293.19644
293.19188
293.18705
293.18213
293.17734
293.17287
293.16886
293.16544
293.16269
293.16062
293.15919
293.15833
293.1579
293.15776
293.15771
293.1576
293.15724
293.15646
293.15511
293.15305
293.15016
293.14638
293.14169
293.13615
293.12985
293.12297
293.11578
293.10856
293.10157
293.09506
293.08917
293.08397
293.07942
293.07541
293.07176
293.06827
293.06471
293.06093
293.0568
293.05225
293.0473
293.042
293.03647
293.03085
293.02533
293.02009
293.0153
293.01106
293.00746
293.00447
293.00207
293.00018
292.99872
292.99762
292.99687
292.99647
292.99651
292.99701
292.99809
292.99974
293.00199
293.00472
293.00792
293.01143
293.01522
293.01912
293.02313
293.02704
293.03091
293.03435
293.03778
293.04065
293.04359
293.04614
293.04909
293.05189
293.056
293.05924
293.06404
293.06766
293.07584
293.07992
293.09239
293.09041
293.11761
293.11202
293.23958
293.24096
293.24166
293.2417
293.24106
293.23977
293.23783
293.23528
293.23215
293.22848
293.22431
293.2197
293.21471
293.20939
293.20381
293.19805
293.19217
293.18625
293.18037
293.17459
293.16899
293.16364
293.15862
293.15398
293.1498
293.14613
293.14302
293.14051
293.13865
293.13747
293.13698
293.13719
293.13811
293.13973
293.14201
293.14493
293.14844
293.15247
293.15695
293.1618
293.16691
293.17217
293.17749
293.18274
293.18781
293.19259
293.19697
293.20086
293.20417
293.20683
293.2088
293.21003
293.21051
293.21022
293.2092
293.20745
293.20504
293.20203
293.19849
293.19451
293.19019
293.18564
293.18097
293.17629
293.17173
293.1674
293.16341
293.15987
293.15688
293.15453
293.1529
293.15203
293.15198
293.15276
293.15436
293.15675
293.15989
293.16367
293.168
293.17274
293.17775
293.18288
293.18795
293.19284
293.19736
293.20139
293.20481
293.20751
293.2094
293.21042
293.21052
293.2097
293.20797
293.20537
293.20202
293.19803
293.19356
293.18878
293.1839
293.17913
293.17465
293.17063
293.16718
293.16439
293.16227
293.16081
293.15992
293.15949
293.15937
293.15937
293.15933
293.15907
293.15843
293.15723
293.15534
293.15263
293.14903
293.14454
293.13917
293.13304
293.12632
293.11926
293.11214
293.10522
293.09874
293.09286
293.08764
293.08305
293.07898
293.07528
293.07173
293.06813
293.06432
293.06017
293.05561
293.05064
293.04533
293.03978
293.03411
293.02853
293.02319
293.01828
293.0139
293.01013
293.00696
293.00437
293.00228
293.00064
292.99935
292.99841
292.99783
292.99768
292.998
292.99889
293.00035
293.00241
293.00497
293.00801
293.01137
293.01502
293.01882
293.02274
293.02659
293.03041
293.03381
293.03722
293.04006
293.04297
293.0455
293.04842
293.05118
293.05524
293.05843
293.06319
293.06678
293.07485
293.07897
293.0913
293.08938
293.11629
293.1109
293.25543
293.25644
293.25679
293.25647
293.25549
293.25386
293.2516
293.24873
293.24529
293.24132
293.23686
293.23196
293.22668
293.22109
293.21524
293.2092
293.20306
293.19686
293.1907
293.18465
293.17878
293.17315
293.16784
293.16292
293.15845
293.15449
293.15108
293.14828
293.14612
293.14464
293.14385
293.14378
293.14441
293.14574
293.14776
293.15041
293.15367
293.15745
293.1617
293.16632
293.17123
293.1763
293.18144
293.18654
293.19147
293.19612
293.2004
293.2042
293.20744
293.21005
293.21198
293.21317
293.21362
293.21332
293.21226
293.2105
293.20806
293.20501
293.20143
293.19739
293.19301
293.18838
293.18361
293.17882
293.17413
293.16965
293.1655
293.16179
293.15861
293.15606
293.15421
293.15313
293.15286
293.15342
293.15483
293.15704
293.16001
293.16366
293.16789
293.17257
293.17755
293.18268
293.18781
293.19276
293.19739
293.20155
293.20511
293.20797
293.21002
293.21121
293.21148
293.21082
293.20923
293.20678
293.20355
293.19966
293.19528
293.19057
293.18573
293.18098
293.1765
293.17246
293.16898
293.16615
293.16399
293.16249
293.16157
293.16113
293.16101
293.16106
293.16109
293.16093
293.1604
293.15935
293.15763
293.1551
293.15169
293.14738
293.1422
293.13624
293.12968
293.12275
293.11573
293.10888
293.10244
293.09656
293.09131
293.08668
293.08257
293.0788
293.0752
293.07157
293.06772
293.06355
293.05898
293.054
293.04868
293.0431
293.03739
293.03174
293.02632
293.02129
293.01677
293.01283
293.00948
293.0067
293.00442
293.00258
293.0011
292.99998
292.99921
292.99888
292.99901
292.99972
293.00099
293.00286
293.00525
293.00812
293.01133
293.01485
293.01854
293.02237
293.02614
293.02991
293.03328
293.03665
293.03947
293.04235
293.04487
293.04774
293.05046
293.05446
293.05762
293.06234
293.06591
293.07386
293.078
293.09019
293.08833
293.11494
293.10977
293.27154
293.27157
293.27093
293.26963
293.2677
293.26514
293.26198
293.25825
293.254
293.24926
293.2441
293.23855
293.2327
293.22659
293.22029
293.21388
293.20743
293.20101
293.19469
293.18854
293.18264
293.17705
293.17185
293.16709
293.16283
293.15912
293.15602
293.15356
293.15177
293.15068
293.15031
293.15064
293.15169
293.15342
293.1558
293.15879
293.16233
293.16634
293.17074
293.17543
293.18032
293.18529
293.19023
293.19502
293.19957
293.20375
293.20747
293.21065
293.21322
293.21511
293.21628
293.21672
293.2164
293.21534
293.21356
293.2111
293.20803
293.20441
293.20033
293.19589
293.19118
293.18632
293.18143
293.17662
293.172
293.1677
293.16381
293.16045
293.1577
293.15565
293.15435
293.15386
293.15421
293.1554
293.15743
293.16023
293.16374
293.16785
293.17245
293.17739
293.18253
293.18768
293.19271
293.19743
293.20171
293.20542
293.20843
293.21065
293.212
293.21244
293.21195
293.21052
293.20821
293.20511
293.20134
293.19705
293.19241
293.18762
293.18289
293.17841
293.17435
293.17084
293.16797
293.16576
293.16421
293.16326
293.1628
293.16269
293.16276
293.16286
293.16279
293.16238
293.16148
293.15991
293.15756
293.15433
293.15021
293.14522
293.13943
293.13303
293.12623
293.11932
293.11255
293.10614
293.10026
293.095
293.09032
293.08615
293.08234
293.07869
293.07501
293.07114
293.06694
293.06236
293.05737
293.05203
293.04643
293.04069
293.03497
293.02946
293.02432
293.01966
293.01555
293.01203
293.00906
293.00659
293.00456
293.00289
293.00158
293.00063
293.00011
293.00005
293.00057
293.00166
293.00334
293.00555
293.00825
293.01131
293.0147
293.01828
293.02201
293.02571
293.02942
293.03275
293.0361
293.03889
293.04174
293.04423
293.04707
293.04974
293.05366
293.0568
293.06149
293.06503
293.07286
293.07702
293.08907
293.08728
293.11356
293.10862
293.28624
293.28597
293.28504
293.28346
293.28124
293.27841
293.27498
293.271
293.26649
293.2615
293.25608
293.25029
293.24418
293.23783
293.23129
293.22463
293.21793
293.21125
293.20467
293.19826
293.19209
293.18622
293.18074
293.17568
293.17113
293.16712
293.16371
293.16094
293.15885
293.15745
293.15677
293.15681
293.15755
293.15899
293.1611
293.16382
293.1671
293.17086
293.17504
293.17952
293.18422
293.18902
293.19381
293.19847
293.20291
293.207
293.21066
293.21379
293.21632
293.21818
293.21935
293.21977
293.21945
293.21839
293.21661
293.21415
293.21106
293.20742
293.2033
293.19881
293.19404
293.1891
293.18412
293.17919
293.17444
293.16999
293.16594
293.16239
293.15945
293.15719
293.15568
293.15497
293.1551
293.15608
293.15791
293.16053
293.16389
293.16788
293.17239
293.17728
293.1824
293.18758
293.19266
293.19747
293.20187
293.20571
293.20888
293.21127
293.21279
293.21341
293.21308
293.21181
293.20966
293.20669
293.20304
293.19884
293.19428
293.18954
293.18484
293.18037
293.17629
293.17275
293.16983
293.16757
293.16597
293.16498
293.1645
293.16439
293.16449
293.16464
293.16465
293.16436
293.16359
293.16218
293.16001
293.15697
293.15303
293.14822
293.14261
293.13637
293.12971
293.1229
293.1162
293.10983
293.10397
293.09868
293.09397
293.08975
293.08588
293.08218
293.07846
293.07455
293.07034
293.06574
293.06075
293.0554
293.04977
293.04399
293.03822
293.03263
293.02737
293.02257
293.01831
293.01461
293.01146
293.00879
293.00657
293.00471
293.00321
293.00207
293.00136
293.00112
293.00145
293.00235
293.00384
293.00587
293.0084
293.01131
293.01456
293.01803
293.02166
293.02529
293.02894
293.03224
293.03554
293.03831
293.04112
293.04359
293.0464
293.04901
293.05285
293.05598
293.06063
293.06415
293.07186
293.07603
293.08794
293.08621
293.11214
293.10746
293.3005
293.29996
293.29877
293.29694
293.29447
293.29139
293.28772
293.28349
293.27875
293.27353
293.26788
293.26186
293.25552
293.24893
293.24216
293.23527
293.22832
293.2214
293.21457
293.2079
293.20147
293.19533
293.18956
293.18423
293.17937
293.17507
293.17135
293.16827
293.16586
293.16415
293.16316
293.16288
293.16333
293.16447
293.16628
293.16873
293.17175
293.17527
293.17921
293.18349
293.188
293.19263
293.19727
293.20181
293.20614
293.21015
293.21374
293.21683
293.21933
293.22119
293.22235
293.22278
293.22247
293.22141
293.21964
293.21718
293.21409
293.21043
293.20629
293.20176
293.19693
293.19193
293.18685
293.18182
293.17695
293.17236
293.16815
293.16443
293.16129
293.15882
293.1571
293.15617
293.15609
293.15685
293.15847
293.16091
293.16411
293.16797
293.17238
293.1772
293.18229
293.18749
293.19262
293.19751
293.20202
293.206
293.20932
293.21187
293.21357
293.21436
293.2142
293.21311
293.21111
293.20828
293.20475
293.20066
293.19618
293.1915
293.18683
293.18236
293.17827
293.1747
293.17173
293.16942
293.16777
293.16674
293.16622
293.1661
293.16622
293.16642
293.16651
293.16633
293.16569
293.16444
293.16244
293.15958
293.15583
293.15121
293.14578
293.13969
293.13317
293.12647
293.11985
293.11352
293.10766
293.10236
293.09761
293.09334
293.08941
293.08566
293.0819
293.07797
293.07374
293.06913
293.06413
293.05877
293.05312
293.04731
293.04148
293.0358
293.03044
293.0255
293.02108
293.01721
293.01387
293.01102
293.0086
293.00655
293.00487
293.00354
293.00264
293.00222
293.00235
293.00306
293.00437
293.00622
293.00858
293.01133
293.01444
293.01779
293.02133
293.02488
293.02847
293.03172
293.035
293.03773
293.0405
293.04296
293.04572
293.04828
293.05201
293.05514
293.05977
293.06327
293.07085
293.07502
293.08679
293.08512
293.11069
293.10628
293.31428
293.31351
293.31209
293.31003
293.30734
293.30404
293.30015
293.29571
293.29075
293.28532
293.27946
293.27322
293.26667
293.25987
293.25288
293.24576
293.23859
293.23143
293.22436
293.21744
293.21075
293.20435
293.19831
293.19269
293.18754
293.18294
293.17891
293.17552
293.1728
293.17077
293.16946
293.16887
293.169
293.16984
293.17136
293.17353
293.17628
293.17955
293.18326
293.18733
293.19164
293.1961
293.2006
293.20502
293.20925
293.21318
293.21672
293.21977
293.22225
293.2241
293.22527
293.22571
293.22542
293.22439
293.22263
293.22018
293.2171
293.21344
293.20928
293.20472
293.19985
293.19478
293.18963
293.1845
293.17951
293.17478
293.17042
293.16653
293.16321
293.16054
293.1586
293.15746
293.15715
293.1577
293.15912
293.16136
293.16438
293.1681
293.1724
293.17715
293.18221
293.1874
293.19257
293.19754
293.20216
293.20626
293.20973
293.21245
293.21432
293.21529
293.21531
293.21439
293.21255
293.20987
293.20647
293.20249
293.19809
293.19348
293.18884
293.18439
293.18028
293.17668
293.17366
293.1713
293.1696
293.16851
293.16797
293.16783
293.16797
293.1682
293.16837
293.16829
293.16778
293.16668
293.16484
293.16217
293.15861
293.15417
293.14892
293.14299
293.13661
293.13002
293.12348
293.11719
293.11135
293.10603
293.10124
293.09692
293.09295
293.08915
293.08535
293.08138
293.07713
293.07251
293.0675
293.06214
293.05647
293.05063
293.04474
293.03899
293.03352
293.02845
293.02388
293.01983
293.01631
293.01327
293.01066
293.00842
293.00655
293.00503
293.00395
293.00333
293.00328
293.0038
293.00492
293.00659
293.00877
293.01137
293.01435
293.01757
293.02101
293.02448
293.02801
293.03121
293.03445
293.03715
293.03989
293.04232
293.04505
293.04755
293.05116
293.05429
293.0589
293.06238
293.06983
293.07401
293.08561
293.08402
293.10921
293.10508
293.32756
293.32659
293.32497
293.32271
293.31983
293.31633
293.31225
293.30761
293.30246
293.29684
293.29078
293.28436
293.27761
293.27061
293.26341
293.25609
293.2487
293.24132
293.23402
293.22686
293.21992
293.21327
293.20696
293.20105
293.19562
293.19072
293.18639
293.18268
293.17964
293.1773
293.17567
293.17476
293.17458
293.17511
293.17633
293.17821
293.18069
293.1837
293.18718
293.19103
293.19515
293.19944
293.2038
293.20809
293.21223
293.21609
293.21958
293.2226
293.22507
293.22692
293.2281
293.22857
293.2283
293.2273
293.22557
293.22314
293.22007
293.21642
293.21226
293.20768
293.20277
293.19765
293.19243
293.18721
293.18212
293.17726
293.17275
293.16869
293.16519
293.16233
293.16018
293.15882
293.15829
293.15863
293.15983
293.16187
293.16472
293.16828
293.17246
293.17713
293.18214
293.18732
293.19252
293.19756
293.20227
293.2065
293.21012
293.213
293.21505
293.21619
293.2164
293.21565
293.21398
293.21145
293.20819
293.20432
293.20002
293.19546
293.19087
293.18643
293.18231
293.17868
293.17562
293.1732
293.17144
293.17031
293.16972
293.16957
293.16971
293.16998
293.17021
293.17022
293.16984
293.16889
293.16722
293.16473
293.16135
293.1571
293.15203
293.14627
293.14003
293.13355
293.12708
293.12084
293.11501
293.10968
293.10486
293.10049
293.09647
293.09262
293.08878
293.08479
293.08052
293.07589
293.07088
293.0655
293.05982
293.05394
293.04801
293.04218
293.03661
293.03141
293.02669
293.02248
293.01878
293.01554
293.01274
293.01031
293.00825
293.00655
293.00528
293.00447
293.00423
293.00455
293.00549
293.00698
293.00899
293.01143
293.01426
293.01737
293.0207
293.02409
293.02755
293.03071
293.03391
293.03657
293.03927
293.04168
293.04438
293.04681
293.0503
293.05344
293.05802
293.06148
293.0688
293.07298
293.08442
293.08291
293.10771
293.10387
293.34029
293.33916
293.33737
293.33494
293.33188
293.32822
293.32397
293.31916
293.31384
293.30805
293.30182
293.29522
293.2883
293.28112
293.27373
293.26621
293.25863
293.25104
293.24352
293.23613
293.22896
293.22205
293.21548
293.2093
293.20359
293.19839
293.19376
293.18974
293.18639
293.18372
293.18177
293.18054
293.18004
293.18026
293.18118
293.18277
293.18497
293.18773
293.19096
293.19459
293.19852
293.20265
293.20685
293.21103
293.21508
293.21887
293.22231
293.2253
293.22777
293.22963
293.23082
293.23132
293.23109
293.23013
293.22843
293.22604
293.223
293.21936
293.2152
293.21061
293.20568
293.20051
293.19523
293.18994
293.18474
293.17977
293.17512
293.1709
293.16722
293.16417
293.16182
293.16024
293.1595
293.15961
293.1606
293.16244
293.1651
293.1685
293.17255
293.17713
293.18208
293.18724
293.19246
293.19756
293.20236
293.20671
293.21047
293.21351
293.21573
293.21706
293.21745
293.21688
293.21538
293.21301
293.20989
293.20615
293.20194
293.19745
293.1929
293.18848
293.18436
293.18069
293.17759
293.17512
293.1733
293.17212
293.17149
293.17131
293.17145
293.17175
293.17204
293.17214
293.17188
293.17107
293.16956
293.16725
293.16406
293.15999
293.1551
293.1495
293.14341
293.13704
293.13066
293.12447
293.11866
293.11331
293.10846
293.10405
293.09998
293.09608
293.09221
293.08819
293.0839
293.07926
293.07424
293.06886
293.06316
293.05726
293.05128
293.04538
293.03971
293.03439
293.02952
293.02514
293.02126
293.01784
293.01485
293.01223
293.00998
293.00809
293.00663
293.00563
293.0052
293.00534
293.00608
293.00739
293.00923
293.01151
293.0142
293.01718
293.02041
293.02371
293.0271
293.03022
293.03337
293.036
293.03866
293.04104
293.04371
293.04608
293.04944
293.05258
293.05714
293.06058
293.06776
293.07194
293.08322
293.08179
293.10617
293.10265
293.35117
293.34925
293.34668
293.34348
293.33966
293.33527
293.33032
293.32486
293.31892
293.31254
293.30579
293.2987
293.29136
293.2838
293.27611
293.26834
293.26055
293.25283
293.24523
293.23782
293.23068
293.22386
293.21742
293.21143
293.20594
293.20101
293.19669
293.19302
293.19003
293.18776
293.18621
293.18539
293.1853
293.18591
293.1872
293.18912
293.19162
293.19461
293.19802
293.20175
293.20571
293.20977
293.21383
293.21778
293.2215
293.2249
293.22787
293.23033
293.23221
293.23344
293.23397
293.23378
293.23286
293.23122
293.22887
293.22586
293.22225
293.21811
293.21351
293.20856
293.20337
293.19803
293.19266
293.18738
293.18229
293.17751
293.17315
293.1693
293.16606
293.16351
293.16172
293.16076
293.16065
293.16142
293.16305
293.16553
293.16876
293.17267
293.17714
293.18202
293.18716
293.19239
293.19753
293.20242
293.20688
293.21078
293.21398
293.21638
293.21789
293.21846
293.21808
293.21675
293.21455
293.21157
293.20795
293.20384
293.19944
293.19494
293.19053
293.18641
293.18272
293.17958
293.17705
293.17517
293.17393
293.17325
293.17305
293.17318
293.17351
293.17385
293.17404
293.17388
293.17321
293.17187
293.16973
293.16672
293.16284
293.15813
293.1527
293.14675
293.1405
293.1342
293.12807
293.12227
293.11692
293.11204
293.10759
293.10347
293.09953
293.09561
293.09157
293.08726
293.08261
293.07759
293.0722
293.0665
293.06057
293.05454
293.04857
293.04281
293.03737
293.03235
293.02781
293.02375
293.02015
293.01697
293.01417
293.01173
293.00965
293.008
293.00682
293.00619
293.00614
293.0067
293.00782
293.00949
293.01161
293.01415
293.01701
293.02013
293.02334
293.02666
293.02972
293.03283
293.03543
293.03805
293.0404
293.04304
293.04534
293.04858
293.05171
293.05624
293.05968
293.06672
293.07089
293.08199
293.08065
293.1046
293.10141
293.3626
293.36056
293.35788
293.35456
293.35063
293.34612
293.34106
293.33547
293.3294
293.3229
293.31601
293.30879
293.3013
293.2936
293.28574
293.2778
293.26984
293.26193
293.25413
293.24651
293.23913
293.23207
293.22538
293.21912
293.21335
293.20813
293.2035
293.19953
293.19623
293.19363
293.19176
293.19062
293.19021
293.19051
293.19151
293.19315
293.19537
293.19812
293.20131
293.20484
293.20862
293.21253
293.21648
293.22033
293.22399
293.22735
293.2303
293.23277
293.23466
293.23592
293.2365
293.23636
293.2355
293.23391
293.23161
293.22865
293.22507
293.22095
293.21637
293.21141
293.20619
293.20081
293.19538
293.19002
293.18483
293.17992
293.17542
293.1714
293.16798
293.16524
293.16324
293.16206
293.16173
293.16228
293.16371
293.16599
293.16905
293.17282
293.17717
293.18197
293.18707
293.1923
293.19748
293.20244
293.20701
293.21105
293.21441
293.21698
293.21867
293.21943
293.21923
293.21808
293.21605
293.21322
293.20973
293.20573
293.20141
293.19696
293.19258
293.18846
293.18475
293.18156
293.17898
293.17705
293.17574
293.17502
293.17478
293.17491
293.17525
293.17564
293.1759
293.17585
293.17532
293.17413
293.17216
293.16934
293.16565
293.16111
293.15585
293.15005
293.14392
293.13771
293.13163
293.12586
293.1205
293.1156
293.11111
293.10694
293.10296
293.099
293.09493
293.09061
293.08595
293.08093
293.07553
293.06982
293.06387
293.0578
293.05176
293.04591
293.04035
293.0352
293.03049
293.02626
293.02248
293.01912
293.01612
293.01349
293.01123
293.00939
293.00802
293.0072
293.00696
293.00733
293.00827
293.00976
293.01172
293.01412
293.01685
293.01986
293.02298
293.02623
293.02924
293.0323
293.03485
293.03743
293.03975
293.04236
293.04461
293.04772
293.05084
293.05532
293.05876
293.06566
293.06982
293.08074
293.07951
293.10302
293.10015
293.3734
293.37127
293.3685
293.3651
293.36108
293.35648
293.35132
293.34564
293.33947
293.33286
293.32586
293.31853
293.31092
293.30308
293.29508
293.28699
293.27887
293.27078
293.2628
293.25498
293.24739
293.2401
293.23317
293.22665
293.22061
293.21511
293.21018
293.2059
293.20229
293.19937
293.19718
293.19572
293.195
293.19499
293.19568
293.19704
293.19899
293.20149
293.20445
293.20778
293.21138
293.21515
293.21897
293.22274
293.22633
293.22965
293.23259
293.23506
293.23697
293.23827
293.2389
293.23882
293.23802
293.23649
293.23426
293.23135
293.22781
293.22372
293.21916
293.21421
293.20897
293.20356
293.19808
293.19264
293.18736
293.18234
293.1777
293.17353
293.16993
293.167
293.1648
293.1634
293.16286
293.16319
293.1644
293.16648
293.16936
293.17298
293.17721
293.18192
293.18697
293.19219
293.1974
293.20243
293.2071
293.21127
293.21478
293.21752
293.2194
293.22034
293.22033
293.21937
293.2175
293.21483
293.21148
293.20759
293.20336
293.19897
293.19462
293.1905
293.18677
293.18355
293.18091
293.17892
293.17756
293.17678
293.1765
293.17661
293.17696
293.17739
293.17773
293.17778
293.17738
293.17634
293.17455
293.17191
293.1684
293.16404
293.15895
293.1533
293.14729
293.14117
293.13515
293.1294
293.12405
293.11912
293.11459
293.11038
293.10636
293.10237
293.09827
293.09393
293.08927
293.08424
293.07885
293.07312
293.06715
293.06105
293.05495
293.04901
293.04334
293.03805
293.03319
293.02879
293.02482
293.02127
293.01809
293.01528
293.01283
293.0108
293.00924
293.00823
293.0078
293.00798
293.00873
293.01005
293.01185
293.0141
293.0167
293.0196
293.02263
293.0258
293.02875
293.03177
293.03428
293.03682
293.03911
293.04168
293.04387
293.04686
293.04996
293.0544
293.05784
293.0646
293.06875
293.07948
293.07835
293.10141
293.09888
293.38352
293.38134
293.37852
293.37506
293.37098
293.36631
293.36108
293.35533
293.34909
293.3424
293.33531
293.32788
293.32017
293.31222
293.30411
293.29589
293.28762
293.27937
293.27122
293.26321
293.25543
293.24793
293.24076
293.234
293.2277
293.22192
293.21671
293.21213
293.20821
293.20498
293.20247
293.20069
293.19965
293.19934
293.19973
293.20079
293.20248
293.20472
293.20745
293.21058
293.214
293.21762
293.22132
293.22499
293.22852
293.2318
293.23472
293.2372
293.23914
293.24048
293.24117
293.24115
293.24042
293.23896
293.23679
293.23395
293.23047
293.22642
293.22188
293.21695
293.2117
293.20627
293.20075
293.19524
293.18987
293.18475
293.17998
293.17566
293.1719
293.16878
293.16638
293.16477
293.16401
293.16413
293.16513
293.167
293.1697
293.17315
293.17725
293.18187
293.18686
293.19207
293.1973
293.20238
293.20715
293.21144
293.2151
293.218
293.22006
293.2212
293.22138
293.2206
293.21891
293.2164
293.21319
293.20942
293.20528
293.20095
293.19664
293.19253
293.18878
293.18552
293.18284
293.18078
293.17936
293.17853
293.17821
293.1783
293.17866
293.17912
293.17953
293.17968
293.17939
293.17851
293.17688
293.17442
293.17109
293.16692
293.162
293.15649
293.15061
293.14458
293.13863
293.13291
293.12756
293.12261
293.11805
293.1138
293.10973
293.10571
293.10158
293.09723
293.09256
293.08753
293.08214
293.07641
293.07042
293.06428
293.05812
293.0521
293.04632
293.0409
293.03589
293.03132
293.02718
293.02344
293.02008
293.01708
293.01444
293.01223
293.01048
293.00928
293.00866
293.00865
293.00922
293.01036
293.012
293.01409
293.01656
293.01935
293.02229
293.02538
293.02828
293.03124
293.03371
293.03621
293.03846
293.041
293.04313
293.046
293.04907
293.05345
293.05691
293.06352
293.06765
293.0782
293.07718
293.09978
293.0976
293.39074
293.38789
293.38439
293.38028
293.37557
293.37031
293.36451
293.35821
293.35147
293.34432
293.33683
293.32903
293.32099
293.31278
293.30445
293.29606
293.28768
293.27937
293.2712
293.26323
293.25553
293.24815
293.24115
293.23461
293.22857
293.22307
293.2182
293.21398
293.21045
293.20763
293.20553
293.20418
293.20355
293.20364
293.20441
293.20582
293.20781
293.21031
293.21323
293.21647
293.21993
293.22351
293.22708
293.23054
293.23378
293.23669
293.23918
293.24115
293.24254
293.24329
293.24334
293.24269
293.24131
293.23921
293.23644
293.23302
293.22902
293.22453
293.21961
293.21437
293.20892
293.20337
293.19781
293.19237
293.18714
293.18225
293.17779
293.17387
293.17057
293.16798
293.16617
293.16519
293.16509
293.16588
293.16754
293.17005
293.17334
293.1773
293.18182
293.18674
293.19191
293.19716
293.20229
293.20715
293.21155
293.21536
293.21843
293.22067
293.222
293.22237
293.22178
293.22027
293.21792
293.21485
293.21121
293.20716
293.2029
293.19863
293.19454
293.19078
293.18748
293.18475
293.18264
293.18115
293.18026
293.1799
293.17997
293.18033
293.18082
293.18128
293.18152
293.18136
293.18062
293.17916
293.17687
293.17373
293.16974
293.16499
293.15963
293.15388
293.14795
293.14205
293.13637
293.13103
293.12606
293.12147
293.11718
293.11308
293.10902
293.10487
293.1005
293.09583
293.0908
293.0854
293.07967
293.07367
293.0675
293.06129
293.05518
293.0493
293.04375
293.03859
293.03386
293.02954
293.02563
293.02208
293.01889
293.01607
293.01367
293.01173
293.01034
293.00953
293.00933
293.00972
293.01069
293.01216
293.0141
293.01644
293.01911
293.02195
293.02496
293.0278
293.03072
293.03314
293.03559
293.03781
293.04032
293.04238
293.04515
293.04818
293.05249
293.05596
293.06244
293.06655
293.0769
293.076
293.09813
293.0963
293.39943
293.39658
293.39308
293.38896
293.38424
293.37896
293.37314
293.36683
293.36005
293.35287
293.34533
293.33747
293.32937
293.32108
293.31266
293.30417
293.29567
293.28723
293.27891
293.27078
293.26289
293.25532
293.2481
293.24132
293.23503
293.22927
293.22411
293.2196
293.21576
293.21264
293.21023
293.20856
293.20763
293.20742
293.2079
293.20903
293.21077
293.21303
293.21573
293.21879
293.22209
293.22554
293.22902
293.23241
293.23561
293.23851
293.24101
293.24301
293.24445
293.24526
293.24539
293.24482
293.24352
293.24151
293.23881
293.23547
293.23153
293.22708
293.22219
293.21697
293.21152
293.20593
293.20033
293.19482
293.18951
293.18451
293.17992
293.17584
293.17237
293.16959
293.16758
293.16639
293.16607
293.16664
293.1681
293.17042
293.17353
293.17735
293.18176
293.1866
293.19174
293.19698
293.20216
293.20709
293.21161
293.21556
293.21879
293.22121
293.22272
293.22329
293.22289
293.22156
293.21938
293.21647
293.21295
293.20901
293.20482
293.2006
293.19652
293.19275
293.18942
293.18664
293.18447
293.18293
293.18198
293.18158
293.18161
293.18197
293.18248
293.183
293.18333
293.18328
293.18268
293.18138
293.17927
293.1763
293.17249
293.16791
293.16271
293.15709
293.15125
293.14543
293.13979
293.13445
293.12947
293.12485
293.12053
293.11639
293.1123
293.10812
293.10374
293.09906
293.09403
293.08864
293.08291
293.07689
293.07069
293.06443
293.05825
293.05227
293.0466
293.04129
293.0364
293.03191
293.02782
293.02409
293.02072
293.01771
293.01512
293.013
293.01142
293.01042
293.01003
293.01023
293.01103
293.01233
293.01413
293.01633
293.01888
293.02163
293.02455
293.02733
293.03019
293.03257
293.03498
293.03716
293.03963
293.04163
293.0443
293.04728
293.05151
293.05501
293.06134
293.06543
293.07559
293.07482
293.09647
293.09499
293.40738
293.40455
293.40108
293.39698
293.39228
293.38701
293.3812
293.37489
293.36812
293.36092
293.35336
293.34548
293.33733
293.32898
293.3205
293.31193
293.30333
293.29478
293.28633
293.27805
293.27
293.26224
293.25482
293.24782
293.2413
293.23528
293.22985
293.22506
293.22093
293.2175
293.21479
293.21281
293.21157
293.21106
293.21125
293.21211
293.21358
293.2156
293.21809
293.22096
293.2241
293.22742
293.2308
293.23412
293.23728
293.24017
293.24267
293.24471
293.2462
293.24708
293.24729
293.2468
293.2456
293.24368
293.24106
293.2378
293.23393
293.22953
293.22469
293.21949
293.21404
293.20844
293.2028
293.19723
293.19184
293.18674
293.18203
293.1778
293.17417
293.17121
293.169
293.1676
293.16707
293.16743
293.16868
293.1708
293.17374
293.1774
293.18169
293.18645
293.19154
293.19678
293.20199
293.20699
293.21161
293.21569
293.21909
293.22168
293.22338
293.22414
293.22394
293.22279
293.22079
293.21803
293.21464
293.21081
293.2067
293.20252
293.19847
293.19469
293.19134
293.18852
293.18629
293.18468
293.18368
293.18322
293.18323
293.18357
293.18411
293.18467
293.18508
293.18514
293.18468
293.18353
293.18159
293.17881
293.17518
293.17077
293.16572
293.16023
293.1545
293.14875
293.14315
293.13782
293.13284
293.1282
293.12383
293.11966
293.11554
293.11134
293.10695
293.10227
293.09724
293.09185
293.08612
293.08009
293.07387
293.06756
293.06131
293.05523
293.04944
293.04399
293.03894
293.03429
293.03002
293.02611
293.02255
293.01936
293.01659
293.01428
293.01251
293.01132
293.01075
293.01077
293.01138
293.01252
293.01416
293.01623
293.01866
293.02131
293.02415
293.02686
293.02967
293.032
293.03436
293.0365
293.03893
293.04087
293.04345
293.04638
293.05051
293.05404
293.06024
293.0643
293.07426
293.07362
293.09479
293.09367
293.41457
293.4118
293.40838
293.40433
293.39967
293.39444
293.38867
293.38239
293.37564
293.36845
293.3609
293.35301
293.34485
293.33646
293.32793
293.31931
293.31064
293.30199
293.29343
293.28503
293.27683
293.26892
293.26131
293.2541
293.24736
293.2411
293.23542
293.23036
293.22594
293.22222
293.2192
293.21693
293.21538
293.21457
293.21447
293.21505
293.21626
293.21804
293.22031
293.22298
293.22597
293.22915
293.23243
293.23568
293.23879
293.24166
293.24418
293.24626
293.2478
293.24875
293.24904
293.24864
293.24753
293.24571
293.24319
293.24001
293.23622
293.23188
293.22709
293.22192
293.21648
293.21088
293.20522
293.1996
293.19413
293.18894
293.18411
293.17975
293.17596
293.17282
293.17042
293.16882
293.16808
293.16822
293.16927
293.17119
293.17395
293.17746
293.18161
293.18628
293.19132
293.19654
293.20178
293.20684
293.21156
293.21577
293.21931
293.22208
293.22397
293.22492
293.22491
293.22396
293.22213
293.21952
293.21628
293.21255
293.20853
293.20441
293.20038
293.1966
293.19323
293.19036
293.18808
293.18641
293.18535
293.18485
293.18482
293.18515
293.1857
293.1863
293.18678
293.18695
293.18661
293.18562
293.18386
293.18125
293.1778
293.17356
293.16867
293.16331
293.15769
293.15201
293.14645
293.14115
293.13616
293.13149
293.1271
293.12289
293.11874
293.11452
293.11012
293.10543
293.10041
293.09503
293.0893
293.08326
293.07701
293.07067
293.06435
293.05818
293.05227
293.04669
293.04149
293.03667
293.03222
293.02813
293.0244
293.02103
293.01807
293.01558
293.01362
293.01224
293.01148
293.01131
293.01175
293.01272
293.01421
293.01614
293.01845
293.021
293.02375
293.0264
293.02915
293.03143
293.03375
293.03585
293.03823
293.04011
293.04261
293.04547
293.04951
293.05306
293.05912
293.06316
293.07292
293.07242
293.09309
293.09234
)
;

boundaryField
{
    Side1
    {
        type            empty;
    }
    Inlet
    {
        type            totalTemperature;
        gamma           1.4;
        T0              uniform 294.31799;
        value           nonuniform List<scalar> 
180
(
292.98631
292.98634
292.98636
292.98638
292.98641
292.98643
292.98645
292.98647
292.98645
292.98638
292.98629
292.98618
292.98607
292.98593
292.98576
292.98558
292.9854
292.98523
292.98505
292.98488
292.98471
292.98452
292.98433
292.98412
292.98391
292.98369
292.98347
292.98325
292.98302
292.98278
292.98255
292.98232
292.9821
292.98189
292.98169
292.98151
292.98134
292.9811
292.98089
292.98082
292.98084
292.98091
292.98102
292.98115
292.98131
292.98148
292.98167
292.98187
292.9821
292.98234
292.98259
292.98287
292.98316
292.98346
292.98377
292.98408
292.98439
292.9847
292.98501
292.98531
292.98561
292.9859
292.98618
292.98644
292.9867
292.98694
292.98718
292.98741
292.98764
292.98788
292.98813
292.98838
292.98863
292.98889
292.98915
292.9894
292.98962
292.98984
292.99004
292.99024
292.99042
292.99059
292.99076
292.99091
292.99106
292.99118
292.99128
292.99136
292.99139
292.99138
292.99135
292.99128
292.99119
292.99105
292.99084
292.99059
292.99032
292.99005
292.9898
292.98957
292.98934
292.98911
292.98889
292.98872
292.9886
292.98853
292.98854
292.98853
292.98848
292.98839
292.98825
292.98808
292.98787
292.98766
292.98743
292.98719
292.98695
292.9867
292.98646
292.98623
292.98598
292.98568
292.98527
292.98478
292.98424
292.98369
292.98314
292.98258
292.98201
292.98144
292.98086
292.98031
292.97979
292.97937
292.97904
292.97871
292.9783
292.97786
292.97751
292.97724
292.97697
292.9767
292.97666
292.97672
292.97684
292.97703
292.97729
292.97763
292.97804
292.97848
292.97893
292.9794
292.97987
292.98036
292.98086
292.98137
292.98189
292.98242
292.98297
292.98355
292.98414
292.98475
292.98538
292.98601
292.98663
292.98725
292.98789
292.98856
292.98925
292.98997
292.99073
292.99157
292.99254
292.99361
292.99477
292.99601
292.99735
292.99875
293.00018
293.00164
)
;
    }
    Side2
    {
        type            empty;
    }
    Outlet
    {
        type            zeroGradient;
    }
    Botwall
    {
        type            zeroGradient;
    }
    Cyli
    {
        type            zeroGradient;
    }
    procBoundary3to0
    {
        type            processor;
        value           uniform 293.16862;
    }
    procBoundary3to1
    {
        type            processor;
        value           nonuniform List<scalar> 
182
(
293.15496
293.15867
293.16166
293.16392
293.16545
293.16626
293.16636
293.16579
293.16456
293.16274
293.16036
293.15748
293.15417
293.15048
293.1465
293.14229
293.13793
293.13351
293.1291
293.12478
293.12062
293.11671
293.11311
293.1099
293.10713
293.10486
293.11098
293.11098
293.10959
293.10884
293.10874
293.10932
293.11059
293.11254
293.11516
293.11843
293.12231
293.12675
293.13169
293.13706
293.14275
293.14869
293.15474
293.1608
293.16675
293.17246
293.17782
293.18272
293.18706
293.19077
293.19378
293.19604
293.19752
293.19822
293.19814
293.19731
293.19578
293.19359
293.19082
293.18756
293.18389
293.17994
293.1758
293.17159
293.16743
293.16345
293.15975
293.15646
293.15366
293.15146
293.14994
293.14916
293.14913
293.1499
293.15147
293.1538
293.15684
293.16051
293.1647
293.1693
293.17416
293.17915
293.18412
293.18892
293.19342
293.19746
293.20095
293.20378
293.20586
293.20711
293.2075
293.20699
293.20558
293.20331
293.20022
293.19644
293.19208
293.18731
293.18232
293.17731
293.17248
293.16802
293.16406
293.16073
293.15807
293.15609
293.15474
293.1539
293.15345
293.1532
293.15297
293.15258
293.15187
293.15067
293.14885
293.14627
293.14283
293.13849
293.13325
293.12716
293.12035
293.11302
293.10544
293.09792
293.09073
293.08412
293.07822
293.0731
293.06868
293.06483
293.06135
293.058
293.05457
293.05088
293.04681
293.0423
293.03739
293.03215
293.02671
293.02123
293.01592
293.01097
293.00655
293.00276
292.99966
292.99723
292.9954
292.99409
292.9932
292.99266
292.99246
292.9926
292.99318
292.99424
292.99587
292.99808
293.00087
293.00413
293.00782
293.01176
293.01592
293.02013
293.02439
293.02848
293.03249
293.03601
293.03951
293.04245
293.04547
293.04807
293.05112
293.05402
293.05824
293.06163
293.06658
293.07028
293.07878
293.08274
293.09563
293.09345
293.1214
293.11526
)
;
    }
    procBoundary3to2
    {
        type            processor;
        value           nonuniform List<scalar> 
57
(
292.99263
292.6958
292.72357
292.74672
292.79994
292.79994
293.12045
293.04204
292.96412
292.88827
292.8148
292.74304
292.67171
292.59848
292.52302
292.46991
292.51072
292.57886
292.61842
292.65683
292.65683
293.42149
293.42149
293.42812
293.43398
293.4382
293.43949
293.43608
293.42567
293.40563
293.37354
293.32806
293.26971
293.20101
293.20101
293.1864
293.20384
293.22089
293.23754
293.25377
293.27086
293.27086
293.28586
293.30039
293.31441
293.3279
293.34081
293.35245
293.35245
293.364
293.37489
293.38508
293.39295
293.39295
293.40165
293.40958
293.41673
)
;
    }
}


// ************************************************************************* //
