/*--------------------------------*- C++ -*----------------------------------*\
| =========                 |                                                 |
| \\      /  F ield         | OpenFOAM: The Open Source CFD Toolbox           |
|  \\    /   O peration     | Version:  2406                                  |
|   \\  /    A nd           | Website:  www.openfoam.com                      |
|    \\/     M anipulation  |                                                 |
\*---------------------------------------------------------------------------*/
FoamFile
{
    version     2.0;
    format      ascii;
    arch        "LSB;label=32;scalar=64";
    class       volScalarField;
    location    "0.011";
    object      Ma;
}
// * * * * * * * * * * * * * * * * * * * * * * * * * * * * * * * * * * * * * //

dimensions      [0 0 0 0 0 0 0];

internalField   nonuniform List<scalar> 
8260
(
0.14763625
0.14880246
0.15001151
0.15129488
0.15258078
0.15384464
0.15509717
0.15633123
0.15764131
0.15912014
0.16061455
0.16215211
0.16367481
0.16504248
0.1657451
0.16526924
0.16270971
0.15920797
0.15730087
0.15620433
0.15525722
0.15435355
0.15370422
0.15309973
0.15260765
0.15218988
0.1518488
0.15156213
0.15131185
0.15116891
0.15102745
0.14383218
0.14536323
0.14699746
0.14865032
0.15028983
0.15190105
0.15348334
0.15504226
0.15662969
0.1582901
0.1599547
0.16161985
0.16322396
0.16461834
0.16527933
0.16467871
0.16200592
0.15864162
0.15694872
0.15594846
0.15505645
0.15419141
0.15357493
0.15299485
0.15252278
0.15212197
0.15179325
0.15151602
0.15127223
0.15113415
0.15099882
0.13945576
0.14134079
0.14342334
0.14550383
0.1475481
0.1495482
0.15150027
0.15340693
0.15529903
0.1571996
0.15906916
0.16089201
0.16260376
0.16404377
0.1646873
0.16398725
0.16121063
0.15806097
0.15657812
0.15566705
0.15483543
0.15401213
0.15343007
0.15287742
0.15242746
0.15204565
0.15173081
0.15146421
0.1512277
0.15109491
0.15096333
0.13526449
0.13744445
0.13986313
0.14230015
0.14470548
0.1470649
0.14936836
0.15160961
0.15380214
0.15595744
0.1580424
0.1600336
0.16186132
0.16334572
0.16396533
0.16314265
0.16027579
0.15741288
0.15615075
0.15533939
0.15457683
0.15380327
0.1532617
0.15274122
0.15231725
0.15195751
0.15165886
0.15140456
0.1511767
0.15104999
0.1509226
0.13138201
0.13377473
0.13642521
0.13913224
0.14183525
0.1445073
0.14712834
0.14968136
0.15216243
0.15456964
0.15687174
0.1590356
0.16098249
0.16250571
0.16308447
0.16210782
0.15918633
0.15671123
0.15566999
0.15496605
0.15428266
0.1535664
0.15307019
0.15258677
0.15219236
0.15185755
0.15157727
0.15133687
0.15111891
0.1509989
0.1508759
0.12791095
0.13043441
0.13322109
0.13610465
0.13902374
0.14194065
0.14482494
0.14764845
0.15039086
0.15303474
0.15554556
0.15787818
0.15994067
0.1614907
0.1620004
0.16084008
0.15793932
0.15595201
0.15512594
0.15453933
0.15394623
0.15329596
0.15285104
0.15241048
0.15205002
0.15174354
0.15148416
0.15125955
0.15105319
0.1509406
0.15082253
0.12495878
0.12754406
0.13037856
0.13334024
0.13637877
0.13945278
0.1425244
0.14555571
0.14851212
0.15136049
0.15405704
0.15654195
0.15870491
0.16025724
0.16065492
0.15928852
0.15656085
0.15512971
0.15451307
0.15405332
0.15356312
0.15298916
0.15260126
0.15221014
0.1518886
0.15161423
0.15137842
0.15117159
0.15097855
0.15087425
0.15076158
0.12270548
0.12523855
0.12801815
0.13095462
0.13400804
0.13713841
0.14030448
0.14346161
0.14656401
0.14956405
0.15240456
0.15500754
0.15723746
0.15874826
0.15897404
0.15739107
0.15509534
0.15423207
0.15382299
0.15350151
0.15312648
0.15264226
0.1523166
0.15198201
0.15170517
0.1514674
0.15125837
0.15107148
0.15089425
0.15079878
0.1506923
0.12116313
0.12356285
0.12620375
0.12902326
0.13199325
0.13507799
0.13823727
0.14142435
0.14458661
0.14766458
0.15058586
0.15324993
0.15548564
0.15688782
0.15686173
0.15513802
0.15360834
0.15324997
0.15304935
0.15287744
0.15262918
0.15225146
0.15199327
0.15172262
0.15149677
0.15130071
0.15112247
0.15095788
0.15079864
0.15071305
0.150614
0.1203122
0.12252172
0.12496393
0.12759169
0.13038704
0.13332566
0.13637348
0.13948629
0.14260872
0.14567224
0.14858878
0.15123005
0.1533729
0.15455435
0.15418252
0.15269298
0.15213636
0.15216778
0.15218624
0.15217212
0.15206498
0.15180916
0.15162721
0.15142821
0.15125952
0.15111065
0.15096827
0.15082898
0.15069027
0.1506154
0.15052555
0.12004362
0.12202304
0.12422007
0.12660079
0.12915379
0.13186387
0.13470749
0.13764636
0.14062484
0.14356702
0.14636858
0.14886605
0.15076074
0.15152659
0.15093594
0.15040173
0.15064957
0.15099148
0.15123158
0.15137989
0.15143064
0.15130471
0.15121465
0.1510956
0.15098983
0.15089364
0.15079238
0.15068255
0.15056667
0.15050358
0.15042519
0.12034404
0.12201611
0.12389218
0.12595089
0.1281914
0.13060251
0.13316338
0.13583683
0.13856379
0.1412576
0.14379098
0.14594628
0.14736993
0.14772267
0.14775848
0.14836704
0.14914337
0.14974293
0.15018421
0.1505015
0.15072732
0.15072906
0.1507512
0.15072095
0.15068484
0.15064657
0.15058997
0.15051536
0.15042457
0.15037466
0.15031031
0.12071341
0.12208168
0.12364342
0.12537411
0.12726859
0.1293257
0.13152946
0.13383935
0.13618529
0.13846568
0.14055228
0.14223155
0.1432321
0.14396581
0.14519745
0.14653259
0.14758028
0.14843537
0.14907622
0.14956097
0.14993926
0.15009632
0.15023262
0.15030059
0.15034314
0.15036761
0.15035608
0.15032361
0.15026015
0.15022545
0.15017743
0.12074493
0.12184892
0.12311177
0.12452558
0.12609359
0.12779263
0.12959725
0.13147235
0.13335207
0.1351426
0.13675489
0.13820471
0.13966883
0.14140047
0.14314353
0.14467005
0.14600014
0.14708361
0.14792917
0.14856864
0.14911207
0.1494057
0.14965383
0.14983489
0.14996285
0.15005531
0.15008736
0.15010297
0.15006936
0.15005286
0.15002229
0.12043123
0.12113215
0.12201465
0.12309013
0.12437294
0.1257754
0.12723343
0.12877379
0.13037825
0.13201113
0.13369994
0.1355978
0.13764893
0.13956386
0.14130072
0.14294111
0.14441206
0.14570566
0.14674495
0.14755451
0.14825295
0.14867473
0.14902763
0.14932404
0.14954223
0.14970903
0.14978312
0.14984925
0.14984948
0.14985441
0.14984154
0.12147333
0.12199933
0.12257507
0.1232097
0.12396511
0.12491359
0.12605005
0.12736049
0.12879231
0.1303239
0.13203413
0.13401062
0.1360578
0.13801137
0.13982916
0.1414555
0.14294986
0.14433804
0.14553782
0.14649717
0.14736167
0.14792658
0.14835724
0.1487699
0.14907924
0.14932866
0.14944504
0.14955905
0.14959936
0.14962897
0.14963456
0.12288956
0.12342115
0.12402194
0.12468556
0.12538109
0.12612568
0.12692955
0.12771052
0.12862279
0.12983142
0.13131287
0.13281521
0.13451503
0.13642505
0.13847762
0.14024765
0.14173647
0.14311456
0.1443663
0.1454059
0.14641187
0.14715147
0.14765608
0.14818272
0.14857342
0.14890955
0.14907716
0.14923492
0.14931787
0.14937729
0.14940122
0.12426421
0.12460569
0.12500413
0.12547115
0.126023
0.12668741
0.12751136
0.12852338
0.12954198
0.13050625
0.13135406
0.13243372
0.1338262
0.13535847
0.13699254
0.13889438
0.14062183
0.14205516
0.14332373
0.14436286
0.14541398
0.14632807
0.14693273
0.1475688
0.14803486
0.14844894
0.14868394
0.14887897
0.14900729
0.14910034
0.14913982
0.12615405
0.1264692
0.12682951
0.12723602
0.12769037
0.12818913
0.12871836
0.12927458
0.12992269
0.13077612
0.13187338
0.13285669
0.13378665
0.13497695
0.13622986
0.13766125
0.13927923
0.14091917
0.14234514
0.14346415
0.14446335
0.14548446
0.14619673
0.14692832
0.14748431
0.1479483
0.14826249
0.14849774
0.14866997
0.14879803
0.14885266
0.12763294
0.1278426
0.12808521
0.12836645
0.12869639
0.12908841
0.12956266
0.13013625
0.13079369
0.13147676
0.13218618
0.13314082
0.1341433
0.13505358
0.13599326
0.13707987
0.13837638
0.13976257
0.14124013
0.14260216
0.14366599
0.14468716
0.14547684
0.14626857
0.14692843
0.14741183
0.14780712
0.14809558
0.1483094
0.14847039
0.14854061
0.12937367
0.12956076
0.12977515
0.13001885
0.13029496
0.13060592
0.13094883
0.13132031
0.13173475
0.13223065
0.13282631
0.13346481
0.13423154
0.13516847
0.13611993
0.13691988
0.13794276
0.13911373
0.14029554
0.14157947
0.14285469
0.14395296
0.1448237
0.14559732
0.14635116
0.14685763
0.14731244
0.14767021
0.14792745
0.14811666
0.14819866
0.13081501
0.1309387
0.13108153
0.13124692
0.13144069
0.13166991
0.13194388
0.13227461
0.13266845
0.133117
0.13361011
0.13414378
0.13468562
0.13530979
0.13617062
0.13707776
0.13783518
0.13873311
0.13974091
0.14079683
0.1418822
0.14315815
0.14419901
0.14493628
0.14574066
0.14629701
0.14678479
0.14721284
0.14752256
0.14773703
0.14783523
0.13239738
0.13250772
0.13263402
0.13277763
0.13294032
0.13312345
0.13332802
0.1335541
0.13380446
0.13409224
0.13443889
0.13486668
0.13537531
0.13589979
0.13644075
0.13716139
0.13792734
0.13860578
0.13945968
0.14040511
0.14134986
0.1423618
0.1434909
0.14429757
0.1450906
0.14572176
0.14624069
0.14672027
0.1470917
0.14733301
0.147446
0.13370042
0.13376996
0.13385029
0.13394341
0.13405247
0.13418165
0.13433619
0.1345229
0.1347493
0.13501924
0.13533083
0.13567962
0.13607499
0.13653163
0.13698409
0.13742676
0.13797935
0.13870728
0.13944119
0.14026029
0.14106236
0.14190649
0.14276136
0.14363735
0.14441875
0.14512789
0.1456909
0.14619859
0.14662813
0.14690456
0.14703658
0.13501072
0.13507757
0.13515437
0.13524196
0.13534117
0.13545252
0.13557647
0.13571367
0.13586552
0.13603526
0.13622801
0.13644904
0.13670039
0.1370069
0.13742127
0.13789111
0.13835951
0.13890816
0.13955639
0.14022268
0.14092716
0.14160164
0.14229703
0.14301365
0.14374626
0.14452078
0.14513971
0.1456668
0.14613241
0.14644779
0.14660238
0.13601054
0.13604878
0.13609454
0.13614843
0.13621177
0.13628657
0.13637545
0.13648145
0.13660771
0.13675734
0.13693381
0.13714198
0.13738705
0.13765905
0.13796128
0.13834708
0.13879888
0.13918759
0.13953857
0.14009757
0.14077763
0.14141025
0.14202553
0.14263562
0.14321024
0.14393466
0.14460065
0.14514991
0.1456177
0.14596257
0.14614214
0.13721745
0.13725192
0.13728935
0.13733095
0.13737821
0.13743276
0.13749634
0.13757074
0.13765779
0.13775925
0.13787666
0.13801158
0.1381677
0.13835181
0.1385532
0.13877122
0.13905659
0.13940608
0.1397459
0.14006723
0.14054045
0.14109263
0.14171199
0.14238242
0.14290969
0.14346698
0.1441058
0.14465679
0.14510786
0.14546033
0.14566132
0.13790213
0.1379212
0.13794427
0.13797206
0.13800543
0.13804537
0.13809301
0.13814958
0.13821643
0.13829489
0.1383859
0.13848955
0.138607
0.13875237
0.13893195
0.13913501
0.13933683
0.13960327
0.1399534
0.14023191
0.14050901
0.14095801
0.1414443
0.14202528
0.14263021
0.1431326
0.14366209
0.14417747
0.14461767
0.14496041
0.14517394
0.13869064
0.13870874
0.13872937
0.13875308
0.1387805
0.13881242
0.13884973
0.13889351
0.13894502
0.1390057
0.1390771
0.1391601
0.13925098
0.13933573
0.1394289
0.13955344
0.13971609
0.13990342
0.14012582
0.14042826
0.14072597
0.1409876
0.14138403
0.14183014
0.14230376
0.14279103
0.14326347
0.14373009
0.14415547
0.14449357
0.14470643
0.13913147
0.13914595
0.13916284
0.13918259
0.13920567
0.13923264
0.13926418
0.13930109
0.13934439
0.1393954
0.13945598
0.13952908
0.13961888
0.13972711
0.13984394
0.13996164
0.1400958
0.14025076
0.14042842
0.14063239
0.1408676
0.14113809
0.14143356
0.14174119
0.1421174
0.14253642
0.14296861
0.14339771
0.1437925
0.14411393
0.14433545
0.13954558
0.13955943
0.1395753
0.13959333
0.13961375
0.13963694
0.13966335
0.1396935
0.13972807
0.13976779
0.13981343
0.13986638
0.13992844
0.13999996
0.14008253
0.14017805
0.14028873
0.14041597
0.14056228
0.14072944
0.14092418
0.14115161
0.14140837
0.14170135
0.14203655
0.14241926
0.14282398
0.14323013
0.14360688
0.14391551
0.14414226
0.082047215
0.098251343
0.10918604
0.11742483
0.12426032
0.13047908
0.13619778
0.1411007
0.14589071
0.15035608
0.15445625
0.15819414
0.16158454
0.16461006
0.16723037
0.16927298
0.17030438
0.16993274
0.16727858
0.16327567
0.16053631
0.15878068
0.15738832
0.1562148
0.15522941
0.15435354
0.15367042
0.15311615
0.15269081
0.15241722
0.15217204
0.10376375
0.11209667
0.11856146
0.12420284
0.12967547
0.13494181
0.13989838
0.14445395
0.14876762
0.15275063
0.15640901
0.15976228
0.1628222
0.16556008
0.16792341
0.16968042
0.17040552
0.16970575
0.16670468
0.1627549
0.16022991
0.15856644
0.15721997
0.15607602
0.15511479
0.15426011
0.15359375
0.1530519
0.15263485
0.15236681
0.15212677
0.11021586
0.11640141
0.12229878
0.12796903
0.13336738
0.13838465
0.14297457
0.14716437
0.15106137
0.1546521
0.15796134
0.16101056
0.16380568
0.16630936
0.16845981
0.16997141
0.17043181
0.16943291
0.1661343
0.16232825
0.1599778
0.15837268
0.15706183
0.15594349
0.15500477
0.15417008
0.15351899
0.15298879
0.15257935
0.15231653
0.15207761
0.11644163
0.12231943
0.12781425
0.13290649
0.13764296
0.14202659
0.14605184
0.14975957
0.15321271
0.15641235
0.15938364
0.16214395
0.16468988
0.16697367
0.16891914
0.17017213
0.17039917
0.16909334
0.16556402
0.16191412
0.15971604
0.15816973
0.15689709
0.15580603
0.15489087
0.15407715
0.15344224
0.15292428
0.15252294
0.1522657
0.15203128
0.1231367
0.12832294
0.13308357
0.13749885
0.14161409
0.14542061
0.14892484
0.15216835
0.15519669
0.15802511
0.16067875
0.16316927
0.16548256
0.16755951
0.16930095
0.170313
0.17032495
0.16870853
0.16498433
0.16152609
0.15946724
0.15797158
0.15673466
0.15566984
0.1547778
0.15398479
0.15336563
0.15285967
0.15246627
0.15221458
0.15198442
0.13022846
0.13444152
0.13836742
0.14204273
0.14547639
0.14866485
0.15162773
0.15439851
0.15701231
0.15948775
0.16184415
0.16408424
0.16618165
0.16806509
0.16960607
0.17039459
0.17022132
0.16827437
0.16440922
0.16116085
0.15922205
0.15777291
0.15657116
0.15553252
0.15466358
0.15389143
0.15328813
0.15279431
0.15240899
0.15216305
0.15193852
0.13726072
0.14050159
0.14355199
0.14643132
0.14914708
0.15170764
0.15412944
0.15643701
0.15865524
0.16079923
0.16287964
0.16488872
0.16678722
0.16849191
0.16984114
0.17043532
0.17006541
0.16779056
0.16384402
0.16081731
0.15898267
0.157576
0.1564084
0.1553955
0.15454943
0.15379805
0.15321043
0.15272865
0.15235135
0.15211121
0.15189253
0.1443039
0.14646948
0.14855855
0.15059631
0.15258701
0.15452536
0.15641835
0.15828077
0.16012607
0.16196154
0.16378752
0.16558492
0.16730184
0.1688438
0.17001353
0.17043971
0.1698563
0.16726043
0.16329976
0.16049308
0.15874702
0.15737986
0.15624577
0.15525835
0.15443493
0.15370429
0.15313229
0.15266255
0.1522933
0.15205906
0.15184634
0.15098055
0.15207245
0.15322313
0.15445155
0.15574828
0.15709045
0.15848133
0.15992538
0.16142431
0.16297589
0.16456961
0.16617489
0.16772767
0.1691197
0.17011736
0.17039624
0.16959339
0.16669634
0.16278276
0.16018476
0.15851505
0.15718491
0.15608374
0.15512151
0.1543205
0.1536105
0.15305398
0.1525962
0.15223493
0.15200665
0.15179996
0.15704432
0.15715435
0.15746359
0.1579492
0.15859497
0.159381
0.16030786
0.16136674
0.16254898
0.16384299
0.16522732
0.16666028
0.16806578
0.16931411
0.17015707
0.17030926
0.16927801
0.16611521
0.16229574
0.15988967
0.15828619
0.15699105
0.15592232
0.15498499
0.15420614
0.15351666
0.15297547
0.15252959
0.15217628
0.151954
0.15175345
0.16243593
0.16168211
0.16123107
0.16103629
0.16108821
0.16137603
0.16188835
0.16260065
0.16349903
0.16456346
0.16576189
0.16704176
0.1683144
0.16941965
0.17013395
0.17018196
0.16891567
0.16553487
0.16183814
0.15960525
0.15806034
0.15679841
0.15576174
0.15484902
0.15409205
0.15342293
0.15289692
0.15246285
0.15211741
0.15190117
0.15170682
0.16702722
0.16555901
0.16444801
0.16366564
0.16320701
0.16306547
0.16321065
0.16362168
0.16427282
0.16513744
0.16617354
0.16731923
0.168467
0.16944579
0.17007457
0.17001688
0.16851949
0.16495907
0.16140789
0.15932952
0.15783737
0.15660711
0.15560215
0.15471372
0.15397834
0.15332938
0.15281839
0.15239603
0.15205837
0.15184817
0.15166006
0.17068882
0.16867305
0.16705242
0.16581044
0.1649412
0.16443243
0.16426911
0.16442303
0.16486511
0.16556177
0.16645897
0.16748681
0.16852963
0.16942294
0.16997743
0.16981008
0.16809508
0.16439631
0.16100267
0.15906078
0.1576173
0.15641731
0.15544374
0.15457927
0.15386518
0.15323616
0.15273997
0.15232921
0.15199925
0.15179505
0.15161314
0.17336063
0.17097981
0.16901526
0.16744497
0.16626545
0.16547184
0.16505563
0.16499333
0.16526106
0.16581785
0.16660277
0.16754442
0.1685311
0.16936035
0.16983263
0.16955764
0.16764838
0.16384991
0.16061963
0.15879797
0.15740024
0.15622922
0.15528669
0.15444582
0.1537527
0.15314336
0.15266175
0.15226247
0.15194011
0.15174182
0.151566
0.17513296
0.17249463
0.17030151
0.1685149
0.16712442
0.16612625
0.16551905
0.16529772
0.1654423
0.16590767
0.16663608
0.16753245
0.1684724
0.16924547
0.16963941
0.16926177
0.16718315
0.16332252
0.16025661
0.15854037
0.15718636
0.15604309
0.15513121
0.1543136
0.15364104
0.15305109
0.15258382
0.15219588
0.15188099
0.15168853
0.15151849
0.17620096
0.17339858
0.17103164
0.16908562
0.16755262
0.16642364
0.16569364
0.16539445
0.1654892
0.16590272
0.16658558
0.16744292
0.1683402
0.16907093
0.16940427
0.16893226
0.16670578
0.16281628
0.15991171
0.15828761
0.15697582
0.15585918
0.15497747
0.15418276
0.15353031
0.15295946
0.15250627
0.15212951
0.15182187
0.15163521
0.15147035
0.17665891
0.17384077
0.17139113
0.1693477
0.16772469
0.16651999
0.16572921
0.16538117
0.16542592
0.1657879
0.16642123
0.16724955
0.16812858
0.16883835
0.16912909
0.16857417
0.16622399
0.16233233
0.15958161
0.15803933
0.15676878
0.15567771
0.15482559
0.15405342
0.15342066
0.15286856
0.15242917
0.15206342
0.15176279
0.15158189
0.15142136
0.17583666
0.17334599
0.17109282
0.16914465
0.16755318
0.16635118
0.16555836
0.16517926
0.16517688
0.16551171
0.16612959
0.16695318
0.16783742
0.16854963
0.16881589
0.16819195
0.16574456
0.16187069
0.15926422
0.15779537
0.15656528
0.15549888
0.15467566
0.15392569
0.15331221
0.15277851
0.15235263
0.1519977
0.15170397
0.1515286
0.15137178
0.173879
0.1717671
0.16985661
0.16818615
0.16679561
0.16572737
0.16502123
0.16469036
0.16471541
0.1650723
0.16570946
0.16655442
0.16746691
0.16820576
0.16846733
0.16779332
0.16527301
0.16143153
0.15895786
0.15755544
0.15636543
0.15532295
0.15452786
0.15379979
0.15320515
0.15268946
0.15227677
0.15193244
0.1516457
0.15147539
0.15132201
0.17121847
0.16948736
0.16794223
0.16660775
0.16550335
0.1646641
0.16413593
0.16392786
0.16404118
0.16446949
0.16516105
0.16605356
0.1670169
0.16780742
0.16808646
0.16738414
0.16481333
0.16101423
0.15866104
0.1573198
0.15616981
0.15515066
0.15438271
0.15367614
0.15309982
0.15260165
0.15220177
0.15186775
0.15158796
0.1514223
0.15127209
0.16778961
0.16654157
0.16544197
0.1645096
0.16375507
0.16321695
0.16293354
0.16290473
0.16316002
0.16370446
0.16448535
0.16545177
0.16648773
0.16735515
0.16767619
0.16696918
0.16436888
0.16061948
0.1583747
0.15709004
0.15597993
0.15498338
0.15424111
0.15355542
0.15299666
0.15251536
0.15212778
0.1518037
0.15153047
0.15136935
0.15122209
0.16358034
0.1629127
0.16236257
0.16191882
0.16159151
0.16141699
0.16141735
0.16162531
0.16207657
0.16277712
0.16368094
0.16474806
0.16587801
0.16684759
0.16723793
0.16655456
0.16394554
0.16025286
0.15810276
0.1568687
0.15579764
0.1548225
0.15410386
0.15343809
0.15289593
0.15243068
0.15205485
0.1517403
0.15147302
0.15131651
0.15117224
0.1585228
0.1584889
0.15859689
0.15875974
0.15895686
0.15921057
0.15956464
0.16006713
0.16077141
0.16167261
0.16273555
0.16393314
0.16518013
0.16627844
0.16676952
0.16614647
0.1635528
0.15992337
0.15784768
0.15665522
0.15562185
0.15466685
0.15396976
0.15332306
0.15279672
0.15234695
0.15198248
0.15167719
0.15141549
0.15126359
0.15112187
0.15276208
0.15308889
0.15377568
0.15460792
0.15545929
0.15629182
0.15714589
0.158044
0.15909835
0.16028755
0.16157127
0.16294633
0.16434547
0.16560952
0.16624804
0.16573648
0.1632024
0.15962454
0.15759889
0.15644038
0.15544481
0.1545108
0.15383493
0.15320773
0.15269747
0.1522633
0.15191033
0.15161436
0.15135828
0.1512109
0.15106849
0.076194432
0.0938156
0.10552375
0.11439456
0.12167124
0.12809885
0.13402771
0.13931911
0.14431627
0.14899319
0.15331076
0.15725566
0.16083459
0.16403041
0.16680338
0.16901457
0.17022746
0.1700368
0.16758727
0.16360005
0.16075145
0.15894763
0.15752471
0.15632871
0.15532339
0.15442997
0.15373351
0.15316881
0.1527366
0.15245812
0.15221295
0.075364589
0.093695226
0.10541059
0.11417414
0.1213706
0.1276982
0.13351059
0.13879944
0.14377433
0.14846069
0.15282227
0.15683176
0.16048229
0.16375009
0.16658647
0.16886851
0.17013998
0.17005245
0.16772134
0.16375895
0.16086008
0.15904062
0.15760619
0.15640117
0.15538596
0.15448271
0.15377866
0.15320756
0.15277125
0.15248939
0.15223897
0.075293684
0.093843942
0.1055264
0.11409349
0.1210855
0.12725727
0.13294084
0.13817476
0.14312541
0.14782641
0.15223812
0.15632079
0.16005373
0.16340557
0.16631957
0.16868616
0.17004315
0.17005098
0.16787039
0.16393239
0.16096992
0.15913097
0.15768563
0.15647291
0.15544881
0.15453644
0.15382539
0.15324817
0.15280795
0.15252294
0.15227122
0.075116409
0.093761889
0.10547251
0.11389201
0.120732
0.12677493
0.13234833
0.13752905
0.14245868
0.14717066
0.15162677
0.15577865
0.15959282
0.16302994
0.16602605
0.16847988
0.16993298
0.17004485
0.16802079
0.16412238
0.16109313
0.15923034
0.1577723
0.15655081
0.15551683
0.15459475
0.15387605
0.15329215
0.1528476
0.15255867
0.15230522
0.074707372
0.093446996
0.10522206
0.11357212
0.12033667
0.1262837
0.13176328
0.13689419
0.1417998
0.14651424
0.15100458
0.15521742
0.15910798
0.16262854
0.16570831
0.16824818
0.16980558
0.17003084
0.16816445
0.16432246
0.16122786
0.15933897
0.15786698
0.15663586
0.15559091
0.15465786
0.1539307
0.15333947
0.15289008
0.15259695
0.15234103
0.074226027
0.092912739
0.10482968
0.11321801
0.11993256
0.12579882
0.13119485
0.13627483
0.14115159
0.14586062
0.15037536
0.15464028
0.15860128
0.16220213
0.16536538
0.1679874
0.16966033
0.17000633
0.16830065
0.16452703
0.16136961
0.15945323
0.15796693
0.15672598
0.15566945
0.15472505
0.15398893
0.15338991
0.15293533
0.15263835
0.15237781
0.07385999
0.092344907
0.10438835
0.11282285
0.11950375
0.1253038
0.1306285
0.13565955
0.14050601
0.1452053
0.14973717
0.15404645
0.15807196
0.16174952
0.16499508
0.16769478
0.16948837
0.16996854
0.16842854
0.16473635
0.1615164
0.15957103
0.15807051
0.15682
0.15575173
0.15479622
0.15405087
0.15344383
0.15298389
0.15268188
0.15241591
0.073540366
0.091681018
0.10382216
0.11232908
0.11901002
0.12477057
0.13004376
0.13503478
0.13985453
0.14454365
0.14908813
0.15343536
0.15751965
0.16126991
0.16459588
0.1673717
0.16928105
0.16991189
0.16854047
0.16495311
0.16166831
0.15969217
0.15817751
0.156918
0.15583789
0.15487049
0.15411572
0.15350046
0.15303495
0.15272842
0.15245861
0.073184303
0.090863544
0.1030805
0.11169202
0.11841525
0.12417222
0.12942083
0.13438738
0.13918902
0.14387108
0.14842638
0.15280668
0.15694444
0.16076319
0.16416729
0.16702102
0.16904548
0.16983473
0.16863674
0.16517211
0.16182533
0.15981601
0.15828728
0.15701921
0.15592727
0.15494858
0.15418423
0.15356058
0.15308934
0.15277796
0.15250381
0.072747214
0.089861349
0.10212907
0.11087807
0.11768969
0.12348448
0.12874092
0.13370432
0.13850107
0.14318283
0.1477498
0.15215994
0.15634633
0.1602292
0.16370869
0.16664223
0.16877712
0.16971471
0.16871736
0.16539116
0.16198784
0.15994287
0.15840023
0.15712425
0.15602052
0.15503048
0.15425642
0.15362424
0.15314711
0.15283066
0.152556
0.072179242
0.088639508
0.10093987
0.10986208
0.11680938
0.12268656
0.12798721
0.13297339
0.13778226
0.14247373
0.14705594
0.15149445
0.15572552
0.15966821
0.16322008
0.16623467
0.1684783
0.16956697
0.1687696
0.16561135
0.16215564
0.16007207
0.15851585
0.15723279
0.15611741
0.15511625
0.15433237
0.15369157
0.15320838
0.15288666
0.15259969
0.071439136
0.087184551
0.099486014
0.10861765
0.11575528
0.12176362
0.12714759
0.1321854
0.13702619
0.14173957
0.14634259
0.15080949
0.15508197
0.15908029
0.16270128
0.16579729
0.16814948
0.16938841
0.16879017
0.16581764
0.16232803
0.16020286
0.15863358
0.15734446
0.15621776
0.15520584
0.15441209
0.15376263
0.15327327
0.15294615
0.15265342
0.07044463
0.085460051
0.09775543
0.10713771
0.11451948
0.12070915
0.12621675
0.13133603
0.13622964
0.14097813
0.14560845
0.15010473
0.15441593
0.15846583
0.16215248
0.16532966
0.16779063
0.16917627
0.16877917
0.16600327
0.16250394
0.16033417
0.15875258
0.15745868
0.15632118
0.1552991
0.15449555
0.15383753
0.1533419
0.15300927
0.15270572
0.069167473
0.083459772
0.095745552
0.10542239
0.11310544
0.11952782
0.1251988
0.13042815
0.13539411
0.14019019
0.14485404
0.14938068
0.15372803
0.15782539
0.16157396
0.16483141
0.16740159
0.16892141
0.16873171
0.16617571
0.16268292
0.16046517
0.15887209
0.15757488
0.15642737
0.155396
0.15458274
0.15391632
0.15341442
0.15307616
0.15277281
0.067651837
0.081246415
0.093497602
0.10349956
0.11153926
0.11824144
0.12411048
0.12947382
0.13452756
0.13938029
0.14408195
0.14863893
0.15301933
0.15715959
0.16096597
0.16430195
0.16698153
0.16862978
0.16863569
0.16632773
0.16286326
0.16059428
0.15899093
0.15769226
0.1565357
0.15549613
0.15467354
0.15399906
0.15349093
0.15314692
0.15283494
0.065988135
0.078919658
0.091097006
0.10142348
0.10985905
0.11688331
0.12297926
0.12849353
0.13364412
0.1385573
0.14329724
0.14788238
0.15229142
0.15646914
0.16032838
0.16373975
0.16652627
0.16830041
0.16849011
0.16644882
0.16304472
0.16072107
0.1591083
0.15780993
0.15664571
0.15559956
0.15476785
0.15408571
0.15357154
0.15322172
0.15290115
0.064324687
0.076622927
0.088658658
0.09927624
0.10812393
0.11549624
0.12183857
0.12751281
0.13276198
0.1377334
0.14250712
0.14711467
0.15154599
0.15575461
0.15966041
0.16314152
0.16602637
0.16792643
0.16830569
0.16653398
0.16322141
0.16084222
0.15922238
0.15792717
0.1567567
0.15570542
0.15486542
0.15417632
0.15365624
0.15330057
0.15297098
0.062882341
0.074549499
0.086346234
0.097161164
0.10639511
0.11412375
0.12072176
0.12655719
0.13189951
0.13692044
0.14171876
0.14633957
0.15078435
0.15501575
0.15896023
0.16250191
0.1654681
0.16751617
0.1681006
0.1665925
0.16339914
0.16095854
0.15933273
0.15804179
0.15686732
0.15581387
0.15496604
0.15427066
0.15374514
0.15338361
0.15304557
0.061901033
0.072944004
0.084387633
0.095244467
0.10477031
0.11282112
0.1196622
0.12564809
0.13107054
0.1361268
0.14093606
0.14555835
0.15000636
0.15425132
0.15822571
0.16181748
0.16485
0.1670108
0.167829
0.16661107
0.16356192
0.16106412
0.15943576
0.15815453
0.15697809
0.15592383
0.15506934
0.15436877
0.15383808
0.15347077
0.15312361
0.061645225
0.072059399
0.083022196
0.093717219
0.10336614
0.11164578
0.11868448
0.12479461
0.13027727
0.13535179
0.14015706
0.14476824
0.14920897
0.15345854
0.15745477
0.16108946
0.16418871
0.16647977
0.16752742
0.16658892
0.16369007
0.16116111
0.15953412
0.15826103
0.1570848
0.15603459
0.15517491
0.1544702
0.15393514
0.15356213
0.15320542
0.062205163
0.072065221
0.082457972
0.09276428
0.10230449
0.11064608
0.11779128
0.12398098
0.12950024
0.13457778
0.13936756
0.14395876
0.14838462
0.15263218
0.15664438
0.16031778
0.1634855
0.16589963
0.16715509
0.16650505
0.1638161
0.16124578
0.15961669
0.15836055
0.15719104
0.15614661
0.1552823
0.15457493
0.15403597
0.15365756
0.15329139
0.063820067
0.072917365
0.08266399
0.092433561
0.10161188
0.10982028
0.11695535
0.12316735
0.12869887
0.13377011
0.13854081
0.14311014
0.1475196
0.15176318
0.15578943
0.15949964
0.16273591
0.16526709
0.16671538
0.16633814
0.16391598
0.16131265
0.1596959
0.15845732
0.1572905
0.15625556
0.15539081
0.15468236
0.15414055
0.15375694
0.15338107
0.06637966
0.074730626
0.083598676
0.092620571
0.10127555
0.10917307
0.11616272
0.12231921
0.12782942
0.13288636
0.13764153
0.14219554
0.14659537
0.15083955
0.15488228
0.15863055
0.16193583
0.16458173
0.16621999
0.16612726
0.1639581
0.16137858
0.15975519
0.15853116
0.15738266
0.15636616
0.1554999
0.15479211
0.15424834
0.15386017
0.15347452
0.069484234
0.077023859
0.085035326
0.093210959
0.1011849
0.10861179
0.11533449
0.12136656
0.12683016
0.13187435
0.13662804
0.14118394
0.14558973
0.1498468
0.15391416
0.15770539
0.16108159
0.16384092
0.1656637
0.16587867
0.16394746
0.16139306
0.15979202
0.15860183
0.15747476
0.15646953
0.1556085
0.15490392
0.15435896
0.15396679
0.15357183
0.072793337
0.079460738
0.086549846
0.093843744
0.10106582
0.10795725
0.11435907
0.12023563
0.12564674
0.13069109
0.13546624
0.14004955
0.144484
0.14877219
0.15287709
0.1567192
0.16016915
0.16303753
0.16502661
0.16557991
0.16391234
0.16139429
0.15983357
0.15866365
0.15754586
0.15656982
0.1557158
0.15501627
0.15447193
0.15407685
0.15367353
0.075823736
0.081638072
0.087843948
0.094294134
0.10079406
0.10714908
0.11321336
0.11891882
0.12427401
0.12932921
0.1341465
0.13878219
0.14326955
0.14760977
0.15176768
0.1556699
0.15919683
0.1621695
0.16430698
0.16510949
0.16382405
0.16141493
0.15983607
0.15867271
0.15760597
0.15666717
0.15582095
0.15513001
0.15458638
0.15418906
0.15377875
0.078204684
0.083264672
0.088700955
0.094411147
0.10029172
0.10616313
0.11190484
0.11744051
0.12274094
0.12781389
0.13268717
0.13739383
0.14195386
0.14636373
0.15058918
0.15456128
0.15816931
0.16124652
0.16353532
0.16459689
0.16370828
0.16141338
0.15980795
0.15867048
0.15766884
0.15674389
0.15592172
0.15524176
0.15470158
0.15430456
0.15388959
0.079759542
0.084190078
0.088998514
0.09414657
0.099500162
0.10496952
0.11044182
0.11583093
0.12108674
0.12618503
0.13112381
0.13591337
0.14055943
0.14505158
0.14935497
0.15340424
0.15709655
0.16027839
0.16271629
0.16402501
0.16350403
0.16137694
0.15974948
0.15866894
0.15769991
0.15682775
0.15601986
0.15535334
0.15481735
0.15442004
0.15399844
0.080508426
0.084422497
0.088746441
0.093417911
0.098372745
0.10353525
0.10880881
0.11409881
0.11933436
0.12447373
0.12949204
0.13437635
0.13911842
0.14370093
0.14808777
0.15221686
0.1559929
0.15927547
0.16185403
0.16338677
0.16318537
0.16128915
0.15969295
0.15865178
0.15771612
0.15689411
0.15610895
0.1554608
0.15493034
0.15453878
0.15411918
0.08060275
0.084152886
0.088076772
0.092359087
0.096978322
0.10188618
0.10700348
0.11223754
0.11749598
0.1227061
0.12782384
0.13281927
0.13766819
0.14234656
0.14681789
0.15102416
0.1548781
0.15825223
0.16095785
0.16269502
0.16287772
0.16117005
0.15960874
0.15862059
0.15771581
0.15692768
0.15618968
0.1555643
0.15504447
0.15465417
0.15424297
0.080192793
0.083422019
0.087036476
0.091037656
0.095412448
0.10012507
0.10511656
0.11030619
0.11560152
0.1209099
0.1261527
0.13127684
0.13624536
0.14102523
0.14557961
0.14985607
0.1537767
0.15722768
0.16004092
0.16195048
0.16243058
0.16101389
0.15951451
0.15856501
0.15770291
0.15697652
0.15627087
0.15566286
0.15515226
0.15477066
0.15434789
0.079704663
0.082713223
0.086097421
0.089865701
0.094023135
0.098552811
0.10341313
0.10853718
0.11383661
0.11921171
0.12456542
0.12981554
0.13490184
0.13978067
0.14441135
0.14874578
0.15271681
0.15622546
0.15912446
0.16117962
0.16193718
0.16082803
0.15937399
0.15845655
0.15768354
0.15700842
0.15632171
0.15575039
0.15525691
0.15488632
0.15446569
0.079591598
0.082447984
0.085664004
0.089253843
0.093228678
0.097581653
0.10228613
0.10729045
0.11252096
0.11788382
0.12327277
0.12858709
0.13374524
0.13868754
0.14336577
0.14773282
0.15172936
0.15527028
0.15822888
0.16040103
0.16140215
0.16060965
0.1592225
0.15837295
0.15765963
0.15700393
0.1563833
0.1558386
0.15535709
0.15499752
0.15460102
0.080087538
0.082794934
0.085864034
0.089310596
0.093139454
0.097339562
0.10189261
0.10675554
0.11186266
0.11713056
0.12245703
0.12774067
0.13288983
0.13782876
0.14250044
0.14685561
0.15084088
0.15438232
0.15737034
0.15962932
0.16083233
0.16035457
0.15905949
0.15825043
0.15758944
0.1569921
0.15643538
0.1558983
0.15544334
0.15510522
0.15471664
0.08183175
0.084272915
0.087057362
0.090220518
0.093786724
0.097762398
0.10212576
0.10683109
0.11179886
0.11692419
0.12211831
0.12729434
0.13235577
0.13722001
0.14182484
0.14612001
0.15005565
0.1535663
0.15655543
0.15887321
0.16023823
0.16006199
0.15887924
0.15810579
0.15753054
0.15697881
0.15644621
0.15596591
0.15553473
0.15520176
0.15482209
0.084786979
0.087026545
0.089570822
0.092439807
0.095658829
0.099248988
0.10321742
0.1075475
0.11220028
0.11710262
0.12213212
0.12714965
0.13206703
0.13680355
0.14129491
0.14549311
0.14935038
0.15280737
0.15577855
0.15813294
0.15962762
0.15973676
0.1586827
0.15796219
0.15744927
0.15693778
0.15645412
0.15601611
0.15559838
0.15529433
0.15493544
0.087881183
0.089933056
0.092268083
0.094916273
0.097897098
0.10122466
0.1049002
0.10890722
0.11320559
0.11773684
0.12242773
0.1271835
0.13189857
0.13647219
0.14082753
0.14491117
0.14867764
0.15207307
0.15501847
0.15739713
0.15899966
0.15937654
0.15847694
0.15780035
0.15733934
0.1568871
0.15645162
0.15602166
0.15565659
0.15537649
0.15503996
0.090556232
0.092448766
0.094599614
0.097037311
0.099784088
0.10285606
0.10625811
0.10997953
0.1139897
0.11823511
0.12264204
0.12714723
0.13166254
0.13607096
0.14029992
0.14428717
0.14797994
0.15132451
0.15424989
0.15665217
0.15835105
0.15897337
0.15826235
0.15762209
0.15723056
0.1568376
0.15642951
0.1560352
0.15571274
0.15543639
0.15512495
0.092567905
0.094312708
0.096295665
0.098542603
0.10107605
0.10391424
0.10706662
0.11052868
0.11427722
0.11828344
0.12251107
0.12685463
0.13119635
0.13548223
0.13962654
0.14355744
0.14721306
0.15053561
0.15345938
0.15589224
0.15768307
0.15852513
0.15802733
0.15743529
0.157098
0.1567299
0.15637484
0.15603426
0.15571802
0.15549318
0.15518447
0.093971629
0.095578811
0.09740784
0.099481986
0.10182415
0.10445371
0.10738264
0.11061586
0.1141586
0.11797642
0.12200102
0.12616967
0.13041467
0.13464247
0.13876096
0.14268815
0.14635356
0.14969253
0.15264098
0.15511858
0.15700256
0.15803907
0.1577764
0.15724253
0.15694273
0.15663934
0.15633205
0.15601957
0.15572304
0.15552222
0.15524714
0.095028105
0.096522534
0.098221038
0.10014635
0.10232199
0.10476923
0.10750493
0.1105363
0.11385577
0.11745809
0.12130591
0.12534294
0.12949535
0.13367491
0.13778506
0.14173273
0.14543397
0.14881503
0.15180979
0.15434463
0.15632007
0.15752492
0.15751036
0.15703138
0.1567582
0.15651032
0.15623266
0.15596797
0.15572059
0.15551985
0.15530013
0.096191956
0.097572482
0.099142319
0.10092407
0.10294162
0.10521853
0.10777623
0.11062647
0.11376588
0.1171734
0.12083242
0.12470586
0.12873114
0.13282581
0.13689316
0.14083393
0.14455274
0.14796797
0.15100651
0.15359507
0.15565025
0.15699846
0.15722152
0.15680278
0.15656738
0.15637822
0.15614599
0.15592379
0.15570514
0.15550923
0.15532634
0.097778924
0.099062182
0.10051786
0.10216648
0.10402856
0.10612477
0.10847418
0.11109854
0.11402024
0.1172389
0.1207131
0.12439889
0.12825913
0.13222014
0.13619257
0.14007755
0.14377703
0.14719794
0.15025839
0.15288563
0.1550029
0.15646824
0.1569121
0.15656302
0.1563594
0.15621764
0.15604515
0.15584346
0.15565716
0.15548788
0.1553158
0.099546159
0.1007456
0.10210573
0.10364591
0.10538524
0.10734301
0.10953677
0.11198125
0.11468599
0.11765892
0.1209054
0.12440024
0.12807405
0.13186264
0.13568892
0.13946646
0.14309997
0.14649458
0.14955636
0.15220591
0.1543704
0.15593644
0.15659873
0.15636403
0.15620161
0.15608362
0.15593829
0.1557662
0.15559958
0.1554536
0.15529772
0.10107547
0.10219789
0.10347147
0.10491456
0.1065459
0.10838445
0.11044812
0.11275239
0.11530804
0.1181185
0.12117758
0.12446581
0.12795696
0.13158551
0.13527659
0.1389428
0.14248894
0.14582655
0.14886907
0.15152954
0.15373157
0.15538591
0.15624481
0.15614786
0.15600881
0.15590941
0.15578559
0.15565381
0.15550532
0.15538596
0.15525311
0.1023651
0.10341256
0.10460189
0.10595035
0.10747617
0.10919813
0.1111345
0.11330189
0.11571326
0.11837508
0.12128285
0.12442176
0.1277591
0.13124689
0.13481829
0.13839133
0.14187341
0.14516792
0.14818861
0.15085678
0.15309635
0.15483488
0.15587127
0.15594708
0.15583524
0.15575635
0.15566269
0.1555457
0.15541695
0.15532182
0.15517868
0.10359363
0.10457203
0.10568224
0.10694065
0.1083645
0.10997184
0.11178076
0.1138086
0.11607009
0.11857399
0.12132056
0.12429642
0.12748031
0.13083154
0.13429008
0.13777872
0.14120618
0.14447592
0.14749451
0.15018089
0.15246351
0.15427881
0.15547096
0.15570973
0.15561246
0.15554484
0.1554787
0.15539925
0.15529197
0.15521897
0.15503215
0.10489953
0.10581323
0.10684907
0.10802235
0.10934911
0.11084644
0.11253157
0.11442121
0.11653
0.11886878
0.12144268
0.12425107
0.12726894
0.13046682
0.13379348
0.13717955
0.14053962
0.14377837
0.14679863
0.14951278
0.15184651
0.15374241
0.1550794
0.155504
0.15542163
0.15535854
0.15531009
0.15526695
0.15519976
0.15513202
0.15491178
0.10617826
0.10703389
0.1080032
0.10910036
0.11034048
0.11173954
0.11331386
0.1150795
0.11705114
0.11924046
0.12165424
0.124292
0.12714494
0.13018347
0.13336526
0.13663023
0.13990121
0.14308789
0.14609523
0.14883024
0.15121234
0.15318138
0.15465037
0.15528273
0.15524234
0.15516815
0.15511241
0.15507806
0.15503644
0.15499074
0.15474636
0.10735721
0.10816027
0.10906992
0.11009942
0.1112629
0.11257545
0.1140526
0.11570985
0.11756167
0.11962016
0.12189322
0.12438237
0.12708056
0.12996785
0.13300883
0.13615089
0.13932435
0.14244537
0.14542384
0.14816615
0.15058614
0.15261998
0.15420457
0.15503861
0.15507011
0.15501252
0.15498049
0.15495282
0.1549181
0.15489881
0.1546445
0.10846775
0.10922075
0.11007357
0.11103859
0.11212912
0.11335944
0.11474438
0.11629893
0.11803744
0.11997241
0.12211296
0.12446284
0.12701785
0.12976282
0.13266866
0.13569012
0.138765
0.14181604
0.14475462
0.14748926
0.14993463
0.15202021
0.15369302
0.15471662
0.1548626
0.15481041
0.15478357
0.15476624
0.15474441
0.15472109
0.15449034
0.10953598
0.11024352
0.11104462
0.11195083
0.11297468
0.11412962
0.11542978
0.11688955
0.11852298
0.12034272
0.12235871
0.1245764
0.12699444
0.12960216
0.13237629
0.13527828
0.13825302
0.14122941
0.14412297
0.14684476
0.14930922
0.1514431
0.15320171
0.15439809
0.15469384
0.15468103
0.15466182
0.15464804
0.1546407
0.15461554
0.15435837
0.11058574
0.11124886
0.1119996
0.11284873
0.11380806
0.11489028
0.11610881
0.11747746
0.11900995
0.120719
0.12261522
0.1247056
0.12699143
0.12946181
0.13210191
0.13487957
0.13774674
0.14063921
0.14347885
0.1461787
0.14865208
0.15082316
0.15264308
0.15398396
0.1544456
0.15446448
0.15446971
0.15447753
0.15447847
0.15443857
0.15420875
0.11156345
0.11218825
0.1128955
0.11369528
0.11459873
0.11561782
0.11676529
0.11805432
0.11949816
0.12110928
0.12289844
0.12487326
0.12703636
0.12938629
0.13190543
0.13456735
0.13733077
0.1401386
0.14291912
0.14559041
0.14806678
0.15027115
0.15215576
0.15364449
0.15428963
0.15436324
0.15437008
0.15436864
0.15436337
0.15433961
0.154104
0.11258725
0.11317134
0.11383275
0.11458081
0.11542607
0.11637984
0.11745423
0.11866192
0.12001577
0.12152816
0.12321012
0.12507018
0.12711277
0.12933631
0.13172937
0.13427042
0.13692406
0.13963966
0.14235226
0.1449853
0.14745528
0.14968351
0.15161693
0.15321182
0.15407925
0.15418384
0.15416497
0.15415517
0.15414853
0.15413529
0.1539411
0.11347626
0.11402816
0.11465308
0.11535989
0.11615858
0.11705989
0.11807537
0.11921715
0.12049766
0.12192905
0.12352244
0.12528689
0.12722796
0.12934565
0.1316305
0.13406519
0.13661937
0.13924802
0.14189152
0.14447717
0.14692755
0.14916861
0.15114475
0.15283254
0.15385407
0.15407967
0.15409358
0.15409008
0.15408803
0.1540688
0.15385866
0.11453742
0.11504968
0.11563016
0.11628693
0.11702945
0.11786785
0.11881314
0.119877
0.12107155
0.12240894
0.12390068
0.12555678
0.12738447
0.12938436
0.13155103
0.1338701
0.13631768
0.13885514
0.1414277
0.14396743
0.14639812
0.14864343
0.15064305
0.15237618
0.15359946
0.1539106
0.15392941
0.15394482
0.15395439
0.15391525
0.15364921
0.11537498
0.11585946
0.11640835
0.11702934
0.11773145
0.11852428
0.11941834
0.12042483
0.12155545
0.12282201
0.12423587
0.12580719
0.12754392
0.12944949
0.13151727
0.13373415
0.13608321
0.13853149
0.14103221
0.14352415
0.14593697
0.14819914
0.15025133
0.15206854
0.15341244
0.15382563
0.15387715
0.15387422
0.15386288
0.15380733
0.15360185
0.11664934
0.11709162
0.11759319
0.11816098
0.11880341
0.11952943
0.12034893
0.12127256
0.12231157
0.12347748
0.1247817
0.12623488
0.12784601
0.12962093
0.1315612
0.1336603
0.13589998
0.13825176
0.14067227
0.14310318
0.14547348
0.14770925
0.14974575
0.1515502
0.15304909
0.15369778
0.15371087
0.1536682
0.15362899
0.15361835
0.15349886
0.11743501
0.11785458
0.1183304
0.11886926
0.1194792
0.12016875
0.12094742
0.12182541
0.12281348
0.12392269
0.12516394
0.12654735
0.12808139
0.12977148
0.13161713
0.13360636
0.13572283
0.13795389
0.14027467
0.14263755
0.14498439
0.14724428
0.14934781
0.15124974
0.15283398
0.15353523
0.15362496
0.15358742
0.15354304
0.15352736
0.15340673
0.11908231
0.11946265
0.11989358
0.12038146
0.12093346
0.12155741
0.1222619
0.12305621
0.12395027
0.12495445
0.12607918
0.12733457
0.1287295
0.13027078
0.13196232
0.1338066
0.13579987
0.13792143
0.14014321
0.14240816
0.14464391
0.14679591
0.14881235
0.15066579
0.15234498
0.15331734
0.15342995
0.1534106
0.15335947
0.15329913
0.15307501
0.11975628
0.12011266
0.12051649
0.12097341
0.12148978
0.12207218
0.12273161
0.12347721
0.12431878
0.12526657
0.12633104
0.12752243
0.12885023
0.13032224
0.13194211
0.13370789
0.13561315
0.13763969
0.13976649
0.14197032
0.14421206
0.14641418
0.14847885
0.15035506
0.15204966
0.15305612
0.153266
0.15324478
0.15319497
0.15311658
0.15286988
0.12195209
0.12224943
0.12258689
0.12297007
0.12340515
0.12389982
0.12445911
0.12509128
0.12580548
0.12661164
0.12752048
0.12854348
0.12969274
0.13098067
0.13241919
0.13401702
0.13576838
0.13765201
0.13962818
0.14166278
0.14371742
0.14574725
0.14770956
0.14954852
0.15123132
0.15246983
0.15273924
0.15270191
0.15265121
0.15256771
0.15233944
0.094487991
0.096888708
0.098955878
0.10060376
0.10190757
0.10302072
0.10404046
0.10488519
0.1056328
0.10639896
0.10714958
0.10790717
0.10873316
0.10971648
0.11080718
0.1118949
0.11268873
0.1126122
0.11163684
0.10936323
0.10601525
0.10186887
0.097245895
0.092385879
0.087541882
0.08307903
0.079417576
0.076951409
0.075892436
0.075990717
0.077179365
0.078926711
0.079991265
0.08008949
0.079217823
0.076966061
0.074509093
0.072983953
0.072608752
0.073096938
0.07455893
0.075494331
0.075924066
0.076311429
0.076910056
0.077823167
0.079053274
0.080369228
0.081860031
0.083436619
0.085220528
0.086946059
0.088903325
0.090619628
0.092750863
0.094362742
0.096679116
0.098273375
0.10093356
0.10242234
0.10530812
0.10658022
0.11073266
0.060325562
0.06450099
0.068525472
0.072292765
0.075690652
0.078641862
0.081061523
0.083074642
0.084993174
0.086889821
0.088665504
0.090473356
0.092448275
0.09468404
0.097089024
0.099533851
0.10171489
0.10290217
0.10272947
0.10135187
0.098529659
0.094799614
0.090470571
0.085828655
0.081213619
0.077022288
0.073712663
0.071673851
0.070953668
0.07130368
0.072887697
0.074855361
0.076233467
0.076669609
0.076184372
0.074481423
0.072521299
0.071352123
0.071149353
0.071758421
0.073301875
0.074389103
0.075134844
0.075868869
0.076733081
0.077858763
0.07924028
0.080711826
0.082343474
0.084024025
0.085866868
0.087631666
0.089597102
0.091323386
0.093432208
0.095039027
0.097317677
0.098894432
0.1015086
0.10297595
0.10580604
0.10707054
0.11116939
0.028591563
0.031357241
0.034540368
0.038216356
0.042254319
0.046301337
0.050263544
0.05409175
0.057795626
0.061390245
0.064922645
0.068509775
0.072249463
0.076185021
0.080262018
0.08438646
0.0881883
0.091000331
0.092120172
0.091695403
0.089856772
0.086740377
0.082848967
0.078576695
0.074337534
0.070548048
0.067712214
0.066150929
0.065774655
0.066451603
0.068449851
0.070651951
0.072379706
0.073242504
0.073165249
0.072066885
0.070632644
0.069812668
0.069782482
0.070552911
0.07217758
0.073442798
0.074520477
0.075591318
0.076714688
0.078041903
0.079566309
0.081174875
0.082924866
0.084688628
0.086574989
0.088368039
0.090333078
0.092062663
0.094143862
0.095741684
0.097978696
0.099535228
0.10210039
0.10354469
0.10631786
0.1075725
0.11161473
0.010908486
0.013361146
0.015919903
0.018639375
0.021710147
0.025038192
0.028688687
0.032437976
0.036334635
0.040357295
0.044509407
0.048832169
0.053360033
0.058094513
0.06306281
0.068256191
0.073211187
0.07742878
0.080030482
0.080700561
0.079944298
0.077750535
0.074461378
0.07075073
0.067047277
0.06379795
0.061541015
0.060454316
0.060447128
0.061563195
0.063939793
0.066397926
0.068508193
0.069851319
0.070258773
0.069754254
0.068874403
0.068401587
0.068552984
0.06954204
0.071233614
0.072696885
0.074102686
0.075490862
0.076860136
0.078371594
0.080025806
0.081750624
0.08359643
0.085424055
0.087339799
0.089150886
0.09110776
0.092834345
0.094883402
0.096468276
0.098660321
0.10019383
0.10270726
0.10412686
0.10684213
0.10808506
0.11206701
0.0071652731
0.0085280612
0.010020667
0.011589592
0.013443786
0.015519183
0.017877617
0.020521102
0.023483642
0.026742605
0.030272949
0.034070561
0.038168121
0.042549414
0.047354501
0.052681201
0.057916032
0.063000392
0.066877172
0.068848511
0.069046589
0.068008616
0.065540384
0.062579611
0.059546513
0.056958011
0.055336775
0.054728988
0.055113834
0.056777357
0.059445906
0.062190004
0.06470297
0.066552245
0.06752453
0.067592794
0.067283151
0.067157423
0.06752985
0.068768682
0.07052013
0.072185559
0.073898388
0.075574869
0.077170822
0.078842936
0.080610388
0.082430322
0.084350244
0.0862242
0.088156474
0.089976097
0.091917916
0.093635561
0.095648546
0.097216613
0.099360751
0.10086866
0.10332786
0.10472107
0.10737776
0.10860732
0.11252463
0.0078688858
0.0079771253
0.0083271378
0.0088759242
0.0096428448
0.010633486
0.011895089
0.013462555
0.015371073
0.017617293
0.020136734
0.022893888
0.025954883
0.029372124
0.0333969
0.038023244
0.04308268
0.048539201
0.053343817
0.056536481
0.057916389
0.057838579
0.056483356
0.054353476
0.052076003
0.050232645
0.049240326
0.049120123
0.049998071
0.052209918
0.055108673
0.058140578
0.061053698
0.063420008
0.064980513
0.065660246
0.065886305
0.066119883
0.06678288
0.06826694
0.070078391
0.071932154
0.073916625
0.075846007
0.077641551
0.079448628
0.081309915
0.083204783
0.085178486
0.087083199
0.089020373
0.090839692
0.092760474
0.09446362
0.096436989
0.097984604
0.1000782
0.10155818
0.10396092
0.10532607
0.10792391
0.10913841
0.1129866
0.0089209697
0.008475729
0.0081859921
0.0080921984
0.0081911178
0.0084688122
0.0089666709
0.0096674684
0.010580566
0.011686797
0.01297188
0.014405317
0.016095901
0.018137658
0.020922628
0.02452199
0.02921665
0.03481568
0.040247881
0.044480373
0.047027363
0.04793893
0.04761025
0.046369962
0.044905538
0.04381546
0.043413238
0.043818158
0.045343873
0.047984366
0.051081988
0.054373303
0.057657658
0.060532761
0.062677718
0.063977024
0.064738217
0.06534807
0.066353529
0.068052056
0.069931389
0.071946874
0.074156965
0.076301216
0.07826343
0.080179475
0.082113615
0.084064731
0.086073602
0.087995355
0.089926908
0.091737883
0.093632379
0.095315884
0.097246423
0.09877024
0.10081106
0.10226097
0.10460522
0.10594073
0.10847992
0.10967755
0.11345222
0.0097767559
0.009275225
0.0088895986
0.0086227036
0.0084737436
0.0084245832
0.0085052403
0.0086590729
0.0088535136
0.0090572023
0.0092293472
0.0093028204
0.0093907822
0.0095534821
0.010318108
0.012497187
0.016790071
0.02252498
0.02847281
0.033500888
0.036974658
0.038797509
0.039340005
0.038941506
0.038283752
0.037853872
0.03804184
0.039124571
0.041316395
0.044273164
0.047533901
0.051020936
0.0546177
0.057967686
0.060675596
0.062588059
0.063878804
0.064892436
0.066248414
0.068133399
0.070083819
0.07222678
0.074615246
0.076930628
0.079024959
0.081024445
0.083010786
0.085000973
0.087028471
0.088955024
0.090871473
0.092667108
0.094530501
0.096189697
0.098074533
0.09957149
0.1015576
0.10297559
0.10525957
0.10656396
0.10904526
0.11022395
0.11392082
0.010394102
0.010132865
0.0099816984
0.0099350695
0.00997572
0.010066101
0.010183251
0.010296731
0.010331685
0.010216959
0.0098934251
0.0092128923
0.0081666776
0.0063956769
0.0037704061
0.0022314582
0.0066521928
0.012655452
0.018930309
0.024370685
0.028397782
0.030886146
0.032063171
0.032344548
0.032350562
0.032519462
0.033407063
0.035298361
0.038059989
0.041276863
0.044634202
0.048219239
0.052038531
0.055800244
0.059035655
0.06153379
0.063345562
0.064776128
0.066464746
0.068510129
0.070526309
0.072757961
0.075276186
0.077721584
0.079913295
0.081971732
0.08399094
0.086004525
0.088036296
0.089956569
0.091849584
0.093623854
0.095451644
0.097082364
0.098918976
0.10038631
0.10231613
0.10370058
0.10592278
0.10719476
0.10961947
0.11077676
0.11439182
0.010821148
0.010947703
0.011169912
0.011474661
0.011839837
0.012236679
0.012640724
0.013024388
0.013347858
0.013523689
0.013509949
0.013161594
0.012405757
0.011006519
0.0088287776
0.006365138
0.0053484419
0.0081709617
0.012995711
0.017901641
0.021841888
0.024510022
0.025979612
0.026715093
0.027228501
0.028051508
0.029786242
0.032475617
0.035757745
0.039175034
0.042534758
0.046096597
0.050021105
0.054102849
0.057812857
0.060851717
0.063163461
0.065001782
0.06698885
0.069163677
0.071234748
0.073518695
0.076121422
0.078658504
0.080915136
0.083009463
0.085043888
0.087066727
0.089090368
0.090994377
0.092857031
0.09460446
0.096392582
0.097991148
0.099777379
0.10121267
0.1030849
0.10443445
0.10659364
0.10783211
0.11020202
0.11133505
0.11486465
0.011030032
0.011584944
0.012193368
0.012853318
0.013547971
0.014263314
0.014985292
0.015692338
0.016351538
0.016905885
0.017287649
0.01741215
0.017178988
0.016403351
0.014974034
0.013086495
0.011266582
0.010601742
0.012035032
0.014715723
0.017592442
0.019806422
0.021168929
0.022100273
0.023058365
0.024649678
0.027312514
0.030795141
0.034550198
0.038100856
0.04136873
0.044765064
0.048653244
0.052940158
0.057051498
0.060570851
0.063336567
0.065560284
0.067797727
0.070067439
0.072177487
0.074482972
0.077130257
0.079723882
0.082017161
0.084126017
0.086159773
0.088179223
0.090184076
0.092062976
0.093889642
0.09560515
0.097350071
0.09891327
0.10064733
0.10204849
0.10386213
0.10517569
0.10727095
0.10847507
0.11079222
0.1118979
0.11533886
0.011002032
0.011932153
0.012872848
0.013826822
0.014796318
0.015779603
0.016770781
0.017754446
0.018703377
0.01956974
0.020294886
0.020778724
0.020935074
0.020623895
0.019670048
0.018187626
0.016368592
0.014705167
0.013943336
0.014348484
0.015438634
0.016641714
0.017541192
0.018491338
0.019947114
0.02244936
0.026084808
0.030290925
0.034392354
0.037992316
0.041118392
0.044274645
0.04799589
0.052360021
0.056778028
0.060699642
0.063863754
0.066426327
0.068861805
0.071191841
0.073321129
0.075623303
0.078281243
0.080900136
0.083206211
0.085310454
0.087329119
0.089333963
0.091310946
0.093157112
0.094943056
0.096622117
0.098320838
0.099845918
0.1015264
0.10289168
0.10464605
0.10592275
0.10795349
0.10912268
0.111389
0.11246444
0.11581414
0.010738921
0.011938761
0.013099964
0.014247328
0.015399346
0.016563722
0.017739876
0.01891905
0.020076164
0.021167775
0.022131055
0.022899691
0.023310475
0.023342614
0.022753932
0.021568615
0.019879452
0.017915936
0.016184436
0.015000634
0.01453749
0.014528078
0.014814566
0.015807431
0.01795904
0.021534966
0.026112639
0.030900092
0.035225183
0.038800085
0.04174025
0.044598972
0.048065836
0.052382638
0.056990191
0.061228946
0.064730251
0.067566509
0.070148672
0.072506717
0.074633752
0.076912589
0.079552999
0.082170524
0.084469246
0.086552224
0.088542842
0.090523206
0.092464624
0.094271642
0.096012815
0.09765154
0.09930159
0.10078625
0.10241211
0.10374012
0.10543484
0.1066741
0.10864
0.10977403
0.11199102
0.11303386
0.11629034
0.010298803
0.011607647
0.012870643
0.014119201
0.015369285
0.016627996
0.017899341
0.019177975
0.020442391
0.021651975
0.022745469
0.023660091
0.024231727
0.024441597
0.024133677
0.023183956
0.021655449
0.019611325
0.017417847
0.01536974
0.013797089
0.012781479
0.012641949
0.014006178
0.017192682
0.021915509
0.027311989
0.032505857
0.036927995
0.040409122
0.043142624
0.045685798
0.048834603
0.052987524
0.057677027
0.062147956
0.065900828
0.068945075
0.071625809
0.073982929
0.076085941
0.07832514
0.080924889
0.083519444
0.085793332
0.08784094
0.089792215
0.091739497
0.09363887
0.09540146
0.097094451
0.098689595
0.10028903
0.10173143
0.10330202
0.10459169
0.10622669
0.10742815
0.10932925
0.11042818
0.11259677
0.11360545
0.11676744
0.0097051729
0.010944767
0.012165778
0.013396549
0.014644103
0.015913418
0.017204104
0.018505279
0.019795914
0.02103778
0.022173661
0.023165264
0.023816022
0.024135563
0.023918772
0.023100777
0.02168386
0.019636708
0.017216879
0.014711784
0.012416508
0.010827444
0.010859853
0.013213485
0.017747046
0.023537411
0.0295374
0.034956037
0.039362958
0.042689968
0.045198809
0.047435046
0.050234218
0.05414646
0.058813407
0.063409058
0.067337743
0.070526047
0.073261853
0.075592873
0.077651041
0.079837056
0.082377538
0.084932108
0.087165869
0.089166436
0.09106885
0.092975631
0.094827565
0.0965415
0.098183519
0.099732474
0.10127985
0.1026786
0.10419368
0.10544427
0.10701978
0.10818338
0.11002
0.1110842
0.11320472
0.11417851
0.11724551
0.0090023434
0.009977052
0.011005652
0.012100408
0.013246244
0.014432492
0.015649411
0.016881908
0.018106133
0.019283438
0.020358156
0.02128105
0.021948905
0.022265948
0.022125608
0.021365993
0.020002697
0.017995894
0.01547227
0.012658223
0.010026918
0.0085254094
0.0098118996
0.013770927
0.019690851
0.026282151
0.032627197
0.038104864
0.042399564
0.045521806
0.047789431
0.049733614
0.05217414
0.055785481
0.060338886
0.064968054
0.069000555
0.072274665
0.075027143
0.077310539
0.079305107
0.081426095
0.083893043
0.086394126
0.088574793
0.090518782
0.092364714
0.094224633
0.096024715
0.09768675
0.099275624
0.10077641
0.10227079
0.10362494
0.10508464
0.10629574
0.10781229
0.10893823
0.11071101
0.11174115
0.11381345
0.11475238
0.11772459
0.0082254197
0.0087581116
0.0094441991
0.010276768
0.011213479
0.01221979
0.013271797
0.014346972
0.015418513
0.01644816
0.017384016
0.018175284
0.018732885
0.018963131
0.018793992
0.018026147
0.016674387
0.014675861
0.012067839
0.0091036399
0.0066255987
0.0067038301
0.010381788
0.016056963
0.02294604
0.029971996
0.03643216
0.0418238
0.045921817
0.048797368
0.050806227
0.052470268
0.054556914
0.05782619
0.062199348
0.066778118
0.070847827
0.074157909
0.076893798
0.079111602
0.081026576
0.083071699
0.085455089
0.087891396
0.090008612
0.091888402
0.093672058
0.09547973
0.097224482
0.098832279
0.10036645
0.10181769
0.10325863
0.10456769
0.10597248
0.10714401
0.10860245
0.10969119
0.11140107
0.11239806
0.11442178
0.11532643
0.11820469
0.0073835004
0.0073702287
0.007577626
0.0080057119
0.0086061484
0.0093220518
0.010111207
0.010938989
0.011775835
0.012587492
0.013327653
0.013947705
0.014350446
0.01447085
0.014164355
0.013311585
0.011901789
0.0098567143
0.0071149999
0.0041423579
0.0036476643
0.0076555124
0.01330936
0.019998848
0.027302845
0.034447807
0.040820091
0.045999467
0.049827136
0.0524222
0.054155265
0.05554505
0.057290471
0.060191163
0.064332369
0.068789976
0.072837869
0.076143734
0.078835313
0.080973757
0.082795946
0.084755233
0.08704892
0.089409935
0.09145624
0.093266069
0.094983276
0.096734228
0.098421118
0.099973215
0.10145178
0.10285268
0.10424025
0.10550417
0.10685494
0.10798715
0.10938864
0.11044094
0.11208917
0.11305417
0.1150289
0.11590021
0.11868554
0.0066477888
0.0060737964
0.0056854253
0.0055158785
0.0055604737
0.0057946873
0.0061743275
0.0066476495
0.0071793429
0.0077551227
0.0083373667
0.0088861552
0.0092900532
0.0094428226
0.0092009956
0.0083580532
0.006866314
0.0046862652
0.00187905
0.0025138681
0.0069071747
0.012186966
0.018360452
0.025268419
0.032574075
0.039569083
0.045674083
0.050529225
0.054021717
0.056305724
0.057750148
0.058866427
0.060288388
0.062805558
0.066669546
0.070957006
0.074932566
0.078201811
0.080826697
0.082875646
0.084594928
0.086459856
0.088660154
0.090936558
0.092907214
0.094643015
0.096291128
0.097981832
0.099609188
0.10110489
0.10252754
0.1038779
0.10521259
0.10643178
0.10772971
0.10882318
0.11016914
0.11118607
0.11277417
0.11370853
0.11563411
0.1164732
0.11916698
0.0061639374
0.0054231683
0.0046711702
0.003910722
0.003118895
0.0023299294
0.0016418532
0.0013653144
0.0018505586
0.0028320872
0.0039818675
0.0051455034
0.0061714857
0.0069137771
0.0072793059
0.0072183857
0.0069346741
0.0069164621
0.007830892
0.010195121
0.013986119
0.018953927
0.024895103
0.031575802
0.038582621
0.045205667
0.050887474
0.055320239
0.058423318
0.060365738
0.061513365
0.062352681
0.06346917
0.065596344
0.069147184
0.073233182
0.077097916
0.080303741
0.082845423
0.084797626
0.086406747
0.088168913
0.090271805
0.092458665
0.094351784
0.096011173
0.097588591
0.099216362
0.10078342
0.10222284
0.10358987
0.10488998
0.10617277
0.10734801
0.10859467
0.10965032
0.11094251
0.1119254
0.11345518
0.11436042
0.11623691
0.11704499
0.1196487
0.0062403158
0.0061037889
0.0059194926
0.0056785336
0.0053824873
0.0052103631
0.0051750756
0.0053951574
0.0060452669
0.0070938319
0.0084086234
0.0098587988
0.011291531
0.012537555
0.013523738
0.014236405
0.014842937
0.015639139
0.016961037
0.019179616
0.02251853
0.027004626
0.032462847
0.038663385
0.045152443
0.051228864
0.056358907
0.060285156
0.062953032
0.0645246
0.065368607
0.065927117
0.066753785
0.068494964
0.071707408
0.075574432
0.079305081
0.082424854
0.084871735
0.086721156
0.088215427
0.089865998
0.091867666
0.093965146
0.095781089
0.097363245
0.098869043
0.10043208
0.10193893
0.10332289
0.10463514
0.10588578
0.10711802
0.10825041
0.10944774
0.1104668
0.11170734
0.11265774
0.1141312
0.11500897
0.1168368
0.11761512
0.12013051
0.0080237316
0.0089428604
0.0097662157
0.010605313
0.011390471
0.012288034
0.013329027
0.014435227
0.015756884
0.017253559
0.0188398
0.020429296
0.021922166
0.023180709
0.02417364
0.024872836
0.025471222
0.02617841
0.027288545
0.029130028
0.031959194
0.035878155
0.040722156
0.046272964
0.052084188
0.057486792
0.061971931
0.065326228
0.067527034
0.068710203
0.069243913
0.069525634
0.070076945
0.071446718
0.074299161
0.077940072
0.081525248
0.08454147
0.086885721
0.088627772
0.090006022
0.091537683
0.093435157
0.095446087
0.097186623
0.098692195
0.10012629
0.10162382
0.10307125
0.10440113
0.10565996
0.10686234
0.10804573
0.10913675
0.11028689
0.11127087
0.11246217
0.11338176
0.11480106
0.11565316
0.11743323
0.11818311
0.1206123
0.016027621
0.01735065
0.01876714
0.020371555
0.022087673
0.023918397
0.025797175
0.027786367
0.029691473
0.031552316
0.03328333
0.034797031
0.036038571
0.036925643
0.037479115
0.037697164
0.037798795
0.038006263
0.038581335
0.039818512
0.041988427
0.045225711
0.049351971
0.054131984
0.059153277
0.063799039
0.067592428
0.070342817
0.07206337
0.072865461
0.073080006
0.073095667
0.073385407
0.074412148
0.07687866
0.080290291
0.083719719
0.0866295
0.088867468
0.090500167
0.091765578
0.093173006
0.09496447
0.096891949
0.098559976
0.099991119
0.1013544
0.10278663
0.10417607
0.10545381
0.1066611
0.10781689
0.10895351
0.11000496
0.11111036
0.11206104
0.11320575
0.11409637
0.11546394
0.11629229
0.11802572
0.11874861
0.12109379
0.03667138
0.038749212
0.040818355
0.042627632
0.04421578
0.045737719
0.047335531
0.048865109
0.050227778
0.051387699
0.05232254
0.052969775
0.053267709
0.05320551
0.052833888
0.052116613
0.051335307
0.0507397
0.050548029
0.050971952
0.05229508
0.054716431
0.058036842
0.061968283
0.066137269
0.069988068
0.073085598
0.075241032
0.076482976
0.076928973
0.076823567
0.076575345
0.076638177
0.077349977
0.079420616
0.082595045
0.085861267
0.088666141
0.090798981
0.092321963
0.093481438
0.09476237
0.096447979
0.098294632
0.099893751
0.10125358
0.10254817
0.10391625
0.10524964
0.10647756
0.10763563
0.10874692
0.10983913
0.11085308
0.11191633
0.11283572
0.11393663
0.11480033
0.11611859
0.11692542
0.11861365
0.11931132
0.12157445
0.11381951
0.12331359
0.13221382
0.14034165
0.14733747
0.15301027
0.15741778
0.16077119
0.16328534
0.11414435
0.1238057
0.13248576
0.14035676
0.14706976
0.15249161
0.15673003
0.15997089
0.16241756
0.11479121
0.12442699
0.13276718
0.14028473
0.14671594
0.15192385
0.15601096
0.15914614
0.1615215
0.11530816
0.12483106
0.13295385
0.14016241
0.14633295
0.15135208
0.15529687
0.15832789
0.16063099
0.11578053
0.12518518
0.13313493
0.14008383
0.14599405
0.15081692
0.15461479
0.15753961
0.15976839
0.11627278
0.12555786
0.13334471
0.14004298
0.14570259
0.15032579
0.15397209
0.15678671
0.15893928
0.11679122
0.12593506
0.133555
0.14002546
0.14545202
0.14987673
0.1533668
0.15606891
0.15814298
0.11728645
0.12628133
0.13374371
0.14002162
0.14523831
0.14946092
0.15279376
0.15538298
0.15737895
0.11775259
0.12661051
0.13393151
0.1400203
0.14503261
0.14906231
0.15224351
0.15472245
0.15664114
0.11821127
0.12693173
0.1341162
0.14001527
0.14482545
0.14867268
0.15170781
0.15407867
0.15592084
0.11866352
0.12723944
0.13428536
0.14000151
0.14461116
0.14828199
0.15117392
0.15343715
0.15520281
0.119099
0.12750906
0.1344214
0.13996176
0.14436992
0.14786147
0.15061135
0.15276865
0.1544576
0.11954644
0.1277566
0.13449267
0.13985182
0.14405387
0.14736759
0.14997882
0.1520334
0.15364777
0.12002564
0.12797844
0.13446475
0.13959559
0.14358929
0.14673369
0.14921411
0.15117088
0.15271193
0.12049863
0.12801183
0.13423847
0.13909101
0.14288907
0.14587732
0.14823736
0.15010533
0.15158084
0.12081243
0.12780027
0.13362586
0.13822696
0.14184768
0.14469854
0.14695504
0.14874629
0.1501632
0.12071338
0.12709349
0.13248766
0.13686003
0.14032521
0.14306808
0.14524705
0.14697922
0.1483491
0.11992516
0.12563689
0.13066754
0.13483106
0.13818749
0.14087252
0.1430133
0.14471283
0.14605103
0.11812469
0.12330262
0.12800514
0.13202232
0.13534145
0.1380299
0.14017794
0.1418774
0.14320842
0.11529092
0.12001786
0.12448311
0.1284424
0.13179833
0.13455029
0.13675501
0.1384956
0.13985492
0.11153697
0.11594446
0.12027565
0.12424861
0.12769548
0.13055486
0.1328529
0.13466175
0.13606457
0.10710765
0.11131439
0.11558852
0.11961679
0.12317507
0.12615373
0.12855156
0.13043248
0.1318843
0.10230325
0.10640898
0.1106907
0.11481289
0.11850848
0.12162831
0.12415013
0.12613017
0.12765709
0.097351712
0.10145052
0.10581304
0.11008132
0.11394925
0.11723382
0.1198944
0.12198134
0.12358465
0.092446789
0.096603141
0.10110809
0.10557935
0.10966639
0.11314998
0.11597356
0.11818647
0.11988359
0.087916777
0.092168289
0.096863077
0.1015978
0.10596878
0.10970368
0.11271732
0.11505554
0.116825
0.084148211
0.088487082
0.09336705
0.098376037
0.10305785
0.10707673
0.11030749
0.1127958
0.11467217
0.081493436
0.085850047
0.090839639
0.096070161
0.1010623
0.10543138
0.10900892
0.1118169
0.11395601
0.080259206
0.084605458
0.089658406
0.095058131
0.10032313
0.10501025
0.10886272
0.11184092
0.11408156
0.080245165
0.084578404
0.089627957
0.095043379
0.10035452
0.10512594
0.10911793
0.11229089
0.11471418
0.081158427
0.085295438
0.090182448
0.095507111
0.10080104
0.10559627
0.10960229
0.11277021
0.11519433
0.082687692
0.086567478
0.091131658
0.096096747
0.10108112
0.10566029
0.1095343
0.11262808
0.11501717
0.083422659
0.086919483
0.091103271
0.095763383
0.10048696
0.1048544
0.1085871
0.11160964
0.11396157
0.083228407
0.086386395
0.090149661
0.094284897
0.098475864
0.10240546
0.10583564
0.10865998
0.11088855
0.081919938
0.084530272
0.087658807
0.091193695
0.094868948
0.098381426
0.10149526
0.10409412
0.10617224
0.079185309
0.081318735
0.083940616
0.086944242
0.090141705
0.093283582
0.096148319
0.09860719
0.10062927
0.07631409
0.078073971
0.080280358
0.082872862
0.085703955
0.08856635
0.091259064
0.093645058
0.095668208
0.074500129
0.076035676
0.077993045
0.080340126
0.082957981
0.085661294
0.088258237
0.090606381
0.092634751
0.073999324
0.075455967
0.077325132
0.079580684
0.082114274
0.084751555
0.087303579
0.089625789
0.091642262
0.074423872
0.075852498
0.077690538
0.079907516
0.082393758
0.084978996
0.087482323
0.089764754
0.091751644
0.075819254
0.077182383
0.078950479
0.081093072
0.083495237
0.085985425
0.088391766
0.090585009
0.092494867
0.07661398
0.077810015
0.07938196
0.081336088
0.083597352
0.086007893
0.088377962
0.090557295
0.092462827
0.076774882
0.077709599
0.078993048
0.080644536
0.082613176
0.084777297
0.086980929
0.089077972
0.090967448
0.076843639
0.077445741
0.078300077
0.079451122
0.080888047
0.082542072
0.084304971
0.086063121
0.087723945
0.077209001
0.077603383
0.078213063
0.079066986
0.080176857
0.081505078
0.082962719
0.084451988
0.085891069
0.077934493
0.078145665
0.078545724
0.079214116
0.080164355
0.081336669
0.082650544
0.084013664
0.085339785
0.079029676
0.079110477
0.079336293
0.079780345
0.080497547
0.081485039
0.082658849
0.083925655
0.085189935
0.080198287
0.080130783
0.080161492
0.08036914
0.080824348
0.081552725
0.08251536
0.083620233
0.084778973
0.081550813
0.081342095
0.081176688
0.081127727
0.08127638
0.081679452
0.082320514
0.083146818
0.084099769
0.08302278
0.082708461
0.082391633
0.082136522
0.082025315
0.082133801
0.082517812
0.083137924
0.083902681
0.084745362
0.084369281
0.083958846
0.08356692
0.083267148
0.083135154
0.083225967
0.083570043
0.084145301
0.086431315
0.086017926
0.085549869
0.085072465
0.08465364
0.084370059
0.084285374
0.084429361
0.084789042
0.088377299
0.087953587
0.087463727
0.086945921
0.08646011
0.086076511
0.085857196
0.085838811
0.086022171
0.090083587
0.089653699
0.089149758
0.088604897
0.088073278
0.08762026
0.087306143
0.087170828
0.087224866
0.092232223
0.091820231
0.091333569
0.090800911
0.09027042
0.089801095
0.089448174
0.089249306
0.089216728
0.093849505
0.093447343
0.092969931
0.092443411
0.091912549
0.091432721
0.091056179
0.090818827
0.090732754
0.096196683
0.095825231
0.095382896
0.09489275
0.094394703
0.09393836
0.093570698
0.093323918
0.093208645
0.097807142
0.097455484
0.097035556
0.096568515
0.096091604
0.095651628
0.095292895
0.09504569
0.094919792
0.10050464
0.10018826
0.099809852
0.099387895
0.09895517
0.098553191
0.098221564
0.097987215
0.097858393
0.10201289
0.10171824
0.10136566
0.10097248
0.10056951
0.10019566
0.099888018
0.099671769
0.099554302
0.10494374
0.10468918
0.10438544
0.10404794
0.10370382
0.10338677
0.10312818
0.10294836
0.10285203
0.10622167
0.10597923
0.10568918
0.10536612
0.10503588
0.10473092
0.10448176
0.10430803
0.10421407
0.11042101
0.11021191
0.10996218
0.10968449
0.10940105
0.10913945
0.10892556
0.10877635
0.10869573
0.16542602
0.16750665
0.16953204
0.17158088
0.17375978
0.17585013
0.16448766
0.16649468
0.16844872
0.17043064
0.17255768
0.17461658
0.16352581
0.16547253
0.16737406
0.16931195
0.17141114
0.17344539
0.16257243
0.16445941
0.16631028
0.16820709
0.17027546
0.17228431
0.16164782
0.16347233
0.16526858
0.16711704
0.16914202
0.17112421
0.16075392
0.16251533
0.16425453
0.16604971
0.16802394
0.16998254
0.15989386
0.16159217
0.16327363
0.16501419
0.16693431
0.16886633
0.15906641
0.16070283
0.16232698
0.16401186
0.165876
0.16777787
0.15826652
0.15984309
0.16141115
0.16304071
0.16484791
0.16671182
0.15748497
0.15900285
0.1605148
0.16208767
0.16383497
0.16565781
0.1567072
0.15816948
0.15962832
0.16114747
0.16283633
0.16460096
0.15590292
0.157311
0.15871612
0.16017849
0.16180421
0.1635138
0.15503843
0.15639963
0.15775926
0.15917434
0.16074396
0.1623639
0.1540494
0.15536481
0.15667581
0.15803557
0.15953951
0.1610982
0.15287545
0.15415981
0.15544054
0.15676862
0.1582303
0.15966743
0.15141944
0.1526744
0.15391804
0.15519626
0.1565892
0.15798672
0.14957843
0.15081881
0.15204483
0.15330301
0.15468361
0.15629976
0.14726147
0.14848967
0.14969605
0.15093806
0.15236511
0.15456902
0.14441987
0.14565574
0.14686831
0.14812452
0.14958933
0.15167766
0.14109648
0.14236907
0.14362394
0.14494112
0.14651334
0.14887946
0.13733521
0.13862473
0.13987214
0.14113681
0.14254789
0.14440392
0.13318989
0.1345131
0.13581051
0.13717965
0.13887941
0.14188221
0.1290117
0.13036413
0.13167882
0.1330338
0.13459246
0.1365271
0.1249799
0.12634464
0.12765627
0.1289839
0.13047098
0.13231337
0.12133423
0.12272833
0.12406755
0.12543202
0.12703021
0.12977036
0.11829506
0.11967128
0.12099413
0.12237568
0.12413101
0.12780169
0.11620627
0.11761771
0.11898969
0.12045402
0.1223864
0.12666749
0.11567499
0.1172158
0.11869403
0.12024733
0.12225224
0.12642257
0.1158645
0.11744961
0.11896827
0.12056041
0.12261072
0.12695699
0.11664982
0.11837219
0.12001504
0.1217144
0.12382553
0.12781842
0.11715085
0.11891494
0.12060281
0.12234371
0.12447693
0.12837113
0.11696562
0.11873807
0.12043447
0.12218139
0.12430987
0.1280975
0.11590992
0.1177114
0.1194376
0.12120766
0.12332994
0.12680887
0.11278302
0.11458684
0.11633736
0.11815485
0.1203885
0.12454186
0.10797622
0.10973795
0.11149794
0.11342668
0.11606122
0.12187331
0.10243456
0.10425107
0.10614401
0.10834628
0.11159723
0.11926746
0.097512764
0.099409057
0.1014594
0.10395198
0.10779655
0.11699589
0.094497385
0.096426533
0.098552775
0.10118733
0.10530023
0.11513519
0.093490459
0.095400943
0.097511772
0.10012117
0.10415467
0.11376237
0.093573444
0.095458213
0.097542124
0.10011237
0.10404893
0.11317359
0.094251213
0.096076304
0.098097263
0.1005904
0.10440835
0.11333257
0.094226431
0.096068799
0.098106727
0.10062877
0.10453391
0.11373239
0.092773864
0.094719029
0.096910882
0.099660936
0.10392351
0.11365649
0.08939157
0.091297878
0.093584867
0.096641934
0.10159382
0.11271001
0.087366153
0.089095909
0.091247512
0.094255542
0.099361466
0.11139573
0.086703514
0.088309387
0.09032179
0.093175946
0.09813308
0.11023116
0.086514571
0.088097978
0.090096636
0.092940272
0.097882065
0.10983266
0.086044768
0.087618515
0.089658966
0.092609658
0.097733628
0.10990512
0.085215901
0.086698185
0.088728488
0.091797233
0.097223499
0.10983293
0.084852564
0.086194337
0.0881373
0.091201841
0.096750151
0.10972343
0.084954606
0.08618838
0.08805018
0.091093616
0.096713236
0.10981264
0.08539054
0.086441429
0.088185866
0.091185939
0.09684078
0.11008359
0.086421713
0.087232852
0.088744874
0.091594733
0.097241153
0.11053187
0.087479452
0.088118639
0.089439898
0.092118665
0.097690917
0.11101992
0.089353127
0.089814715
0.090887048
0.093248037
0.098511463
0.11159307
0.090793416
0.091132287
0.09201046
0.094089348
0.099063432
0.11205766
0.093214855
0.093445531
0.094118251
0.095806002
0.10016994
0.11260116
0.094902407
0.095084504
0.095659766
0.097142153
0.10113377
0.11317214
0.097820204
0.097945203
0.098391864
0.099581179
0.10295223
0.11431482
0.099522232
0.099647303
0.10008142
0.10122459
0.10447965
0.11544691
0.10282747
0.10293499
0.10329898
0.10424629
0.10697301
0.11702002
0.10418894
0.10429149
0.10464383
0.10556952
0.10829502
0.11815336
0.10866981
0.10876058
0.10906922
0.10987075
0.11217274
0.12099298
0.1309552
0.13182289
0.13274454
0.13393228
0.13610798
0.14382248
0.13607491
0.13694142
0.13788688
0.13910177
0.14120435
0.14745425
0.14167496
0.14256133
0.1435595
0.14485476
0.14704111
0.1525726
0.14768185
0.14858627
0.14960163
0.1508658
0.15280588
0.15698373
0.15398651
0.15493182
0.15600532
0.15734451
0.1593711
0.1634909
0.16041025
0.16138681
0.16247818
0.16377408
0.16551846
0.16831851
0.16673291
0.1677427
0.16887499
0.17023784
0.17218733
0.17657337
0.17276579
0.1738106
0.17497965
0.17638164
0.1783486
0.18202709
0.17837624
0.17949197
0.18073711
0.18220731
0.18415227
0.18687697
0.18327046
0.18444913
0.18575019
0.18724913
0.18911426
0.19112589
0.18723339
0.18848355
0.18985354
0.19140671
0.19323457
0.19453987
0.19006564
0.19136139
0.19274092
0.19425286
0.19595318
0.19691877
0.19157137
0.19303426
0.19458712
0.19625724
0.19800609
0.19828984
0.19160758
0.19307833
0.19462711
0.19627827
0.19798639
0.19841482
0.19113986
0.19261895
0.19416234
0.19578994
0.197429
0.19748413
0.18980471
0.19134545
0.19293148
0.19459782
0.1962947
0.19631771
0.18765657
0.18928551
0.19093882
0.19264647
0.19435319
0.19441219
0.18500213
0.18671269
0.18842555
0.19016858
0.19189005
0.19209264
0.1820113
0.18380933
0.18559978
0.18741785
0.189223
0.18955056
0.17886311
0.1807315
0.18257212
0.18442191
0.18626269
0.18688475
0.17573381
0.17768089
0.17959975
0.18154054
0.18350222
0.18427047
0.17267659
0.17466614
0.17660666
0.17855355
0.18054425
0.18171532
0.16991006
0.17197511
0.17399011
0.17602015
0.1781158
0.17938092
0.16703812
0.16914183
0.17119726
0.17327439
0.17545635
0.17712944
0.1197135
0.12100418
0.12304335
0.12515906
0.1270311
0.12847383
0.12944623
0.13003918
0.13038326
0.12902864
0.12964397
0.13075302
0.13201765
0.13320038
0.13415062
0.13481843
0.13524994
0.13553203
0.13811494
0.13799675
0.13828157
0.13882745
0.13946021
0.14004283
0.14050755
0.14085402
0.141127
0.14681641
0.14605957
0.14567607
0.14563267
0.14582106
0.1461215
0.1464562
0.14678162
0.14709768
0.15507132
0.15377177
0.15282857
0.15231405
0.15216754
0.15227944
0.15255829
0.15292424
0.15333253
0.16270222
0.16097471
0.15960374
0.15872987
0.15835334
0.15837359
0.15867076
0.15913204
0.15967011
0.16953565
0.16750183
0.16584007
0.16473262
0.16422974
0.16424123
0.16461834
0.16521295
0.16590012
0.17544851
0.17321807
0.17139085
0.1701722
0.16964019
0.16971468
0.17022326
0.17098229
0.17183405
0.18017404
0.17792422
0.17608166
0.17488002
0.17441718
0.17461998
0.17530568
0.17626402
0.17731181
0.18409344
0.18181116
0.17991578
0.17874993
0.17840634
0.17877831
0.17966666
0.18083488
0.18207781
0.18606018
0.18390612
0.18229332
0.18142726
0.18134628
0.18195624
0.18308631
0.18447762
0.18591296
0.18597411
0.1841342
0.18293314
0.18246165
0.18279077
0.18382105
0.18530411
0.18698335
0.1886306
0.18530864
0.1837103
0.18269194
0.18245137
0.18310496
0.18446787
0.18621485
0.18810058
0.18994714
0.18341063
0.18225987
0.1816868
0.18187422
0.18279254
0.18430305
0.18615002
0.18809248
0.18996865
0.17961073
0.17917443
0.17931464
0.18012796
0.18155244
0.18340905
0.18548199
0.18756265
0.18949096
0.17425209
0.17464512
0.17559335
0.17711024
0.1791102
0.18140586
0.1837908
0.18606367
0.18809232
0.16772514
0.16911148
0.17098246
0.17329831
0.17591799
0.17864902
0.18130584
0.1837387
0.18586159
0.16024257
0.16276874
0.16569499
0.16889537
0.17218492
0.1753815
0.17833199
0.18092972
0.18313649
0.15220805
0.15597772
0.1600346
0.16416339
0.16814179
0.17180546
0.17504458
0.17779816
0.18007802
0.14417851
0.14917032
0.15432724
0.15936186
0.16401169
0.16812122
0.17163166
0.17453068
0.17687389
0.136471
0.14269576
0.14888551
0.15473942
0.15999706
0.16450694
0.16825879
0.17128844
0.17368864
0.12949176
0.13659317
0.14368187
0.15030803
0.15614916
0.16104155
0.16501115
0.16815363
0.170597
0.12351236
0.13172154
0.13947721
0.14655881
0.15276852
0.15793157
0.16206553
0.16529669
0.16777793
0.11563861
0.12458675
0.1336429
0.14183576
0.14884663
0.15452774
0.1589522
0.16233373
0.16487435
0.14622644
0.13732773
0.13088827
0.12646294
0.12316887
0.12063715
0.1576266
0.14897409
0.14209548
0.13714528
0.13331392
0.13022948
0.16803724
0.15984095
0.15266846
0.14734214
0.14315206
0.13974283
0.17746954
0.16990844
0.16254987
0.15695733
0.15251262
0.1488648
0.1858623
0.1789864
0.17159891
0.16585797
0.16125635
0.1574606
0.19312404
0.1870877
0.17969506
0.17388826
0.16921237
0.1653458
0.19903467
0.19392818
0.18663665
0.18086287
0.17619802
0.17233839
0.20341196
0.19939258
0.19233034
0.18667957
0.18210316
0.17832219
0.20624927
0.20352191
0.196533
0.19098885
0.18656216
0.1829612
0.20668292
0.20511966
0.19901772
0.19403046
0.19001998
0.18673331
0.20624407
0.20581327
0.20053317
0.195809
0.19188549
0.18866343
0.20687261
0.20642916
0.20050575
0.19551522
0.19153367
0.18839206
0.20435209
0.20474395
0.19863303
0.19388543
0.19021718
0.18739662
0.20000037
0.20044587
0.19496876
0.19068219
0.18746036
0.18506257
0.18762079
0.19233951
0.18867126
0.18513152
0.18249361
0.18064464
0.17435745
0.18258494
0.18024567
0.17762511
0.17573498
0.17454213
0.15998392
0.17188491
0.17052456
0.16864179
0.16753431
0.16712263
0.14464178
0.15732068
0.15811757
0.15786545
0.1579889
0.15857809
0.12664287
0.14240367
0.14492947
0.14612742
0.1475879
0.14936172
0.10573146
0.12127021
0.12914579
0.13343464
0.13686783
0.14007749
0.083116692
0.10379492
0.11336619
0.12034832
0.12603144
0.13098533
0.038262283
0.074971296
0.099439989
0.10988888
0.11712245
0.12317211
0.012482594
0.038458075
0.072025126
0.096723599
0.1079667
0.11561454
0.021814412
0.021875723
0.040659635
0.069237001
0.095470154
0.1083523
0.015926188
0.0039329937
0.018378177
0.036051368
0.059228971
0.088381341
0.017369893
0.012098543
0.0055991749
0.013196
0.028603569
0.053313592
0.014742236
0.013054207
0.0099266611
0.0057306908
0.008256421
0.025934897
0.013919642
0.012950248
0.010739995
0.0081741261
0.0045793947
0.0074359447
0.014520597
0.013277942
0.011324733
0.0094360796
0.0074851678
0.0062372094
0.015555141
0.014075242
0.012395351
0.010880861
0.0094607595
0.0082675785
0.016183777
0.014508154
0.013034357
0.011815448
0.010704329
0.0096749082
0.01619084
0.014674869
0.01326739
0.012194216
0.011276428
0.010472837
0.015533829
0.014022591
0.012848057
0.012002816
0.011347783
0.010810749
0.0140258
0.012556818
0.011720811
0.01124697
0.010983304
0.010846892
0.010701029
0.010254373
0.01001011
0.010033235
0.010256278
0.010600042
0.0076807461
0.0074422173
0.0078506573
0.0084996284
0.0092831732
0.010123015
0.0044257698
0.0045456087
0.0058994591
0.0071174825
0.0083463304
0.009549731
0.0017590197
0.0030971167
0.004820489
0.0063012618
0.0076990522
0.0090160748
0.005225634
0.004799589
0.0054195907
0.0063823598
0.00747285
0.0085800651
0.0084454203
0.007367057
0.007059981
0.0072279393
0.0076896756
0.0082878632
0.011333657
0.0098767759
0.0088892
0.0083547407
0.0081300101
0.0080874432
0.014086538
0.011737199
0.010238945
0.0092044636
0.0084360214
0.00781513
0.014797723
0.012700666
0.01096652
0.0096286483
0.008508559
0.0075122863
0.014653239
0.012702383
0.010906319
0.0094356794
0.0081087496
0.0070372413
0.013774223
0.012210852
0.010349263
0.0087045493
0.0071987794
0.0063181431
0.012675603
0.011304059
0.0093320423
0.0072279567
0.0051460773
0.0062584564
0.011656829
0.010788593
0.0086786695
0.0054894935
0.0048109983
0.01414065
0.010660066
0.010109972
0.0079478803
0.0076687932
0.019177773
0.033787984
0.17431515
0.16612077
0.1590133
0.15395806
0.15014323
0.14727049
0.16525836
0.15710906
0.15042856
0.14577957
0.14234485
0.13979925
0.15530515
0.14730035
0.1410797
0.13686409
0.13384302
0.13171009
0.1446032
0.13682014
0.1311109
0.12737475
0.12481267
0.12312312
0.13321352
0.12567984
0.12054352
0.11734505
0.115297
0.11409394
0.12117683
0.11390911
0.1094339
0.10684762
0.10538594
0.1047209
0.10870916
0.10165318
0.097938918
0.096046319
0.095209327
0.095104576
0.09624323
0.089337091
0.086394012
0.085182298
0.084944269
0.085398475
0.079492636
0.076369736
0.074613119
0.074146345
0.074556842
0.075656647
0.066111288
0.063635157
0.062656359
0.062933329
0.064116772
0.065992487
0.051809088
0.050587052
0.050575817
0.051819694
0.053955152
0.0567275
0.037482265
0.037331292
0.038620405
0.041133208
0.044459398
0.048273335
0.024254484
0.024324906
0.027485738
0.031692567
0.036391729
0.041294098
0.015036867
0.014457709
0.020054976
0.02562696
0.03130124
0.03693262
0.01101511
0.012449153
0.018139801
0.024042743
0.029951224
0.035746145
0.021694485
0.021645307
0.024440432
0.02853538
0.033287067
0.038312991
0.035572123
0.034414401
0.035016944
0.037141801
0.040288839
0.044078523
0.04986053
0.047403685
0.046738195
0.047502755
0.049318392
0.05192322
0.064040439
0.060353087
0.058715554
0.058521861
0.059342929
0.060950855
0.077489425
0.07330924
0.070836206
0.069875616
0.069871316
0.07063613
0.093849118
0.086578378
0.083023941
0.081259141
0.080565791
0.080666746
0.10791274
0.099438214
0.095089901
0.092658552
0.091324323
0.090802572
0.12093491
0.11250353
0.10742471
0.10431182
0.102304
0.10107983
0.13389287
0.12497433
0.11921648
0.11546815
0.11283923
0.11095379
0.010655577
0.010510852
0.0098397915
0.024200425
0.042930165
0.0567679
0.011604568
0.011535788
0.027573816
0.049511851
0.072419836
0.090235424
0.0065039918
0.027442828
0.053431605
0.080308952
0.095821395
0.10361919
0.027231321
0.055807961
0.085874055
0.09930473
0.10593134
0.1109358
0.061163809
0.089510637
0.1018009
0.10862176
0.11387466
0.11824143
0.090429707
0.10600353
0.11516736
0.12013951
0.12360334
0.12649985
0.11085029
0.1264105
0.13020764
0.13161085
0.13302235
0.13460164
0.1286935
0.14095994
0.14224106
0.14205359
0.14218927
0.14270594
0.14397421
0.15566603
0.15434219
0.15223025
0.15099286
0.15046117
0.1583162
0.16686761
0.16406612
0.16099546
0.15887667
0.15749862
0.17124188
0.17716456
0.17281298
0.16872836
0.16580125
0.16372053
0.1833649
0.18498573
0.17961088
0.1750521
0.17159118
0.16896807
0.19484402
0.19171465
0.18497821
0.18004099
0.17617934
0.17313767
0.20148798
0.19777606
0.18951049
0.18383144
0.17957155
0.17618198
0.20549181
0.20106974
0.19303315
0.18691868
0.18213339
0.17830023
0.20572629
0.20222462
0.19503929
0.18886281
0.18371518
0.17957818
0.20616616
0.20194531
0.19494063
0.18901693
0.18410311
0.18001875
0.20686913
0.20139108
0.19335494
0.18739184
0.18276028
0.17888173
0.20598647
0.20030251
0.19221619
0.18584667
0.18083353
0.17676651
0.20377421
0.19724648
0.18924447
0.18299724
0.17801756
0.17392796
0.20033412
0.19338097
0.18532804
0.17915632
0.17425262
0.17020635
0.19556656
0.18804455
0.18019878
0.17426998
0.16955733
0.16563342
0.18956165
0.18165076
0.1740119
0.16835599
0.16388865
0.16016056
0.18240989
0.17425276
0.16684721
0.16147748
0.15732369
0.1540229
0.10768294
0.098313215
0.088826
0.079460037
0.070303446
0.06168298
0.053904598
0.047443921
0.042995918
0.041258694
0.042469521
0.046257545
0.052231022
0.059581391
0.067792017
0.076489883
0.085395605
0.094367232
0.10331651
0.11208825
0.12057873
0.12870616
0.1364281
0.14368142
0.10336706
0.094289044
0.085694448
0.07732963
0.069393571
0.062105028
0.055815087
0.050878153
0.047764458
0.046834768
0.048130505
0.051431111
0.056454878
0.062672699
0.069718688
0.077290311
0.085173557
0.093196785
0.10128219
0.10930626
0.11716804
0.12478619
0.13212672
0.13950826
0.099171134
0.090937013
0.08332318
0.076065991
0.069364076
0.063440741
0.058546623
0.054929222
0.052866189
0.052518011
0.053849123
0.056735621
0.06096485
0.066199169
0.072185418
0.078697027
0.085561479
0.092649134
0.099835768
0.10707188
0.1142477
0.12129107
0.12814572
0.1351861
0.095523226
0.088305801
0.081733617
0.075640412
0.070199833
0.065592805
0.061951135
0.059439783
0.058194408
0.058265485
0.059601004
0.062129752
0.065691514
0.070076069
0.075112464
0.080640164
0.086526631
0.092677617
0.098989923
0.10539179
0.11183124
0.11823044
0.12453663
0.13108342
0.092615654
0.086488838
0.081016839
0.076099868
0.071892364
0.068469074
0.065904502
0.064283231
0.063654824
0.064018362
0.065332916
0.067551845
0.070555281
0.074216767
0.078423725
0.08306764
0.088052518
0.093300777
0.098752164
0.10433324
0.1099996
0.11569892
0.12138245
0.12734171
0.090587249
0.085589642
0.081212241
0.077454772
0.074360763
0.07195527
0.070271468
0.06933878
0.069161304
0.069720241
0.070993895
0.072941985
0.075479697
0.078532923
0.0820289
0.085896757
0.090071132
0.094494405
0.099118505
0.10390527
0.10880294
0.11377763
0.11878596
0.12406678
0.089551361
0.085629252
0.082335644
0.079623507
0.077483025
0.07591244
0.074916355
0.074494989
0.07463538
0.075319069
0.076534886
0.078244591
0.080395038
0.08294156
0.08583802
0.08903906
0.092501745
0.09618659
0.10005848
0.10408973
0.10825634
0.11251604
0.11684072
0.1214035
0.089452724
0.086602771
0.084298332
0.082475002
0.08111024
0.080192084
0.079711301
0.0796551
0.080008952
0.080764695
0.081909466
0.083411026
0.085239508
0.087367271
0.089765578
0.092405838
0.095260454
0.098303442
0.10151093
0.10486252
0.10834128
0.11193127
0.11559852
0.11947557
0.090299555
0.08841442
0.086941708
0.085834979
0.085074457
0.084646172
0.08453653
0.084731874
0.085224362
0.086011336
0.087075425
0.0883962
0.089957003
0.091740779
0.093729842
0.095906367
0.098252816
0.10075236
0.10338934
0.10614977
0.1090211
0.11199166
0.11504986
0.11828434
0.092018806
0.090909222
0.090093801
0.089538739
0.089228583
0.089151427
0.0892966
0.089657975
0.090235177
0.09101963
0.091998089
0.093160543
0.094497441
0.0959986
0.097653323
0.099450602
0.10137935
0.1034287
0.10558835
0.107849
0.11020207
0.11263856
0.11514949
0.11780881
0.09447535
0.093959054
0.093625533
0.093460037
0.093460698
0.093618062
0.093928289
0.094392137
0.095004906
0.095758859
0.096648308
0.097668537
0.098814471
0.1000804
0.10146015
0.10294711
0.1045344
0.10621504
0.10798226
0.10982974
0.11175148
0.11374177
0.1157947
0.11795605
0.097431011
0.097337647
0.097354454
0.097469386
0.097677398
0.097980875
0.098384619
0.098890815
0.099494355
0.10019206
0.1009824
0.10186443
0.10283686
0.10389774
0.10504396
0.10627158
0.10757631
0.10895371
0.11039936
0.11190874
0.11347704
0.1151008
0.11678444
0.11858129
0.10084138
0.10101588
0.10124064
0.10151746
0.10184878
0.10223658
0.10268023
0.10317879
0.10373249
0.10434311
0.10501292
0.10574505
0.10654158
0.10740225
0.10832568
0.10931083
0.11035667
0.11146189
0.11262478
0.11384276
0.11511136
0.11642485
0.11778573
0.11925484
0.10486173
0.10515791
0.1054894
0.10584046
0.10621047
0.10659967
0.10700873
0.10744044
0.10789916
0.10838677
0.10889779
0.10944248
0.11002663
0.1106505
0.11131636
0.11202713
0.11278576
0.11359479
0.11445619
0.11537068
0.11633564
0.1173428
0.1183845
0.11951746
0.10906967
0.10936838
0.10968335
0.11000151
0.11032225
0.11064945
0.11098812
0.11134213
0.11171302
0.11210006
0.11250337
0.11292352
0.11336043
0.11381474
0.11428748
0.11477962
0.11529239
0.11582783
0.11638963
0.11698284
0.1176111
0.11827175
0.11894816
0.11965763
0.11222153
0.11252077
0.11282527
0.11313058
0.11344068
0.11375827
0.11408451
0.11441944
0.11476273
0.11511426
0.11547429
0.11584331
0.1162221
0.11661157
0.11701225
0.11742387
0.11784516
0.1182746
0.1187111
0.11915353
0.11959967
0.12004548
0.1204835
0.12093115
0.11497368
0.11528841
0.11561795
0.11594685
0.11627284
0.11659506
0.11691325
0.11722762
0.11753858
0.11784646
0.11815138
0.11845342
0.11875305
0.11905146
0.11935034
0.11965115
0.11995577
0.12026776
0.1205909
0.12092792
0.12127934
0.12164189
0.12200976
0.1223961
0.11772512
0.11804957
0.11836823
0.11867627
0.11897694
0.11927358
0.11956848
0.11986296
0.12015754
0.12045201
0.12074573
0.12103787
0.12132763
0.12161417
0.12189608
0.1221705
0.12243492
0.12268813
0.12292935
0.1231589
0.1233781
0.1235882
0.12378913
0.12398911
0.12038285
0.12066944
0.1209523
0.12123008
0.12150398
0.12177399
0.12203934
0.1222992
0.12255283
0.12279994
0.12304088
0.12327653
0.12350773
0.12373486
0.12395848
0.12418017
0.12440193
0.12462456
0.12484754
0.12506891
0.12528552
0.12549498
0.12569736
0.12589951
0.12301487
0.12327629
0.12353124
0.12377893
0.12401954
0.12425359
0.12448182
0.12470501
0.12492371
0.12513815
0.12534827
0.12555361
0.12575351
0.12594755
0.12613522
0.12631579
0.12648841
0.12665253
0.12680804
0.12695539
0.12709532
0.12722811
0.1273535
0.12747454
0.1254865
0.1256944
0.12589658
0.12609344
0.12628606
0.12647533
0.1266615
0.12684427
0.12702334
0.12719855
0.1273698
0.12753697
0.12770008
0.12785926
0.12801495
0.12816749
0.12831655
0.12846147
0.1286017
0.128737
0.12886707
0.1289917
0.12911121
0.12922805
0.12786903
0.12804253
0.12821253
0.12837856
0.12854052
0.12869834
0.12885194
0.12900135
0.12914661
0.12928763
0.12942431
0.12955653
0.12968406
0.12980653
0.1299234
0.13003423
0.13013907
0.13023848
0.13033296
0.13042243
0.13050646
0.13058469
0.13065711
0.13072529
0.13000261
0.13012741
0.13024934
0.13036863
0.13048575
0.13060109
0.13071487
0.13082713
0.13093776
0.13104663
0.13115354
0.13125823
0.13136054
0.13146054
0.13155848
0.13165448
0.13174832
0.13183932
0.13192688
0.13201085
0.13209127
0.13216817
0.13224166
0.13231254
0.1319945
0.1320917
0.13218809
0.13228322
0.13237683
0.13246871
0.13255864
0.13264638
0.13273167
0.1328143
0.13289414
0.1329711
0.1330451
0.133116
0.13318359
0.13324774
0.13330851
0.13336618
0.13342102
0.13347306
0.1335221
0.13356797
0.13361067
0.13365073
0.13362738
0.13369161
0.1337548
0.13381706
0.13387857
0.13393954
0.13400006
0.1340602
0.13411996
0.13417931
0.13423823
0.13429669
0.13435473
0.13441237
0.13446968
0.13452666
0.13458325
0.1346393
0.13469459
0.13474894
0.13480222
0.13485444
0.13490572
0.13495638
0.13518769
0.13523392
0.13528033
0.13532669
0.13537279
0.13541836
0.13546309
0.13550669
0.13554888
0.13558946
0.13562826
0.1356652
0.13570022
0.13573332
0.13576456
0.13579402
0.13582188
0.13584833
0.13587354
0.13589767
0.13592075
0.13594282
0.13596406
0.13598499
0.13637707
0.13640674
0.13643685
0.13646734
0.13649825
0.13652963
0.13656152
0.13659394
0.13662693
0.13666049
0.13669467
0.13672946
0.13676489
0.13680096
0.13683769
0.13687509
0.13691318
0.13695196
0.1369914
0.13703136
0.13707152
0.13711129
0.13714986
0.13718616
0.1374819
0.13750222
0.13752321
0.13754471
0.13756652
0.13758846
0.13761029
0.13763182
0.13765284
0.13767318
0.13769271
0.13771134
0.13772902
0.13774573
0.13776151
0.13777641
0.13779055
0.13780411
0.13781732
0.13783047
0.13784387
0.13785777
0.13787244
0.13788785
0.13818492
0.13819719
0.13821003
0.13822359
0.13823801
0.13825342
0.13826996
0.13828772
0.1383068
0.13832724
0.13834907
0.13837227
0.13839678
0.13842249
0.1384492
0.13847662
0.13850435
0.13853186
0.13855859
0.13858408
0.13860808
0.13863066
0.13865215
0.13867324
0.1387896
0.13879878
0.13880865
0.13881932
0.13883076
0.13884286
0.1388555
0.13886852
0.1388818
0.13889515
0.13890846
0.13892188
0.13893532
0.13894879
0.13896242
0.13897637
0.13899083
0.13900604
0.13902218
0.13903939
0.13905764
0.13907677
0.13909651
0.13911649
0.13922001
0.13922573
0.13923244
0.13924012
0.13924865
0.13925796
0.13926798
0.13927871
0.13929026
0.1393029
0.13931662
0.1393302
0.13934407
0.13935838
0.13937318
0.13938847
0.13940427
0.13942055
0.13943734
0.13945461
0.13947238
0.13949062
0.13950939
0.139529
0.126765
0.12634958
0.1256394
0.1244722
0.12273478
0.12046632
0.11787015
0.11525697
0.11301651
0.12431577
0.12381585
0.1230054
0.12170164
0.11977636
0.11725605
0.11435347
0.11140299
0.10882178
0.12174455
0.12117931
0.12027215
0.11883607
0.11673258
0.11397463
0.11076608
0.10744631
0.10453273
0.11914992
0.1185152
0.11751916
0.11597286
0.11373363
0.11080624
0.1073872
0.10381817
0.10064205
0.11661326
0.11590665
0.11483009
0.11319977
0.11087629
0.10786343
0.10435454
0.10068626
0.097366831
0.11423207
0.11345124
0.11230472
0.11062165
0.10827385
0.10527015
0.10180062
0.098185256
0.094861813
0.11211168
0.11125758
0.11005474
0.10835329
0.10604352
0.10314373
0.099831811
0.096399289
0.093224564
0.11035287
0.10942405
0.10818279
0.10649709
0.1042763
0.10154371
0.098474364
0.095337987
0.092456508
0.10919571
0.10811606
0.10681306
0.10515729
0.1030699
0.10057367
0.097826231
0.09508133
0.092611833
0.10875896
0.10748887
0.10612792
0.10452247
0.10259649
0.10038803
0.098053156
0.095775037
0.093727895
0.10946197
0.10775859
0.10614093
0.10454779
0.10285798
0.10102522
0.099121515
0.097287358
0.095663496
0.110444
0.10966504
0.10784624
0.10577122
0.10390945
0.10228722
0.10077645
0.099384271
0.098176628
0.11070427
0.11060497
0.10999193
0.10857552
0.10668927
0.10493823
0.10344894
0.10222774
0.10127252
0.11122007
0.1109816
0.11094623
0.1106327
0.10975631
0.10842176
0.10710518
0.10601062
0.10516736
0.11246497
0.11231024
0.11194126
0.11166421
0.1114738
0.11109709
0.11047687
0.10980469
0.10922569
0.11402758
0.11388888
0.11380171
0.11356619
0.11320481
0.11289175
0.11264501
0.11240914
0.11218501
0.11607382
0.11596642
0.11579541
0.1156697
0.11556021
0.11539319
0.11519289
0.11501536
0.1148785
0.11834396
0.11825606
0.11817671
0.11804997
0.1179047
0.11779041
0.11770455
0.11763547
0.11758242
0.12072669
0.12066866
0.12059785
0.12053965
0.12048136
0.12041067
0.12034111
0.12028618
0.12024924
0.12319016
0.12313907
0.12309093
0.12303384
0.12297906
0.12293779
0.12290875
0.12289004
0.12288114
0.12560677
0.12556749
0.12553056
0.12549707
0.12546398
0.12543184
0.12540553
0.12538781
0.12537861
0.12799337
0.12793837
0.12789007
0.12784901
0.1278172
0.12779534
0.12778194
0.12777563
0.1277751
0.13006248
0.13005296
0.13003804
0.13001743
0.12999382
0.12997141
0.12995362
0.12994175
0.1299355
0.13212401
0.13207259
0.13202929
0.13199558
0.13197121
0.13195499
0.13194535
0.13194076
0.13193984
0.13364864
0.13364852
0.13364419
0.13363521
0.13362343
0.13361157
0.13360174
0.13359479
0.13359063
0.13527673
0.13524951
0.13522497
0.1352042
0.13518777
0.13517571
0.13516759
0.13516266
0.13516009
0.13640383
0.13639547
0.13638809
0.13638088
0.13637404
0.13636793
0.13636299
0.1363596
0.13635779
0.13749942
0.13749076
0.13748291
0.13747629
0.13747125
0.13746802
0.13746652
0.13746629
0.13746685
0.13817193
0.13816977
0.13816869
0.13816839
0.13816873
0.13816964
0.13817102
0.13817264
0.13817429
0.13879021
0.13878522
0.13878093
0.13877771
0.13877591
0.13877562
0.13877662
0.13877843
0.13878054
0.13920815
0.13920751
0.13920723
0.13920749
0.13920838
0.13920989
0.13921189
0.13921414
0.13921636
0.12739202
0.12496983
0.12240021
0.11982733
0.11731628
0.11496692
0.11288352
0.11119702
0.11025104
0.11008719
0.11064157
0.11073117
0.11070475
0.11148492
0.11248235
0.11418982
0.11609885
0.11842592
0.12074624
0.12323645
0.12563749
0.12804492
0.13006308
0.13217912
0.13364336
0.1353069
0.13641476
0.13751076
0.13817717
0.13879816
0.13920933
0.12826752
0.1258577
0.12326719
0.12068291
0.11815894
0.11580258
0.11372664
0.11218887
0.11154017
0.11151453
0.11125339
0.11092752
0.1108767
0.11159832
0.11259367
0.11427982
0.11614444
0.11847592
0.12076991
0.12329448
0.12569219
0.12810412
0.13006839
0.13224506
0.13363559
0.13534487
0.13643184
0.13752453
0.13818628
0.13880727
0.13921177
0.12916993
0.126771
0.12416039
0.12157849
0.11904905
0.11669022
0.11471424
0.11355035
0.11310447
0.11226546
0.11156845
0.11124454
0.11117845
0.11185746
0.11285001
0.11445977
0.11631654
0.11858667
0.12093029
0.12347247
0.12588958
0.12822743
0.13015472
0.13234403
0.13366817
0.13541969
0.13648335
0.13755346
0.1382131
0.13882248
0.13921726
0.13029448
0.12792388
0.12531005
0.12278317
0.12030304
0.11799662
0.11648597
0.11571187
0.1143015
0.11328219
0.11256067
0.11218246
0.11206625
0.11266276
0.11365063
0.11509157
0.11690905
0.11905402
0.1215588
0.12411703
0.12650941
0.12863858
0.13051665
0.13253034
0.13390386
0.13564731
0.13665764
0.13764037
0.13830072
0.13885637
0.13923702
0.1322683
0.13019304
0.12766119
0.12556305
0.12357301
0.12213553
0.12107639
0.11923347
0.11782807
0.11672023
0.11595839
0.11553107
0.11539018
0.11577006
0.11668439
0.11773282
0.119402
0.12133555
0.12407606
0.12655858
0.12861879
0.13062768
0.13185824
0.13332317
0.13542158
0.13680087
0.13744362
0.1381133
0.13868348
0.13900982
0.13933363
0.14097175
0.14013292
0.13836538
0.13745383
0.13527746
0.13404651
0.13191851
0.13036551
0.12903193
0.1279333
0.12710291
0.12654296
0.12624497
0.12623189
0.12698852
0.12795642
0.12919975
0.13062419
0.13204196
0.13346169
0.1349211
0.13642497
0.13803396
0.13943394
0.14040141
0.14115054
0.14168742
0.14196923
0.14200064
0.14147366
0.14077014
)
;

boundaryField
{
    Side1
    {
        type            empty;
    }
    Inlet
    {
        type            calculated;
        value           nonuniform List<scalar> 
70
(
0.13954709
0.13956093
0.13957681
0.13959483
0.13961526
0.13963844
0.13966484
0.13969499
0.13972954
0.13976924
0.13981486
0.13986778
0.13992979
0.14000125
0.1400837
0.14017908
0.14028965
0.14041724
0.14056384
0.14073111
0.14092494
0.14115147
0.14140818
0.14170099
0.14203561
0.1424175
0.14282164
0.14322734
0.14360381
0.14391238
0.14413869
0.13922179
0.13922751
0.13923421
0.13924188
0.13925042
0.13925971
0.13926973
0.13928046
0.13929199
0.13930462
0.13931833
0.1393319
0.13934576
0.13936006
0.13937485
0.13939013
0.13940591
0.13942218
0.13943895
0.1394562
0.13947393
0.13949216
0.13951092
0.13953051
0.13920998
0.13920934
0.13920906
0.13920932
0.13921021
0.13921173
0.13921373
0.13921597
0.13921818
0.13921115
0.13921359
0.13921911
0.13923893
0.13933539
0.14075683
)
;
    }
    Freestream
    {
        type            calculated;
        value           nonuniform List<scalar> 
118
(
0.1510261
0.15099747
0.15096197
0.15092123
0.15087453
0.15082115
0.15076019
0.1506909
0.15061259
0.15052413
0.15042376
0.15030887
0.15017599
0.15002085
0.1498401
0.14963314
0.14939981
0.14913845
0.14885132
0.14853933
0.14819744
0.14783407
0.14744493
0.14703562
0.14660154
0.14614145
0.14566081
0.1451736
0.14470625
0.14433537
0.14414224
0.15217101
0.15212573
0.15207657
0.15203022
0.15198335
0.15193744
0.15189143
0.15184523
0.15179883
0.15175231
0.15170566
0.15165888
0.15161195
0.1515648
0.15151727
0.15146911
0.15142011
0.15137051
0.15132073
0.15127079
0.15122079
0.15117092
0.15112054
0.15106715
0.15221194
0.15223796
0.15227023
0.15230423
0.15234005
0.15237685
0.15241496
0.15245767
0.15250289
0.15255509
0.1525988
0.15265255
0.15270486
0.15277197
0.15283412
0.15290035
0.1529702
0.15304481
0.15312286
0.1532047
0.15329069
0.15338038
0.15347385
0.15357118
0.1536729
0.15377814
0.15388901
0.15399789
0.15411867
0.1542425
0.15434746
0.15446531
0.15460069
0.15471635
0.15482185
0.15493524
0.15503979
0.15512482
0.15518434
0.15524703
0.15530004
0.15532631
0.15531579
0.15529771
0.15525311
0.15517867
0.15503213
0.15491176
0.15474635
0.15464449
0.15449034
0.15435837
0.15420875
0.15410399
0.1539411
0.15385864
0.1536492
0.15360185
0.15349885
0.15340671
0.15307496
0.15286985
0.15233941
)
;
    }
    Side2
    {
        type            empty;
    }
    Outlet
    {
        type            calculated;
        value           nonuniform List<scalar> 
70
(
0.12195209
0.12224943
0.12258689
0.12297007
0.12340515
0.12389982
0.12445911
0.12509128
0.12580548
0.12661164
0.12752048
0.12854348
0.12969274
0.13098067
0.13241919
0.13401702
0.13576838
0.13765201
0.13962818
0.14166278
0.14371742
0.14574725
0.14770956
0.14954852
0.15123132
0.15246983
0.15273924
0.15270191
0.15265121
0.15256771
0.15233944
0.11073266
0.11116939
0.11161473
0.11206701
0.11252463
0.1129866
0.11345222
0.11392082
0.11439182
0.11486465
0.11533886
0.11581414
0.11629034
0.11676744
0.11724551
0.11772459
0.11820469
0.11868554
0.11916698
0.1196487
0.12013051
0.1206123
0.12109379
0.12157445
0.11042101
0.11021191
0.10996218
0.10968449
0.10940105
0.10913945
0.10892556
0.10877635
0.10869573
0.10866981
0.10876058
0.10906922
0.10987075
0.11217274
0.12099298
)
;
    }
    Botwall
    {
        type            calculated;
        value           nonuniform List<scalar> 
118
(
0.14983328
0.1498262
0.14981911
0.14981214
0.14980513
0.14979825
0.14979157
0.14978509
0.14977882
0.1497727
0.1497667
0.14976069
0.1497546
0.14974809
0.14974124
0.14973276
0.14972473
0.14971577
0.14970304
0.1496921
0.14967615
0.14966598
0.14965118
0.14963864
0.14962956
0.14962046
0.14961277
0.14960684
0.14960101
0.14959476
0.14958473
0.14957419
0.14956611
0.14955746
0.14955082
0.14954786
0.14954577
0.14954304
0.14953535
0.14951793
0.14949525
0.14948545
0.14948967
0.14949639
0.14949694
0.14948958
0.149478
0.1494773
0.14948112
0.1494863
0.14949012
0.14949396
0.1495004
0.14950801
0.14951778
0.14953045
0.14954865
0.14956975
0.14959254
0.1496087
0.14963384
0.14964272
0.14969653
0.14971692
0.14973329
0.14975769
0.14977981
0.14981161
0.1498399
0.14987585
0.14990457
0.14993118
0.14995432
0.14997332
0.14998545
0.14999324
0.14999072
0.14998228
0.14997253
0.14995843
0.14994173
0.1499242
0.14990582
0.14988881
0.14987152
0.14985734
0.14984187
0.14970154
0.14970264
0.14969413
0.14969508
0.14968442
0.14968317
0.14966997
0.14966527
0.14965901
0.14965458
0.14965122
0.14964887
0.14964721
0.14964652
0.14964956
0.14965278
0.14965751
0.14966314
0.1496696
0.14967633
0.14968346
0.14969086
0.14969871
0.14970625
0.14971314
0.14971867
0.14972378
0.1497273
0.14973057
0.14973077
0.14973055
)
;
    }
    Cyli
    {
        type            calculated;
        value           uniform 0;
    }
}


// ************************************************************************* //
