/*--------------------------------*- C++ -*----------------------------------*\
| =========                 |                                                 |
| \\      /  F ield         | OpenFOAM: The Open Source CFD Toolbox           |
|  \\    /   O peration     | Version:  2406                                  |
|   \\  /    A nd           | Website:  www.openfoam.com                      |
|    \\/     M anipulation  |                                                 |
\*---------------------------------------------------------------------------*/
FoamFile
{
    version     2.0;
    format      ascii;
    arch        "LSB;label=32;scalar=64";
    class       volVectorField;
    location    "0.03";
    object      U;
}
// * * * * * * * * * * * * * * * * * * * * * * * * * * * * * * * * * * * * * //

dimensions      [0 1 -1 0 0 0 0];

internalField   nonuniform List<vector> 
2065
(
(44.264372 31.982656 -1.2675809e-20)
(45.791099 30.558051 -1.410724e-23)
(47.244086 29.129447 9.6503686e-21)
(48.649227 27.694184 8.2357988e-21)
(50.000969 26.208414 -6.9796613e-21)
(51.276432 24.689842 -5.8771264e-21)
(52.465234 23.18138 1.9774831e-20)
(53.557217 21.719746 0)
(54.583327 20.333948 0)
(55.589316 19.029506 1.4855729e-21)
(56.525112 17.822211 -1.2750598e-21)
(57.414951 16.705213 -3.5688003e-20)
(58.252339 15.663202 -3.3112189e-20)
(59.021052 14.654237 6.2266574e-20)
(59.557686 13.641755 -9.5192171e-22)
(59.71656 12.529941 0)
(59.17268 11.035261 1.5286063e-21)
(58.027728 9.1227549 -2.2515611e-21)
(57.274171 7.7178479 0)
(56.866011 6.6557988 -3.2173026e-19)
(56.53373 5.713162 -1.1836135e-18)
(56.225352 4.8674819 -5.3716093e-19)
(55.925224 4.1076095 0)
(55.606552 3.404433 1.7333716e-18)
(55.284829 2.7763798 -1.5044047e-21)
(55.025237 2.1668053 1.3656542e-18)
(54.722395 1.6462917 -5.8958521e-22)
(54.502412 1.0490559 1.0680199e-18)
(54.306478 0.6304459 0)
(54.039856 0.03863184 4.0793003e-19)
(51.961158 -0.092326304 1.7781805e-24)
(43.134084 31.115914 -2.1354133e-23)
(44.727623 29.829768 -4.8747819e-24)
(46.239134 28.605202 7.4278868e-24)
(47.70705 27.338523 7.4593028e-21)
(49.131496 26.004 1.2938695e-20)
(50.493951 24.619913 1.1126558e-20)
(51.778855 23.220438 -3.8039319e-20)
(52.977952 21.839972 -4.0561767e-21)
(54.105219 20.508477 -1.0392941e-20)
(55.183326 19.237204 2.9708687e-21)
(56.192653 18.039134 -2.5734223e-21)
(57.142491 16.916316 0)
(58.024369 15.856463 -2.0680217e-21)
(58.818144 14.826524 -2.7234656e-20)
(59.363779 13.760288 -1.9769457e-21)
(59.498266 12.610108 0)
(58.917298 11.022141 -2.0299293e-19)
(57.802179 9.0844713 4.5774753e-21)
(57.131266 7.7087326 -5.1178126e-21)
(56.765842 6.6562826 0)
(56.455649 5.7139304 2.191641e-21)
(56.163448 4.8687432 -4.0195444e-21)
(55.875353 4.1082593 1.8087241e-21)
(55.566241 3.4050634 -1.6552421e-18)
(55.252337 2.776796 7.3630445e-19)
(54.998934 2.1681304 -1.2753607e-21)
(54.699954 1.6468044 1.1279803e-21)
(54.483987 1.0492173 -2.0447302e-18)
(54.289926 0.63135291 -1.8026358e-18)
(54.02666 0.03510463 -3.9872374e-19)
(51.953911 -0.095643319 -4.533187e-24)
(41.960018 29.946346 -9.1812649e-21)
(43.529983 28.910807 1.0050214e-23)
(45.090842 27.913713 -7.5408361e-21)
(46.629897 26.841251 6.81196e-21)
(48.135376 25.680721 -1.2129737e-20)
(49.589643 24.451035 -1.0698567e-20)
(50.97605 23.180844 3.7459482e-20)
(52.283414 21.901201 0)
(53.515536 20.641958 1.4164205e-20)
(54.683203 19.417953 3.0869759e-21)
(55.775776 18.24205 -2.7112587e-21)
(56.795151 17.122276 4.1135093e-20)
(57.730917 16.049456 3.5450072e-20)
(58.557593 14.9986 3.1795971e-20)
(59.121719 13.881891 0)
(59.23964 12.686065 0)
(58.6305 10.989065 -1.4527749e-23)
(57.568024 9.0572761 0)
(56.983161 7.729759 0)
(56.656196 6.6848342 2.9290712e-19)
(56.36897 5.7397257 1.0686724e-18)
(56.094631 4.8912068 -4.8314246e-19)
(55.820118 4.1262837 0)
(55.52161 3.4195207 7.6302011e-19)
(55.21568 2.7879807 -6.7628272e-19)
(54.968388 2.1776145 -1.1766626e-21)
(54.673362 1.6535279 0)
(54.461628 1.053804 9.420654e-19)
(54.269537 0.63553493 -2.6653791e-23)
(54.011024 0.031310504 -3.8541141e-19)
(51.944794 -0.10349348 -6.4678382e-21)
(40.978569 28.620949 7.6249357e-21)
(42.495544 27.829739 -7.0304713e-21)
(44.049941 27.057929 1.3232468e-20)
(45.614078 26.193934 -1.2284888e-20)
(47.166479 25.225529 1.1239689e-20)
(48.686227 24.168578 -1.0160627e-20)
(50.153669 23.047217 -1.8172769e-20)
(51.5531 21.888309 0)
(52.879677 20.719486 7.15398e-21)
(54.135788 19.558504 -6.3392723e-21)
(55.310627 18.419523 2.2614489e-20)
(56.400728 17.31348 -5.0925895e-21)
(57.392525 16.234262 4.736829e-21)
(58.252517 15.163986 -3.6648003e-20)
(58.833921 13.999105 0)
(58.929283 12.748672 -2.7648365e-21)
(58.294355 10.92888 1.1933694e-19)
(57.303264 9.0319218 4.6264633e-21)
(56.812746 7.7483927 3.0234714e-19)
(56.528657 6.707711 -2.8144479e-19)
(56.267955 5.7593922 -4.889335e-19)
(56.014192 4.9077615 4.4531192e-19)
(55.755343 4.1388202 5.2441431e-25)
(55.469136 3.429478 -7.0764541e-19)
(55.173052 2.7955542 6.2748955e-19)
(54.933015 2.1844684 -2.1517389e-21)
(54.642866 1.6582107 0)
(54.436263 1.0568956 0)
(54.245908 0.63903399 1.5177778e-18)
(53.99357 0.027363364 4.0294105e-19)
(51.934182 -0.11003261 0)
(40.20268 27.187138 6.2974697e-21)
(41.643895 26.615871 0)
(43.151308 26.054047 -5.7452995e-21)
(44.698434 25.39743 -1.0929525e-20)
(46.260864 24.62923 1.0476197e-23)
(47.814658 23.758235 1.9003915e-20)
(49.336888 22.8024 -8.7108042e-21)
(50.807445 21.783048 5.4532938e-24)
(52.213589 20.723765 1.7939217e-24)
(53.54904 19.643394 1.2861478e-20)
(54.800771 18.557317 -3.4946389e-20)
(55.959408 17.477494 -3.7392982e-20)
(57.00664 16.400333 0)
(57.89862 15.313681 3.930302e-20)
(58.49288 14.101567 0)
(58.55711 12.783429 9.6112709e-20)
(57.90194 10.83478 -1.1752549e-19)
(57.013499 9.0059584 -2.958942e-19)
(56.624247 7.765285 -2.6852764e-19)
(56.384599 6.7312916 1.3690407e-24)
(56.1536 5.7815377 -7.0588308e-21)
(55.923021 4.9274155 3.1534465e-21)
(55.681968 4.154505 4.4935201e-25)
(55.409749 3.4424641 6.3588765e-19)
(55.124845 2.8057465 -5.6537068e-19)
(54.892576 2.1934896 0)
(54.608137 1.664615 0)
(54.407049 1.0612631 0)
(54.218201 0.64377582 1.374367e-18)
(53.974078 0.023311849 9.841758e-23)
(51.923677 -0.1157924 1.7032218e-23)
(39.649 25.671039 5.1861585e-21)
(40.994997 25.297024 -9.9610101e-21)
(42.424855 24.925464 1.4809073e-20)
(43.918565 24.46443 9.6263676e-21)
(45.453696 23.893636 -1.8516596e-20)
(47.006064 23.213383 8.1045582e-24)
(48.551131 22.433679 4.1097841e-20)
(50.065492 21.568863 -2.2860638e-20)
(51.529903 20.636871 0)
(52.929802 19.654937 0)
(54.248232 18.638219 0)
(55.469187 17.598316 -3.8725645e-20)
(56.567946 16.533199 3.6887632e-20)
(57.488117 15.434378 -8.3537284e-20)
(58.08722 14.17401 0)
(58.111042 12.771374 -1.0955727e-19)
(57.443805 10.697734 1.2796025e-19)
(56.700689 8.9801844 2.8064595e-19)
(56.413223 7.7782453 0)
(56.220936 6.7520021 -2.2974491e-19)
(56.023286 5.8019946 -4.1725994e-19)
(55.818827 4.945637 -3.5447005e-19)
(55.597885 4.1689005 -6.5562153e-19)
(55.341687 3.4545903 -5.765716e-19)
(55.069958 2.8153378 0)
(54.846219 2.2021228 0)
(54.568938 1.6707901 0)
(54.373749 1.0654894 0)
(54.18627 0.64886706 -1.2393135e-18)
(53.952289 0.01914437 1.9173271e-22)
(51.911703 -0.1217267 -6.66973e-20)
(39.336051 24.102507 -1.5629835e-20)
(40.571711 23.906542 3.3296054e-20)
(41.90043 23.703213 -3.372106e-20)
(43.309392 23.418255 1.6831632e-20)
(44.781412 23.031804 1.6538987e-20)
(46.295247 22.536918 -4.0111767e-20)
(47.827161 21.93526 2.5718773e-24)
(49.352314 21.233275 -7.5163158e-24)
(50.847027 20.441856 -1.3664058e-20)
(52.289924 19.573919 -1.278215e-20)
(53.658783 18.642091 3.5955124e-20)
(54.930405 17.655895 4.5345264e-20)
(56.07198 16.613462 -8.7695732e-20)
(57.012011 15.506804 8.8061252e-20)
(57.602657 14.193836 0)
(57.577196 12.684429 -1.3624397e-20)
(56.920456 10.516505 1.5820492e-20)
(56.368311 8.9535011 -2.5356925e-19)
(56.178346 7.7848516 0)
(56.035766 6.7688091 2.081896e-19)
(55.875479 5.8211442 3.710198e-19)
(55.700519 4.9634904 -2.5153633e-23)
(55.502183 4.1835943 -3.5606575e-23)
(55.264323 3.4675725 5.1788746e-19)
(55.007866 2.8259591 -4.6141392e-19)
(54.793171 2.2116167 3.1582393e-21)
(54.524798 1.6778114 0)
(54.335599 1.0704327 6.2982227e-19)
(54.14975 0.65500681 1.1104816e-18)
(53.92793 0.01474882 -1.8387304e-22)
(51.898495 -0.12768704 2.7883453e-23)
(39.27595 22.560493 0)
(40.38728 22.497694 3.479637e-21)
(41.595826 22.428505 0)
(42.894898 22.291341 0)
(44.273095 22.066112 -1.4690016e-20)
(45.713759 21.74042 1.4553433e-20)
(47.196037 21.308447 -1.1711766e-23)
(48.695927 20.768592 0)
(50.187832 20.123774 1.3181522e-20)
(51.645713 19.380351 0)
(53.041959 18.545835 -4.7948045e-20)
(54.345966 17.625393 5.7686186e-20)
(55.515179 16.615404 -2.6239008e-23)
(56.459636 15.503127 -1.0367378e-19)
(57.021543 14.127209 1.1115173e-19)
(56.93943 12.48482 -2.823811e-20)
(56.347035 10.306581 1.521804e-20)
(56.015509 8.9191755 2.3274075e-19)
(55.917161 7.7818082 -2.1030374e-19)
(55.826618 6.778919 0)
(55.707859 5.836619 3.3329136e-19)
(55.566177 4.9787019 5.8185286e-19)
(55.393067 4.1966172 8.1465523e-21)
(55.176124 3.4797723 3.6189743e-21)
(54.937456 2.8363352 -6.4124688e-21)
(54.732443 2.2208441 2.8216519e-21)
(54.47499 1.6848961 0)
(54.29199 1.0755509 -1.0804857e-21)
(54.108767 0.66197537 9.9932099e-22)
(53.900629 0.0098960196 3.5122782e-19)
(51.883833 -0.13343807 5.1387907e-20)
(39.451871 21.062376 0)
(40.434416 21.096894 8.7582089e-21)
(41.511935 21.131147 -1.2293842e-20)
(42.684351 21.11122 0)
(43.945704 21.018924 6.5223103e-21)
(45.284185 20.838637 6.5824494e-21)
(46.683247 20.558738 1.3126375e-20)
(48.121885 20.170566 -1.2942124e-20)
(49.57518 19.669199 8.725906e-24)
(51.014886 19.053177 3.6859221e-20)
(52.408958 18.32259 3.5787678e-20)
(53.719652 17.475666 -5.834674e-20)
(54.893005 16.504617 5.8158687e-20)
(55.816799 15.38175 5.9942923e-20)
(56.320797 13.923344 -1.2886793e-19)
(56.172739 12.124631 -9.9328239e-20)
(55.750991 10.101127 -1.4278066e-20)
(55.638086 8.8706663 1.3200458e-20)
(55.627916 7.7648187 -3.6576295e-23)
(55.591512 6.7793895 1.0503478e-20)
(55.518441 5.8466273 -9.2768431e-21)
(55.413969 4.9902552 -2.6390209e-19)
(55.269034 4.2077595 4.6712777e-19)
(55.075782 3.4914056 4.0640587e-19)
(54.857512 2.846901 3.7021689e-19)
(54.663017 2.2300357 0)
(54.418504 1.692379 0)
(54.242072 1.0811374 -5.0064564e-19)
(54.063266 0.67015604 -8.8269583e-19)
(53.870373 0.0043803757 -2.9013867e-19)
(51.865979 -0.13679356 0)
(39.833465 19.634312 -1.9232896e-20)
(40.693335 19.727562 -2.4699865e-21)
(41.639594 19.833062 -2.6496425e-21)
(42.676639 19.901091 -2.2383832e-20)
(43.80466 19.91013 1.1656188e-20)
(45.017579 19.845345 2.3941805e-20)
(46.304363 19.691466 -2.4322984e-20)
(47.648464 19.43463 0)
(49.027502 19.06321 -3.6438972e-20)
(50.413036 18.56768 1.5324154e-23)
(51.769866 17.93897 -4.7482775e-20)
(53.053406 17.165875 4.7249271e-20)
(54.196377 16.23328 -4.7809284e-20)
(55.063833 15.075511 -2.4924536e-20)
(55.46761 13.515734 0)
(55.30558 11.605341 -4.8847998e-23)
(55.165778 9.9046828 -2.6239489e-20)
(55.235051 8.7992031 2.3742997e-20)
(55.308588 7.7282662 -3.6253945e-23)
(55.328869 6.7662156 0)
(55.305275 5.8478571 -2.6559665e-19)
(55.241382 4.9955287 0)
(55.128208 4.2151322 0)
(54.961549 3.5011611 -3.6122553e-19)
(54.766293 2.8566983 -1.0121828e-20)
(54.58371 2.238251 -5.6258218e-19)
(54.354188 1.6996884 -3.9374396e-21)
(54.185028 1.0867572 1.7369418e-21)
(54.012439 0.67936146 -7.869573e-19)
(53.836378 -0.001710842 6.1836497e-22)
(51.848599 -0.14311764 0)
(40.378906 18.271301 0)
(41.111952 18.416695 2.1641882e-21)
(41.93194 18.560539 2.1045192e-20)
(42.835702 18.678839 -2.0067015e-20)
(43.825347 18.752775 1.058982e-20)
(44.900474 18.765957 0)
(46.055724 18.702819 -2.2810563e-20)
(47.279518 18.546848 4.6593487e-20)
(48.552961 18.281091 -3.5371891e-20)
(49.848583 17.887974 2.3725134e-20)
(51.128737 17.347867 -1.196094e-23)
(52.341325 16.637818 -2.0794795e-24)
(53.402672 15.72908 -2.4705994e-20)
(54.169659 14.461764 2.5530677e-20)
(54.423259 12.869777 1.5889201e-19)
(54.430207 11.01181 7.766313e-20)
(54.604389 9.696941 2.3595771e-20)
(54.805679 8.691713 1.2597968e-19)
(54.958119 7.6679982 1.8642881e-20)
(55.037411 6.7347039 -1.1639182e-19)
(55.066458 5.8365455 -2.9509333e-20)
(55.045735 4.9920345 -4.9574821e-25)
(54.968927 4.2172661 1.1521653e-20)
(54.831856 3.5085006 -3.2552514e-19)
(54.661986 2.8654437 0)
(54.49335 2.2451313 -3.0547395e-23)
(54.280824 1.7067351 -4.468429e-19)
(54.120049 1.0924079 -3.079117e-21)
(53.95453 0.68944148 6.9614429e-19)
(53.799899 -0.0084946543 1.0077636e-21)
(51.826419 -0.14448231 0)
(41.0921 16.932744 3.1012677e-20)
(41.702341 17.066971 0)
(42.37875 17.236248 -3.4554301e-20)
(43.137711 17.378731 4.6821197e-21)
(43.980705 17.488418 3.4911058e-20)
(44.909039 17.548833 3.6889676e-20)
(45.91975 17.544445 -4.4130101e-20)
(47.004003 17.457454 -5.7135744e-20)
(48.145068 17.267116 5.8720373e-20)
(49.315418 16.948564 -2.3999567e-20)
(50.473367 16.471225 -2.351271e-23)
(51.555768 15.797996 -1.202257e-23)
(52.456505 14.866374 -3.2094344e-24)
(53.058954 13.459366 -7.8004275e-20)
(53.324449 11.841249 -1.0056617e-19)
(53.651666 10.57441 1.1718291e-19)
(54.033846 9.5296904 -2.1230176e-20)
(54.358323 8.4960015 -1.5115082e-19)
(54.576258 7.6021665 -3.4223359e-23)
(54.719661 6.6457534 1.1810593e-19)
(54.80015 5.8075338 0)
(54.825233 4.9759395 0)
(54.789815 4.2112671 1.0207295e-20)
(54.685302 3.5118002 2.7924196e-19)
(54.542828 2.8717507 0)
(54.39088 2.2495805 4.4850679e-19)
(54.19708 1.7127295 7.9103204e-19)
(54.046386 1.0976792 -3.4879545e-19)
(53.887898 0.69967281 6.1496476e-19)
(53.753401 -0.015650893 0)
(51.794411 -0.15939292 0)
(41.85096 15.490116 3.1232603e-20)
(42.337355 15.62384 1.943379e-21)
(42.894406 15.768638 -3.6486375e-20)
(43.519097 15.910117 -4.6625638e-21)
(44.218548 16.025335 0)
(44.997449 16.099039 -3.7521684e-20)
(45.854323 16.116762 9.0649649e-20)
(46.781143 16.059511 -2.515377e-23)
(47.761049 15.903008 -6.1640381e-20)
(48.763187 15.615208 5.086861e-20)
(49.740662 15.155351 2.6076055e-20)
(50.633449 14.466076 2.6527497e-20)
(51.344678 13.465419 -2.3235058e-23)
(51.83917 12.16762 5.1059549e-20)
(52.402576 10.994494 9.4619185e-20)
(53.013754 10.052908 -4.2550406e-20)
(53.504721 9.1757927 3.7861247e-20)
(53.877803 8.3273604 -1.0069177e-19)
(54.172486 7.4392243 2.3756168e-19)
(54.3663 6.6138278 5.2502411e-20)
(54.506779 5.7401135 2.0808899e-19)
(54.580674 4.9336963 0)
(54.590108 4.1941322 0)
(54.521348 3.5094345 0)
(54.40732 2.8742015 0)
(54.275643 2.2509832 3.9659684e-19)
(54.102055 1.7170227 -3.4968051e-19)
(53.963283 1.1023994 6.1670328e-19)
(53.812289 0.70936137 -5.436519e-19)
(53.700827 -0.02169602 -4.1737604e-19)
(51.765915 -0.1358673 -1.1889077e-22)
(42.561233 13.731546 -3.6874213e-20)
(42.963839 13.803479 3.1394817e-20)
(43.415802 13.915983 -3.6833744e-20)
(43.92419 14.023584 4.2738493e-20)
(44.491411 14.122598 -4.633616e-20)
(45.121531 14.184996 1.0541565e-19)
(45.814935 14.195092 -1.0468799e-19)
(46.565639 14.132887 1.2243637e-19)
(47.356311 13.971778 -1.2541765e-19)
(48.154616 13.674097 8.4144809e-20)
(48.922965 13.205347 -5.5458929e-20)
(49.625763 12.547607 5.3952948e-20)
(50.269086 11.73302 -5.1369991e-20)
(50.979902 10.944611 4.2184296e-23)
(51.752462 10.311976 -8.5182271e-20)
(52.406862 9.6330678 -3.7894858e-20)
(52.950176 8.8766039 -6.7163971e-20)
(53.400578 8.0468711 1.189209e-19)
(53.747628 7.2737255 -1.3143174e-19)
(53.999244 6.4454153 2.3244751e-20)
(54.181662 5.6830062 -1.4344958e-19)
(54.313681 4.8880029 -9.5098751e-25)
(54.370165 4.1498929 -1.591801e-20)
(54.340373 3.4979879 0)
(54.254081 2.8700482 6.2085657e-21)
(54.146862 2.2483966 -7.0616288e-19)
(53.994823 1.7184246 0)
(53.86967 1.1059486 -2.7661802e-19)
(53.726826 0.71788023 -4.7649464e-19)
(53.638473 -0.028868506 5.1288593e-19)
(51.733294 -0.18102329 1.6383883e-23)
(43.113618 11.502853 1.4966597e-21)
(43.36776 11.577439 0)
(43.68953 11.667348 0)
(44.100662 11.730444 0)
(44.57332 11.79351 0)
(45.083809 11.80708 -7.450089e-21)
(45.637892 11.770774 0)
(46.244748 11.685208 -1.3663716e-19)
(46.897255 11.540947 1.5009769e-19)
(47.557928 11.357834 0)
(48.226035 11.104223 -2.7547862e-20)
(48.915045 10.761998 0)
(49.666037 10.412773 0)
(50.475025 10.090678 4.2601012e-20)
(51.199891 9.6318407 -4.7499448e-23)
(51.86589 9.0507417 -3.3610361e-20)
(52.455171 8.4020059 0)
(52.932414 7.743248 0)
(53.322445 7.0200288 0)
(53.60942 6.3112692 -1.0259759e-19)
(53.841807 5.5356043 1.6299133e-19)
(54.020545 4.8261965 -1.5976936e-20)
(54.133027 4.1021203 1.4076605e-20)
(54.141792 3.4626513 1.9866437e-19)
(54.082912 2.8562732 -1.7538348e-19)
(54.003059 2.2414837 -9.6950517e-21)
(53.874879 1.7158104 8.520923e-21)
(53.764289 1.1078384 0)
(53.629341 0.72473063 4.2722297e-19)
(53.57117 -0.036570868 -2.4164593e-19)
(51.682381 -0.18875908 0)
(44.053921 9.0576665 0)
(44.220581 9.1704099 1.4018218e-19)
(44.399251 9.320641 -1.444112e-19)
(44.597533 9.5219887 4.4775137e-21)
(44.866176 9.6775799 -1.4290717e-19)
(45.199543 9.8321458 1.4967441e-19)
(45.601827 9.9554642 1.7023259e-20)
(46.072528 10.047564 3.2349426e-20)
(46.643193 9.8920027 1.03155e-19)
(47.257606 9.8003245 -4.425824e-23)
(47.907671 9.7183672 -7.6529671e-20)
(48.576387 9.5599808 -1.1861758e-19)
(49.29325 9.4359416 4.2622649e-20)
(49.999182 9.1984711 0)
(50.675428 8.8549615 3.3568036e-20)
(51.327083 8.4322572 0)
(51.950954 7.9424147 -5.2607211e-20)
(52.486156 7.3561711 9.3000036e-20)
(52.900401 6.7399934 -4.1071738e-20)
(53.222287 6.0588793 -1.0873956e-19)
(53.479867 5.3891382 -9.5912338e-20)
(53.713332 4.7000689 2.8206956e-20)
(53.872957 4.0484749 -2.4881264e-20)
(53.925685 3.4070014 -1.7534786e-19)
(53.895418 2.8282936 1.5462458e-19)
(53.842142 2.2296736 4.0082438e-19)
(53.741375 1.7074281 7.5183409e-21)
(53.645938 1.1073663 -3.3149215e-21)
(53.520709 0.72750908 -3.7112108e-19)
(53.494738 -0.038821232 3.008799e-19)
(51.639611 -0.13879396 2.2241259e-20)
(45.020396 7.0202497 -2.9294341e-21)
(45.194868 7.1053328 3.5775938e-19)
(45.383213 7.2154657 -2.0229805e-23)
(45.582531 7.3408158 -1.6885269e-19)
(45.799373 7.4719742 1.5084316e-19)
(46.044166 7.5928951 -1.520181e-19)
(46.294689 7.7402096 -1.7672625e-20)
(46.557029 7.8726515 -1.624323e-20)
(46.860885 8.2386021 1.4074379e-20)
(47.319194 8.396179 2.5494208e-20)
(47.895723 8.3909394 -2.2556554e-20)
(48.484472 8.3645677 2.1128014e-20)
(49.067458 8.3769783 -3.7831277e-20)
(49.658111 8.212522 6.7094071e-20)
(50.245603 7.9849546 0)
(50.8414 7.666661 5.2560928e-20)
(51.461164 7.2800348 0)
(52.032156 6.8838739 -4.1077443e-20)
(52.483513 6.3614109 3.6254075e-20)
(52.825705 5.8028916 3.1970904e-20)
(53.116153 5.1550253 -2.8221275e-20)
(53.388572 4.5604722 -2.488742e-20)
(53.59394 3.941018 2.1950606e-20)
(53.690769 3.3533589 0)
(53.693363 2.7729562 0)
(53.663607 2.2117887 -1.2034954e-19)
(53.591157 1.69197 6.6322918e-21)
(53.513537 1.1036699 1.8125961e-19)
(53.404524 0.72434025 3.2729797e-19)
(53.407263 -0.04099724 -2.6514114e-19)
(51.603504 -0.19920386 -6.3549777e-21)
(45.596544 6.0685115 3.2106362e-21)
(45.708044 6.1532503 -5.9560366e-21)
(45.840737 6.2509035 0)
(46.000695 6.3526826 -5.2927318e-21)
(46.192235 6.4620801 9.8155743e-21)
(46.425927 6.5833415 -9.0262899e-21)
(46.727165 6.6970359 2.6298876e-19)
(47.084706 6.7936632 -2.3767203e-19)
(47.386777 6.9421546 -1.3160337e-20)
(47.693221 6.9963785 -2.3640079e-20)
(48.025159 7.1638703 -1.2328042e-19)
(48.506941 7.04467 4.4965598e-23)
(49.02681 7.1005491 2.3100899e-19)
(49.546836 7.0800931 -1.1873817e-19)
(50.069214 7.0251318 0)
(50.57539 6.8927597 -9.2833466e-20)
(51.06434 6.6154713 4.0950123e-20)
(51.579715 6.2662626 -3.2558518e-23)
(52.059411 5.9012859 -9.5963506e-20)
(52.436683 5.4256235 5.6437314e-20)
(52.751852 4.8931882 -2.4890204e-20)
(53.063406 4.355895 -6.5862482e-20)
(53.299207 3.8005543 0)
(53.43537 3.27018 -1.5362124e-19)
(53.478988 2.7064751 3.0074892e-20)
(53.469289 2.183102 -1.3257482e-20)
(53.422571 1.6681432 -1.8128631e-19)
(53.365888 1.0948197 -1.649631e-19)
(53.270579 0.71938341 -4.544173e-21)
(53.308568 -0.047613749 -2.3793442e-19)
(51.546548 -0.20605927 0)
(46.498913 4.9364962 0)
(46.597405 5.0118408 5.6464696e-21)
(46.706194 5.0985393 0)
(46.826328 5.1895617 -3.1736027e-19)
(46.962978 5.283975 2.7738669e-19)
(47.117755 5.3757357 0)
(47.277322 5.4717626 0)
(47.448775 5.564526 2.1179925e-19)
(47.663029 5.6431445 -3.264704e-23)
(47.926185 5.730501 -1.6927789e-19)
(48.24605 5.7350741 -1.8832305e-20)
(48.554277 6.0786364 0)
(48.973761 5.8525354 -1.1357423e-19)
(49.458077 5.7697198 1.272668e-19)
(50.001276 5.8700436 0)
(50.488785 5.9070446 4.1009726e-20)
(50.90124 5.7939394 -3.6220316e-20)
(51.281261 5.5714881 9.5951588e-20)
(51.685922 5.2928315 0)
(52.063265 4.9830772 4.9778961e-20)
(52.414843 4.5631816 -4.3910495e-20)
(52.750584 4.1233704 -1.4046539e-23)
(53.003881 3.6205678 0)
(53.16688 3.1414737 2.4076664e-19)
(53.24829 2.6384774 0)
(53.261777 2.125509 1.1686647e-20)
(53.238561 1.6355233 -1.0326475e-20)
(53.202373 1.0792058 0)
(53.126056 0.70811361 -1.2821021e-19)
(53.20467 -0.046174467 4.2316324e-19)
(51.493419 -0.09981433 0)
(47.041982 4.2269554 0)
(47.106387 4.2899962 -3.2544352e-19)
(47.182531 4.361056 1.7880905e-23)
(47.272652 4.4351501 2.8824315e-19)
(47.379319 4.514224 2.4930449e-24)
(47.505699 4.6014978 2.3184237e-19)
(47.660512 4.695774 -2.0924892e-19)
(47.846167 4.7975252 0)
(48.053469 4.9071333 -1.0502465e-20)
(48.273786 5.0080062 0)
(48.492957 5.1264112 1.1658698e-19)
(48.726261 5.1138125 -1.1825856e-19)
(48.963279 5.3823222 -5.0989278e-20)
(49.345077 5.269612 -2.2537039e-20)
(49.78307 5.0297753 9.8681066e-20)
(50.291863 4.9663924 1.0632891e-19)
(50.759972 4.9795257 -9.4957618e-20)
(51.132945 4.8865313 0)
(51.456964 4.6993061 -9.892217e-24)
(51.763632 4.4449142 -4.3912777e-20)
(52.114602 4.1749135 -3.871583e-20)
(52.472177 3.8495791 3.4117336e-20)
(52.727323 3.4182838 -3.7384604e-24)
(52.890847 2.9814348 -1.3264267e-19)
(52.999713 2.5365057 2.3388794e-20)
(53.044874 2.0545945 6.1832563e-20)
(53.043078 1.5907925 1.5442966e-19)
(53.023984 1.0559269 -8.0114921e-21)
(52.967754 0.69793719 1.1300081e-19)
(53.083253 -0.048729016 -3.7588576e-19)
(51.438669 -0.23333607 7.7324548e-21)
(47.82511 3.3693065 6.3860994e-19)
(47.882582 3.4236273 -2.304592e-21)
(47.947405 3.4844807 -1.0895106e-18)
(48.02003 3.5473789 4.9549197e-19)
(48.100605 3.6153057 4.6267141e-19)
(48.189888 3.6876092 6.4169316e-21)
(48.284694 3.7642687 -3.715959e-19)
(48.385669 3.843735 -3.3306501e-19)
(48.501899 3.9228113 9.3297596e-21)
(48.64826 4.0041534 2.6493537e-19)
(48.837247 4.0773135 2.9422021e-20)
(49.051796 4.1898784 2.0874642e-19)
(49.273554 4.1873915 -3.9289295e-19)
(49.44257 4.520608 1.4223519e-19)
(49.714724 4.6386628 -1.5875267e-19)
(50.071438 4.4333213 9.1812373e-20)
(50.465379 4.2571981 2.7265984e-20)
(50.882391 4.1898975 2.4500564e-20)
(51.284759 4.1468078 4.3711034e-20)
(51.558835 3.966075 3.8696023e-20)
(51.863323 3.7783021 -5.4721756e-24)
(52.210083 3.5174905 3.0077796e-20)
(52.469298 3.18794 2.652377e-20)
(52.621698 2.7973378 -1.4031289e-19)
(52.744032 2.4024238 2.0615021e-20)
(52.818414 1.9705596 -7.2685801e-20)
(52.838307 1.5323048 1.6016531e-20)
(52.836187 1.0248826 -1.2001406e-19)
(52.797638 0.69445177 6.0892894e-25)
(52.949366 -0.042386312 1.9429991e-19)
(51.378639 -0.19143742 -7.7506168e-21)
(48.313236 2.8186118 5.7326621e-19)
(48.348159 2.8639577 4.083265e-21)
(48.390099 2.913764 4.8769748e-19)
(48.440183 2.9652832 -4.4735021e-19)
(48.499375 3.0211078 -3.1553017e-21)
(48.569493 3.0826253 3.5382296e-19)
(48.653693 3.1507923 -2.1288665e-23)
(48.755018 3.2270459 -5.7959556e-19)
(48.875159 3.3103318 2.6279287e-19)
(49.00844 3.3994401 0)
(49.151281 3.4945917 -2.7707839e-24)
(49.321856 3.5730358 0)
(49.541968 3.670207 0)
(49.77123 3.6332454 2.0893996e-24)
(49.908254 3.734819 1.5905321e-20)
(50.074187 3.9876848 -2.7469355e-20)
(50.362072 3.9133797 2.4311874e-20)
(50.654531 3.7451982 6.3513403e-20)
(50.973642 3.5660002 -2.0662799e-23)
(51.342335 3.4781728 -3.3881829e-20)
(51.654633 3.4191354 -3.0087614e-20)
(51.946271 3.1816625 0)
(52.199428 2.9187445 0)
(52.365863 2.57262 1.2365539e-19)
(52.492882 2.2395312 7.2679099e-20)
(52.586473 1.8643849 -1.6016731e-20)
(52.627356 1.4565825 -8.4719818e-20)
(52.643806 0.98301846 8.7108734e-20)
(52.620113 0.69322012 9.3253535e-20)
(52.830765 -0.026592993 -5.5351683e-20)
(51.343422 0.0063364014 5.3879227e-22)
(49.001428 2.1394778 0)
(49.031884 2.1770417 -1.8152913e-21)
(49.064937 2.2184495 3.3553861e-21)
(49.101308 2.2613209 7.8708867e-19)
(49.142583 2.3075703 -7.1571283e-19)
(49.190286 2.3583106 6.5171515e-19)
(49.245687 2.4130287 -2.9808362e-23)
(49.308989 2.469999 -4.0986162e-21)
(49.378041 2.5299078 -4.6426463e-19)
(49.455924 2.5915382 0)
(49.548405 2.6532483 -1.1460414e-20)
(49.65399 2.7186899 0)
(49.767415 2.7789486 0)
(49.927021 2.8791117 1.5901451e-20)
(50.152498 2.919736 -1.4027645e-20)
(50.329777 2.9290831 2.4750968e-20)
(50.475046 3.0571741 -2.1663268e-20)
(50.624977 3.3332342 0)
(50.834274 3.1392698 0)
(51.109757 2.9800736 -2.0798096e-24)
(51.431253 2.9997708 -2.6469108e-20)
(51.692997 2.8207417 0)
(51.931798 2.6003284 0)
(52.121575 2.3509809 -3.6325087e-20)
(52.244478 2.0366029 -9.6067638e-20)
(52.354407 1.7206013 5.6461118e-20)
(52.415628 1.3682826 7.4652334e-20)
(52.448895 0.92986085 8.7742619e-20)
(52.435537 0.66483305 6.1773175e-24)
(52.621708 -0.03960298 -1.3214271e-19)
(51.302581 -0.17808219 -6.7459581e-23)
(49.39841 1.7341689 -1.8168585e-18)
(49.415877 1.7636313 8.2454653e-19)
(49.43702 1.7954153 7.5831551e-19)
(49.462426 1.8283055 5.424152e-21)
(49.492735 1.8643767 -1.2628778e-18)
(49.528646 1.9046685 1.1421735e-18)
(49.571074 1.9494889 -5.1294019e-19)
(49.621466 1.9992538 -7.1698389e-21)
(49.681919 2.0544752 0)
(49.753447 2.1159271 -5.6874797e-21)
(49.83488 2.1856332 3.2326734e-19)
(49.930906 2.2615282 -2.8660984e-19)
(50.048936 2.3322069 0)
(50.159536 2.3990722 0)
(50.277081 2.4572679 -1.9816663e-19)
(50.438847 2.4998993 1.7500193e-19)
(50.607913 2.5420323 0)
(50.74555 2.4690507 1.5328562e-19)
(50.833784 2.7286967 -2.3372872e-19)
(51.03119 2.5922156 1.3135138e-19)
(51.23987 2.5265387 1.3998231e-19)
(51.477177 2.4008828 -1.2359053e-19)
(51.703442 2.2358594 3.6320813e-20)
(51.898603 2.0621915 3.2017868e-20)
(52.014722 1.825728 0)
(52.125683 1.5545227 0)
(52.202535 1.2507468 0)
(52.251325 0.85802091 -7.7319682e-20)
(52.239718 0.60659154 4.3816587e-24)
(52.395891 -0.064906285 1.8405409e-19)
(51.25544 0.036561882 0)
(49.95809 1.2480144 1.5705846e-21)
(49.970414 1.2721322 -7.2961298e-19)
(49.984489 1.2979146 6.7177932e-19)
(50.000701 1.3246613 -6.203484e-19)
(50.019492 1.3538877 5.6100214e-19)
(50.041348 1.3862276 0)
(50.06679 1.4216958 4.5629087e-19)
(50.096406 1.4601243 6.3135426e-21)
(50.130932 1.5011181 -3.6102321e-19)
(50.171233 1.5437427 1.0034331e-20)
(50.217766 1.5850342 0)
(50.264848 1.6258715 0)
(50.312686 1.6760142 0)
(50.387116 1.7207461 -6.1783217e-21)
(50.470417 1.7783398 1.7467512e-19)
(50.556542 1.8371991 -1.5424808e-19)
(50.661233 1.9312038 0)
(50.806115 1.9597754 -3.0025278e-20)
(50.931786 1.8675308 0)
(51.024861 2.1052201 -2.335453e-20)
(51.150427 1.9832933 -1.0295186e-19)
(51.346029 1.9354358 8.5561759e-24)
(51.541317 1.8604975 9.6028578e-20)
(51.703375 1.7420167 -2.8214323e-20)
(51.813077 1.5807816 0)
(51.907708 1.3675657 -4.3854067e-20)
(51.989542 1.1130806 0)
(52.050446 0.77154082 8.5183871e-20)
(52.038247 0.53912967 -8.2597156e-20)
(52.232195 -0.085881242 -7.4729554e-20)
(51.2204 -0.22055173 -6.1466569e-20)
(50.260204 1.0244123 -1.4211753e-18)
(50.26696 1.0421985 1.2579578e-21)
(50.275072 1.0610829 1.1619214e-21)
(50.284674 1.0806709 2.1244514e-21)
(50.296028 1.102266 -1.9280749e-21)
(50.309432 1.1264597 8.9042354e-19)
(50.325214 1.1534686 -8.0250258e-19)
(50.343782 1.1834996 -2.792574e-21)
(50.365779 1.2167689 0)
(50.392322 1.2534717 -8.8524559e-21)
(50.425174 1.2947633 5.0274791e-19)
(50.468419 1.341354 -8.9094317e-19)
(50.523173 1.38867 1.9860142e-23)
(50.580564 1.4393803 7.0252955e-19)
(50.651845 1.4761035 9.6017942e-21)
(50.719776 1.5153012 -3.9933272e-19)
(50.777259 1.5158329 1.1998198e-19)
(50.851641 1.5325603 1.3231678e-20)
(50.952257 1.5656963 -1.1669942e-20)
(51.017525 1.5568777 2.0309497e-20)
(51.094251 1.4989123 0)
(51.273078 1.5648844 1.5999455e-20)
(51.420603 1.5232893 -5.6418869e-20)
(51.531117 1.4386742 0)
(51.620671 1.3312617 0)
(51.70285 1.157082 3.8643065e-20)
(51.781098 0.95075387 -3.4068362e-20)
(51.845099 0.66676183 -6.005494e-20)
(51.838243 0.47424002 -1.3236471e-20)
(52.048844 -0.11661599 0)
(51.149637 -0.25915777 2.2345018e-20)
(50.68636 0.70638823 6.0816708e-22)
(50.688324 0.72103431 -1.1075414e-21)
(50.690647 0.73679644 0)
(50.693503 0.75311974 0)
(50.697281 0.77107403 0)
(50.702471 0.7910591 0)
(50.709529 0.81306045 0)
(50.718759 0.83713183 0)
(50.730307 0.86343403 0)
(50.744515 0.89224706 3.9020333e-21)
(50.761937 0.92303348 0)
(50.781325 0.95422051 -3.9264457e-19)
(50.799969 0.98598926 3.4747943e-19)
(50.819783 1.0165356 0)
(50.842309 1.05854 -8.4818112e-21)
(50.883331 1.0953602 -7.488869e-21)
(50.928274 1.1528789 -6.6085933e-21)
(50.960262 1.1968294 1.8074488e-19)
(50.970206 1.2517439 1.0276056e-20)
(50.987891 1.2742538 -1.5060075e-19)
(51.043311 1.2689989 -1.5957016e-20)
(51.181075 1.2387798 8.4601704e-20)
(51.29343 1.213267 -7.4592739e-20)
(51.371188 1.1556799 0)
(51.429184 1.0563561 0)
(51.504627 0.9451198 3.4059671e-20)
(51.571449 0.76931923 0)
(51.634869 0.55286011 -2.6469951e-20)
(51.639011 0.37600212 0)
(51.878387 -0.1167691 0)
(51.04932 -0.24292475 0)
(50.934315 0.46192098 -1.1076302e-18)
(50.932149 0.4717037 2.0025209e-18)
(50.930048 0.48190851 -9.2280484e-19)
(50.928266 0.49267882 0)
(50.927202 0.50483186 0)
(50.927323 0.51853075 0)
(50.928922 0.53331684 -6.1813627e-19)
(50.932204 0.55009475 1.0887118e-21)
(50.936983 0.56901276 4.9324041e-19)
(50.943497 0.59079289 -1.7127925e-21)
(50.952089 0.61517855 3.0396499e-21)
(50.962522 0.6418279 3.4474486e-19)
(50.974277 0.67275272 -6.1016699e-19)
(50.985866 0.70857792 2.7395728e-19)
(50.99608 0.74832622 0)
(51.005026 0.7834212 3.2888214e-21)
(51.018413 0.81713988 -1.7980944e-19)
(51.029165 0.8505242 5.104292e-21)
(51.022268 0.89094333 1.4343867e-19)
(51.000637 0.89111331 7.9062518e-21)
(51.023722 0.95221841 1.1975636e-19)
(51.098862 0.91005696 -8.6994507e-20)
(51.172444 0.90859781 -8.7654437e-20)
(51.213483 0.86863572 7.7113788e-20)
(51.246797 0.8215273 -8.5142413e-20)
(51.304321 0.72981045 6.0043085e-20)
(51.360294 0.59734527 2.6463907e-20)
(51.42227 0.4299586 -1.4364942e-24)
(51.431251 0.27862357 0)
(51.655145 -0.12627452 0)
(50.965919 -0.28724706 0)
(51.175271 0.29174381 -4.3885123e-22)
(51.17533 0.2980205 0)
(51.175082 0.30477996 0)
(51.174527 0.3121791 0)
(51.173673 0.32043391 -1.110798e-18)
(51.172475 0.32985441 9.6084625e-19)
(51.170788 0.34084838 -8.1794912e-19)
(51.168409 0.35380785 -6.6353607e-22)
(51.165166 0.36915462 5.5996237e-19)
(51.161152 0.38736102 4.4636318e-19)
(51.156024 0.40929198 -3.3906973e-19)
(51.14962 0.43322626 0)
(51.142351 0.46077279 0)
(51.133887 0.49075105 1.0358381e-19)
(51.124735 0.52164421 -7.9884486e-20)
(51.115789 0.54780915 2.4709223e-20)
(51.106474 0.57894232 -1.4761151e-19)
(51.092051 0.59499554 0)
(51.060075 0.63415373 1.2666778e-19)
(51.001919 0.67309264 0)
(50.978836 0.61895255 -1.331356e-25)
(51.011559 0.65715035 -6.4922774e-20)
(51.047057 0.62932927 -8.0433642e-26)
(51.068346 0.59155346 -2.4522161e-25)
(51.086406 0.55698869 8.1794434e-20)
(51.109221 0.49070377 1.3110313e-20)
(51.146959 0.38917434 0)
(51.180646 0.25699879 0)
(51.168447 0.15899428 -9.3730259e-25)
(51.399315 -0.12098224 -1.58712e-20)
(50.92563 -0.31131818 2.6853357e-22)
(51.270725 0.17900396 0)
(51.269624 0.18239392 -1.9042964e-22)
(51.26799 0.18568099 0)
(51.265827 0.18894784 0)
(51.263144 0.19235859 -5.8229567e-22)
(51.259873 0.1959776 -5.2519164e-22)
(51.255829 0.19977622 4.713661e-22)
(51.250674 0.2038342 -4.2143882e-22)
(51.244079 0.20813488 0)
(51.236011 0.21245675 -1.1964877e-21)
(51.226165 0.21648104 -8.7117481e-22)
(51.214427 0.22101626 0)
(51.201081 0.22663184 1.7161046e-19)
(51.18665 0.23499464 -7.148396e-20)
(51.172904 0.23868962 3.2024265e-22)
(51.15828 0.26121188 -4.1351518e-20)
(51.138014 0.28319927 4.8330062e-20)
(51.112386 0.30885802 0)
(51.061127 0.28866579 -1.4864292e-19)
(50.961473 0.34231264 3.9158978e-19)
(50.893963 0.35174442 0)
(50.922919 0.34404919 1.6040644e-19)
(50.97688 0.34614573 -4.222141e-21)
(51.002524 0.33206529 -6.3265691e-20)
(50.99572 0.29968352 9.8406108e-20)
(50.994589 0.26912989 -5.7832457e-20)
(51.017303 0.21805594 0)
(51.047847 0.14102018 0)
(51.02142 0.073067206 1.5720247e-20)
(51.074988 -0.10033329 0)
(50.908589 -0.33470895 -1.0231023e-21)
(51.342509 -0.10161644 4.0513034e-25)
(51.338018 -0.10364678 9.772617e-24)
(51.332474 -0.10591466 1.43784e-19)
(51.326196 -0.10838649 0)
(51.319445 -0.11101319 0)
(51.312332 -0.11377884 5.7673848e-20)
(51.304852 -0.11666755 -2.5950236e-23)
(51.296945 -0.11966934 -4.7944314e-20)
(51.288547 -0.12276381 0)
(51.279658 -0.12594947 0)
(51.270337 -0.12922832 0)
(51.26059 -0.1328109 0)
(51.250186 -0.13700966 5.5063758e-23)
(51.238716 -0.14252025 -4.9480398e-23)
(51.227777 -0.14758038 0)
(51.209047 -0.16034732 -2.050433e-20)
(51.168418 -0.1714551 1.9573273e-20)
(51.112198 -0.18285627 0)
(51.043986 -0.16454954 0)
(50.963433 -0.15604219 -6.8914182e-21)
(50.904868 -0.11508773 4.7654277e-21)
(50.973226 -0.077455365 0)
(51.046387 -0.078116296 3.7118026e-23)
(51.054733 -0.05719348 -4.4706634e-21)
(51.036463 -0.029901016 1.3103127e-20)
(51.033443 -0.010425529 -6.486805e-21)
(51.049094 0.0074799041 0)
(51.06629 0.0076059434 0)
(50.997277 0.0026555089 -1.7162669e-21)
(51.030837 -0.015688334 2.6857232e-22)
(50.840839 -0.30772785 0)
(30.950833 -0.2062403 -2.9973678e-20)
(36.848537 -0.32741742 -5.4595733e-18)
(40.817755 -0.2284164 6.5646161e-18)
(43.817828 0.0229473 -2.4607027e-18)
(46.312569 0.36819417 3.2149152e-20)
(48.582952 0.79155678 1.9307965e-20)
(50.658726 1.3290406 0)
(52.399907 1.9331359 -1.1980458e-18)
(54.084648 2.6193772 1.8564295e-18)
(55.635572 3.3244027 -7.2527997e-19)
(57.040493 4.0125046 0)
(58.306215 4.6510744 8.4858989e-20)
(59.444385 5.2199877 -3.6450789e-19)
(60.455816 5.7059806 2.622128e-19)
(61.330747 6.0951904 3.1868137e-20)
(62.0138 6.4062424 0)
(62.372462 6.4927322 9.9030943e-20)
(62.26247 6.51233 5.6176227e-20)
(61.34811 6.0679824 -1.5783511e-19)
(59.816076 5.1123303 -1.0506918e-22)
(58.674389 4.4356834 1.2154747e-18)
(57.931186 3.8780469 9.4102536e-23)
(57.322726 3.3475382 5.6427304e-23)
(56.768653 2.8333522 -1.4900398e-18)
(56.26954 2.3412443 6.5679212e-19)
(55.858343 1.8406767 -1.1526582e-18)
(55.450919 1.4081044 -2.5154886e-19)
(55.141972 0.89341114 0)
(54.855502 0.48674399 9.4929968e-20)
(54.448214 0.039877807 -7.5883992e-20)
(52.248496 -0.077611078 1.1175227e-19)
(38.835303 -1.2478347 1.2830913e-18)
(41.885717 -0.69927657 0)
(44.243062 -0.30885204 2.8568827e-20)
(46.299984 0.047325748 -2.8617543e-18)
(48.287323 0.46968068 4.3237263e-18)
(50.206704 0.99850083 -1.7496396e-18)
(51.979979 1.6274479 0)
(53.58654 2.3283629 0)
(55.090412 3.0692075 -2.7713272e-20)
(56.459544 3.7935474 0)
(57.700265 4.4721742 5.6205228e-19)
(58.825769 5.0828355 -4.7987926e-19)
(59.846135 5.6136061 -2.3025323e-20)
(60.757447 6.0554054 -3.8359076e-20)
(61.544641 6.3999399 6.5612078e-24)
(62.131775 6.6679503 0)
(62.392193 6.6913481 -5.2640492e-20)
(62.171503 6.6664684 -6.5541254e-20)
(61.13208 6.0947225 1.7185195e-19)
(59.602416 5.0989363 1.0566405e-22)
(58.543618 4.4411836 4.8528614e-19)
(57.84181 3.8836841 -6.8118069e-19)
(57.252448 3.3502495 8.1594879e-19)
(56.710849 2.834327 -7.2438298e-19)
(56.222453 2.3413715 0)
(55.819926 1.8401811 2.8001291e-19)
(55.418454 1.4081687 -2.4449733e-19)
(55.114387 0.89235224 1.0653029e-19)
(54.831277 0.48847593 7.3957752e-19)
(54.43003 0.038114805 -7.300842e-20)
(52.235495 -0.096347483 2.7446491e-20)
(41.198235 -1.0157701 0)
(43.459804 -0.70454193 1.5876714e-20)
(45.613328 -0.37813665 3.2320535e-18)
(47.679171 0.049411164 -2.6132269e-18)
(49.637826 0.61649518 -2.06648e-18)
(51.444077 1.2895893 1.6655093e-18)
(53.072787 2.0264039 -2.0628615e-20)
(54.537976 2.7991919 0)
(55.881721 3.5686278 -8.1983058e-19)
(57.101968 4.2919853 6.7929992e-19)
(58.212821 4.9486681 -5.4816473e-19)
(59.228017 5.5244522 4.4531083e-19)
(60.154899 6.0131483 3.6730324e-19)
(60.985796 6.4084964 -2.7039538e-19)
(61.701397 6.7074754 -3.0299058e-19)
(62.207127 6.9339802 2.3729375e-19)
(62.384573 6.890623 -2.1842945e-19)
(62.063914 6.8112033 7.0088207e-20)
(60.919161 6.108562 7.409493e-19)
(59.42197 5.1091137 -2.339022e-19)
(58.436989 4.4705415 -2.4254225e-19)
(57.762906 3.9086147 2.2411674e-19)
(57.188168 3.3694279 6.8791235e-23)
(56.65725 2.8490238 3.5661338e-19)
(56.17772 2.3526529 0)
(55.782583 1.8480776 0)
(55.386185 1.4144892 1.209326e-19)
(55.086449 0.89569963 -1.0557668e-19)
(54.807384 0.49279058 -7.3517205e-19)
(54.411964 0.037518228 -3.6543632e-20)
(52.220798 -0.092563991 -1.3737079e-20)
(43.455113 -1.7880895 -9.0337175e-18)
(45.619653 -1.2344481 3.5458187e-18)
(47.631803 -0.60109021 2.871443e-18)
(49.48368 0.1022019 -4.6727513e-18)
(51.19091 0.87525952 1.8948759e-18)
(52.751842 1.6897322 -1.5226104e-18)
(54.163296 2.516637 1.2597719e-18)
(55.442455 3.3338765 0)
(56.615939 4.1109604 -8.1302945e-19)
(57.688536 4.8181905 9.8372014e-21)
(58.674602 5.442744 5.3604959e-19)
(59.585917 5.9769791 -1.3752805e-20)
(60.425786 6.419229 3.7773082e-19)
(61.1822 6.7651528 -6.2275604e-19)
(61.830416 7.0158913 2.9109101e-19)
(62.255758 7.1745022 0)
(62.356113 7.0918819 0)
(61.934668 6.9484078 -1.1261475e-19)
(60.697089 6.1166542 -4.9462591e-20)
(59.245567 5.1315346 -4.8064187e-19)
(58.326987 4.500023 4.830645e-19)
(57.679942 3.9302019 2.2116414e-19)
(57.120855 3.3846785 -1.978642e-19)
(56.601357 2.859887 0)
(56.1315 2.3605612 0)
(55.744394 1.853233 1.3650628e-19)
(55.353578 1.4187048 3.5908365e-19)
(55.058539 0.89751032 1.0477171e-19)
(54.783446 0.49643351 -4.5682833e-20)
(54.394037 0.038348433 -1.8081975e-20)
(52.205653 -0.089080616 -1.5296462e-20)
(45.904292 -2.2830014 0)
(47.822483 -1.4086652 6.2256678e-21)
(49.564007 -0.52653636 2.6186737e-18)
(51.160416 0.37056478 -2.1318434e-18)
(52.628218 1.2875869 6.8543862e-21)
(53.964416 2.2011144 0)
(55.17291 3.0866697 9.1752018e-21)
(56.271949 3.9242598 0)
(57.282816 4.6911062 -6.121037e-21)
(58.216105 5.369399 -1.0006685e-20)
(59.085919 5.9529797 -8.2136766e-21)
(59.901353 6.4397433 1.359355e-20)
(60.661146 6.8315286 1.1408324e-20)
(61.348661 7.1253032 3.1349282e-19)
(61.931281 7.324843 -8.4602041e-21)
(62.282005 7.4033476 -2.3427424e-19)
(62.311301 7.294161 2.3715156e-19)
(61.785497 7.0717307 -2.3912849e-19)
(60.473156 6.1288777 5.2251431e-20)
(59.078781 5.16186 4.8967906e-19)
(58.222989 4.5331295 -9.6058078e-19)
(57.599758 3.955875 1.2012443e-18)
(57.05528 3.4038731 -8.7914522e-19)
(56.546737 2.8743081 1.7348821e-19)
(56.085972 2.3715436 1.5331489e-19)
(55.706498 1.8608094 -4.0516966e-19)
(55.320986 1.4247893 -3.5586363e-19)
(55.030452 0.90068071 -1.0403083e-19)
(54.75957 0.50096768 3.6383884e-19)
(54.375729 0.040092979 0)
(52.191261 -0.069206648 -3.1541998e-21)
(48.505454 -2.4539676 3.5460901e-18)
(50.070995 -1.3126007 0)
(51.501355 -0.23005674 0)
(52.815213 0.82220043 -1.9836395e-18)
(54.018442 1.8472809 1.633872e-18)
(55.113547 2.8248846 1.3607671e-18)
(56.111093 3.7370464 -1.1263116e-18)
(57.027534 4.5693089 0)
(57.880805 5.3078792 5.915722e-21)
(58.6829 5.9445447 4.8721504e-21)
(59.445271 6.4785688 1.2087777e-20)
(60.173054 6.9122265 0)
(60.859872 7.2497597 0)
(61.484098 7.4891688 -3.1027038e-19)
(62.003058 7.6358053 -2.4966115e-22)
(62.286035 7.6343147 4.7037999e-19)
(62.253901 7.4995297 -2.7034279e-19)
(61.622434 7.1802358 -4.2200118e-20)
(60.245951 6.1450621 0)
(58.920565 5.1993405 0)
(58.121257 4.5691277 -5.3674037e-19)
(57.51974 3.9829911 3.2393776e-19)
(56.989595 3.4238533 9.6586738e-20)
(56.491976 2.8890689 2.4208186e-23)
(56.040285 2.3826629 -1.5170132e-19)
(55.668491 1.8683859 -1.3382747e-19)
(55.288336 1.4308307 2.3532038e-19)
(55.002342 0.90379264 1.550299e-19)
(54.735692 0.50557408 -1.3585301e-19)
(54.357119 0.041361407 0)
(52.177732 -0.068577345 5.2595058e-21)
(51.107424 -2.2419286 -6.4532642e-18)
(52.305703 -0.90306868 5.7867167e-22)
(53.400449 0.32422927 2.2188318e-18)
(54.40474 1.4782274 1.8084397e-21)
(55.326997 2.5615209 -1.5077973e-21)
(56.176793 3.5610374 -1.291103e-18)
(56.964163 4.465648 -7.7050559e-22)
(57.702909 5.267068 8.8499066e-19)
(58.407317 5.9597934 -7.3641485e-19)
(59.087917 6.542547 6.0300655e-19)
(59.752195 7.0187672 -3.9556108e-21)
(60.400718 7.3939326 -4.2879303e-19)
(61.021798 7.6736343 3.623382e-19)
(61.588627 7.8571252 -4.9442027e-21)
(62.047452 7.9500233 -4.4824612e-21)
(62.27144 7.8789782 3.8227102e-21)
(62.178648 7.7246073 2.6604696e-20)
(61.442259 7.2764052 -3.5604532e-19)
(60.020525 6.1667135 9.1246007e-19)
(58.771482 5.2431753 -2.5007767e-19)
(58.02256 4.6078575 -1.7763803e-19)
(57.441034 4.0124088 -1.6048619e-19)
(56.924788 3.4459162 1.433555e-19)
(56.437894 2.905576 0)
(55.994969 2.3952601 0)
(55.630665 1.8771263 1.3269609e-19)
(55.255737 1.4377526 5.8443712e-20)
(54.974185 0.90756117 -5.1376289e-20)
(54.711886 0.51063254 -2.2556713e-19)
(54.338469 0.042046752 0)
(52.164443 -0.084403248 -3.4249577e-21)
(53.718121 -1.5555386 7.2597094e-22)
(54.500157 -0.12204042 -1.2065824e-21)
(55.222225 1.1650873 0)
(55.896118 2.3487916 -1.7009324e-21)
(56.533849 3.43137 5.9962357e-25)
(57.141672 4.4069859 -1.2251842e-18)
(57.725327 5.269419 1.0230783e-18)
(58.295333 6.0153457 0)
(58.861576 6.6451816 7.1431473e-19)
(59.431281 7.1622193 -5.9311909e-19)
(60.007156 7.5727703 -1.9426026e-21)
(60.58492 7.8842997 1.6419935e-21)
(61.147689 8.1027509 0)
(61.663364 8.2293708 0)
(62.067101 8.268486 -4.4847732e-21)
(62.242507 8.1353229 3.990848e-21)
(62.083502 7.9519244 -4.7561032e-21)
(61.245433 7.3628073 -5.8464436e-21)
(59.799393 6.1944062 -2.3605129e-19)
(58.630616 5.2930148 5.036834e-19)
(57.925971 4.6492548 -4.7095793e-19)
(57.363168 4.0437449 1.5911302e-19)
(56.860514 3.4695125 4.7393966e-20)
(56.384212 2.9231764 -4.2131477e-20)
(55.949867 2.4086901 0)
(55.592964 1.8864798 3.2946944e-20)
(55.223207 1.4450871 -5.8092132e-20)
(54.946047 0.91165242 5.1154589e-20)
(54.688148 0.51591016 0)
(54.31993 0.042693493 0)
(52.151262 -0.080971982 3.3926562e-21)
(56.187239 -0.37994594 -6.7290711e-22)
(56.541752 1.0270279 -2.8100034e-22)
(56.896317 2.2804178 0)
(57.249799 3.4226335 -8.2383885e-19)
(57.615939 4.4486748 7.3111779e-22)
(57.994424 5.3560465 5.8498819e-19)
(58.387262 6.1439662 -4.8016114e-22)
(58.801639 6.8111244 -4.124357e-19)
(59.24246 7.3619364 -3.2844245e-22)
(59.712868 7.8021559 2.896189e-19)
(60.210467 8.1396445 1.9079316e-21)
(60.726191 8.3826444 -2.0620837e-19)
(61.238306 8.5364968 -1.6518824e-22)
(61.708696 8.60545 1.5903543e-19)
(62.063445 8.5828733 0)
(62.196277 8.404408 0)
(61.972169 8.1574573 -1.6585628e-19)
(61.035712 7.4381178 2.0223848e-19)
(59.585522 6.2298036 0)
(58.497318 5.348031 0)
(57.831405 4.6931417 2.2700591e-19)
(57.286356 4.0770918 -1.9760034e-19)
(56.79702 3.4948845 0)
(56.33116 2.9421537 4.1851699e-20)
(55.905149 2.4232409 7.4125353e-20)
(55.555496 1.8967283 -1.6381682e-19)
(55.190807 1.4530413 -7.8154171e-24)
(54.917951 0.91626845 -2.5486024e-20)
(54.664493 0.52146174 0)
(54.30161 0.043302987 0)
(52.138306 -0.076680807 0)
(58.4061 1.2163033 1.2941105e-18)
(58.362368 2.5301148 1.0650003e-18)
(58.374774 3.6342478 -9.0443231e-19)
(58.439098 4.6838587 3.8180516e-22)
(58.554795 5.6031006 -6.6323739e-19)
(58.722925 6.3998843 5.6060434e-19)
(58.943537 7.0839589 6.9352334e-22)
(59.218868 7.6507215 0)
(59.548792 8.1076383 0)
(59.932427 8.4607861 -2.7649398e-22)
(60.362319 8.7183482 0)
(60.824904 8.8882137 0)
(61.293982 8.9742776 0)
(61.723053 8.9844918 -6.186069e-22)
(62.040032 8.8687243 5.4758583e-22)
(62.135182 8.6627856 -1.3384549e-19)
(61.843706 8.3459858 1.6847883e-19)
(60.816882 7.5053153 0)
(59.380852 6.2739802 0)
(58.370502 5.4075583 0)
(57.738527 4.7395295 1.2400781e-19)
(57.210541 4.1123745 -1.179842e-19)
(56.734287 3.5219221 0)
(56.278721 2.9623584 0)
(55.860823 2.4387538 7.3778528e-20)
(55.518287 1.9077493 -6.5241289e-20)
(55.158575 1.4614789 0)
(54.889939 0.92135146 5.0829771e-20)
(54.640915 0.52719334 -5.5962486e-20)
(54.283603 0.043880926 1.6605388e-20)
(52.125504 -0.07220263 3.9473519e-22)
(60.306335 3.1972441 -8.08704e-22)
(59.916743 4.2820402 -6.2125341e-22)
(59.62882 5.2488349 -3.6295262e-22)
(59.437074 6.1166401 -3.9548981e-22)
(59.330669 6.8862278 3.1280146e-19)
(59.315044 7.5269228 -2.6644086e-19)
(59.388353 8.0829521 -4.7289698e-22)
(59.544202 8.5297742 1.9293068e-19)
(59.779504 8.8796006 -1.6339078e-19)
(60.089716 9.1364075 1.3853074e-19)
(60.462808 9.3077885 1.1783139e-19)
(60.881079 9.4003638 -1.0122018e-19)
(61.314233 9.4159262 0)
(61.70655 9.3631003 4.3978931e-22)
(61.988844 9.1974612 -5.5190829e-22)
(62.057608 8.9182216 6.7771069e-20)
(61.699691 8.5198283 -8.6673315e-20)
(60.595065 7.5714841 -1.0676415e-19)
(59.186273 6.327038 1.2658418e-19)
(58.249245 5.4709283 9.9392516e-22)
(57.647254 4.7883586 -9.0951708e-22)
(57.135783 4.1496012 0)
(56.67241 3.5506702 0)
(56.226991 2.9838473 4.1507725e-20)
(55.816975 2.455285 -7.3535243e-20)
(55.4814 1.9196232 3.4559567e-20)
(55.126558 1.4704299 0)
(54.862044 0.92697509 0)
(54.61746 0.53311015 -1.2605791e-24)
(54.265995 0.044402306 1.2328641e-20)
(52.112697 -0.068416637 -4.5780036e-22)
(61.808107 5.5078222 2.3756122e-22)
(61.152421 6.3099659 -2.4376442e-19)
(60.624163 7.0372835 -8.6935111e-23)
(60.218492 7.6880921 1.7787841e-19)
(59.930599 8.2574082 9.487797e-23)
(59.763064 8.7421637 -6.4168489e-20)
(59.715905 9.1345188 0)
(59.774438 9.4432235 9.094727e-23)
(59.933442 9.6749 -3.9751575e-20)
(60.184235 9.8272776 3.3776202e-20)
(60.511534 9.9069714 0)
(60.893812 9.9188237 0)
(61.296052 9.8606134 0)
(61.665704 9.704683 -1.8696354e-20)
(61.927087 9.4806087 -1.4769297e-23)
(61.964313 9.1715005 1.7303747e-20)
(61.542569 8.6862592 0)
(60.373226 7.6400187 2.7639161e-20)
(59.001741 6.3885586 -3.2159009e-20)
(58.132616 5.5377161 -9.9655791e-22)
(57.557476 4.839644 2.9991645e-20)
(57.062111 4.1887636 7.8826748e-24)
(56.611439 3.5810917 -4.6598097e-20)
(56.176015 3.0065793 4.1430422e-20)
(55.773654 2.472785 4.5333051e-24)
(55.444882 1.9323318 -1.0146973e-20)
(55.094797 1.4798431 -7.1721431e-21)
(54.834302 0.93313227 0)
(54.594202 0.53921395 2.1303816e-26)
(54.248653 0.045001644 0)
(52.100783 -0.055478455 0)
(62.864639 8.0609913 -1.3641145e-19)
(62.024326 8.5325206 -1.1586343e-19)
(61.324026 8.9774517 -1.9872449e-19)
(60.763714 9.3757891 3.4061656e-19)
(60.34366 9.7204901 1.8950457e-22)
(60.063109 10.007321 -1.8717614e-19)
(59.920525 10.232411 5.2927683e-20)
(59.906745 10.388843 -8.7900162e-23)
(60.007864 10.49032 -5.71709e-28)
(60.214049 10.531794 -6.3780341e-23)
(60.506461 10.515162 -1.0912438e-22)
(60.860769 10.439683 0)
(61.245039 10.290998 0)
(61.594917 10.100322 -1.9953509e-20)
(61.839432 9.8183638 -1.5798225e-23)
(61.855483 9.4247983 1.7896532e-20)
(61.374519 8.851943 0)
(60.15323 7.7128212 2.8502311e-20)
(58.827011 6.4580006 -3.3621469e-20)
(58.019952 5.6075663 7.626521e-27)
(57.46918 4.893364 2.910501e-20)
(56.989572 4.2298766 7.6646398e-24)
(56.551442 3.6131794 -4.6601073e-20)
(56.125862 3.0305631 2.0710833e-20)
(55.730932 2.4912558 1.6059179e-20)
(55.408787 1.9459056 -8.1153767e-21)
(55.063336 1.4897191 -7.1708157e-21)
(54.806753 0.93982873 0)
(54.57116 0.54557208 2.792196e-21)
(54.231602 0.045063182 -1.994622e-21)
(52.08935 -0.069277062 0)
(63.451246 10.777212 -5.1332055e-19)
(62.507306 10.886073 4.3792796e-19)
(61.709873 11.022795 -1.8389947e-22)
(61.0608 11.147216 0)
(60.559785 11.249825 2.7743345e-19)
(60.20632 11.324299 -4.7440503e-19)
(59.999222 11.366207 2.01795e-19)
(59.932903 11.35783 8.3713566e-23)
(59.996375 11.312468 0)
(60.174654 11.227376 5.9391594e-23)
(60.445877 11.109678 3.0555887e-22)
(60.792885 10.921689 0)
(61.16611 10.744987 0)
(61.504576 10.492663 1.5374195e-22)
(61.733692 10.155583 0)
(61.730625 9.6764361 -8.528425e-22)
(61.198065 9.0164153 9.5257727e-20)
(59.937352 7.791274 -1.170335e-19)
(58.661592 6.5347284 3.0935106e-21)
(57.910596 5.680331 0)
(57.382357 4.9495149 -3.6465681e-21)
(56.918224 4.2729576 1.0138404e-19)
(56.492485 3.6469 -9.3357745e-20)
(56.076595 3.055783 0)
(55.688875 2.5106728 2.2970266e-21)
(55.373166 1.9603465 3.2515388e-20)
(55.032224 1.5000522 -2.8710677e-20)
(54.779432 0.94703101 0)
(54.548223 0.55227216 1.1174185e-20)
(54.214951 0.045046839 -7.8650342e-21)
(52.078111 -0.068263148 -2.690914e-22)
(63.619352 13.419709 0)
(62.619024 13.200576 -8.0081384e-19)
(61.782001 13.040917 6.9547524e-19)
(61.101757 12.892941 0)
(60.569851 12.752207 5.1468719e-19)
(60.183682 12.61095 -4.3807864e-19)
(59.943706 12.461719 -1.8101668e-22)
(59.853499 12.282131 0)
(59.900492 12.105369 0)
(60.078356 11.872263 2.4008593e-19)
(60.349539 11.66609 -2.3202835e-24)
(60.687978 11.457285 -1.9011111e-19)
(61.060428 11.199709 0)
(61.390976 10.883885 0)
(61.607731 10.4902 0)
(61.589753 9.9348252 5.9636067e-22)
(61.015195 9.1815082 -1.5040426e-21)
(59.727048 7.8761628 3.7421432e-21)
(58.504889 6.6181055 6.2515846e-21)
(57.804158 5.7558798 0)
(57.297058 5.008096 -1.0620126e-19)
(56.848133 4.318031 1.2143335e-19)
(56.434629 3.6822255 -1.1712866e-20)
(56.028266 3.0822357 0)
(55.647549 2.5310237 0)
(55.338063 1.9756614 6.519337e-20)
(55.001506 1.5108645 -5.75415e-20)
(54.752378 0.95470106 2.5393203e-20)
(54.525237 0.5593713 0)
(54.198863 0.045264832 7.7847627e-21)
(52.066691 -0.067303519 5.7376198e-22)
(63.471357 15.73213 -1.6767602e-18)
(62.47291 15.278111 -1.4410094e-21)
(61.626585 14.900404 6.3576439e-19)
(60.939897 14.530864 0)
(60.406146 14.174084 0)
(60.019596 13.832289 4.0880402e-19)
(59.77732 13.504595 -3.4927788e-19)
(59.697406 13.162988 -3.1507288e-19)
(59.753121 12.872853 -1.341515e-21)
(59.923003 12.610198 4.9015577e-19)
(60.201077 12.305675 -2.1240111e-19)
(60.54812 11.994553 -1.865909e-19)
(60.922312 11.65709 1.6694373e-19)
(61.254229 11.273623 0)
(61.46458 10.822946 -2.3570512e-21)
(61.434453 10.200443 1.5912671e-19)
(60.827574 9.3502283 1.0901368e-22)
(59.523298 7.9678208 -3.7057252e-21)
(58.356598 6.7075194 -2.6087267e-19)
(57.70037 5.8341497 0)
(57.213311 5.0691042 -2.431073e-19)
(56.779348 4.3651187 1.9800566e-19)
(56.377917 3.7191191 -1.7663655e-19)
(55.98092 3.1099092 1.2545911e-19)
(55.607003 2.5522875 0)
(55.303518 1.9918408 3.2725672e-20)
(54.971209 1.5221856 -5.7726884e-20)
(54.725615 0.96279263 2.5463956e-20)
(54.502223 0.566811 -4.4809954e-20)
(54.183933 0.046211322 -7.8576248e-21)
(52.055666 -0.060042113 -3.1978374e-22)
(62.879789 18.375538 0)
(62.031968 17.496811 -1.4575851e-18)
(61.262241 16.798153 -2.7932142e-21)
(60.618898 16.17076 1.093561e-18)
(60.114169 15.601121 -9.5001317e-19)
(59.751359 15.079942 1.642618e-18)
(59.530627 14.600478 -7.0709286e-19)
(59.453472 14.195795 0)
(59.52772 13.764942 5.5508025e-19)
(59.715595 13.355298 -7.1536278e-19)
(60.002745 12.94484 2.0721942e-19)
(60.363655 12.534979 1.8257185e-19)
(60.751508 12.11534 -3.3053507e-19)
(61.094612 11.661561 1.5222608e-19)
(61.305934 11.153674 -2.3396447e-21)
(61.266869 10.468264 1.669605e-19)
(60.636407 9.5235192 -2.0042726e-19)
(59.326872 8.0670884 -2.3270478e-19)
(58.215641 6.8026709 2.8919658e-19)
(57.598936 5.9152158 2.6213927e-19)
(57.131132 5.1325529 -4.7496693e-19)
(56.711883 4.4142397 4.2555211e-19)
(56.322365 3.7575463 -1.8968093e-19)
(55.934584 3.1387941 8.4195922e-20)
(55.567266 2.5744461 0)
(55.269559 2.0088661 3.2886983e-20)
(54.941349 1.5340532 0)
(54.699154 0.97126424 -1.0217706e-19)
(54.479396 0.57433246 -2.24618e-20)
(54.168082 0.047966463 1.6277395e-20)
(52.044711 -0.066116784 0)
(61.422203 21.701471 3.1751537e-21)
(60.892687 20.421302 -1.4740558e-18)
(60.367972 19.322839 1.2490236e-21)
(59.907964 18.321128 1.1121892e-18)
(59.536136 17.420363 -9.6248111e-19)
(59.271707 16.614633 8.3376406e-19)
(59.129823 15.889787 3.5446523e-21)
(59.112861 15.250398 6.4072198e-22)
(59.218234 14.661112 -1.0702968e-18)
(59.435695 14.109063 4.6320027e-19)
(59.7494 13.585208 -3.1544426e-21)
(60.135543 13.07697 3.5641473e-19)
(60.547871 12.573577 -3.234462e-19)
(60.912232 12.047734 0)
(61.132523 11.482467 -4.6268307e-21)
(61.091263 10.731123 -5.0576456e-21)
(60.443952 9.7011927 -4.0659112e-19)
(59.138117 8.1747562 4.8778078e-19)
(58.081159 6.9032006 -3.4433376e-20)
(57.499743 5.999204 0)
(57.050493 5.1984488 0)
(56.645737 4.4654018 2.6839498e-19)
(56.267981 3.7974702 -3.8270288e-19)
(55.889283 3.1688748 2.9706984e-19)
(55.528372 2.5974777 -7.5016532e-20)
(55.236221 2.0267055 0)
(54.911948 1.5464971 -1.1660431e-19)
(54.673018 0.98008217 1.0261307e-19)
(54.456897 0.58162031 0)
(54.149712 0.049262694 -1.0907733e-19)
(52.033922 -0.077211219 0)
(59.68509 24.240174 -1.6152143e-21)
(59.407043 22.791894 -1.3771668e-21)
(59.12743 21.491107 0)
(58.891715 20.259497 -2.08574e-21)
(58.708034 19.11983 0)
(58.592552 18.082447 0)
(58.566624 17.144005 -2.7043599e-21)
(58.641068 16.310332 -5.9595215e-19)
(58.81421 15.556201 5.2020296e-19)
(59.083726 14.865523 0)
(59.440697 14.226249 9.19066e-21)
(59.864134 13.619667 0)
(60.311114 13.031619 4.8954333e-21)
(60.70707 12.432285 2.9298907e-19)
(60.944698 11.809778 -5.7389518e-19)
(60.907865 10.992856 3.421171e-19)
(60.252506 9.883586 -2.5628629e-20)
(58.957347 8.2912821 5.1031431e-19)
(57.952535 7.0086465 -5.5804613e-19)
(57.402639 6.0861884 0)
(56.971409 5.2667935 4.8460171e-19)
(56.580968 4.5185993 -9.2219759e-19)
(56.214839 3.8388555 2.8995218e-19)
(55.845109 3.2001333 -1.7140233e-19)
(55.490419 2.6213609 -7.5701282e-20)
(55.203595 2.0453184 1.5017518e-23)
(54.883082 1.559532 2.3474967e-19)
(54.647272 0.98922994 5.1577482e-20)
(54.434755 0.5885585 -4.0684286e-19)
(54.127353 0.05068185 2.1153115e-19)
(52.022933 -0.079043334 1.1462516e-21)
(57.630695 26.457797 -1.5779577e-18)
(57.635443 24.861778 1.3463078e-18)
(57.615 23.411415 -1.1788307e-18)
(57.622155 22.015045 1.0225944e-18)
(57.65573 20.696954 -8.9126458e-19)
(57.724807 19.474768 6.041905e-21)
(57.851335 18.356214 0)
(58.046064 17.359357 0)
(58.316024 16.441325 -5.1296229e-19)
(58.660511 15.619708 4.3440233e-19)
(59.076843 14.86663 5.9360725e-21)
(59.549507 14.162491 1.0515055e-20)
(60.040955 13.489702 0)
(60.479007 12.81554 0)
(60.743146 12.135643 2.6790692e-19)
(60.718265 11.255962 -3.3849301e-19)
(60.063513 10.071691 2.5704622e-20)
(58.78452 8.4169026 0)
(57.829049 7.1189376 0)
(57.307788 6.1762583 0)
(56.894132 5.3375837 -4.9060464e-19)
(56.517841 4.5738124 4.3926821e-19)
(56.163191 3.8816683 9.7823673e-20)
(55.8023 3.2325469 -2.0112498e-23)
(55.453625 2.646074 -3.3701778e-23)
(55.171863 2.0646589 2.6928303e-19)
(54.854901 1.5731535 -3.5479267e-19)
(54.622025 0.9987044 2.0751804e-19)
(54.413019 0.59528099 3.1772976e-19)
(54.106117 0.05098831 -2.0945043e-19)
(52.011585 -0.081475343 -4.2177651e-22)
(55.26329 28.384109 2.7662113e-21)
(55.589469 26.687529 1.2806839e-18)
(55.86136 25.127288 -1.1177952e-18)
(56.136339 23.609588 9.8509194e-19)
(56.411259 22.155472 0)
(56.691896 20.786831 -5.7885349e-21)
(56.997518 19.524493 0)
(57.33697 18.376061 -5.5457519e-19)
(57.725032 17.316938 4.8269707e-19)
(58.16649 16.368268 4.1934445e-19)
(58.658088 15.504957 -3.7797684e-19)
(59.191947 14.704945 3.1520981e-19)
(59.737239 13.948283 -2.7647443e-19)
(60.22778 13.198198 0)
(60.528534 12.459784 2.9593338e-19)
(60.522816 11.522172 -6.2310382e-19)
(59.877959 10.266561 5.1030737e-20)
(58.619865 8.5517348 1.0429585e-18)
(57.710947 7.2340331 -1.1502538e-18)
(57.215906 6.2694796 6.8643636e-19)
(56.819305 5.4108167 2.4867832e-19)
(56.456885 4.6310153 2.2271339e-19)
(56.113462 3.9258833 -1.9830318e-19)
(55.761204 3.2660937 0)
(55.418264 2.6715991 0)
(55.141232 2.0846809 1.3605847e-19)
(54.827554 1.5873417 -1.1926908e-19)
(54.597352 1.0085074 -1.0447958e-19)
(54.391665 0.60201359 -6.839712e-19)
(54.090575 0.049267417 3.2869458e-19)
(52.000522 -0.082169506 -7.4259821e-21)
(52.612209 29.970177 -2.7823386e-21)
(53.280866 28.247617 4.7545052e-21)
(53.879371 26.631203 1.069463e-18)
(54.449458 25.042135 -9.4568956e-19)
(54.991655 23.489909 -8.1597012e-19)
(55.50727 22.016136 7.0414417e-19)
(56.007685 20.646065 6.144755e-19)
(56.517014 19.3531 2.9116141e-22)
(57.044314 18.17516 -6.9658036e-21)
(57.601022 17.108508 -4.0282827e-19)
(58.183589 16.139662 3.5284544e-19)
(58.790843 15.24646 -3.1302299e-19)
(59.399119 14.407856 2.897737e-24)
(59.952336 13.581613 -2.6765543e-19)
(60.300917 12.781978 5.0583342e-19)
(60.32345 11.789356 -2.9654402e-19)
(59.697779 10.468712 3.5478596e-19)
(58.465382 8.6958002 -5.2631373e-19)
(57.599786 7.354107 0)
(57.128062 6.3659872 4.1801454e-19)
(56.747624 5.4865253 -1.0097814e-18)
(56.398541 4.6901926 4.5223319e-19)
(56.06591 3.9714889 -1.0064167e-18)
(55.721968 3.3007553 7.1216625e-19)
(55.384392 2.6979225 6.7279576e-23)
(55.111712 2.1053415 -1.3756564e-19)
(54.800967 1.602069 -2.4088093e-19)
(54.573131 1.0186412 1.0524814e-19)
(54.370364 0.60894138 7.3328654e-19)
(54.077304 0.046727475 -1.9097035e-19)
(51.989859 -0.084167455 -1.7242872e-20)
(49.706643 31.14937 1.3375052e-18)
(50.694806 29.500152 -1.1447655e-18)
(51.645186 27.893529 2.0421542e-18)
(52.542334 26.298129 -2.8695509e-22)
(53.377444 24.709321 -7.9639994e-19)
(54.153173 23.159439 -1.0683437e-20)
(54.880558 21.685527 -5.9299871e-19)
(55.575852 20.297793 5.132761e-19)
(56.267076 19.01254 -8.7716751e-24)
(56.958425 17.838289 0)
(57.648623 16.769237 -3.381283e-19)
(58.342683 15.786157 3.1887398e-19)
(59.023656 14.868442 -1.7063288e-20)
(59.649764 13.967791 3.2132064e-20)
(60.058191 13.102761 -4.0066253e-24)
(60.130371 12.051023 0)
(59.52845 10.677986 -3.9756822e-19)
(58.325164 8.8491826 3.9841088e-19)
(57.496705 7.4798049 -2.9779564e-19)
(57.044078 6.466018 -5.6597718e-19)
(56.678586 5.5647754 1.0263306e-18)
(56.342188 4.7513377 -6.8965939e-19)
(56.019867 4.0184921 1.6367538e-18)
(55.683943 3.3365292 -3.6161302e-19)
(55.351369 2.7250526 -3.1807036e-19)
(55.082762 2.1266253 2.972755e-24)
(54.77456 1.6173374 2.4342302e-19)
(54.548898 1.0291382 -1.0615935e-19)
(54.348466 0.61621082 9.216716e-20)
(54.064457 0.044011625 1.2312423e-20)
(51.979891 -0.091369057 2.1775726e-21)
(46.627498 31.938531 0)
(47.806617 30.384364 -7.0463056e-21)
(49.037291 28.867001 -6.168301e-21)
(50.263558 27.339777 -5.9719358e-21)
(51.432997 25.775496 1.103625e-20)
(52.514601 24.199533 5.8857981e-19)
(53.518936 22.664156 -4.7798198e-23)
(54.446338 21.199877 -4.081731e-19)
(55.339423 19.826222 -4.0372811e-19)
(56.20094 18.555369 3.6135074e-19)
(57.025009 17.392043 0)
(57.82592 16.32263 1.7525166e-20)
(58.593869 15.3288 -2.5501898e-19)
(59.305848 14.359097 1.7989887e-19)
(59.792054 13.420734 3.0358138e-20)
(59.925648 12.336114 -2.7593904e-19)
(59.373664 10.896721 4.7096e-19)
(58.199734 9.0125759 1.3086743e-19)
(57.397003 7.612347 2.9561037e-19)
(56.959951 6.5698737 2.7988197e-19)
(56.608862 5.6456246 2.5377232e-19)
(56.285189 4.8144114 4.542449e-19)
(55.973213 4.0668424 -4.0352916e-19)
(55.645421 3.3733306 -7.1141092e-19)
(55.317787 2.7528956 6.2363356e-19)
(55.053311 2.148409 -1.6328074e-18)
(54.74745 1.6330229 0)
(54.524153 1.0399047 0)
(54.325735 0.62378081 8.8660442e-20)
(54.05197 0.04116612 -2.4128826e-20)
(51.96993 -0.093381637 4.4889839e-21)
(28.775314 0.22415525 0)
(35.239186 0.0073946116 -1.7785828e-23)
(39.480853 0.061600903 0)
(42.717607 0.22865767 -8.1499398e-21)
(45.37591 0.48176372 5.9173307e-21)
(47.719438 0.81276357 1.3506994e-23)
(49.868198 1.2513618 -5.7953956e-20)
(51.760907 1.7803844 0)
(53.527512 2.3913769 3.2911587e-20)
(55.161166 3.0459165 1.5680622e-21)
(56.649658 3.708623 -3.9725503e-20)
(57.993296 4.3424949 -1.1963899e-19)
(59.20077 4.9215376 4.6486873e-20)
(60.273149 5.4283098 3.8164505e-20)
(61.201451 5.8441257 4.9846588e-22)
(61.942313 6.1816068 0)
(62.359066 6.3189236 -1.3008099e-24)
(62.310294 6.3790467 1.0968522e-19)
(61.471245 5.9923377 0)
(59.950721 5.0734596 -2.1986242e-19)
(58.765739 4.3909708 -1.9454399e-23)
(57.99975 3.8412984 -1.0347162e-18)
(57.37862 3.3192247 0)
(56.815251 2.8118361 8.6170046e-19)
(56.308805 2.3248786 7.7306053e-19)
(55.891389 1.8290816 1.3808904e-18)
(55.479824 1.3992181 -3.0021198e-22)
(55.167218 0.88812717 1.0937935e-18)
(54.876927 0.48213496 1.1844538e-22)
(54.465522 0.040391043 0)
(52.258749 -0.091484659 -6.2681923e-24)
(28.486218 0.32854688 0)
(35.163709 0.32803342 -1.1302193e-20)
(39.451759 0.38665099 9.1312663e-21)
(42.648029 0.43999195 6.414784e-20)
(45.274537 0.61427624 0)
(47.579429 0.87634273 -4.2012304e-20)
(49.683983 1.2512333 6.0343183e-20)
(51.577039 1.7208883 -2.6960933e-21)
(53.337261 2.2673713 -6.5535033e-20)
(54.976701 2.8704197 1.568196e-21)
(56.483949 3.4983326 3.8693263e-20)
(57.853642 4.1138528 6.0237668e-20)
(59.089148 4.6882091 -4.8330225e-20)
(60.188788 5.2010604 6.0009192e-22)
(61.140538 5.6310501 0)
(61.906819 5.9821603 -5.612601e-20)
(62.341073 6.1582375 -4.8117179e-20)
(62.329201 6.2127607 -1.0786853e-19)
(61.528334 5.8973946 0)
(60.020403 5.0178096 -2.0534416e-19)
(58.815102 4.3395359 -9.6557953e-22)
(58.039527 3.8010024 9.5465584e-19)
(57.412854 3.2884525 -8.7456361e-19)
(56.844972 2.7885887 -7.8795177e-19)
(56.334874 2.3072844 -7.0385554e-19)
(55.913621 1.8166094 0)
(55.499617 1.3897236 0)
(55.184837 0.88228205 -9.8379652e-19)
(54.892055 0.47747719 0)
(54.477858 0.040824011 0)
(52.266996 -0.090105685 -1.135279e-19)
(28.445864 0.2738469 0)
(35.230887 0.45591331 3.9514704e-20)
(39.505779 0.51581995 0)
(42.632081 0.58202588 -5.186229e-20)
(45.1844 0.70635495 -5.384984e-20)
(47.430665 0.91786651 0)
(49.486419 1.2370135 0)
(51.358789 1.6500238 -4.3697202e-20)
(53.110569 2.1385362 3.5632988e-20)
(54.756618 2.6925842 -5.3407894e-20)
(56.284081 3.2850722 3.8944609e-20)
(57.682521 3.8803057 -6.1938731e-20)
(58.949804 4.4479123 -4.9889154e-20)
(60.081078 4.9650514 0)
(61.061416 5.4083584 -5.2610959e-22)
(61.857769 5.7737349 5.9284914e-20)
(62.319542 5.9925183 0)
(62.340019 6.0554288 4.0739376e-22)
(61.590708 5.7948573 1.4793349e-19)
(60.09697 4.9574147 2.0237616e-19)
(58.865614 4.2844016 -1.1346484e-23)
(58.078133 3.7576078 -4.6281969e-19)
(57.445946 3.2552097 1.6883787e-18)
(56.873888 2.7634372 1.3055243e-23)
(56.360526 2.2882573 -6.7628515e-19)
(55.935651 1.803073 -8.8187479e-22)
(55.519474 1.3794263 -7.5971779e-26)
(55.202732 0.87593349 2.3052528e-22)
(54.90749 0.47259512 -1.0180493e-22)
(54.489539 0.041188161 8.7771893e-23)
(52.276419 -0.08789914 0)
(28.366204 0.31134543 -5.7332107e-20)
(35.208202 0.52160266 3.9589745e-20)
(39.493621 0.57613855 3.1384148e-20)
(42.584886 0.63915076 1.1399253e-19)
(45.079356 0.7495149 3.489189e-20)
(47.274656 0.92775632 4.5453831e-20)
(49.286182 1.2006813 0)
(51.13658 1.5631054 4.4020422e-20)
(52.879438 2.0012234 2.9883031e-20)
(54.529403 2.5100639 5.3173174e-20)
(56.074034 3.0676679 3.7628262e-24)
(57.499242 3.6414652 2.038478e-21)
(58.797728 4.200663 5.2104383e-20)
(59.961203 4.7204815 -4.2254895e-20)
(60.971911 5.1762644 5.5101366e-22)
(61.799115 5.5568246 -6.1957309e-20)
(62.292931 5.8213548 -5.1676869e-20)
(62.349549 5.8899483 0)
(61.653608 5.6842201 -1.4853834e-19)
(60.179742 4.8912731 1.9946208e-19)
(58.921859 4.2249955 -4.5983218e-19)
(58.120425 3.7107984 -4.4629675e-19)
(57.481943 3.2192804 -1.6227484e-18)
(56.905278 2.7362369 7.2829365e-19)
(56.388334 2.2677091 6.4970713e-19)
(55.959623 1.7884242 -5.6316421e-22)
(55.541164 1.3683107 0)
(55.222377 0.86909693 9.038587e-19)
(54.924344 0.46754986 1.9484302e-22)
(54.500918 0.041456726 -1.6271508e-22)
(52.286913 -0.089405076 1.226661e-19)
(28.205636 0.33247401 5.3360193e-20)
(35.114523 0.54005984 2.5638905e-25)
(39.438158 0.59789033 -1.6700846e-20)
(42.503937 0.65729239 -7.1000948e-20)
(44.968862 0.75106848 1.1261049e-20)
(47.123744 0.90312796 -8.0131673e-20)
(49.09488 1.1381721 5.6145009e-20)
(50.922463 1.4574458 0)
(52.6534 1.8523467 -3.8899518e-20)
(54.3026 2.3205699 3.3944386e-21)
(55.859557 2.8449882 5.3885294e-24)
(57.307887 3.3969983 1.355397e-19)
(58.635616 3.9465406 0)
(59.830737 4.4675866 4.407452e-20)
(60.872583 4.9348837 0)
(61.730131 5.3312918 4.7412826e-25)
(62.260205 5.6428532 5.4206476e-20)
(62.356641 5.7160807 8.4879457e-22)
(61.715323 5.5649555 -1.1610436e-21)
(60.266191 4.8189807 -1.9510464e-19)
(58.983044 4.1608541 0)
(58.166666 3.6602325 1.1109969e-23)
(57.521362 3.1803781 7.7707468e-19)
(56.939716 2.7067663 6.9836219e-19)
(56.41881 2.2454797 -6.0591331e-22)
(55.985976 1.7725343 0)
(55.565001 1.3562886 0)
(55.244006 0.86170985 -8.6254305e-19)
(28.062526 0.28082177 2.4797323e-20)
(34.96417 0.48641474 -1.0335044e-19)
(39.351797 0.56214338 3.3676261e-20)
(42.42584 0.62238846 -2.7102401e-20)
(44.867327 0.70592427 1.0859965e-20)
(46.984845 0.8391888 8.6774263e-21)
(48.916839 1.0452431 -6.2254895e-20)
(50.718687 1.3297697 0)
(52.433722 1.6888282 -3.0467068e-20)
(54.077505 2.121802 5.1738558e-20)
(55.641933 2.6157994 -8.7613573e-20)
(13.934592 0.68334462 0)
(14.755344 0.49240566 0)
(15.555347 0.39333414 -7.1157938e-18)
(16.249499 0.4451337 6.5823923e-18)
(16.831884 0.4951523 0)
(7.1986073 0.46594829 3.8658208e-18)
(12.822967 0.43849632 -4.0791098e-18)
(42.407437 35.847957 2.2274998e-18)
(42.624891 33.904545 0)
(3.238028 1.0923428 0)
(9.0822083 0.3718197 4.9089581e-18)
(16.265844 -0.086561072 -7.9787834e-18)
(21.689748 0.28332586 0)
(4.1193332 0.17124475 -1.4023249e-17)
(10.305707 -0.83318139 8.1625189e-18)
(18.658996 -1.211388 0)
(27.364599 -1.181021 3.9396074e-18)
(33.897685 -1.3721502 -2.9524859e-18)
(1.154527 2.172286 -7.728324e-18)
(10.221469 -1.3214476 -5.5825798e-18)
(20.072181 -2.338224 2.2183916e-18)
(30.222393 -2.2143658 1.7376124e-17)
(35.921738 -1.9272454 -1.4576968e-17)
(38.795658 -1.1428854 2.9899664e-18)
(10.112708 0.78266264 -1.5705053e-17)
(20.268631 -5.1544199 -2.6041964e-18)
(31.951993 -4.7339625 -1.2113994e-17)
(37.053723 -3.7354993 8.0213375e-18)
(39.555037 -2.8919068 -3.2519195e-18)
(41.4359 -2.0432677 7.861987e-18)
(22.329597 -3.6407344 6.3477308e-18)
(32.203824 -9.556428 -8.2224349e-18)
(37.563761 -6.9425415 9.0997009e-18)
(40.373387 -5.2065498 -1.8186389e-18)
(42.419712 -4.0276419 0)
(44.092088 -2.9036435 0)
(32.947767 -6.889583 -9.0611551e-18)
(37.993352 -11.663528 -1.0617755e-17)
(42.362103 -8.339998 1.0634815e-17)
(44.511198 -6.3627924 1.6689996e-18)
(45.941321 -4.8016803 0)
(47.10177 -3.4114848 -4.2276115e-18)
(40.507658 -7.7973498 0)
(45.444183 -13.230539 0)
(47.901208 -9.0158651 -3.9880895e-18)
(48.734635 -6.7676069 0)
(49.421332 -4.9644752 3.6204962e-18)
(50.095388 -3.4523844 -9.6185107e-19)
(47.351131 -7.3793191 0)
(51.177054 -12.711907 1.2434997e-18)
(52.532908 -8.3478884 9.0426313e-19)
(52.705059 -6.3014729 0)
(52.886825 -4.372311 1.9585378e-21)
(53.110916 -2.9392228 1.7253891e-18)
(53.297403 -5.7709689 0)
(57.102404 -11.146479 -1.1683779e-18)
(57.208154 -7.22537 8.7139287e-19)
(56.616808 -4.905489 -2.6744781e-18)
(56.212392 -3.2295516 3.1123239e-18)
(56.017227 -1.7406152 -8.2896259e-19)
(58.867897 -2.9353342 -2.5346584e-18)
(61.690419 -8.8649323 2.273705e-18)
(61.073741 -4.7653147 -1.666357e-18)
(59.978478 -2.8499138 1.2587372e-18)
(59.178506 -1.3773343 -4.8592747e-19)
(58.632318 -0.049968645 -1.5523031e-18)
(63.823127 0.92776101 2.2103165e-18)
(65.8627 -5.9719105 -2.2180002e-18)
(64.441777 -1.85055 -1.5961438e-18)
(62.880573 -0.23442346 1.1894204e-18)
(61.720083 0.98787174 6.8641985e-19)
(60.868317 2.1111703 -5.4773966e-19)
(68.320651 5.9637392 7.149497e-19)
(69.014944 -2.0481356 1.6328565e-21)
(66.892361 1.6010713 5.8089154e-22)
(65.092617 2.8544769 -2.8209116e-19)
(63.705851 3.7929638 -2.1637631e-19)
(62.630755 4.6742087 5.5998278e-23)
(72.041143 12.5721 -3.2102237e-20)
(71.430438 2.2032116 4.9000306e-19)
(68.576063 5.2919566 -1.8469982e-19)
(66.628617 6.2107844 2.1181921e-22)
(65.095023 6.8894999 2.0541694e-19)
(63.866024 7.524501 1.6382187e-19)
(73.45543 14.938145 0)
(73.122585 7.4531102 6.123478e-21)
(69.848921 9.4916799 1.6469347e-19)
(67.622646 9.8090496 -2.4514126e-19)
(65.917092 10.172327 3.8581518e-19)
(64.56722 10.560582 -6.1107173e-19)
(74.687511 16.237107 4.4544312e-19)
(73.712531 11.407532 0)
(70.472417 13.151216 1.6401543e-18)
(68.228717 13.172802 -4.2465598e-19)
(66.362689 13.356064 -3.3674136e-19)
(64.847532 13.493174 0)
(73.586519 21.055394 0)
(73.403476 15.411176 0)
(70.335891 16.746674 2.0430617e-18)
(68.23833 16.078137 -4.239918e-19)
(66.32502 16.158228 -1.2167476e-18)
(64.728917 16.083503 9.8765963e-19)
(72.148182 25.769641 3.5565259e-18)
(71.973981 21.019436 -3.9420894e-18)
(69.21933 20.939111 -5.7011135e-19)
(67.078948 20.448754 0)
(65.470498 19.478712 0)
(63.976052 19.112661 5.095615e-19)
(70.54018 30.204251 0)
(70.292318 25.481525 0)
(67.218516 25.337646 0)
(65.143808 24.297599 0)
(63.533304 23.428036 0)
(62.217635 22.797199 1.0523925e-18)
(68.256762 34.35862 -3.5362512e-18)
(68.161068 29.425278 -1.9151904e-18)
(65.19795 28.761327 0)
(63.191199 27.475919 0)
(61.627937 26.367235 6.5331316e-19)
(60.328995 25.520732 5.0522224e-19)
(65.276279 38.077599 0)
(65.242544 33.012571 -7.5552875e-18)
(62.463096 31.896711 4.8882411e-18)
(60.635667 30.352562 0)
(59.236391 28.993148 -3.1606066e-18)
(58.052282 27.934486 4.8639553e-18)
(61.714403 41.285963 5.3343527e-18)
(61.837075 36.151588 1.8592896e-18)
(59.282558 34.610039 0)
(57.663915 32.835139 3.309751e-18)
(56.456897 31.260608 -2.4512028e-18)
(55.418833 30.015793 -3.7458973e-18)
(57.616923 43.923649 8.9657371e-18)
(57.857598 38.739232 -1.6558651e-17)
(55.638743 36.82111 4.6930674e-18)
(54.299941 34.848789 0)
(53.335104 33.098275 0)
(52.478404 31.701011 9.0113331e-19)
(53.466986 40.756588 1.0922141e-17)
(51.638822 38.483977 -1.1506085e-18)
(50.609246 36.34362 -3.9422261e-18)
(49.917561 34.447222 -1.1623188e-18)
(49.27456 32.928213 -2.6090571e-18)
(47.34119 39.613011 1.1313457e-18)
(46.624874 37.351329 7.7090812e-19)
(46.239513 35.346669 3.3956732e-18)
(45.918241 33.73433 -8.3992748e-19)
(41.887375 32.680003 4.7851967e-21)
(40.830321 31.503195 -1.0216468e-18)
(39.864677 30.111754 1.7729757e-18)
(39.077283 28.605626 -7.6340577e-19)
(38.494047 27.021566 1.0185005e-20)
(38.134904 25.377807 -7.7515542e-21)
(38.019889 23.727782 0)
(38.147685 22.130025 -2.6327479e-19)
(38.494237 20.60875 3.3840567e-19)
(39.029639 19.193796 -1.177543e-19)
(39.730527 17.851785 0)
(40.561806 16.546428 -1.5047205e-20)
(41.082666 14.515886 -2.8002887e-19)
(41.422799 15.127266 -2.4262062e-19)
(41.960467 12.794524 -3.9126156e-20)
(42.211124 13.40031 2.8284253e-19)
(42.796168 10.559643 1.085582e-19)
(42.911544 11.145331 -2.461915e-20)
(43.874515 8.2237672 0)
(43.924226 8.7530722 0)
(44.78625 6.5198889 1.8252159e-19)
(44.872907 6.8367032 -3.4188357e-19)
(45.48423 5.7063171 0)
(45.516835 5.9461738 0)
(46.380264 4.6533804 -3.4076424e-19)
(46.423915 4.8455411 3.4516441e-19)
(46.980069 4.0083322 6.0916966e-19)
(46.999372 4.1588494 -9.2610675e-19)
(47.759484 3.1942133 -1.9526256e-22)
(47.783629 3.3155219 1.3719264e-18)
(48.284788 2.6820091 -7.2021536e-19)
(48.292443 2.7775843 -9.7298372e-19)
(48.966628 2.0323748 7.7092707e-24)
(48.980001 2.1072166 8.5531187e-19)
(49.387248 1.6553645 -7.427951e-19)
(49.389456 1.710729 -2.1335475e-23)
(49.948771 1.1877844 0)
(49.951315 1.229302 6.5475062e-19)
(50.257701 0.98225557 2.8122455e-19)
(50.257614 1.0105337 1.1354158e-18)
(50.690497 0.6703698 -2.4699385e-19)
(50.68751 0.69401049 -2.4654733e-19)
(50.944845 0.43969297 1.070186e-19)
(50.939044 0.4539158 0)
(51.176831 0.27578752 7.1667103e-19)
(51.175977 0.28544878 8.7440048e-20)
(51.273033 0.16846925 -8.0509648e-20)
(51.272022 0.17433456 -7.9808138e-20)
(51.350583 -0.095445344 5.6778343e-20)
(51.347485 -0.098960742 -1.1284154e-19)
)
;

boundaryField
{
    Side1
    {
        type            empty;
    }
    Inlet
    {
        type            freestreamVelocity;
        freestreamValue uniform (51.471881 0 0);
        value           nonuniform List<vector> 
92
(
(51.716303 -0.046122275 8.8830299e-25)
(51.712668 -0.047776513 -2.2644537e-24)
(51.708107 -0.051696242 -3.2307631e-21)
(51.702786 -0.054957786 0)
(51.697525 -0.057831282 8.5065599e-24)
(51.691533 -0.060791662 -3.3309369e-20)
(51.684926 -0.063764928 1.3924563e-23)
(51.677594 -0.066633958 2.566119e-20)
(51.668684 -0.06831127 0)
(51.659996 -0.071466131 0)
(51.648906 -0.072141502 0)
(51.632916 -0.07958267 0)
(51.618689 -0.067836918 -5.9360737e-23)
(51.602373 -0.090362893 8.1784783e-24)
(51.576943 -0.094210613 0)
(51.555621 -0.069293414 1.1104033e-20)
(51.537573 -0.099420437 -3.1716989e-21)
(51.509149 -0.10284793 0)
(51.482637 -0.049849501 0)
(51.455309 -0.11642761 3.85826e-21)
(51.42534 -0.095554632 -3.8686655e-21)
(51.407661 0.0031677496 2.6935778e-22)
(51.387357 -0.088908837 -3.367969e-23)
(51.363647 0.01828331 0)
(51.346405 -0.11004429 -3.0668746e-20)
(51.311165 -0.12925252 1.1144369e-20)
(51.261115 -0.12116634 0)
(51.219544 -0.14325795 0)
(51.199584 -0.15518687 1.3385946e-22)
(51.191153 -0.1668092 -5.0988438e-22)
(51.471881 0 0)
(51.471881 0 0)
(51.471881 0 0)
(51.471881 0 0)
(51.471881 0 0)
(51.471881 0 0)
(51.471881 0 0)
(51.471881 0 0)
(51.471881 0 0)
(51.471881 0 0)
(51.471881 0 0)
(51.471881 0 0)
(51.471881 0 0)
(51.471881 0 0)
(51.471881 0 0)
(51.471881 0 0)
(51.471881 0 0)
(51.471881 0 0)
(51.471881 0 0)
(51.471881 0 0)
(51.471881 0 0)
(51.471881 0 0)
(51.471881 0 0)
(51.471881 0 0)
(51.471881 0 0)
(51.471881 0 0)
(51.471881 0 0)
(51.471881 0 0)
(51.471881 0 0)
(51.471881 0 0)
(51.157306 -0.15340254 0)
(51.471881 0 0)
(51.859867 -0.038773443 5.5829921e-20)
(51.853361 -0.048132493 1.3711495e-20)
(51.846034 -0.046244313 -6.8629473e-21)
(51.838484 -0.04450598 -7.6423363e-21)
(51.831306 -0.034577795 -1.5759364e-21)
(51.824548 -0.03426354 2.6278253e-21)
(51.817906 -0.042170443 -1.7112135e-21)
(51.81133 -0.040457159 1.6951201e-21)
(51.804869 -0.0383146 0)
(51.798486 -0.036078483 1.9724277e-22)
(51.792098 -0.034187886 -2.2876346e-22)
(51.786151 -0.027723214 0)
(51.780425 -0.034617141 0)
(51.774809 -0.034110542 -1.3446279e-22)
(51.769106 -0.033631387 2.8670731e-22)
(51.763596 -0.030002749 -1.5979436e-22)
(51.758106 -0.033036441 0)
(51.752699 -0.038577811 0)
(51.7472 -0.03949196 5.7269498e-22)
(51.741525 -0.040706348 -2.107261e-22)
(51.735988 -0.041051573 -3.7099924e-21)
(51.730655 -0.042048884 -8.614298e-21)
(51.725668 -0.045645364 1.0878529e-21)
(51.720688 -0.046650107 2.2425349e-21)
(51.864967 -0.045701839 -3.1313219e-24)
(51.869093 -0.045013647 -5.6714565e-20)
(51.873809 -0.043912313 0)
(51.879047 -0.044664079 6.1280283e-20)
(51.471881 0 0)
(51.471881 0 0)
)
;
    }
    Side2
    {
        type            empty;
    }
    Outlet
    {
        type            zeroGradient;
    }
    Botwall
    {
        type            movingWallVelocity;
        value           nonuniform List<vector> 0();
    }
    Cyli
    {
        type            noSlip;
    }
    procBoundary2to0
    {
        type            processor;
        value           nonuniform List<vector> 
55
(
(6.0612994 1.2617536 7.4225471e-18)
(6.5914222 1.357596 -6.8864849e-18)
(7.1972806 1.3711941 6.2968105e-18)
(7.9066316 1.3577439 0)
(8.6787522 1.2869655 0)
(1.6144745 0.96809828 -3.9422562e-18)
(5.3784537 0.98370095 0)
(-1.015015 2.3342726 2.5184368e-18)
(2.2121654 1.4262443 2.2077508e-18)
(2.2121654 1.4262443 2.2077508e-18)
(42.888239 40.236376 0)
(42.471989 37.92476 3.0311416e-18)
(42.471989 37.92476 3.0311416e-18)
(38.616128 35.754123 1.0917268e-18)
(39.142616 33.753443 1.6169634e-18)
(-2.1231105 2.3249734 0)
(-2.1231105 2.3249734 0)
(-3.7816765 2.6646604 -3.140054e-18)
(-3.7816765 2.6646604 -3.140054e-18)
(53.068915 45.939665 -1.8133975e-18)
(53.068915 45.939665 -1.8133975e-18)
(48.770572 42.161213 -5.4011222e-18)
(48.770572 42.161213 -5.4011222e-18)
(38.699181 32.339514 -1.2487157e-18)
(37.809057 30.902532 0)
(37.170823 29.328758 0)
(36.726096 27.703048 -7.8094639e-19)
(36.483297 26.046679 1.3370118e-18)
(36.454146 24.388795 -5.5752503e-19)
(36.638593 22.772812 0)
(37.021951 21.239191 0)
(37.58421 19.80675 1.1060988e-20)
(38.31724 18.452042 9.7055723e-21)
(39.179665 17.17404 2.7790228e-19)
(40.130109 15.900566 -2.4363481e-19)
(40.130109 15.900566 -2.4363481e-19)
(40.761018 13.946897 2.8010116e-19)
(41.726918 12.244646 -3.8192306e-19)
(42.67593 10.024437 -4.1499224e-19)
(43.807597 7.7742108 6.4226893e-19)
(44.694144 6.2589704 -7.4255769e-19)
(45.448984 5.4929087 -1.8340422e-19)
(46.331425 4.4867065 1.3373033e-18)
(46.95819 3.8745974 -8.9724008e-19)
(47.732666 3.0866857 2.6548476e-19)
(48.275386 2.5959411 7.0662909e-19)
(48.951343 1.9648759 -8.3031842e-19)
(49.384646 1.6043517 -3.6519949e-19)
(49.945199 1.1489857 0)
(50.25774 0.9546776 0)
(50.692778 0.64732443 1.2175355e-19)
(50.950103 0.42553394 -1.0612749e-19)
(51.177919 0.26601802 7.2599696e-19)
(51.274781 0.16296426 -4.0140596e-20)
(51.35181 -0.091525438 3.0015941e-20)
)
;
    }
    procBoundary2to3
    {
        type            processor;
        value           nonuniform List<vector> 
35
(
(54.942719 0.46240125 -1.5229978e-18)
(54.512669 0.041572849 -7.4905885e-23)
(52.297615 -0.092686109 9.9006061e-24)
(57.10942 3.1465641 6.9832913e-20)
(58.463974 3.6856353 1.7546884e-21)
(59.689718 4.2066189 -2.8618317e-21)
(60.762921 4.6842223 -7.5343422e-20)
(61.649769 5.0965956 -6.6499046e-20)
(62.219872 5.4499851 5.7744002e-20)
(62.359532 5.5338569 -1.0952869e-19)
(61.773889 5.4363896 -1.1587341e-21)
(60.355213 4.7409196 1.485023e-21)
(59.047528 4.0915896 -1.6744679e-21)
(58.215628 3.6056435 -4.0867561e-19)
(57.563341 3.1382785 0)
(56.976596 2.6748759 0)
(56.451508 2.2214918 0)
(56.014338 1.7553762 1.0500732e-18)
(55.590631 1.3433893 -4.537372e-22)
(54.942719 0.46240125 -1.5229978e-18)
(55.267294 0.8538529 8.2205874e-19)
(27.952209 0.21651379 9.2063247e-20)
(17.442475 0.47956897 5.6068104e-18)
(34.822774 0.37760707 -7.7291293e-20)
(39.267638 0.4612061 3.1753476e-20)
(42.352182 0.52554477 -1.2895801e-20)
(44.77218 0.60693605 -3.1309512e-20)
(46.853763 0.73045429 -8.4266587e-20)
(48.747642 0.91747112 6.7848995e-21)
(50.521378 1.1765923 5.4463856e-21)
(52.217437 1.5077656 -4.3570174e-20)
(53.852303 1.9116025 5.9225483e-20)
(57.10942 3.1465641 6.9832913e-20)
(55.420213 2.3789165 -4.4604782e-20)
(17.442475 0.47956897 5.6068104e-18)
)
;
    }
}


// ************************************************************************* //
