/*--------------------------------*- C++ -*----------------------------------*\
| =========                 |                                                 |
| \\      /  F ield         | OpenFOAM: The Open Source CFD Toolbox           |
|  \\    /   O peration     | Version:  2406                                  |
|   \\  /    A nd           | Website:  www.openfoam.com                      |
|    \\/     M anipulation  |                                                 |
\*---------------------------------------------------------------------------*/
FoamFile
{
    version     2.0;
    format      ascii;
    arch        "LSB;label=32;scalar=64";
    class       volScalarField;
    location    "0.04";
    object      rho;
}
// * * * * * * * * * * * * * * * * * * * * * * * * * * * * * * * * * * * * * //

dimensions      [1 -3 0 0 0 0 0];

internalField   nonuniform List<scalar> 
8260
(
1.2190059
1.2169832
1.215406
1.2135247
1.2116258
1.2098976
1.2084076
1.2071575
1.2062321
1.2055396
1.2050174
1.204714
1.2045603
1.2045114
1.2045542
1.2046432
1.2047627
1.2048967
1.2050286
1.2051493
1.2052537
1.2053367
1.205402
1.2054424
1.2054793
1.2054821
1.2055339
1.2054934
1.2056923
1.2055663
1.2061452
1.2210277
1.2193023
1.2174113
1.2153139
1.2132833
1.2114247
1.2097811
1.2083704
1.2072512
1.2063727
1.2056961
1.205241
1.2049571
1.2048024
1.2047605
1.2047818
1.2048496
1.2049459
1.2050512
1.2051543
1.2052482
1.2053259
1.2053894
1.2054301
1.2054679
1.2054721
1.2055236
1.2054844
1.2056816
1.2055655
1.2061731
1.2219341
1.2203835
1.2184882
1.2164034
1.2143911
1.2125282
1.2108459
1.2093716
1.2081512
1.2071657
1.2063899
1.205833
1.2054503
1.2052139
1.2051049
1.2050691
1.2050897
1.2051482
1.2052227
1.2053006
1.2053734
1.2054334
1.2054817
1.2055095
1.2055363
1.2055326
1.2055774
1.2055367
1.2057297
1.2056147
1.2062459
1.2223855
1.2209865
1.2192429
1.2172812
1.2153484
1.2135272
1.2118491
1.2103469
1.2090615
1.2079934
1.2071308
1.2064811
1.2060037
1.2056778
1.2054944
1.2053923
1.2053546
1.2053642
1.2053973
1.2054405
1.2054846
1.2055212
1.2055505
1.2055638
1.2055789
1.205567
1.2056045
1.2055611
1.2057485
1.2056403
1.206295
1.2225957
1.2213514
1.2198069
1.2180243
1.2162194
1.2144796
1.2128395
1.2113353
1.2100068
1.2088693
1.2079244
1.2071806
1.2066064
1.2061896
1.2059186
1.2057442
1.2056426
1.2055986
1.2055872
1.2055941
1.2056089
1.2056224
1.2056335
1.2056328
1.2056369
1.2056175
1.2056484
1.2056038
1.2057862
1.2056842
1.2063522
1.2226059
1.2215092
1.220173
1.2185986
1.2169601
1.2153407
1.2137756
1.2123017
1.2109589
1.2097734
1.2087587
1.2079263
1.2072616
1.206754
1.2063905
1.2061368
1.2059673
1.2058655
1.2058051
1.2057713
1.205753
1.2057397
1.2057292
1.2057115
1.2057018
1.2056726
1.2056948
1.2056474
1.2058229
1.2057285
1.2064174
1.2224593
1.2215003
1.2203674
1.2190094
1.2175584
1.2160872
1.2146285
1.213217
1.2118916
1.2106848
1.2096196
1.2087129
1.2079635
1.2073676
1.2069142
1.206574
1.2063305
1.2061661
1.2060515
1.205972
1.2059159
1.2058722
1.2058371
1.2058002
1.205775
1.2057352
1.2057478
1.2056979
1.2058662
1.2057813
1.2064935
1.2222401
1.221452
1.2204739
1.2193
1.2180316
1.2167194
1.215387
1.2140635
1.2127843
1.2115839
1.210491
1.2095281
1.2087049
1.208025
1.2074849
1.2070582
1.2067332
1.2065015
1.2063279
1.2061979
1.2060998
1.206022
1.2059593
1.2059008
1.2058582
1.2058063
1.205808
1.2057549
1.205915
1.205841
1.2065821
1.2219743
1.2213963
1.2205292
1.2194934
1.2183914
1.2172391
1.2160437
1.2148265
1.2136178
1.21245
1.2113538
1.2103558
1.2094742
1.2087198
1.2080965
1.2075858
1.2071799
1.2068725
1.206636
1.2064513
1.2063068
1.2061911
1.2060975
1.2060146
1.2059523
1.2058866
1.205876
1.2058193
1.2059704
1.2059092
1.206684
1.2215106
1.2211736
1.2205071
1.2196077
1.2186482
1.2176474
1.2165924
1.2154935
1.2143739
1.2132619
1.2121869
1.2111771
1.2102559
1.2094408
1.2087414
1.2081526
1.2076685
1.2072816
1.2069762
1.2067333
1.2065386
1.206381
1.206253
1.206143
1.2060586
1.2059774
1.2059528
1.2058919
1.2060332
1.2059869
1.2068004
1.2210888
1.2207682
1.2202749
1.2196113
1.2188058
1.2179463
1.2170283
1.2160535
1.2150366
1.2139996
1.2129683
1.21197
1.2110308
1.2101725
1.2094106
1.20875
1.2081911
1.2077284
1.2073499
1.2070444
1.2067961
1.2065932
1.2064275
1.2062873
1.2061783
1.2060798
1.2060395
1.2059737
1.2061042
1.206075
1.2069317
1.2206964
1.2204694
1.22006
1.2194924
1.2188379
1.2181255
1.217346
1.2164984
1.2155926
1.2146447
1.2136762
1.2127115
1.2117764
1.2108953
1.2100882
1.2093673
1.2087396
1.2082055
1.2077567
1.2073847
1.2070794
1.2068284
1.2066221
1.2064487
1.2063127
1.2061948
1.2061371
1.2060656
1.2061843
1.2061743
1.2070782
1.220274
1.2200996
1.2197759
1.2193593
1.218859
1.2182513
1.2175771
1.2168388
1.216038
1.2151835
1.21429
1.2133772
1.2124678
1.2115858
1.2107534
1.2099884
1.2093031
1.2087039
1.2081895
1.2077535
1.2073881
1.2070865
1.2068372
1.2066282
1.2064628
1.2063235
1.2062465
1.2061684
1.2062742
1.2062854
1.2072389
1.2199228
1.2198111
1.2195659
1.219202
1.2187435
1.2182229
1.2176611
1.2170374
1.2163462
1.2155921
1.2147854
1.2139409
1.2130775
1.2122169
1.2113816
1.2105921
1.2098653
1.2092125
1.2086389
1.2081437
1.207721
1.2073667
1.2070725
1.2068259
1.2066292
1.2064667
1.2063688
1.206283
1.2063746
1.2064085
1.2074118
1.2194608
1.2193913
1.2192003
1.2189061
1.2185441
1.2181196
1.2176391
1.2171075
1.2165149
1.2158586
1.2151432
1.2143782
1.2135777
1.2127597
1.2119444
1.211153
1.2104045
1.2097146
1.2090936
1.208546
1.2080711
1.2076672
1.2073268
1.2070415
1.2068122
1.2066249
1.2065045
1.2064098
1.2064861
1.2065432
1.2075934
1.218898
1.2188699
1.2187252
1.2184912
1.2182333
1.2179114
1.217491
1.2170248
1.2165189
1.2159579
1.2153379
1.2146621
1.2139396
1.2131839
1.2124118
1.2116424
1.2108954
1.2101888
1.2095369
1.2089491
1.2084299
1.2079806
1.2075975
1.2072743
1.207011
1.206798
1.2066539
1.2065491
1.2066085
1.2066882
1.2077786
1.2181943
1.2182062
1.2181098
1.2179258
1.2177027
1.2174751
1.2171899
1.2167945
1.216344
1.215866
1.2153437
1.2147664
1.2141361
1.213461
1.2127539
1.2120309
1.2113102
1.2106104
1.2099482
1.2093369
1.2087855
1.2082991
1.2078783
1.2075203
1.2072246
1.206985
1.2068168
1.2067005
1.2067412
1.2068414
1.2079604
1.2173447
1.2173863
1.2173294
1.2171958
1.2170231
1.2168271
1.2166306
1.2163906
1.2160447
1.2156252
1.2151706
1.2146831
1.2141509
1.21357
1.2129464
1.2122918
1.2116217
1.2109534
1.2103042
1.2096897
1.2091224
1.2086115
1.2081615
1.2077737
1.2074494
1.2071845
1.2069916
1.2068625
1.2068825
1.2069994
1.2081307
1.2163692
1.2164298
1.2164024
1.2163098
1.2161868
1.2160385
1.2158651
1.2156962
1.2155284
1.2152708
1.2148912
1.2144542
1.2139952
1.2135052
1.2129748
1.2124056
1.2118072
1.2111939
1.2105816
1.2099863
1.2094228
1.2089033
1.2084364
1.2080271
1.2076794
1.2073925
1.2071766
1.2070323
1.207029
1.2071571
1.2082801
1.2153467
1.2154188
1.2154144
1.215356
1.2152756
1.2151799
1.2150624
1.214915
1.2147384
1.2145664
1.2143929
1.21412
1.2137281
1.2132926
1.2128419
1.2123638
1.2118518
1.2113133
1.2107601
1.2102064
1.2096678
1.2091583
1.2086896
1.2082703
1.207907
1.2076032
1.2073673
1.2072059
1.2071753
1.2073072
1.2083995
1.214288
1.2143635
1.2143749
1.2143435
1.2142964
1.2142396
1.2141694
1.2140806
1.2139676
1.2138265
1.2136628
1.213502
1.2132962
1.2129831
1.2126001
1.2121875
1.2117569
1.2113037
1.2108264
1.2103339
1.2098403
1.20936
1.2089064
1.208491
1.2081229
1.2078087
1.2075568
1.207377
1.2073133
1.2074375
1.2084807
1.2132469
1.2133196
1.2133401
1.2133275
1.2133042
1.2132746
1.2132358
1.2131842
1.2131164
1.2130273
1.2129101
1.2127666
1.2126295
1.2124959
1.2122765
1.2119421
1.2115614
1.2111768
1.2107786
1.2103596
1.2099275
1.2094942
1.209073
1.2086765
1.2083157
1.2079995
1.2077366
1.2075369
1.2074319
1.2075236
1.2085118
1.212261
1.2123276
1.2123534
1.2123549
1.21235
1.212342
1.2123287
1.2123073
1.2122754
1.2122304
1.2121689
1.2120856
1.2119749
1.2118393
1.2117068
1.2115464
1.2112956
1.2109776
1.2106358
1.210286
1.2099243
1.2095519
1.2091779
1.2088148
1.208474
1.208165
1.2078963
1.2076748
1.2075178
1.2075286
1.2084464
1.2113637
1.2114213
1.2114482
1.211458
1.2114644
1.2114697
1.2114721
1.2114697
1.2114607
1.2114429
1.2114139
1.2113707
1.2113087
1.2112218
1.211111
1.2110056
1.2109024
1.2107235
1.2104495
1.2101437
1.2098405
1.2095324
1.2092157
1.2088978
1.2085883
1.2082958
1.2080263
1.2077811
1.2075591
1.2074243
1.2081568
1.2105942
1.2106422
1.2106681
1.2106829
1.2106963
1.21071
1.2107228
1.2107333
1.2107402
1.210742
1.2107367
1.2107222
1.2106958
1.2106543
1.2105932
1.2105085
1.2104027
1.2102995
1.2101683
1.2099586
1.2097063
1.2094488
1.2091892
1.2089233
1.2086539
1.2083857
1.2081209
1.2078522
1.2075551
1.2072175
1.207437
1.2099636
1.2100011
1.2100235
1.2100391
1.2100545
1.2100709
1.2100874
1.2101031
1.210117
1.2101281
1.2101349
1.2101357
1.2101285
1.2101109
1.2100802
1.2100324
1.2099627
1.2098731
1.2097895
1.209708
1.2095582
1.2093403
1.209117
1.2088994
1.208674
1.2084361
1.2081822
1.2078959
1.2075283
1.2069784
1.205885
1.2094968
1.209524
1.2095416
1.2095555
1.20957
1.2095857
1.2096022
1.2096188
1.2096347
1.2096495
1.2096621
1.2096712
1.2096752
1.2096721
1.2096601
1.2096368
1.2095999
1.2095466
1.2094754
1.2093902
1.2093099
1.2091965
1.2090244
1.2088439
1.2086601
1.2084562
1.2082222
1.2079337
1.2075261
1.2069048
1.2064402
1.2092137
1.2092285
1.2092381
1.209246
1.2092546
1.2092642
1.2092747
1.2092859
1.2092974
1.2093087
1.209319
1.2093275
1.209333
1.209334
1.2093291
1.2093168
1.2092957
1.2092644
1.2092195
1.2091589
1.2090886
1.2090268
1.208934
1.2087925
1.2086417
1.2084733
1.2082713
1.208002
1.2075827
1.2067985
1.2050266
1.2089879
1.209
1.2090103
1.2090196
1.2090291
1.2090392
1.2090501
1.2090619
1.2090747
1.2090881
1.2091013
1.209113
1.2091219
1.2091264
1.2091253
1.2091167
1.2090991
1.209073
1.2090409
1.2090044
1.2089605
1.2089121
1.20888
1.2088187
1.2087029
1.2085789
1.2084381
1.2082457
1.2079527
1.2074192
1.2053024
1.209296
1.2092995
1.2093027
1.2093054
1.2093081
1.2093108
1.209313
1.209313
1.2093097
1.2093019
1.2092894
1.2092729
1.2092529
1.2092295
1.2092027
1.2091735
1.2091429
1.2091109
1.2090769
1.2090396
1.2089972
1.2089456
1.2088842
1.2088365
1.2088038
1.2087471
1.2086777
1.2086099
1.2085433
1.2087034
1.2077917
1.2090953
1.209115
1.209127
1.2091309
1.2091274
1.2091171
1.2091007
1.2090788
1.2090523
1.209022
1.2089889
1.208954
1.2089183
1.2088824
1.2088472
1.208813
1.2087798
1.2087471
1.2087141
1.2086791
1.2086393
1.2085906
1.2085278
1.208449
1.2083539
1.2082744
1.2082569
1.2082712
1.208311
1.2089023
1.2079467
1.1885441
1.1884177
1.1883222
1.1883834
1.188621
1.1890539
1.1896837
1.1904674
1.1914082
1.1924608
1.1936192
1.1948495
1.1960087
1.1971125
1.1982323
1.1992567
1.2001728
1.2010073
1.2017412
1.2023814
1.2029295
1.2033844
1.203761
1.2040533
1.2042997
1.2044527
1.2046322
1.2046252
1.2048478
1.204596
1.2048191
1.1878393
1.18788
1.1879297
1.1881516
1.1885462
1.1891165
1.1898489
1.1907287
1.1917267
1.1928022
1.193976
1.1951732
1.196257
1.1973345
1.1984148
1.1993853
1.2002596
1.2010583
1.2017683
1.2023905
1.2029246
1.2033716
1.2037446
1.2040368
1.2042844
1.2044402
1.2046216
1.2046189
1.2048495
1.2046166
1.2048706
1.1866761
1.1867948
1.1870068
1.1874429
1.1880562
1.188821
1.1897316
1.1907569
1.1918604
1.1930163
1.1942378
1.195416
1.1964972
1.1975979
1.1986523
1.1995807
1.2004396
1.20122
1.2019123
1.2025172
1.2030364
1.2034702
1.2038315
1.2041132
1.2043513
1.2044998
1.2046748
1.204669
1.2048957
1.2046607
1.2049069
1.1853045
1.1856527
1.1861311
1.1868201
1.1876544
1.1886029
1.1896627
1.1908188
1.1920144
1.1932372
1.194474
1.1956414
1.1967574
1.1978685
1.1988907
1.1997804
1.2006294
1.2013884
1.2020585
1.2026417
1.2031411
1.2035569
1.2039025
1.2041713
1.2043986
1.2045395
1.2047084
1.2047006
1.2049272
1.2046988
1.2049598
1.1839231
1.184566
1.1853292
1.1862699
1.1873208
1.1884499
1.1896627
1.1909477
1.1922205
1.1934727
1.1947144
1.1959029
1.197039
1.1981385
1.1991109
1.1999784
1.2008126
1.2015471
1.2021946
1.2027568
1.2032375
1.2036375
1.2039699
1.2042283
1.204447
1.2045821
1.2047462
1.2047371
1.2049635
1.2047391
1.2050151
1.1826815
1.1836341
1.1846579
1.1858307
1.1870836
1.1883868
1.189756
1.1911271
1.1924344
1.1937342
1.1949953
1.196191
1.1973356
1.1984011
1.1993216
1.2001876
1.2009958
1.2017058
1.2023314
1.2028733
1.2033362
1.2037209
1.2040402
1.2042879
1.2044975
1.204626
1.2047846
1.2047737
1.2049994
1.2047791
1.205073
1.1816131
1.1828819
1.1841687
1.1855365
1.1869718
1.188438
1.1899075
1.1913355
1.1927037
1.1940343
1.1953024
1.1965027
1.1976391
1.1986518
1.1995409
1.2003994
1.2011802
1.201866
1.2024694
1.202991
1.2034359
1.203805
1.2041108
1.2043476
1.204548
1.20467
1.2048231
1.2048106
1.205036
1.2048195
1.2051452
1.1808205
1.1823016
1.1838453
1.1854344
1.1870259
1.1885996
1.1901379
1.1916147
1.1930223
1.1943667
1.1956382
1.1968396
1.1979381
1.1988888
1.1997723
1.2006122
1.2013654
1.2020269
1.2026078
1.2031088
1.2035356
1.2038892
1.2041817
1.2044076
1.204599
1.2047145
1.2048621
1.2048479
1.2050731
1.2048598
1.2051886
1.180388
1.182067
1.1837923
1.1855249
1.1872231
1.1888732
1.1904595
1.1919646
1.1933887
1.1947391
1.1960111
1.1971849
1.1982128
1.1991314
1.200017
1.2008265
1.2015517
1.2021882
1.2027463
1.2032268
1.2036356
1.2039736
1.204253
1.2044681
1.2046503
1.2047593
1.2049014
1.2048855
1.2051105
1.2049006
1.2052539
1.1803859
1.182192
1.1840172
1.1858211
1.1875772
1.1892712
1.1908786
1.1923878
1.1938142
1.1951644
1.1964062
1.1975127
1.1984782
1.1993905
1.2002645
1.2010426
1.2017392
1.2023502
1.2028852
1.2033451
1.2037358
1.2040583
1.2043245
1.2045287
1.2047019
1.2048044
1.2049409
1.2049234
1.2051483
1.2049417
1.2052903
1.1808342
1.1826858
1.1845279
1.1863318
1.1880925
1.1897929
1.1913955
1.1928957
1.1943057
1.195616
1.1967819
1.1978087
1.1987624
1.199679
1.2005157
1.201261
1.2019279
1.2025128
1.2030243
1.2034634
1.203836
1.2041431
1.2043961
1.2045896
1.2047536
1.2048496
1.2049806
1.2049615
1.2051863
1.2049833
1.2053411
1.181561
1.183434
1.1852602
1.1870452
1.18879
1.1904485
1.1919922
1.1934501
1.1948117
1.1960441
1.1971221
1.1981308
1.1990951
1.1999745
1.2007704
1.2014816
1.2021179
1.202676
1.2031636
1.2035819
1.2039364
1.204228
1.2044678
1.2046505
1.2048055
1.2048949
1.2050203
1.2049997
1.2052244
1.2050254
1.2053927
1.1822502
1.1841759
1.1860113
1.1878221
1.1896077
1.1912081
1.19263
1.1939963
1.195291
1.1964438
1.1975002
1.198521
1.1994417
1.2002739
1.201029
1.2017047
1.2023092
1.2028397
1.2033032
1.2037003
1.2040366
1.2043127
1.2045394
1.2047113
1.2048574
1.2049403
1.2050601
1.205038
1.2052624
1.2050678
1.2054507
1.1837733
1.1854498
1.187061
1.1887472
1.190487
1.1919931
1.1933248
1.1946083
1.1957967
1.1969079
1.1979721
1.1989343
1.1997962
1.2005798
1.201292
1.2019301
1.2025017
1.203004
1.2034428
1.2038187
1.2041367
1.2043973
1.2046109
1.2047721
1.2049091
1.2049856
1.2050998
1.2050762
1.2053002
1.2051103
1.2055138
1.1868128
1.1881341
1.1894356
1.190639
1.191699
1.1929197
1.1942334
1.195417
1.1964983
1.1975173
1.1984817
1.199363
1.2001623
1.2008932
1.2015593
1.2021579
1.2026954
1.2031687
1.2035824
1.2039368
1.2042365
1.2044817
1.2046822
1.2048327
1.2049608
1.2050307
1.2051395
1.2051144
1.2053377
1.2051527
1.2055778
1.1892958
1.1904059
1.1914042
1.1923657
1.1933054
1.1942961
1.1953329
1.1963294
1.1972695
1.1981653
1.1990151
1.1998104
1.2005409
1.2012141
1.2018311
1.202388
1.2028901
1.2033337
1.2037218
1.2040546
1.2043359
1.2045656
1.204753
1.2048929
1.2050122
1.2050757
1.2051789
1.2051524
1.2053748
1.2051952
1.2056554
1.1921832
1.1929728
1.1936264
1.1942975
1.1950023
1.1957435
1.1965217
1.1973088
1.1980843
1.1988427
1.1995747
1.2002774
1.2009319
1.2015424
1.2021072
1.2026205
1.2030859
1.2034988
1.203861
1.204172
1.2044347
1.2046489
1.2048234
1.2049527
1.2050632
1.2051203
1.205218
1.2051902
1.2054114
1.2052373
1.2057069
1.1953805
1.1958091
1.1960796
1.1964028
1.1968024
1.1972658
1.1977888
1.1983558
1.1989493
1.1995573
1.2001619
1.2007636
1.2013352
1.2018781
1.2023877
1.2028551
1.2032824
1.203664
1.2039997
1.2042886
1.2045328
1.2047315
1.2048931
1.205012
1.2051137
1.2051645
1.2052568
1.2052278
1.2054474
1.2052795
1.2057713
1.1988612
1.198895
1.1987449
1.1986798
1.1987338
1.1988896
1.1991411
1.1994718
1.1998666
1.2003113
1.2007766
1.2012688
1.2017508
1.2022212
1.2026725
1.2030917
1.2034795
1.2038288
1.2041376
1.2044041
1.2046298
1.2048131
1.204962
1.2050705
1.2051637
1.2052083
1.2052952
1.205265
1.2054829
1.2053215
1.2058309
1.2025685
1.2021892
1.2015966
1.2011153
1.2007925
1.2006136
1.2005756
1.2006546
1.2008347
1.2011043
1.2014183
1.2017926
1.2021787
1.2025715
1.202961
1.2033298
1.2036765
1.2039925
1.204274
1.2045181
1.2047252
1.2048934
1.2050297
1.2051281
1.2052129
1.2052515
1.2053332
1.2053018
1.2055178
1.2053636
1.2059032
1.2064286
1.2056266
1.204585
1.2036754
1.2029571
1.2024212
1.2020826
1.2019017
1.201853
1.2019378
1.2020879
1.2023348
1.2026182
1.2029278
1.2032517
1.2035675
1.2038716
1.2041538
1.2044077
1.2046295
1.2048184
1.2049717
1.2050959
1.2051845
1.2052613
1.205294
1.2053706
1.2053383
1.2055522
1.2054056
1.2059477
1.210431
1.2091874
1.2076983
1.2063626
1.2052417
1.2043297
1.2036841
1.2032341
1.2029369
1.2028239
1.2027918
1.2028972
1.2030684
1.2032874
1.2035413
1.2038015
1.2040617
1.2043098
1.2045365
1.2047366
1.204908
1.2050474
1.2051601
1.2052394
1.2053086
1.2053356
1.2054074
1.2053745
1.2055864
1.205448
1.2060038
1.2147364
1.2130881
1.211202
1.2094382
1.2078677
1.2065256
1.2055245
1.204737
1.2041466
1.2038008
1.2035521
1.2034897
1.2035322
1.2036496
1.2038274
1.2040292
1.2042446
1.2044589
1.2046594
1.204839
1.2049942
1.2051205
1.2052226
1.2052933
1.2053552
1.2053769
1.2054442
1.2054108
1.2056209
1.2054909
1.2060595
1.2188398
1.2172026
1.2153306
1.2132411
1.2111961
1.2093592
1.2078071
1.2065071
1.205565
1.204913
1.2044028
1.2041371
1.204028
1.2040294
1.2041224
1.2042611
1.204429
1.2046082
1.204782
1.2049409
1.2050798
1.205193
1.2052845
1.2053467
1.2054015
1.2054179
1.2054808
1.205447
1.2056558
1.2055348
1.2061244
1.1897208
1.1897298
1.1896589
1.1896562
1.1897816
1.1900462
1.1904852
1.1910716
1.1918224
1.1927033
1.1937025
1.1948004
1.1958807
1.1969277
1.1979989
1.1990031
1.1999154
1.2007606
1.2015163
1.2021775
1.2027493
1.2032285
1.2036282
1.2039408
1.2042044
1.2043703
1.2045585
1.2045547
1.2047784
1.2045256
1.2047392
1.19007
1.1900622
1.1900631
1.1901101
1.1902225
1.1904583
1.1908258
1.1913475
1.1920321
1.1928537
1.193797
1.194841
1.1958898
1.1969202
1.1979685
1.1989571
1.1998637
1.2007074
1.2014663
1.2021287
1.2027022
1.2031856
1.2035898
1.2039069
1.2041747
1.2043443
1.2045355
1.2045335
1.2047563
1.2045006
1.2047189
1.1902367
1.1902883
1.1903584
1.1904474
1.1905857
1.1908197
1.1911623
1.1916441
1.1922746
1.1930399
1.1939268
1.1949141
1.1959234
1.1969291
1.1979517
1.1989237
1.1998238
1.2006613
1.201418
1.2020807
1.2026546
1.2031416
1.2035498
1.203871
1.2041428
1.2043159
1.20451
1.2045097
1.2047306
1.2044715
1.2047003
1.1904687
1.1905984
1.1907254
1.1908311
1.1909784
1.1912033
1.1915239
1.1919656
1.1925412
1.193246
1.1940711
1.1949972
1.1959613
1.1969359
1.19793
1.1988836
1.1997755
1.2006074
1.2013615
1.2020267
1.2026039
1.203094
1.2035067
1.2038324
1.2041086
1.2042855
1.2044825
1.2044841
1.2047029
1.2044405
1.204671
1.190735
1.1909042
1.1910484
1.1911894
1.1913536
1.1915749
1.1918774
1.1922844
1.1928109
1.1934589
1.1942234
1.1950892
1.1960059
1.1969455
1.1979084
1.1988415
1.1997226
1.2005483
1.2012992
1.2019669
1.2025494
1.2030425
1.2034601
1.2037909
1.2040717
1.2042527
1.2044527
1.2044562
1.2046727
1.2044073
1.204631
1.1909656
1.1911611
1.1913358
1.1915065
1.1916903
1.1919161
1.1922086
1.1925896
1.193076
1.1936743
1.1943832
1.1951916
1.1960605
1.1969629
1.1978923
1.1988026
1.1996704
1.2004881
1.2012357
1.2019046
1.2024913
1.2029883
1.203411
1.2037471
1.2040327
1.204218
1.204421
1.2044264
1.2046401
1.204371
1.2045742
1.1911703
1.1913921
1.1915969
1.1917916
1.1919943
1.1922291
1.192518
1.1928812
1.1933358
1.1938915
1.1945502
1.1953051
1.1961265
1.1969899
1.1978844
1.1987695
1.1996213
1.200429
1.2011719
1.2018409
1.2024305
1.2029313
1.2033593
1.2037007
1.2039914
1.2041812
1.2043872
1.2043944
1.2046047
1.2043302
1.2045022
1.1913634
1.1916067
1.1918353
1.192052
1.1922735
1.1925197
1.1928095
1.1931609
1.1935906
1.1941101
1.1947241
1.1954291
1.1962039
1.1970272
1.1978855
1.1987431
1.1995765
1.2003719
1.2011086
1.2017764
1.2023676
1.2028715
1.2033048
1.2036516
1.2039473
1.2041419
1.204351
1.2043603
1.204566
1.2042838
1.2044023
1.1915507
1.1918106
1.1920577
1.1922942
1.192534
1.1927927
1.1930862
1.1934304
1.193841
1.1943299
1.1949042
1.1955632
1.1962929
1.1970752
1.1978963
1.1987242
1.1995368
1.2003176
1.2010461
1.2017096
1.2023025
1.2028112
1.2032473
1.2035994
1.2039003
1.2040998
1.2043121
1.2043239
1.2045232
1.2042303
1.2043054
1.1917404
1.1920082
1.1922673
1.1925234
1.1927813
1.1930529
1.1933519
1.1936922
1.194088
1.1945513
1.1950904
1.1957073
1.1963935
1.1971346
1.1979174
1.1987139
1.199503
1.2002669
1.2009852
1.201643
1.2022357
1.2027482
1.2031869
1.203544
1.2038499
1.2040544
1.20427
1.2042848
1.2044753
1.204169
1.2042124
1.1919283
1.1922018
1.1924811
1.1927523
1.1930239
1.1933067
1.1936113
1.1939495
1.1943336
1.1947752
1.195283
1.1958614
1.1965058
1.1972059
1.1979495
1.1987132
1.1994762
1.2002209
1.2009267
1.2015778
1.2021686
1.2026827
1.2031238
1.2034858
1.2037965
1.2040061
1.2042249
1.204243
1.2044211
1.2041005
1.2040637
1.1921271
1.1924205
1.1927106
1.1929898
1.1932705
1.1935614
1.1938704
1.1942066
1.1945807
1.1950031
1.195483
1.1960257
1.1966302
1.1972895
1.1979936
1.1987228
1.1994576
1.2001808
1.2008718
1.2015144
1.2021015
1.2026158
1.2030584
1.2034251
1.2037404
1.203955
1.2041768
1.2041986
1.2043602
1.2040263
1.203937
1.1923713
1.1926683
1.1929587
1.1932422
1.1935287
1.1938244
1.1941352
1.1944682
1.1948325
1.1952373
1.1956913
1.1962007
1.196767
1.1973862
1.1980503
1.1987436
1.1994482
1.2001473
1.2008213
1.2014532
1.2020332
1.2025475
1.2029938
1.2033622
1.2036816
1.2039011
1.2041259
1.2041517
1.2042932
1.2039481
1.2038155
1.1926639
1.1929469
1.1932348
1.1935191
1.1938069
1.1941031
1.194412
1.1947396
1.195093
1.1954803
1.1959095
1.1963873
1.1969167
1.1974962
1.1981202
1.1987764
1.1994489
1.2001216
1.2007761
1.201395
1.2019664
1.2024788
1.2029277
1.2032972
1.2036204
1.2038447
1.204072
1.2041023
1.2042217
1.2038699
1.203618
1.1929928
1.1932654
1.1935483
1.1938286
1.1941124
1.1944041
1.1947071
1.1950258
1.1953661
1.1957349
1.1961394
1.1965863
1.1970798
1.1976201
1.1982039
1.1988218
1.1994604
1.2001046
1.2007371
1.2013408
1.2019024
1.2024109
1.2028594
1.20323
1.2035567
1.2037856
1.2040152
1.2040507
1.2041479
1.2037972
1.2034764
1.1933772
1.1936355
1.1939076
1.1941778
1.1944518
1.1947335
1.1950256
1.1953313
1.1956555
1.1960038
1.1963829
1.1967989
1.1972568
1.1977583
1.1983017
1.1988804
1.1994835
1.2000971
1.2007052
1.2012912
1.2018413
1.2023438
1.2027898
1.203161
1.2034906
1.2037241
1.2039557
1.2039968
1.2040736
1.2037312
1.203235
1.1938276
1.1940647
1.1943188
1.1945722
1.1948299
1.1950956
1.1953713
1.1956594
1.1959637
1.196289
1.1966411
1.1970259
1.1974482
1.1979109
1.1984139
1.1989528
1.1995188
1.2001
1.2006814
1.2012472
1.2017834
1.2022759
1.2027194
1.2030936
1.2034225
1.2036601
1.2038933
1.2039407
1.204
1.2036733
1.2030942
1.1943301
1.1945423
1.1947742
1.1950068
1.1952441
1.1954894
1.1957442
1.1960106
1.1962916
1.1965913
1.1969148
1.1972673
1.197654
1.1980781
1.1985406
1.1990391
1.1995669
1.2001139
1.2006665
1.2012097
1.2017296
1.2022107
1.2026497
1.2030248
1.2033524
1.2035937
1.2038283
1.2038826
1.2039284
1.2036222
1.2029918
1.1948793
1.1950635
1.1952692
1.195477
1.19569
1.195911
1.1961414
1.1963829
1.1966378
1.1969098
1.1972031
1.1975228
1.1978736
1.1982592
1.1986814
1.1991392
1.199628
1.2001392
1.2006611
1.2011794
1.2016807
1.2021493
1.2025813
1.202954
1.2032803
1.2035251
1.2037607
1.2038224
1.2038603
1.2035754
1.2029478
1.1954402
1.1955988
1.1957795
1.1959637
1.1961528
1.1963494
1.1965547
1.1967702
1.196998
1.1972413
1.197504
1.1977906
1.1981057
1.1984531
1.1988355
1.1992528
1.1997019
1.2001763
1.2006657
1.2011572
1.2016375
1.2020917
1.2025143
1.2028823
1.2032068
1.2034546
1.2036908
1.2037603
1.2037962
1.2035316
1.2029548
1.195999
1.1961341
1.1962911
1.1964527
1.1966192
1.1967926
1.1969738
1.1971641
1.1973656
1.1975809
1.1978136
1.1980678
1.1983481
1.1986583
1.1990016
1.1993789
1.1997884
1.2002252
1.2006807
1.2011435
1.2016007
1.202038
1.202447
1.2028107
1.2031356
1.2033823
1.2036186
1.2036963
1.2037358
1.2034901
1.2029639
1.1965299
1.1966464
1.1967837
1.1969263
1.1970736
1.1972269
1.1973869
1.1975548
1.1977322
1.1979216
1.1981263
1.1983501
1.1985974
1.1988722
1.1991778
1.1995162
1.1998865
1.2002855
1.2007062
1.2011386
1.2015709
1.2019893
1.202384
1.2027411
1.2030624
1.2033081
1.2035443
1.2036306
1.203678
1.2034496
1.2027758
1.19701
1.1971126
1.1972352
1.197364
1.1974974
1.1976359
1.19778
1.1979302
1.198088
1.1982555
1.1984356
1.1986322
1.1988494
1.1990913
1.1993616
1.1996627
1.1999951
1.2003566
1.200742
1.2011429
1.2015486
1.201946
1.2023251
1.2026729
1.2029876
1.2032328
1.2034683
1.2035631
1.2036212
1.2034116
1.2028404
1.1974615
1.1975506
1.1976585
1.1977736
1.1978938
1.198019
1.1981494
1.198285
1.1984266
1.198576
1.1987356
1.1989087
1.1990994
1.1993118
1.1995497
1.199816
1.2001122
1.2004373
1.2007876
1.2011563
1.2015341
1.2019087
1.2022703
1.2026044
1.2029128
1.2031598
1.2033908
1.2034941
1.2035648
1.2033774
1.2029538
1.1978485
1.1979281
1.1980258
1.1981317
1.1982436
1.1983606
1.1984824
1.1986085
1.1987392
1.1988755
1.1990195
1.199174
1.1993427
1.1995296
1.1997387
1.1999734
1.2002358
1.2005262
1.2008421
1.2011785
1.2015273
1.2018778
1.20222
1.2025397
1.2028396
1.2030853
1.2033118
1.2034237
1.2035092
1.2033502
1.2031329
1.198209
1.1982776
1.1983637
1.1984591
1.1985614
1.1986699
1.1987837
1.1989019
1.1990242
1.1991509
1.1992833
1.1994235
1.1995747
1.1997405
1.1999249
1.2001317
1.2003634
1.2006214
1.2009044
1.2012088
1.2015283
1.2018535
1.2021748
1.2024792
1.2027681
1.203009
1.2032323
1.2033521
1.2034544
1.2033302
1.2033717
1.1985249
1.1985846
1.1986604
1.1987466
1.1988407
1.1989421
1.1990495
1.1991621
1.1992787
1.1993989
1.1995234
1.1996535
1.1997915
1.1999408
1.200105
1.2002878
1.2004925
1.2007208
1.2009728
1.2012464
1.2015366
1.2018358
1.202135
1.2024225
1.2026963
1.2029329
1.2031553
1.2032792
1.2033999
1.2033139
1.2036575
1.1988099
1.1988623
1.1989282
1.1990047
1.1990903
1.199184
1.1992851
1.1993922
1.1995041
1.1996197
1.1997388
1.1998619
1.1999907
1.2001275
1.2002758
1.2004389
1.2006201
1.2008221
1.2010457
1.20129
1.2015516
1.2018245
1.2021007
1.2023699
1.2026285
1.2028584
1.2030757
1.2032056
1.2033445
1.2032999
1.2039725
1.1990672
1.1991143
1.1991715
1.1992383
1.1993147
1.1994003
1.1994945
1.1995959
1.1997031
1.1998148
1.1999299
1.2000484
1.2001707
1.2002987
1.2004348
1.2005821
1.2007439
1.200923
1.2011211
1.2013383
1.2015725
1.2018192
1.202072
1.2023216
1.2025643
1.2027832
1.2029951
1.2031334
1.2032865
1.2032847
1.2043005
1.1993102
1.1993453
1.1993966
1.1994546
1.1995212
1.1995976
1.1996836
1.1997782
1.19988
1.1999873
1.2000989
1.2002137
1.2003316
1.2004532
1.2005804
1.2007156
1.2008616
1.2010215
1.2011972
1.2013896
1.201598
1.2018194
1.2020486
1.2022778
1.2025033
1.2027107
1.2029152
1.2030585
1.203225
1.2032639
1.2046135
1.1995429
1.1995652
1.1996036
1.1996554
1.1997133
1.1997802
1.1998572
1.1999439
1.2000391
1.2001411
1.2002486
1.2003599
1.2004741
1.2005912
1.2007119
1.2008378
1.2009715
1.2011154
1.2012719
1.2014424
1.2016271
1.2018242
1.2020301
1.2022386
1.2024459
1.2026408
1.2028342
1.2029807
1.2031609
1.2032367
1.2048134
1.1997576
1.1997765
1.1998023
1.1998411
1.1998926
1.1999508
1.2000184
1.2000962
1.2001837
1.2002794
1.2003818
1.2004891
1.2005999
1.2007132
1.200829
1.2009481
1.2010721
1.2012032
1.2013436
1.201495
1.2016583
1.2018327
1.2020161
1.2022037
1.202392
1.2025731
1.2027539
1.2029014
1.2030905
1.2031951
1.2047235
1.1999544
1.1999689
1.1999909
1.2000182
1.2000572
1.2001091
1.2001682
1.2002369
1.2003159
1.2004044
1.2005008
1.2006034
1.2007104
1.2008203
1.2009323
1.2010461
1.2011628
1.2012838
1.2014109
1.201546
1.2016903
1.2018439
1.2020058
1.2021729
1.2023418
1.2025078
1.2026758
1.2028208
1.2030109
1.2031275
1.2045944
1.2001386
1.2001484
1.2001652
1.2001881
1.2002161
1.2002558
1.2003085
1.2003689
1.2004389
1.2005192
1.2006086
1.2007055
1.200808
1.2009141
1.2010225
1.2011322
1.2012431
1.2013561
1.2014725
1.201594
1.2017217
1.2018567
1.2019985
1.2021455
1.2022952
1.2024449
1.2025988
1.2027381
1.2029238
1.2030377
1.2043417
1.2003092
1.200315
1.2003267
1.2003444
1.2003679
1.2003969
1.2004379
1.2004919
1.2005538
1.2006255
1.2007071
1.2007973
1.2008944
1.2009962
1.2011009
1.2012068
1.2013131
1.2014198
1.2015277
1.2016378
1.2017515
1.2018699
1.2019933
1.2021212
1.2022519
1.2023843
1.2025227
1.2026536
1.20283
1.2029328
1.2041429
1.2004692
1.2004717
1.2004791
1.2004914
1.2005094
1.2005335
1.200564
1.2006067
1.2006622
1.2007256
1.2007986
1.2008812
1.2009718
1.2010684
1.2011688
1.2012709
1.2013731
1.2014747
1.2015757
1.2016766
1.2017785
1.2018824
1.2019893
1.2020992
1.2022115
1.2023261
1.2024475
1.2025659
1.2027296
1.2028198
1.2038935
1.2006185
1.2006183
1.2006221
1.2006299
1.2006425
1.2006609
1.2006857
1.2007181
1.200763
1.20082
1.2008849
1.2009591
1.2010424
1.2011328
1.201228
1.2013258
1.201424
1.2015211
1.2016164
1.2017098
1.2018019
1.2018934
1.2019856
1.202079
1.2021735
1.2022702
1.2023735
1.2024771
1.2026241
1.2027008
1.2037041
1.2007599
1.2007576
1.2007584
1.2007624
1.2007704
1.2007835
1.2008026
1.2008282
1.2008625
1.2009077
1.2009637
1.2010299
1.2011056
1.2011893
1.201279
1.2013722
1.2014663
1.2015594
1.20165
1.2017372
1.2018211
1.2019022
1.2019815
1.2020598
1.2021377
1.2022165
1.2023012
1.2023891
1.2025152
1.2025768
1.2034104
1.2008911
1.2008871
1.2008854
1.2008862
1.2008902
1.2008983
1.2009118
1.2009314
1.2009571
1.2009939
1.201043
1.2011003
1.201167
1.2012426
1.2013253
1.2014127
1.201502
1.2015908
1.2016769
1.2017589
1.201836
1.2019083
1.2019765
1.2020413
1.2021036
1.2021651
1.2022309
1.2023012
1.2024027
1.2024524
1.2032385
1.2010113
1.2010061
1.2010027
1.2010011
1.201002
1.2010062
1.2010148
1.2010291
1.2010498
1.2010777
1.2011166
1.2011671
1.2012256
1.2012928
1.2013679
1.2014487
1.2015325
1.2016165
1.2016981
1.2017753
1.2018466
1.2019115
1.2019701
1.2020231
1.2020711
1.2021159
1.2021629
1.2022142
1.2022897
1.2023266
1.2028815
1.2011241
1.2011182
1.2011135
1.2011102
1.2011087
1.2011099
1.2011146
1.2011241
1.2011394
1.2011613
1.201191
1.2012303
1.20128
1.2013392
1.2014066
1.2014805
1.2015583
1.2016373
1.2017143
1.201787
1.2018533
1.2019119
1.2019624
1.202005
1.2020401
1.2020694
1.202098
1.2021299
1.2021793
1.2021989
1.2026604
1.2012247
1.2012182
1.2012126
1.2012079
1.2012045
1.2012031
1.2012046
1.20121
1.2012203
1.2012366
1.2012594
1.2012921
1.2013353
1.2013862
1.2014452
1.2015113
1.2015823
1.2016554
1.2017274
1.2017954
1.2018569
1.20191
1.2019536
1.2019872
1.2020108
1.2020259
1.2020374
1.2020506
1.2020766
1.2020779
1.2024308
1.2013226
1.2013157
1.2013094
1.2013036
1.2012987
1.2012953
1.201294
1.2012958
1.2013017
1.201313
1.2013305
1.2013546
1.2013871
1.2014296
1.2014808
1.2015395
1.2016036
1.2016707
1.2017376
1.2018011
1.2018581
1.2019064
1.201944
1.2019701
1.2019837
1.2019859
1.2019821
1.2019793
1.2019883
1.2019826
1.2021031
1.2014102
1.201403
1.2013961
1.2013895
1.2013834
1.2013782
1.2013747
1.2013735
1.2013757
1.2013822
1.2013942
1.2014126
1.2014399
1.2014761
1.2015192
1.2015696
1.201626
1.2016863
1.2017473
1.2018057
1.2018583
1.201902
1.2019345
1.201954
1.201959
1.2019502
1.201933
1.201918
1.2019196
1.2019265
1.2020313
1.2014982
1.201491
1.2014837
1.2014765
1.2014694
1.201463
1.2014576
1.201454
1.201453
1.2014555
1.2014628
1.2014756
1.2014942
1.2015204
1.2015556
1.2015985
1.2016478
1.2017013
1.2017564
1.2018098
1.201858
1.2018976
1.2019255
1.2019395
1.2019374
1.2019193
1.201891
1.2018673
1.201871
1.2019091
1.202039
1.2015761
1.2015688
1.2015613
1.2015536
1.2015459
1.2015384
1.2015316
1.2015261
1.2015224
1.2015216
1.2015245
1.2015322
1.2015458
1.2015673
1.2015965
1.2016318
1.2016732
1.2017194
1.2017681
1.2018158
1.2018592
1.2018945
1.2019182
1.2019273
1.2019194
1.2018937
1.2018563
1.2018257
1.2018347
1.2019083
1.2020826
1.2016582
1.2016509
1.2016433
1.2016354
1.2016271
1.2016189
1.201611
1.2016038
1.201598
1.2015942
1.2015935
1.2015969
1.2016051
1.2016184
1.2016384
1.2016661
1.2017005
1.2017399
1.2017821
1.2018243
1.2018627
1.2018935
1.2019131
1.2019179
1.2019051
1.2018734
1.2018286
1.2017902
1.2017984
1.2018974
1.2021319
1.201731
1.2017238
1.2017162
1.201708
1.2016995
1.2016907
1.201682
1.2016736
1.201666
1.20166
1.2016563
1.2016559
1.2016595
1.2016683
1.201684
1.2017064
1.2017338
1.201766
1.2018014
1.2018374
1.2018703
1.2018963
1.2019113
1.2019118
1.2018946
1.2018582
1.2018069
1.2017582
1.2017522
1.201848
1.2021277
1.2018119
1.2018048
1.2017972
1.201789
1.2017802
1.201771
1.2017615
1.2017521
1.2017431
1.2017351
1.2017287
1.2017249
1.2017245
1.2017284
1.2017372
1.2017518
1.2017723
1.2017978
1.2018266
1.2018562
1.2018833
1.2019038
1.2019137
1.2019094
1.2018879
1.2018473
1.2017904
1.2017286
1.2016949
1.2017567
1.2020638
1.2018807
1.2018738
1.2018664
1.2018583
1.2018496
1.2018403
1.2018307
1.2018208
1.2018111
1.2018021
1.2017942
1.2017883
1.2017851
1.2017856
1.2017898
1.201799
1.2018141
1.2018339
1.2018568
1.2018805
1.2019017
1.2019164
1.2019205
1.2019106
1.201884
1.2018391
1.2017767
1.2017016
1.201637
1.201657
1.2019806
1.201957
1.2019502
1.2019429
1.201935
1.2019263
1.201917
1.2019071
1.2018968
1.2018864
1.2018763
1.2018668
1.2018587
1.2018528
1.2018498
1.2018504
1.2018553
1.2018651
1.2018789
1.2018957
1.201913
1.2019276
1.2019356
1.2019327
1.2019157
1.2018821
1.2018307
1.2017618
1.2016762
1.2015935
1.2016059
1.2018864
1.2020138
1.2020073
1.2020002
1.2019925
1.2019841
1.2019749
1.2019652
1.201955
1.2019445
1.2019341
1.2019243
1.2019155
1.2019085
1.2019041
1.201903
1.2019057
1.2019123
1.2019226
1.2019351
1.2019475
1.2019566
1.2019582
1.2019481
1.2019228
1.20188
1.2018188
1.2017398
1.2016449
1.2015575
1.2015824
1.2018565
1.2020725
1.2020665
1.2020599
1.2020527
1.2020449
1.2020364
1.2020272
1.2020176
1.2020076
1.2019975
1.2019877
1.2019787
1.201971
1.2019654
1.2019623
1.2019625
1.2019659
1.2019723
1.2019804
1.2019879
1.2019913
1.2019862
1.2019681
1.2019331
1.2018787
1.2018032
1.2017074
1.2015972
1.2015068
1.2015436
1.2018198
1.2021129
1.2021076
1.2021018
1.2020955
1.2020886
1.2020812
1.2020733
1.202065
1.2020564
1.2020478
1.2020393
1.2020315
1.2020246
1.2020192
1.2020161
1.2020163
1.2020191
1.2020227
1.202027
1.20203
1.2020283
1.2020171
1.2019913
1.2019465
1.2018794
1.2017871
1.2016689
1.2015321
1.2014191
1.2014461
1.2017484
1.2021604
1.2021564
1.202152
1.2021469
1.2021412
1.2021348
1.2021278
1.2021201
1.202112
1.2021037
1.2020955
1.2020878
1.202081
1.2020754
1.2020716
1.2020698
1.2020699
1.2020715
1.2020734
1.2020732
1.2020672
1.2020504
1.2020175
1.2019633
1.2018835
1.2017739
1.2016327
1.2014684
1.2013297
1.2013457
1.201651
1.2021582
1.2021544
1.2021503
1.2021459
1.2021412
1.2021361
1.2021309
1.2021254
1.2021198
1.2021143
1.202109
1.2021043
1.2021005
1.2020977
1.2020966
1.2020974
1.2020997
1.2021026
1.2021049
1.2021043
1.2020969
1.2020773
1.2020394
1.2019776
1.201887
1.2017628
1.2016037
1.2014208
1.2012653
1.2012706
1.2015665
1.2021632
1.2021657
1.2021682
1.2021699
1.2021699
1.2021683
1.2021649
1.2021596
1.2021527
1.2021447
1.2021367
1.2021295
1.2021241
1.2021212
1.2021205
1.2021209
1.2021227
1.2021261
1.2021285
1.2021268
1.202117
1.2020939
1.2020512
1.2019825
1.2018823
1.2017462
1.201575
1.2013825
1.2012198
1.2012175
1.2015086
1.2021033
1.2021012
1.2020991
1.202097
1.2020948
1.2020926
1.2020905
1.2020885
1.2020867
1.2020853
1.2020845
1.2020845
1.2020854
1.2020875
1.202091
1.2020964
1.2021031
1.2021086
1.2021118
1.2021106
1.2021007
1.2020768
1.2020321
1.2019592
1.2018516
1.2017057
1.2015239
1.2013221
1.2011538
1.2011451
1.2014145
1.2020693
1.2020676
1.2020658
1.202064
1.2020622
1.2020603
1.2020585
1.2020568
1.2020552
1.202054
1.2020532
1.2020532
1.2020543
1.2020566
1.2020603
1.2020649
1.2020706
1.2020759
1.2020775
1.2020725
1.2020583
1.2020294
1.2019788
1.201899
1.2017819
1.2016219
1.2014214
1.2012046
1.2010442
1.2010586
1.2013123
1.2019717
1.2019702
1.2019688
1.2019674
1.201966
1.2019647
1.2019635
1.2019625
1.2019617
1.2019612
1.2019613
1.2019622
1.201964
1.2019671
1.2019717
1.2019776
1.2019841
1.2019882
1.2019871
1.2019777
1.2019567
1.2019198
1.2018613
1.2017736
1.2016491
1.2014814
1.201273
1.2010531
1.200904
1.2009348
1.2011432
1.2019261
1.2019241
1.2019216
1.2019189
1.201916
1.201913
1.2019099
1.2019066
1.2019034
1.2019001
1.201897
1.201894
1.2018913
1.2018889
1.2018869
1.2018849
1.2018812
1.2018744
1.2018626
1.2018414
1.2018067
1.2017543
1.2016802
1.2015804
1.2014514
1.2012925
1.201115
1.2009517
1.2008573
1.2008495
1.200982
1.2018124
1.201808
1.2018032
1.2017981
1.2017924
1.2017861
1.2017792
1.2017715
1.2017632
1.2017542
1.2017445
1.2017341
1.2017229
1.2017109
1.2016986
1.2016865
1.2016753
1.201662
1.2016421
1.2016143
1.2015759
1.2015225
1.20145
1.2013578
1.20125
1.201137
1.2010401
1.2009843
1.200973
1.2009843
1.2010793
1.2017835
1.2017755
1.2017664
1.2017566
1.2017462
1.201735
1.201723
1.2017105
1.2016978
1.2016852
1.2016728
1.2016606
1.201648
1.2016339
1.2016166
1.2015944
1.2015653
1.2015308
1.2014931
1.2014514
1.2014044
1.2013525
1.2012966
1.2012387
1.2011836
1.2011384
1.2011116
1.2011142
1.2011662
1.2011786
1.2011782
1.1915899
1.1919481
1.1922424
1.1924777
1.1926834
1.1928723
1.1930428
1.1931961
1.1933406
1.1934859
1.1936426
1.1938101
1.1940132
1.1942768
1.1945828
1.1949646
1.19541
1.1959113
1.1964454
1.1969898
1.1975186
1.1980111
1.19845
1.198829
1.1991612
1.1994301
1.1996539
1.1998524
1.2000276
1.2001712
1.2003068
1.2004301
1.200538
1.2006402
1.2007281
1.2008125
1.2008908
1.2009716
1.2010516
1.2011285
1.2012054
1.2012756
1.2013515
1.2014247
1.2015046
1.2015795
1.2016645
1.2017432
1.2018348
1.2019128
1.2020021
1.2020675
1.2021433
1.2021872
1.2022457
1.202237
1.2022396
1.2021906
1.2021672
1.2020698
1.2020669
1.2019805
1.2021019
1.1908542
1.19112
1.1914197
1.1917001
1.1919468
1.1921659
1.1923617
1.1925386
1.1927076
1.1928815
1.193072
1.1932887
1.1935388
1.193849
1.1942177
1.1946557
1.195163
1.1957208
1.1963004
1.1968829
1.19744
1.197953
1.1984061
1.1987971
1.1991392
1.1994142
1.1996455
1.1998521
1.2000302
1.2001851
1.2003217
1.2004523
1.200564
1.2006692
1.2007611
1.2008493
1.2009319
1.2010159
1.2010983
1.2011762
1.2012535
1.2013238
1.2013993
1.2014711
1.2015486
1.2016205
1.201702
1.201777
1.2018644
1.2019384
1.2020236
1.2020852
1.2021567
1.2021972
1.2022528
1.2022405
1.2022394
1.2021887
1.202163
1.2020649
1.2020589
1.2019717
1.2020871
1.1907979
1.1908852
1.1910125
1.1911707
1.1913466
1.1915215
1.1916991
1.1918839
1.1920779
1.1922864
1.1925171
1.1927809
1.1930868
1.193453
1.1938887
1.1943815
1.1949478
1.1955572
1.1961808
1.1967971
1.1973789
1.1979087
1.1983741
1.1987754
1.1991189
1.1994071
1.1996488
1.1998578
1.2000371
1.2002028
1.2003415
1.2004758
1.2005911
1.2006991
1.2007945
1.2008862
1.2009723
1.2010588
1.2011427
1.2012209
1.2012979
1.2013677
1.2014421
1.2015122
1.2015872
1.2016561
1.2017343
1.2018058
1.2018896
1.20196
1.2020415
1.2020999
1.2021675
1.2022052
1.2022581
1.2022428
1.2022382
1.2021861
1.2021584
1.2020598
1.2020509
1.201963
1.2020726
1.1907618
1.1907901
1.1908421
1.1909126
1.1910009
1.1911131
1.1912547
1.1914229
1.1916133
1.1918322
1.1920855
1.1923809
1.1927278
1.1931387
1.1936207
1.1941629
1.1947761
1.195424
1.1960823
1.1967245
1.1973248
1.1978677
1.1983441
1.1987548
1.1990986
1.1994001
1.1996524
1.1998632
1.2000468
1.2002174
1.2003604
1.2004976
1.2006161
1.200727
1.2008255
1.2009203
1.2010093
1.2010977
1.2011823
1.2012604
1.2013366
1.2014056
1.2014788
1.201547
1.2016197
1.2016859
1.2017611
1.2018297
1.2019103
1.2019777
1.2020561
1.2021117
1.202176
1.2022112
1.2022619
1.2022439
1.2022363
1.202183
1.2021536
1.2020546
1.2020429
1.2019542
1.2020585
1.1906839
1.1907042
1.1907295
1.1907653
1.1908182
1.1908987
1.1910116
1.1911552
1.1913294
1.191542
1.1918002
1.1921108
1.1924809
1.1929209
1.1934339
1.1940108
1.1946547
1.1953292
1.19601
1.196669
1.1972807
1.1978322
1.1983169
1.1987346
1.199085
1.1993916
1.1996492
1.1998652
1.2000541
1.200228
1.2003753
1.2005153
1.2006367
1.2007502
1.2008514
1.200949
1.2010403
1.2011301
1.2012152
1.2012929
1.2013683
1.2014365
1.2015085
1.2015751
1.2016458
1.2017098
1.2017826
1.2018487
1.2019267
1.2019916
1.2020674
1.2021208
1.2021821
1.2022154
1.2022641
1.202244
1.2022338
1.2021795
1.2021485
1.2020493
1.2020349
1.2019453
1.2020445
1.1906184
1.1906384
1.1906637
1.1906931
1.1907359
1.1908034
1.1908992
1.1910261
1.1911851
1.1913843
1.1916362
1.1919494
1.1923293
1.1927858
1.1933154
1.1939116
1.1945737
1.1952613
1.1959525
1.1966204
1.1972378
1.1977954
1.1982863
1.1987095
1.1990665
1.1993763
1.199638
1.1998598
1.2000536
1.2002309
1.2003824
1.2005252
1.2006495
1.2007655
1.2008694
1.2009694
1.201063
1.2011541
1.2012396
1.2013171
1.201392
1.2014597
1.2015308
1.2015963
1.2016656
1.2017279
1.2017989
1.2018631
1.201939
1.202002
1.2020757
1.2021273
1.2021861
1.2022178
1.2022649
1.2022432
1.2022307
1.2021757
1.2021434
1.202044
1.2020271
1.2019366
1.2020305
1.1905874
1.1906119
1.1906315
1.190661
1.1907083
1.1907736
1.1908625
1.190978
1.1911246
1.191313
1.1915552
1.1918619
1.1922417
1.192702
1.1932326
1.193837
1.194509
1.1951996
1.1958927
1.1965638
1.1971833
1.1977461
1.1982423
1.1986703
1.1990332
1.1993466
1.1996132
1.1998408
1.2000397
1.2002212
1.200377
1.2005231
1.2006507
1.2007696
1.2008766
1.2009794
1.2010754
1.2011682
1.2012546
1.2013325
1.2014074
1.2014751
1.201546
1.2016109
1.2016793
1.2017407
1.2018103
1.2018733
1.2019476
1.2020092
1.2020812
1.2021314
1.2021881
1.2022187
1.2022643
1.2022416
1.2022271
1.2021717
1.2021382
1.2020386
1.2020194
1.2019281
1.2020166
1.1905897
1.1906084
1.190631
1.1906625
1.190708
1.1907692
1.1908505
1.1909564
1.1910926
1.1912722
1.1915059
1.1918057
1.1921796
1.1926309
1.1931561
1.1937651
1.1944375
1.1951232
1.1958141
1.1964849
1.1971051
1.1976732
1.1981744
1.1986074
1.1989764
1.1992948
1.1995675
1.1998018
1.200007
1.2001938
1.2003552
1.2005057
1.2006376
1.2007604
1.2008713
1.2009776
1.2010767
1.2011718
1.2012598
1.201339
1.2014146
1.2014831
1.2015543
1.2016193
1.2016875
1.2017484
1.2018174
1.2018795
1.2019528
1.2020133
1.2020842
1.2021334
1.2021884
1.2022181
1.2022626
1.2022392
1.2022231
1.2021674
1.2021329
1.2020333
1.2020119
1.2019202
1.2020026
1.1906003
1.190615
1.1906356
1.190666
1.1907082
1.190765
1.1908401
1.1909382
1.1910642
1.1912311
1.1914573
1.1917423
1.1921049
1.1925491
1.1930745
1.193679
1.1943395
1.1950195
1.1957055
1.1963734
1.1969935
1.1975669
1.1980736
1.1985126
1.1988891
1.1992144
1.1994952
1.1997382
1.1999517
1.2001458
1.2003146
1.2004712
1.200609
1.2007372
1.2008531
1.2009638
1.201067
1.2011653
1.2012559
1.2013372
1.2014144
1.2014842
1.2015565
1.2016221
1.2016906
1.2017517
1.2018204
1.2018822
1.2019548
1.2020148
1.2020848
1.2021334
1.2021871
1.2022162
1.2022597
1.2022362
1.2022188
1.202163
1.2021277
1.2020281
1.2020046
1.2019129
1.2019885
1.1906124
1.1906203
1.1906364
1.1906628
1.1907003
1.1907509
1.1908182
1.1909073
1.1910233
1.1911749
1.1913873
1.1916625
1.1920132
1.1924454
1.1929576
1.1935494
1.1942101
1.1948838
1.195557
1.1962246
1.1968424
1.1974218
1.1979352
1.198382
1.1987681
1.1991032
1.1993949
1.1996491
1.1998735
1.2000774
1.2002557
1.2004205
1.2005659
1.2007009
1.2008231
1.2009394
1.2010476
1.20115
1.201244
1.2013281
1.2014077
1.2014795
1.2015532
1.2016201
1.2016894
1.201751
1.2018199
1.2018817
1.2019542
1.2020138
1.2020833
1.2021316
1.2021844
1.2022132
1.2022559
1.2022326
1.2022142
1.2021585
1.2021225
1.202023
1.2019974
1.2019063
1.2019744
1.1906091
1.190613
1.1906248
1.1906457
1.1906766
1.1907192
1.1907775
1.190857
1.1909628
1.1911035
1.1912969
1.191554
1.1918839
1.1923016
1.1928043
1.1933857
1.1940391
1.1947038
1.1953699
1.1960361
1.196655
1.1972402
1.1977622
1.1982188
1.1986174
1.1989651
1.1992705
1.1995385
1.1997763
1.1999922
1.2001819
1.2003565
1.200511
1.2006541
1.2007836
1.2009063
1.2010201
1.2011273
1.2012254
1.201313
1.2013955
1.2014697
1.2015454
1.2016138
1.2016844
1.2017469
1.2018164
1.2018786
1.2019511
1.2020108
1.2020801
1.2021283
1.2021804
1.2022093
1.2022513
1.2022285
1.2022094
1.202154
1.2021175
1.202018
1.2019906
1.2019001
1.2019602
1.1905866
1.1905856
1.1905929
1.1906082
1.1906321
1.1906663
1.1907146
1.1907828
1.1908767
1.1910008
1.1911756
1.1914187
1.1917272
1.1921258
1.1926175
1.1931868
1.1938289
1.1944907
1.1951512
1.1958191
1.1964422
1.197035
1.1975668
1.1980349
1.198448
1.1988102
1.199131
1.1994143
1.1996668
1.1998959
1.2000981
1.2002836
1.2004481
1.2005999
1.2007373
1.2008669
1.2009867
1.2010991
1.2012017
1.2012933
1.2013789
1.201456
1.2015339
1.2016042
1.2016762
1.2017399
1.2018103
1.2018731
1.2019459
1.2020059
1.2020752
1.2021236
1.2021754
1.2022044
1.2022459
1.2022241
1.2022046
1.2021494
1.2021126
1.2020131
1.2019839
1.2018941
1.201946
1.1905507
1.1905435
1.1905447
1.1905534
1.1905698
1.1905952
1.190633
1.190688
1.1907656
1.1908717
1.1910329
1.191261
1.1915551
1.191934
1.1924108
1.1929677
1.1935938
1.1942561
1.1949218
1.1955921
1.1962236
1.1968241
1.1973659
1.1978461
1.1982738
1.1986508
1.1989873
1.1992858
1.1995529
1.1997953
1.20001
1.2002065
1.200381
1.2005417
1.200687
1.2008234
1.2009494
1.2010671
1.2011743
1.20127
1.2013592
1.2014392
1.2015196
1.2015918
1.2016656
1.2017307
1.2018021
1.2018657
1.201939
1.2019995
1.202069
1.2021178
1.2021694
1.2021989
1.20224
1.2022193
1.2021997
1.2021449
1.2021078
1.2020085
1.2019775
1.2018882
1.2019318
1.1904983
1.1904887
1.1904848
1.1904872
1.1904961
1.1905127
1.1905399
1.1905814
1.190645
1.1907411
1.1908875
1.1910937
1.191374
1.1917363
1.1922003
1.1927549
1.1933623
1.1940208
1.1947011
1.195377
1.1960179
1.196625
1.1971761
1.1976675
1.1981084
1.1984985
1.1988492
1.1991614
1.1994417
1.1996962
1.1999225
1.2001293
1.2003132
1.2004824
1.2006352
1.2007782
1.20091
1.2010329
1.2011447
1.2012445
1.2013372
1.2014203
1.2015031
1.2015774
1.201653
1.2017196
1.2017921
1.2018567
1.2019306
1.2019918
1.2020617
1.202111
1.2021626
1.2021927
1.2022336
1.2022143
1.2021948
1.2021405
1.2021033
1.202004
1.2019714
1.2018821
1.2019177
1.1904363
1.1904266
1.1904188
1.1904154
1.1904169
1.1904251
1.1904423
1.1904748
1.1905287
1.1906152
1.1907441
1.1909369
1.1912087
1.1915602
1.191997
1.1925448
1.1931619
1.1938189
1.1945072
1.1951917
1.1958397
1.1964526
1.197011
1.197511
1.1979622
1.1983624
1.1987244
1.1990476
1.1993389
1.1996035
1.1998397
1.2000554
1.2002478
1.2004244
1.2005841
1.200733
1.2008701
1.2009978
1.2011139
1.2012178
1.2013139
1.2013999
1.2014852
1.2015616
1.201639
1.2017072
1.2017809
1.2018465
1.2019212
1.2019831
1.2020534
1.2021034
1.2021553
1.2021861
1.202227
1.2022091
1.2021901
1.2021362
1.2020989
1.2019998
1.2019657
1.2018758
1.2019038
1.1903817
1.1903687
1.1903559
1.1903455
1.190339
1.1903396
1.1903503
1.1903763
1.1904237
1.1905052
1.190629
1.1908064
1.1910567
1.1914024
1.1918398
1.1923739
1.1929948
1.193661
1.1943561
1.1950492
1.1957017
1.1963184
1.1968806
1.1973852
1.1978429
1.1982489
1.1986186
1.1989494
1.1992485
1.1995207
1.1997647
1.1999875
1.2001869
1.2003698
1.2005353
1.2006893
1.2008311
1.2009631
1.2010832
1.2011907
1.2012901
1.2013789
1.2014664
1.2015449
1.201624
1.2016937
1.2017687
1.2018353
1.2019108
1.2019735
1.2020445
1.2020951
1.2021474
1.202179
1.2022202
1.2022038
1.2021855
1.202132
1.2020948
1.2019957
1.2019602
1.2018693
1.2018901
1.1903376
1.1903216
1.1903006
1.1902828
1.1902689
1.1902626
1.1902689
1.1902917
1.1903359
1.1904128
1.1905376
1.1907136
1.1909545
1.1912881
1.1917261
1.1922594
1.1928828
1.1935606
1.194262
1.1949633
1.1956141
1.1962314
1.196792
1.1972956
1.1977554
1.1981622
1.1985352
1.1988696
1.1991732
1.1994502
1.1996994
1.1999275
1.2001321
1.2003199
1.2004901
1.2006483
1.200794
1.2009296
1.2010532
1.201164
1.2012663
1.2013577
1.2014474
1.2015277
1.2016085
1.2016797
1.2017559
1.2018235
1.2018999
1.2019634
1.202035
1.2020864
1.2021392
1.2021717
1.2022133
1.2021984
1.2021811
1.202128
1.2020909
1.201992
1.2019552
1.2018626
1.2018766
1.1903079
1.1902907
1.1902653
1.1902369
1.1902158
1.1902056
1.190209
1.1902324
1.1902787
1.190359
1.1904831
1.1906615
1.190905
1.1912366
1.1916762
1.1922172
1.1928467
1.1935321
1.1942301
1.1949348
1.1955824
1.1961952
1.1967482
1.1972437
1.1977014
1.1981038
1.1984755
1.1988097
1.1991143
1.199393
1.1996451
1.1998763
1.2000845
1.2002758
1.2004495
1.2006108
1.2007596
1.2008981
1.2010246
1.2011382
1.2012432
1.2013368
1.2014285
1.2015105
1.2015928
1.2016654
1.2017428
1.2018114
1.2018885
1.2019529
1.2020251
1.2020773
1.2021307
1.2021642
1.2022063
1.202193
1.202177
1.2021241
1.2020873
1.2019884
1.2019504
1.2018558
1.2018635
1.190277
1.1902472
1.1902185
1.1901891
1.1901649
1.1901562
1.1901663
1.1901984
1.1902531
1.1903374
1.1904677
1.1906572
1.1909173
1.1912641
1.1917153
1.1922651
1.1928984
1.1935837
1.194277
1.194968
1.1956031
1.196205
1.1967444
1.1972264
1.1976785
1.1980724
1.1984391
1.1987692
1.1990717
1.1993495
1.1996021
1.1998344
1.2000445
1.2002379
1.2004138
1.2005773
1.2007283
1.2008691
1.2009978
1.2011139
1.2012211
1.2013167
1.20141
1.2014935
1.2015772
1.2016511
1.2017295
1.201799
1.2018769
1.2019421
1.202015
1.202068
1.2021221
1.2021566
1.2021992
1.2021877
1.2021731
1.2021204
1.2020839
1.2019852
1.201946
1.201849
1.2018507
1.1900965
1.1900647
1.190046
1.1900313
1.1900222
1.1900336
1.1900702
1.1901323
1.1902238
1.1903465
1.1905148
1.1907378
1.1910281
1.1913979
1.1918592
1.1924073
1.1930305
1.193697
1.1943822
1.1950423
1.1956694
1.1962464
1.196766
1.1972381
1.1976803
1.1980634
1.1984233
1.1987469
1.1990446
1.199319
1.19957
1.1998017
1.2000121
1.2002063
1.2003834
1.2005482
1.2007005
1.2008429
1.2009733
1.2010912
1.2012003
1.2012975
1.2013923
1.2014771
1.201562
1.201637
1.2017163
1.2017867
1.2018653
1.2019312
1.2020048
1.2020585
1.2021135
1.2021489
1.2021922
1.2021824
1.2021697
1.202117
1.2020808
1.2019822
1.2019418
1.2018423
1.2018383
1.1895397
1.1895429
1.1896056
1.1896866
1.1897733
1.1898833
1.1900098
1.1901546
1.190318
1.1905008
1.1907129
1.1909662
1.1912717
1.1916401
1.1920889
1.1926105
1.1932069
1.1938402
1.1945063
1.1951339
1.1957524
1.1963043
1.1968063
1.197279
1.1976965
1.1980701
1.1984224
1.1987395
1.1990311
1.1993005
1.1995481
1.1997777
1.1999871
1.2001809
1.2003582
1.2005234
1.2006763
1.2008196
1.2009512
1.2010705
1.2011811
1.2012796
1.2013755
1.2014613
1.2015473
1.2016232
1.2017033
1.2017744
1.2018537
1.2019204
1.2019946
1.2020491
1.2021048
1.2021413
1.2021852
1.2021772
1.2021667
1.2021137
1.202078
1.2019795
1.2019379
1.2018357
1.2018262
1.189163
1.1893088
1.1895143
1.189722
1.1899158
1.1900958
1.1902693
1.1904453
1.1906304
1.190829
1.1910477
1.1912972
1.1915866
1.1919295
1.192339
1.1928259
1.1933858
1.19398
1.1946134
1.1952223
1.1958221
1.1963658
1.1968571
1.1973274
1.1977211
1.198095
1.1984277
1.1987405
1.1990273
1.1992913
1.1995344
1.1997608
1.1999683
1.2001609
1.2003377
1.2005025
1.2006555
1.2007991
1.2009314
1.2010516
1.2011634
1.2012629
1.2013598
1.2014464
1.2015332
1.2016099
1.2016907
1.2017624
1.2018423
1.2019097
1.2019845
1.2020396
1.2020962
1.2021337
1.2021782
1.2021721
1.2021644
1.2021107
1.2020754
1.2019771
1.2019343
1.2018293
1.2018144
1.1893411
1.1895827
1.1898474
1.1900792
1.1902834
1.1904739
1.1906512
1.1908251
1.1910036
1.1911928
1.1913976
1.1916269
1.1918797
1.1921972
1.1925739
1.1930234
1.193535
1.1940923
1.1946917
1.1952841
1.1958679
1.1964086
1.196895
1.1973582
1.1977489
1.1981226
1.1984417
1.1987426
1.1990252
1.1992863
1.1995255
1.1997483
1.1999535
1.2001446
1.2003204
1.2004845
1.2006371
1.2007808
1.2009134
1.2010343
1.201147
1.2012473
1.2013449
1.2014322
1.2015197
1.201597
1.2016785
1.2017507
1.2018311
1.2018991
1.2019745
1.2020303
1.2020877
1.2021262
1.2021715
1.2021671
1.2021626
1.2021079
1.202073
1.201975
1.2019311
1.2018231
1.2018031
1.1895129
1.1898219
1.1900735
1.1903109
1.190542
1.1907512
1.1909415
1.1911235
1.1913048
1.1914925
1.191691
1.191898
1.1921311
1.192441
1.1927894
1.1931938
1.1936649
1.1941867
1.1947541
1.1953278
1.1958971
1.1964344
1.1969193
1.1973777
1.1977701
1.1981398
1.1984619
1.1987516
1.1990231
1.1992812
1.1995194
1.1997392
1.1999418
1.2001311
1.2003057
1.200469
1.200621
1.2007644
1.2008972
1.2010185
1.2011319
1.2012328
1.201331
1.2014188
1.2015069
1.2015847
1.2016667
1.2017394
1.2018202
1.2018887
1.2019647
1.2020211
1.2020793
1.2021189
1.2021651
1.2021622
1.2021616
1.2021053
1.2020709
1.2019731
1.2019282
1.2018172
1.2017921
1.1926432
1.1931397
1.1934776
1.1937416
1.1939667
1.1941474
1.1942619
1.194314
1.1943217
1.1928569
1.1933697
1.1937162
1.1939879
1.1942097
1.1943657
1.1944617
1.1945027
1.1945058
1.1929816
1.1934939
1.1938827
1.1941737
1.194397
1.1945537
1.1946444
1.1946816
1.1946844
1.1931384
1.1936667
1.1940849
1.1943871
1.1946041
1.1947532
1.1948369
1.1948698
1.1948718
1.1933118
1.1938517
1.1942837
1.194591
1.1948049
1.1949466
1.1950248
1.195055
1.1950569
1.1934776
1.1940142
1.1944525
1.1947682
1.1949849
1.195125
1.195202
1.195233
1.1952372
1.1936245
1.1941495
1.1945966
1.1949274
1.195148
1.195291
1.195371
1.1954059
1.1954146
1.1937582
1.1942764
1.1947222
1.1950592
1.1952957
1.1954487
1.1955356
1.1955769
1.1955912
1.1938834
1.1943952
1.1948402
1.1951859
1.1954386
1.1956039
1.1957
1.1957488
1.1957692
1.1940077
1.194508
1.1949577
1.1953185
1.1955845
1.1957619
1.195868
1.1959248
1.1959515
1.1941348
1.1946237
1.1950839
1.1954589
1.1957377
1.195927
1.1960434
1.1961082
1.196141
1.1942719
1.1947651
1.1952297
1.1956137
1.1959039
1.1961047
1.1962307
1.1963031
1.1963414
1.1944585
1.1949397
1.1954017
1.195791
1.1960904
1.1963005
1.1964347
1.1965138
1.1965567
1.1946928
1.1951533
1.1956084
1.1959992
1.1963039
1.1965203
1.1966604
1.1967442
1.1967905
1.1949626
1.1954059
1.1958541
1.196243
1.1965488
1.196768
1.1969111
1.1969978
1.1970462
1.1953021
1.1957189
1.1961504
1.1965292
1.1968297
1.1970469
1.1971897
1.1972769
1.1973259
1.1957068
1.1960912
1.1964976
1.1968581
1.1971467
1.1973569
1.1974961
1.1975816
1.1976301
1.1961683
1.1965148
1.1968885
1.1972239
1.1974951
1.1976941
1.1978269
1.1979091
1.1979561
1.1966659
1.1969715
1.1973082
1.1976144
1.1978649
1.1980504
1.1981751
1.1982532
1.1982985
1.1971773
1.1974414
1.197739
1.1980144
1.198243
1.1984143
1.1985308
1.1986048
1.1986486
1.1976767
1.1979009
1.1981602
1.198406
1.198614
1.1987724
1.198882
1.1989532
1.1989965
1.1981438
1.198331
1.1985545
1.1987729
1.1989628
1.1991109
1.199216
1.1992864
1.1993307
1.1985613
1.1987164
1.1989079
1.1991023
1.1992773
1.1994185
1.1995223
1.1995946
1.1996425
1.1989211
1.1990485
1.1992119
1.1993851
1.1995481
1.1996851
1.1997902
1.1998664
1.1999193
1.1992345
1.1993359
1.1994718
1.1996237
1.1997745
1.1999079
1.200015
1.2000959
1.2001544
1.1994892
1.1995702
1.1996828
1.1998154
1.1999545
1.2000842
1.2001935
1.2002795
1.2003436
1.1996994
1.199763
1.199855
1.1999689
1.2000954
1.2002202
1.2003306
1.2004208
1.2004903
1.1998837
1.1999306
1.2000024
1.2000968
1.2002083
1.2003249
1.2004334
1.2005256
1.2005988
1.2000475
1.2000795
1.2001324
1.2002069
1.2003011
1.200406
1.200509
1.2006003
1.2006751
1.200181
1.2002021
1.20024
1.2002971
1.2003745
1.2004661
1.2005609
1.2006487
1.200723
1.2003097
1.2003202
1.2003431
1.2003827
1.2004419
1.2005178
1.2006012
1.200682
1.2007529
1.2004227
1.2004238
1.2004345
1.2004588
1.2005011
1.2005607
1.200631
1.2007027
1.2007681
1.2005262
1.2005211
1.200521
1.2005311
1.2005572
1.2006005
1.2006565
1.2007174
1.2007755
1.2006217
1.2006076
1.2005972
1.2005946
1.2006056
1.2006329
1.2006742
1.2007231
1.2007727
1.2007043
1.2006849
1.2006667
1.2006523
1.2006487
1.2006604
1.2006867
1.2007228
1.2007625
1.2007839
1.2007571
1.2007281
1.200702
1.2006847
1.200681
1.2006921
1.2007147
1.2007434
1.200857
1.2008247
1.2007887
1.2007526
1.2007219
1.200703
1.2006987
1.2007071
1.2007239
1.2009338
1.2008969
1.2008529
1.200806
1.200763
1.2007303
1.2007114
1.2007059
1.2007106
1.2010106
1.2009697
1.2009199
1.2008649
1.2008115
1.2007666
1.2007347
1.2007167
1.2007101
1.2010856
1.2010421
1.2009885
1.2009283
1.200867
1.2008118
1.2007685
1.2007393
1.2007225
1.2011612
1.2011158
1.2010585
1.2009918
1.2009222
1.2008581
1.2008054
1.2007666
1.200741
1.2012305
1.2011836
1.2011235
1.2010524
1.2009769
1.2009049
1.200843
1.2007949
1.2007608
1.201306
1.2012584
1.2011963
1.2011213
1.2010389
1.200958
1.2008868
1.2008295
1.2007867
1.2013799
1.2013326
1.2012699
1.2011927
1.201106
1.201019
1.20094
1.2008743
1.2008235
1.2014616
1.2014158
1.2013543
1.2012768
1.2011877
1.2010955
1.2010095
1.2009365
1.2008786
1.2015391
1.201496
1.2014371
1.2013616
1.2012726
1.2011782
1.201088
1.2010094
1.2009454
1.2016274
1.2015877
1.2015328
1.2014609
1.2013741
1.2012792
1.2011856
1.201102
1.2010325
1.2017097
1.201674
1.2016241
1.2015576
1.2014755
1.2013833
1.2012896
1.2012032
1.2011297
1.2018053
1.2017739
1.2017296
1.2016698
1.2015943
1.2015071
1.2014157
1.2013285
1.2012519
1.2018871
1.2018601
1.2018217
1.2017693
1.2017022
1.2016228
1.2015373
1.2014532
1.2013772
1.2019806
1.2019579
1.2019256
1.2018812
1.2018235
1.2017539
1.2016768
1.2015983
1.2015248
1.2020496
1.202031
1.2020043
1.2019673
1.2019189
1.2018598
1.2017931
1.2017238
1.2016572
1.2021296
1.2021153
1.2020946
1.2020657
1.2020273
1.2019795
1.2019245
1.2018657
1.2018075
1.2021766
1.2021656
1.2021495
1.202127
1.202097
1.2020594
1.2020157
1.2019684
1.2019209
1.2022378
1.2022295
1.2022179
1.2022016
1.2021797
1.2021519
1.2021189
1.2020826
1.2020453
1.2022328
1.202228
1.2022207
1.20221
1.2021951
1.2021756
1.202152
1.2021255
1.2020976
1.2022388
1.2022375
1.2022348
1.2022299
1.2022222
1.2022109
1.202196
1.2021784
1.202159
1.2021917
1.202192
1.2021918
1.2021904
1.2021872
1.2021815
1.2021733
1.2021627
1.2021504
1.2021702
1.2021725
1.2021749
1.2021769
1.2021781
1.2021776
1.202175
1.2021704
1.202164
1.2020736
1.2020767
1.2020802
1.202084
1.2020875
1.2020901
1.2020912
1.2020906
1.2020884
1.2020734
1.2020787
1.202085
1.2020922
1.2020998
1.202107
1.2021132
1.2021179
1.202121
1.2019872
1.2019926
1.2019994
1.202007
1.2020149
1.2020225
1.2020295
1.2020355
1.2020404
1.2021132
1.2021225
1.2021341
1.2021479
1.2021631
1.2021787
1.2021934
1.2022066
1.2022177
1.1942853
1.1942291
1.1941803
1.1941648
1.1942327
1.1944985
1.1944708
1.1944248
1.1943873
1.1943818
1.1944581
1.1947257
1.1946536
1.1946145
1.1945848
1.1945863
1.1946643
1.194918
1.1948441
1.1948089
1.194783
1.1947867
1.194862
1.1951013
1.195033
1.1950023
1.1949805
1.1949866
1.1950597
1.1952874
1.1952185
1.1951934
1.1951766
1.1951858
1.1952573
1.1954741
1.195402
1.1953829
1.1953712
1.1953834
1.1954527
1.195658
1.195585
1.1955716
1.1955647
1.1955791
1.1956456
1.1958386
1.1957693
1.1957612
1.1957584
1.1957743
1.1958373
1.1960175
1.1959574
1.1959541
1.1959545
1.1959712
1.1960301
1.1961972
1.1961522
1.1961529
1.1961557
1.1961725
1.1962268
1.1963807
1.196357
1.1963608
1.1963654
1.1963815
1.196431
1.1965717
1.1965758
1.1965818
1.1965873
1.1966023
1.1966467
1.1967747
1.1968121
1.1968196
1.1968253
1.1968387
1.196878
1.1969942
1.1970693
1.1970775
1.197083
1.1970947
1.1971293
1.1972345
1.1973496
1.1973579
1.1973629
1.1973729
1.1974032
1.197499
1.1976536
1.1976618
1.1976663
1.1976749
1.1977019
1.1977895
1.197979
1.1979869
1.1979912
1.1979989
1.1980236
1.1981049
1.1983209
1.1983292
1.1983339
1.1983418
1.1983653
1.1984419
1.1986709
1.1986802
1.198686
1.1986948
1.198718
1.1987903
1.1990199
1.1990312
1.1990394
1.1990505
1.1990752
1.1991478
1.1993566
1.1993715
1.1993836
1.199399
1.1994291
1.1995136
1.1996731
1.199694
1.199713
1.1997362
1.1997764
1.1998757
1.1999559
1.1999838
1.2000099
1.2000397
1.2000827
1.200161
1.2001972
1.2002319
1.2002646
1.2002995
1.2003445
1.2004181
1.2003923
1.2004332
1.2004713
1.2005105
1.2005578
1.2006314
1.2005448
1.2005919
1.2006362
1.2006812
1.2007348
1.2008183
1.2006578
1.2007099
1.2007592
1.2008091
1.2008674
1.2009551
1.2007371
1.2007934
1.2008478
1.2009037
1.2009707
1.2010773
1.2007865
1.2008457
1.2009039
1.2009647
1.2010373
1.2011482
1.2008152
1.2008749
1.2009348
1.2009983
1.2010751
1.2011921
1.2008275
1.200886
1.2009462
1.2010117
1.2010928
1.201219
1.2008302
1.2008859
1.2009449
1.2010111
1.2010961
1.201233
1.2008213
1.2008728
1.2009294
1.2009951
1.2010824
1.2012273
1.2008036
1.2008492
1.2009014
1.2009644
1.2010515
1.2012023
1.2007757
1.2008137
1.2008596
1.2009177
1.2010016
1.2011528
1.200746
1.2007748
1.2008121
1.2008622
1.2009393
1.2010868
1.2007221
1.2007409
1.2007685
1.2008092
1.2008765
1.2010131
1.2007113
1.2007198
1.2007371
1.200767
1.2008223
1.2009455
1.2007145
1.2007138
1.2007216
1.2007415
1.2007847
1.2008905
1.2007246
1.2007152
1.2007138
1.2007231
1.2007536
1.2008419
1.2007364
1.2007191
1.200709
1.2007088
1.2007266
1.2007935
1.2007541
1.2007279
1.2007082
1.2006967
1.2007002
1.2007469
1.2007832
1.2007491
1.2007206
1.2006993
1.2006889
1.200711
1.2008311
1.200789
1.2007517
1.2007191
1.2006942
1.2006973
1.2008919
1.2008433
1.2007988
1.2007583
1.2007218
1.2007
1.2009729
1.2009171
1.2008641
1.2008127
1.2007629
1.2007269
1.2010655
1.2010041
1.2009444
1.2008853
1.2008232
1.2007641
1.201183
1.201115
1.201047
1.2009759
1.2008992
1.2008248
1.2013068
1.2012357
1.2011626
1.201085
1.2009961
1.2008978
1.201454
1.2013793
1.2012997
1.2012109
1.2011069
1.2009924
1.2015915
1.2015199
1.2014396
1.2013462
1.2012288
1.2010876
1.2017479
1.20168
1.2016008
1.2015018
1.201369
1.2012029
1.2018712
1.2018128
1.201742
1.2016488
1.2015133
1.2013203
1.2020054
1.2019571
1.201896
1.2018123
1.2016782
1.2014615
1.2020671
1.2020291
1.2019802
1.2019093
1.2017916
1.2015784
1.2021372
1.2021095
1.2020723
1.2020181
1.2019178
1.2017069
1.2021358
1.202116
1.2020887
1.2020465
1.2019704
1.2018073
1.2021558
1.2021441
1.2021269
1.2020996
1.2020439
1.2019027
1.2020846
1.2020779
1.2020668
1.202048
1.2020115
1.20193
1.2021227
1.202123
1.2021209
1.202114
1.2020941
1.2020232
1.2020447
1.2020481
1.2020508
1.2020502
1.2020439
1.2020186
1.2022278
1.2022381
1.2022476
1.2022574
1.2022653
1.2022603
1.2107093
1.2117426
1.2128265
1.2138161
1.2144026
1.2139195
1.2093824
1.2104689
1.2115643
1.2125307
1.2131458
1.2129695
1.2079278
1.2090328
1.2101157
1.2110593
1.2116656
1.2116094
1.2063659
1.2074694
1.2085291
1.2094565
1.2100818
1.2101967
1.2046933
1.2057619
1.206768
1.2076364
1.2082142
1.2083345
1.2029104
1.2039154
1.2048527
1.2056608
1.2062591
1.2065407
1.2011515
1.2021107
1.2030003
1.2037718
1.2043586
1.204706
1.1993935
1.2002837
1.2011036
1.2018113
1.2023443
1.2026439
1.1976625
1.1984614
1.1991899
1.1998155
1.2002878
1.2005482
1.1960412
1.1967426
1.1973758
1.1979187
1.1983366
1.1985961
1.1946119
1.1952217
1.195769
1.196243
1.1966244
1.1968952
1.1934139
1.193928
1.1943862
1.1947834
1.1951129
1.195396
1.1924991
1.1929255
1.1933125
1.1936647
1.1939828
1.1943131
1.1919164
1.192221
1.1924927
1.1927436
1.192997
1.1933299
1.1915588
1.1918086
1.1920326
1.1922433
1.1924727
1.1928179
1.1914648
1.1916644
1.1918412
1.1920132
1.1922122
1.1925414
1.1915473
1.1916841
1.1918064
1.1919343
1.192106
1.1924285
1.1917531
1.1918412
1.1919207
1.1920138
1.1921626
1.192484
1.1920647
1.1921122
1.1921574
1.1922244
1.1923578
1.1926725
1.1924389
1.1924529
1.1924683
1.1925091
1.1926218
1.1929336
1.1928419
1.1928312
1.1928266
1.1928541
1.1929614
1.1932628
1.1932373
1.193208
1.1931851
1.1931923
1.1932792
1.1935772
1.1936342
1.1935913
1.1935587
1.1935625
1.1936508
1.193936
1.1939243
1.1938865
1.193854
1.1938498
1.1939221
1.1941992
1.2131823
1.2117043
1.2102404
1.2088361
1.2078834
1.2075909
1.2079126
1.2087058
1.2097148
1.2101755
1.2089004
1.2075655
1.2064692
1.205816
1.2057686
1.2062953
1.2072228
1.2083273
1.2068059
1.2059283
1.2049092
1.204122
1.2037578
1.2039359
1.2046201
1.2056528
1.2068266
1.2034341
1.2029144
1.2022463
1.2017786
1.201684
1.202061
1.202883
1.2040085
1.2052347
1.2000435
1.1998542
1.1995427
1.1994063
1.1995861
1.2001655
1.2011194
1.2023166
1.2035664
1.1966877
1.1968171
1.1968627
1.1970579
1.197512
1.1982861
1.1993527
1.2005907
1.2018253
1.1934391
1.1938947
1.1942905
1.1948055
1.1955192
1.1964705
1.1976306
1.1988925
1.2001039
1.1904704
1.1911955
1.1919056
1.1927144
1.1936604
1.1947609
1.1959866
1.1972434
1.1984054
1.187702
1.1887183
1.1897442
1.1908291
1.1919786
1.1931975
1.1944565
1.1956756
1.1967596
1.1856617
1.1867584
1.1879557
1.189232
1.1905312
1.1918309
1.1930904
1.1942456
1.1952345
1.1827378
1.1842684
1.1860771
1.187746
1.1892655
1.1906728
1.1919289
1.1930113
1.1939008
1.1821755
1.1837319
1.1851877
1.1867087
1.1882838
1.1897803
1.1910185
1.1920219
1.1928049
1.181367
1.1830846
1.1848836
1.186687
1.1881856
1.1893498
1.1904126
1.191318
1.1919909
1.181187
1.1829267
1.1847464
1.1865064
1.1880791
1.1894023
1.1903839
1.1910548
1.1915451
1.1815104
1.1831672
1.1849041
1.1865844
1.1880938
1.1893115
1.1901941
1.1908116
1.191246
1.1823566
1.1838609
1.1854601
1.1870345
1.1884112
1.189496
1.1902912
1.1908423
1.1912086
1.1835803
1.1848949
1.1863104
1.1877183
1.1889536
1.1899236
1.190618
1.1910758
1.1913605
1.1851074
1.1861821
1.1873586
1.1885583
1.1896256
1.1904614
1.1910441
1.1914104
1.1916231
1.1868066
1.187609
1.1885142
1.1894828
1.1903674
1.1910634
1.1915402
1.1918276
1.1919812
1.1885184
1.1890541
1.1896867
1.1904216
1.191124
1.1916857
1.1920673
1.1922876
1.1923933
1.1900123
1.1903637
1.1907803
1.1913113
1.1918491
1.1922902
1.1925898
1.1927559
1.1928248
1.191194
1.1914237
1.1916947
1.19208
1.1924936
1.1928402
1.1930742
1.1931983
1.1932403
1.1919855
1.1922963
1.1925132
1.1927845
1.1930862
1.1933514
1.1935341
1.1936281
1.1936513
1.1920186
1.1923314
1.1926562
1.193011
1.1933391
1.1936138
1.1938037
1.1939056
1.1939371
1.2147099
1.2158929
1.2158457
1.2155734
1.2153221
1.2150754
1.2098061
1.211322
1.2114277
1.2114155
1.21145
1.2115445
1.2048959
1.2066863
1.2070126
1.2072484
1.207513
1.2078252
1.200032
1.2020744
1.2026183
1.2030828
1.2035792
1.2041145
1.1952508
1.1975172
1.1982577
1.1989333
1.1996457
1.2003939
1.1906396
1.1931122
1.194008
1.1948772
1.1957737
1.1967294
1.186257
1.1888874
1.1899341
1.1909864
1.1920706
1.1931714
1.1821653
1.1849722
1.1862126
1.1874217
1.1886565
1.1898848
1.1786831
1.1815432
1.1827579
1.1840676
1.1854423
1.1868096
1.1751555
1.1783712
1.180177
1.1817283
1.1832293
1.1846556
1.1737728
1.1767982
1.1775234
1.1787591
1.1801673
1.1815751
1.1710261
1.1742065
1.1750968
1.1767024
1.178536
1.1804297
1.167928
1.1718547
1.173775
1.1757861
1.1777712
1.179629
1.1668734
1.1717262
1.1737856
1.1756738
1.1775731
1.1794047
1.1676624
1.1725111
1.1741342
1.1759311
1.1778771
1.1797396
1.1694853
1.173541
1.1751063
1.1768938
1.1788201
1.1806508
1.1715401
1.1751908
1.1768119
1.1785329
1.18035
1.182052
1.1744049
1.1773631
1.178951
1.1806168
1.1823015
1.1838108
1.1775857
1.1802259
1.1816069
1.1830307
1.1844698
1.1857752
1.1813928
1.1830722
1.1843342
1.1855256
1.1866993
1.1877605
1.1854359
1.1863908
1.187008
1.1877719
1.1886225
1.1894543
1.1879037
1.1884742
1.1891005
1.1895512
1.1901552
1.1907824
1.1896843
1.1894709
1.1896181
1.1903179
1.1908474
1.1914462
1.1902813
1.1900376
1.1898057
1.1900869
1.1910337
1.1916783
1.1901644
1.1903388
1.1902002
1.1900685
1.1902227
1.1911437
1.190359
1.1903628
1.1903603
1.1902946
1.1903446
1.1906694
1.1903872
1.1904141
1.1904274
1.1904499
1.1904861
1.1907664
1.1904191
1.1904623
1.1904836
1.1905206
1.1905897
1.190759
1.1904514
1.1904856
1.190508
1.1905388
1.1905879
1.1906713
1.1905056
1.1905273
1.1905359
1.1905514
1.1905751
1.1906148
1.1905833
1.1905819
1.1905792
1.1905785
1.1905848
1.1906022
1.1906771
1.1906514
1.1906254
1.1906047
1.1905972
1.1906009
1.1907834
1.1907408
1.1906884
1.1906439
1.1906169
1.1906094
1.1908949
1.1908287
1.1907516
1.190685
1.1906406
1.1906219
1.1909759
1.1908833
1.1907915
1.1907079
1.1906509
1.1906209
1.1910138
1.1908574
1.1907668
1.1906878
1.1906325
1.1906011
1.190953
1.1908576
1.1907601
1.190671
1.1906089
1.190572
1.1908677
1.1907878
1.1907003
1.190619
1.1905612
1.1905248
1.1907391
1.1906696
1.1905989
1.1905374
1.1904934
1.1904646
1.1906186
1.1905608
1.1905114
1.1904687
1.1904372
1.1904146
1.1905155
1.190476
1.190445
1.1904172
1.1903926
1.1903733
1.1904334
1.1904095
1.190385
1.1903646
1.1903485
1.1903411
1.1903767
1.1903593
1.1903371
1.1903222
1.1903169
1.1903255
1.1903413
1.1903199
1.190287
1.1902608
1.1902209
1.1901709
1.190301
1.1902851
1.1902301
1.1901161
1.1899324
1.1896749
1.1902865
1.1902672
1.1900621
1.1895909
1.1892214
1.1891244
1.1902648
1.1899688
1.1893078
1.1886886
1.1887143
1.1892028
1.1896843
1.188954
1.1883295
1.1884363
1.1888094
1.189156
1.2295075
1.2295497
1.2288423
1.2276059
1.2261204
1.2247258
1.2353074
1.2349541
1.2339296
1.2323873
1.2306047
1.228693
1.2407728
1.2400152
1.2386673
1.2368058
1.2347404
1.2325288
1.2457326
1.244565
1.2429004
1.2407474
1.2384359
1.23606
1.2498143
1.2484198
1.246515
1.2441846
1.2416914
1.2391361
1.2531953
1.251943
1.2498335
1.2473278
1.2446777
1.2419239
1.2562442
1.2549151
1.2526613
1.2499754
1.2471135
1.2442146
1.2586505
1.2572329
1.2548554
1.2519759
1.2489753
1.2459765
1.2604218
1.2589211
1.2564358
1.2534257
1.2503183
1.2472418
1.2615069
1.2597948
1.257249
1.2542294
1.2511015
1.2479953
1.261895
1.2595079
1.2569874
1.2541817
1.2512106
1.24819
1.261165
1.2595731
1.2570579
1.2540777
1.2510043
1.2479574
1.2602073
1.2586812
1.2562638
1.2533302
1.2502889
1.2472789
1.2583899
1.2568896
1.2545574
1.2518225
1.2489567
1.2460888
1.2560325
1.2545853
1.2523635
1.2497589
1.2470895
1.2443852
1.2532138
1.2519175
1.2498848
1.2474284
1.244913
1.2424171
1.2499578
1.2487744
1.2469546
1.2447399
1.2424322
1.2400463
1.2465782
1.2453128
1.2437056
1.2417494
1.2396358
1.2373898
1.2427967
1.2417823
1.2403968
1.23862
1.2366588
1.2345788
1.2384941
1.23784
1.2367196
1.2351734
1.2334257
1.2315547
1.2339652
1.2336486
1.2327875
1.2314936
1.2299858
1.2283346
1.229301
1.2292986
1.2286847
1.2276366
1.2263681
1.2249371
1.2245759
1.2248951
1.2245002
1.2236757
1.2226297
1.2214591
1.2197041
1.2203141
1.2201118
1.2194718
1.2186208
1.2178879
1.1878957
1.1877808
1.1879042
1.1880396
1.1881888
1.188455
1.185559
1.1864171
1.1864357
1.1865028
1.1869063
1.1874532
1.182771
1.1834929
1.1839723
1.1846034
1.1853762
1.1861434
1.1789251
1.1807197
1.1815406
1.1824751
1.1835224
1.1845291
1.1749764
1.1776385
1.1788648
1.180183
1.1815334
1.1828259
1.1716065
1.1751366
1.176607
1.1780784
1.1797376
1.1812726
1.1690831
1.1730095
1.1746241
1.1763466
1.1782133
1.1799368
1.1671734
1.1715981
1.1732031
1.1750348
1.1770692
1.1789652
1.1655459
1.1707185
1.1723323
1.1742266
1.1763675
1.1783855
1.1641451
1.1703546
1.1722317
1.1741581
1.1762796
1.1783271
1.1639584
1.1701909
1.1725484
1.1746775
1.1767781
1.1788062
1.1657034
1.1705552
1.1725305
1.1750202
1.1774028
1.1795508
1.1691197
1.1733321
1.1739709
1.175854
1.178067
1.1802595
1.1724727
1.1765655
1.1771298
1.1785865
1.180368
1.1822178
1.1748494
1.1788255
1.1803013
1.1821182
1.1839322
1.1856659
1.1786821
1.1823212
1.1835415
1.1850639
1.1867112
1.188363
1.1829658
1.1862616
1.187431
1.1887325
1.1901586
1.191636
1.1878309
1.1907724
1.1918305
1.1928446
1.1940041
1.1952692
1.1930569
1.1957175
1.1966101
1.1973323
1.1982046
1.1992266
1.198738
1.2010344
1.2017165
1.2021296
1.2026894
1.2034369
1.2047729
1.2065902
1.2070412
1.2071372
1.2073642
1.207813
1.2109985
1.2123423
1.2125173
1.2122853
1.2121712
1.2123184
1.2172919
1.2181735
1.2180654
1.2175243
1.2171031
1.217007
1.2234936
1.2239437
1.2235533
1.2227065
1.2219176
1.2214359
1.2196762
1.2221485
1.2250255
1.2279631
1.2307425
1.2333576
1.2357863
1.2380411
1.2401383
1.2418829
1.2433681
1.244404
1.2450435
1.2453071
1.2451598
1.2445712
1.2435454
1.242097
1.2401831
1.2378903
1.2352393
1.2322285
1.2291309
1.226258
1.2204603
1.2221328
1.2247455
1.2273946
1.2298554
1.2321744
1.2343006
1.23623
1.237946
1.2394724
1.2407287
1.2416072
1.2421785
1.2424285
1.2423192
1.2418555
1.2410181
1.239804
1.238235
1.2363553
1.2341005
1.23144
1.2286798
1.2268539
1.2210234
1.2223099
1.2246315
1.2269004
1.2289876
1.2309693
1.2327459
1.2343469
1.2357664
1.2370398
1.2380679
1.2388123
1.239321
1.2395602
1.2395105
1.239179
1.2385471
1.2376122
1.2363937
1.2348806
1.2330802
1.2308463
1.2284201
1.2270974
1.2214373
1.2224
1.2243648
1.2262485
1.2279904
1.2295935
1.2310985
1.2323986
1.2335871
1.234631
1.2354659
1.2361057
1.236556
1.2367821
1.236785
1.2365619
1.236101
1.2353997
1.2344708
1.2333208
1.231856
1.230098
1.2280812
1.2271091
1.2216203
1.2223116
1.2239276
1.2254962
1.2269278
1.2282047
1.2293629
1.230471
1.2314714
1.2323153
1.2330033
1.2335541
1.2339437
1.2341575
1.2341978
1.2340578
1.2337307
1.2332115
1.2324995
1.2316017
1.2305264
1.229176
1.2275711
1.2268678
1.2215879
1.2220845
1.2234169
1.2247096
1.2258175
1.2268162
1.2277773
1.228686
1.22949
1.2301718
1.2307453
1.2312084
1.2315411
1.2317396
1.2318009
1.2317207
1.2314952
1.2311212
1.2305964
1.229924
1.2291129
1.228104
1.2269036
1.2264112
1.2214206
1.2218068
1.2228919
1.2238592
1.2247014
1.2255318
1.2263299
1.2270516
1.2276924
1.2282597
1.2287371
1.2291191
1.2293994
1.2295742
1.2296411
1.2295975
1.2294405
1.2291684
1.2287802
1.2282763
1.2276564
1.2268955
1.2259964
1.2257406
1.2212432
1.2215184
1.2222916
1.2230118
1.2237223
1.2244129
1.2250479
1.2256299
1.2261594
1.2266237
1.2270132
1.2273242
1.2275533
1.2276982
1.2277576
1.2277301
1.227614
1.2274078
1.2271105
1.2267173
1.2262126
1.2255925
1.2250002
1.2249397
1.2210811
1.2211111
1.2216901
1.2223275
1.2229188
1.2234722
1.2239982
1.2244813
1.2249136
1.2252876
1.2255986
1.2258441
1.2260223
1.2261323
1.2261738
1.2261468
1.226051
1.225886
1.2256517
1.2253425
1.2249378
1.2244364
1.224022
1.2241059
1.2207206
1.220702
1.221214
1.2217871
1.2223005
1.2227708
1.2232084
1.2236046
1.2239522
1.2242471
1.2244871
1.2246711
1.224799
1.2248709
1.2248875
1.2248498
1.2247587
1.2246148
1.2244191
1.224168
1.2238451
1.2234523
1.2231487
1.2232541
1.2204092
1.2205036
1.2209489
1.22145
1.2218998
1.2222988
1.2226557
1.2229697
1.2232382
1.2234596
1.2236336
1.2237601
1.22384
1.2238743
1.2238641
1.2238108
1.2237158
1.2235805
1.2234064
1.2231911
1.2229219
1.2226056
1.2223855
1.2225226
1.2205962
1.2206851
1.2210453
1.2214041
1.2217206
1.2220048
1.2222605
1.2224847
1.2226742
1.222827
1.2229421
1.2230195
1.2230596
1.2230631
1.2230314
1.2229656
1.2228671
1.2227376
1.2225784
1.2223879
1.222156
1.2218914
1.2217185
1.2218466
1.2204628
1.2205775
1.2208219
1.2210778
1.2213177
1.2215382
1.2217369
1.2219101
1.2220548
1.2221691
1.2222522
1.2223041
1.2223251
1.2223163
1.2222786
1.2222132
1.2221216
1.2220051
1.2218651
1.2217
1.2215014
1.2212788
1.2211386
1.2212418
1.219969
1.2200896
1.2202713
1.2204838
1.2206902
1.2208777
1.2210443
1.2211884
1.2213085
1.2214037
1.2214734
1.2215179
1.2215374
1.2215327
1.2215048
1.2214547
1.2213834
1.2212925
1.2211832
1.221054
1.2208982
1.2207264
1.2206344
1.2207498
1.2192645
1.2193983
1.2195543
1.2197247
1.2198895
1.2200412
1.220178
1.220299
1.2204027
1.2204883
1.220555
1.2206026
1.2206312
1.220641
1.2206325
1.2206062
1.2205631
1.2205041
1.2204303
1.22034
1.2202272
1.2201035
1.2200585
1.2201973
1.2183886
1.2185099
1.2186335
1.2187658
1.2188974
1.2190227
1.2191396
1.2192467
1.2193426
1.2194261
1.2194964
1.2195531
1.2195959
1.2196248
1.21964
1.2196419
1.2196309
1.2196079
1.2195733
1.2195254
1.2194584
1.2193844
1.2193886
1.2195625
1.2173905
1.2174954
1.2175948
1.2177004
1.2178082
1.2179139
1.2180152
1.2181109
1.2181998
1.2182807
1.2183531
1.2184163
1.21847
1.2185142
1.2185488
1.2185741
1.2185903
1.2185979
1.2185975
1.218587
1.2185611
1.218532
1.2185805
1.2187871
1.2163291
1.2164168
1.2164963
1.2165808
1.2166692
1.2167582
1.2168459
1.2169311
1.2170128
1.2170902
1.2171626
1.2172293
1.2172902
1.2173449
1.2173934
1.2174358
1.2174721
1.2175028
1.2175282
1.2175462
1.2175523
1.2175581
1.2176378
1.217861
1.2152162
1.2152905
1.2153563
1.2154267
1.2155018
1.215579
1.2156569
1.2157343
1.2158104
1.2158845
1.2159558
1.2160241
1.2160888
1.2161497
1.2162068
1.2162599
1.2163092
1.2163549
1.2163971
1.216434
1.2164616
1.2164909
1.2165869
1.2168074
1.2140944
1.2141593
1.2142168
1.2142785
1.214345
1.2144145
1.2144856
1.2145574
1.2146293
1.2147005
1.2147706
1.2148391
1.2149057
1.2149702
1.2150323
1.2150922
1.2151496
1.215205
1.2152583
1.2153078
1.2153503
1.2153957
1.2154986
1.2157043
1.2129878
1.213047
1.2131001
1.213157
1.2132184
1.213283
1.2133494
1.2134171
1.2134854
1.2135539
1.2136219
1.2136893
1.2137557
1.2138208
1.2138846
1.2139469
1.2140078
1.2140674
1.2141257
1.2141813
1.2142318
1.2142855
1.2143864
1.214568
1.2119547
1.2120089
1.2120586
1.2121117
1.2121688
1.2122289
1.2122909
1.2123543
1.2124187
1.2124836
1.2125487
1.2126135
1.2126778
1.2127414
1.2128041
1.2128659
1.2129268
1.2129867
1.2130457
1.2131026
1.2131557
1.2132117
1.2133045
1.213457
1.2110239
1.2110725
1.2111183
1.2111672
1.2112196
1.2112747
1.2113318
1.2113904
1.21145
1.2115103
1.211571
1.2116317
1.2116921
1.2117522
1.2118117
1.2118705
1.2119286
1.2119861
1.2120427
1.2120978
1.2121501
1.2122049
1.2122867
1.2124099
1.2102469
1.2102877
1.2103274
1.21037
1.2104157
1.2104639
1.210514
1.2105657
1.2106185
1.2106721
1.2107262
1.2107805
1.2108348
1.2108888
1.2109425
1.2109958
1.2110484
1.2111004
1.2111518
1.2112018
1.2112498
1.2112997
1.211368
1.2114627
1.2096523
1.2096793
1.2097074
1.2097392
1.2097747
1.2098132
1.209854
1.2098967
1.2099408
1.2099861
1.210032
1.2100784
1.210125
1.2101715
1.2102179
1.210264
1.2103097
1.210355
1.2103996
1.2104432
1.2104854
1.2105288
1.2105839
1.2106541
1.2092819
1.2092927
1.2093054
1.2093217
1.2093415
1.2093645
1.2093902
1.2094185
1.2094488
1.209481
1.2095145
1.2095492
1.2095846
1.2096206
1.2096568
1.2096931
1.2097294
1.2097654
1.2098011
1.2098361
1.2098703
1.2099051
1.2099467
1.2099955
1.2090869
1.2090924
1.2090973
1.2091033
1.2091108
1.2091203
1.2091318
1.2091453
1.2091607
1.2091778
1.2091965
1.2092165
1.2092378
1.2092599
1.2092829
1.2093064
1.2093304
1.2093547
1.2093791
1.2094034
1.2094275
1.2094522
1.2094804
1.2095108
1.2089775
1.2089886
1.208998
1.2090068
1.2090152
1.2090237
1.2090324
1.2090414
1.2090507
1.2090603
1.2090703
1.2090805
1.2090908
1.2091012
1.2091116
1.2091223
1.2091331
1.2091442
1.2091556
1.2091671
1.2091789
1.2091913
1.2092052
1.2092193
1.2087253
1.2087477
1.2087671
1.2087841
1.2087993
1.2088135
1.2088275
1.2088416
1.2088548
1.2088664
1.2088765
1.2088859
1.2088948
1.2089035
1.2089121
1.2089208
1.2089296
1.2089385
1.2089473
1.208956
1.2089644
1.2089726
1.2089802
1.2089867
1.2092104
1.2092244
1.2092367
1.2092472
1.2092562
1.2092634
1.2092689
1.2092732
1.209277
1.2092803
1.209283
1.2092851
1.209287
1.2092894
1.2092924
1.2092961
1.2093
1.2093032
1.2093048
1.2093049
1.209304
1.2093025
1.2093008
1.2092984
1.2118561
1.2115762
1.2113085
1.2110697
1.2108436
1.2106276
1.210422
1.2102274
1.2100439
1.2098718
1.2097129
1.2095698
1.2094443
1.2093373
1.2092495
1.2091806
1.2091291
1.2090926
1.2090688
1.2090557
1.2090512
1.2090537
1.2090615
1.2090738
1.2108073
1.2098452
1.2090717
1.2087799
1.2090334
1.2099849
1.2113976
1.2127135
1.2141029
1.2117683
1.2108538
1.2101207
1.2098616
1.2101182
1.2110757
1.2125674
1.214087
1.2153125
1.2127589
1.2119038
1.2112031
1.2109333
1.2111527
1.2120431
1.2134755
1.2150125
1.2161214
1.2137484
1.2129647
1.212299
1.212008
1.2121722
1.2129595
1.2142565
1.215683
1.2167269
1.2147018
1.2140035
1.2133803
1.2130693
1.2131682
1.2138298
1.2149549
1.2162117
1.2171748
1.2155671
1.2149751
1.2144107
1.2140912
1.2141241
1.214647
1.2155793
1.2166441
1.2174867
1.2163049
1.2158446
1.2153622
1.2150546
1.2150338
1.2154208
1.2161572
1.2170235
1.2177194
1.2169007
1.2166083
1.2162284
1.2159527
1.2159017
1.2161743
1.2167329
1.2174031
1.217964
1.2172147
1.2171998
1.2169854
1.216775
1.2167332
1.2169336
1.2173593
1.2178575
1.2183398
1.2171141
1.2174645
1.2175595
1.2175346
1.217575
1.217813
1.2182161
1.2185759
1.2187751
1.2168382
1.2173815
1.2178032
1.2180868
1.2183131
1.218562
1.2187957
1.2189192
1.2189111
1.2166252
1.217111
1.2176512
1.2180605
1.2183591
1.2186245
1.2189307
1.2192364
1.2194417
1.2164002
1.2167401
1.2172418
1.2177488
1.2182611
1.2187394
1.2191681
1.2195116
1.2197455
1.2161426
1.2164185
1.2169321
1.2174447
1.2179354
1.2184214
1.2188772
1.2192603
1.2195281
1.2157768
1.2159533
1.2164012
1.2169209
1.2173984
1.2178583
1.218292
1.2186706
1.2189591
1.2153151
1.2154412
1.2158081
1.2163168
1.2167696
1.2171845
1.2175692
1.2179086
1.2181769
1.2147349
1.214809
1.2150821
1.2155607
1.2159942
1.216369
1.2167059
1.2170019
1.2172395
1.214063
1.2141119
1.2143027
1.2147193
1.2151295
1.2154667
1.2157595
1.2160139
1.2162187
1.2133061
1.2133307
1.2134564
1.2137934
1.2141783
1.2144837
1.2147383
1.2149562
1.2151313
1.212521
1.2125357
1.2126116
1.2128491
1.2131951
1.21347
1.2136906
1.2138764
1.2140251
1.2117124
1.2117201
1.211768
1.2119224
1.2122075
1.2124541
1.2126441
1.2128013
1.2129268
1.2109508
1.2109595
1.2109965
1.2110915
1.2112936
1.2115065
1.211667
1.2117967
1.2119
1.2102531
1.2102676
1.2103061
1.2103772
1.2105027
1.2106633
1.2107921
1.2108941
1.2109755
1.2096725
1.2096945
1.2097424
1.2098118
1.2098946
1.2099904
1.2100785
1.2101499
1.210208
1.2091948
1.20923
1.2092922
1.2093732
1.2094514
1.2095116
1.2095578
1.2095961
1.2096284
1.208859
1.2089044
1.2089787
1.2090717
1.2091569
1.2092133
1.2092433
1.2092607
1.2092734
1.2086067
1.2086649
1.2087542
1.2088588
1.2089513
1.2090145
1.2090505
1.2090698
1.2090806
1.2084507
1.2085333
1.2086402
1.2087474
1.2088324
1.2088905
1.2089274
1.2089508
1.2089659
1.2081839
1.2082941
1.208406
1.2085014
1.2085705
1.2086188
1.2086548
1.2086824
1.2087033
1.2088608
1.2089697
1.2090572
1.2091044
1.2091341
1.2091562
1.2091732
1.2091856
1.2091948
1.2149958
1.2144062
1.2141267
1.2137258
1.2133652
1.213042
1.2127325
1.2124419
1.2121565
1.2117627
1.2126951
1.2136107
1.2145067
1.2153539
1.2160903
1.2166618
1.2170116
1.2169522
1.216581
1.2164374
1.2164173
1.2162901
1.216054
1.2157442
1.2152899
1.2147321
1.2140639
1.2133165
1.2125314
1.2117237
1.2109603
1.2102559
1.209671
1.2091817
1.2088358
1.208573
1.2083935
1.208083
1.2087718
1.2163032
1.2127247
1.2135771
1.2143936
1.2151735
1.2158991
1.2164857
1.2168329
1.216827
1.2164069
1.2162052
1.2163278
1.2163684
1.2162698
1.2160634
1.2157618
1.2153094
1.2147608
1.2140909
1.2133468
1.2125599
1.2117496
1.2109871
1.2102738
1.2096884
1.2091887
1.2088328
1.2085626
1.2083635
1.2079985
1.2086295
1.2176003
1.2137534
1.2145143
1.2152077
1.2158366
1.2163908
1.2167504
1.216726
1.2162927
1.2160045
1.2161625
1.2163474
1.2164011
1.2163178
1.2161096
1.2158149
1.2153595
1.2148105
1.2141389
1.2133912
1.2126052
1.2117865
1.2110301
1.2103048
1.2097218
1.2092144
1.2088498
1.2085755
1.208356
1.207954
1.2084839
1.219982
1.2147244
1.2153914
1.2159493
1.2163815
1.2166532
1.2166526
1.2161727
1.215876
1.2160506
1.2162798
1.2164529
1.2165091
1.2164308
1.2162112
1.21592
1.2154621
1.2148985
1.2142297
1.2134615
1.2126831
1.2118428
1.2110979
1.2103546
1.2097739
1.2092595
1.2088878
1.2086081
1.208368
1.2079335
1.2082612
1.2214319
1.2152549
1.2158178
1.2162445
1.2164427
1.2162952
1.2159533
1.2158963
1.2160928
1.2163287
1.2165438
1.2167127
1.2167605
1.2166722
1.2164452
1.2161316
1.2156736
1.2150636
1.2144065
1.2135936
1.2128281
1.2119561
1.2112186
1.2104521
1.2098632
1.2093365
1.2089485
1.2086702
1.2084014
1.2079224
1.2082772
1.2261938
1.2146578
1.2150319
1.2152708
1.2154404
1.2156793
1.2159525
1.2162093
1.2164269
1.2166625
1.2168739
1.217035
1.2170813
1.2170118
1.2167683
1.2164641
1.2159848
1.2154031
1.2147067
1.213925
1.2131049
1.2122532
1.2114468
1.2106837
1.2100329
1.2094879
1.2090786
1.2087897
1.2084576
1.2079447
1.2083764
1.2313616
)
;

boundaryField
{
    Side1
    {
        type            empty;
    }
    Inlet
    {
        type            calculated;
        value           nonuniform List<scalar> 
188
(
1.201408
1.2154859
1.2154859
1.2014118
1.2014134
1.2014152
1.2014173
1.2014198
1.2014227
1.2014262
1.2014302
1.201435
1.2014406
1.2014473
1.2014551
1.2014643
1.2014751
1.2014879
1.2015031
1.2015213
1.2015432
1.2015699
1.2016011
1.201635
1.2016702
1.2154859
1.2017392
1.2154859
1.2154859
1.2208825
1.2020535
1.2020535
1.2020535
1.2020535
1.2020535
1.2020535
1.2020535
1.2020535
1.2020535
1.2020535
1.2020535
1.2020535
1.2020535
1.2020535
1.2020535
1.2020535
1.2020535
1.2020535
1.2020535
1.2020535
1.2020535
1.2020535
1.2020535
1.2020535
1.2020535
1.2020535
1.2020535
1.2020535
1.2020535
1.2020535
1.2022912
1.2020535
1.2013742
1.2013757
1.2013772
1.2013788
1.2013805
1.2154859
1.2013837
1.2154859
1.2013865
1.2013879
1.2013893
1.2013907
1.2013921
1.2013936
1.2154859
1.2013965
1.2013979
1.2013993
1.2154859
1.201402
1.2014032
1.2014046
1.2014059
1.2014074
1.2013724
1.2013717
1.2013709
1.2154859
1.2154859
1.2154859
1.2154859
1.2154859
1.2013626
1.2013606
1.2154859
1.2013561
1.2013536
1.2154859
1.2013483
1.2154859
1.2013418
1.2013382
1.2013348
1.2013315
1.2013283
1.2154859
1.2013204
1.2013153
1.2013104
1.2013055
1.2013009
1.2012962
1.2012914
1.2012864
1.2012813
1.2012768
1.2012723
1.2015867
1.2015841
1.2015819
1.201263
1.2015825
1.2012672
1.2015883
1.2015953
1.2016031
1.2016108
1.2016244
1.2016343
1.2016438
1.2016543
1.2016655
1.2016763
1.2016884
1.2017109
1.2017323
1.2017505
1.2017648
1.2017827
1.2018017
1.2018172
1.2018324
1.201841
1.2018538
1.2018611
1.2018706
1.2018891
1.2020535
1.2020535
1.2020535
1.2020535
1.2020535
1.2020535
1.2020535
1.2020535
1.2020535
1.2020535
1.2020535
1.2020535
1.2020535
1.2020535
1.2020535
1.2020535
1.2020535
1.2020535
1.2020535
1.2020535
1.2020535
1.2020535
1.2020535
1.2020535
1.2020535
1.2020535
1.2020535
1.2020535
1.2020535
1.2020535
1.2020535
1.2020535
1.2020535
1.2020535
1.2020535
1.2020535
1.2020535
1.2020535
1.2020535
)
;
    }
    Side2
    {
        type            empty;
    }
    Outlet
    {
        type            calculated;
        value           nonuniform List<scalar> 
70
(
1.2015156
1.2015069
1.2014972
1.2014863
1.201474
1.2014602
1.2014447
1.2014272
1.2014074
1.2013852
1.2013606
1.2013337
1.2013052
1.201276
1.2012473
1.2012209
1.2011986
1.2011822
1.2011723
1.2011704
1.2011787
1.201199
1.2012332
1.2012826
1.2013461
1.2014215
1.20151
1.2016133
1.2017446
1.2019414
1.2021543
1.2018726
1.2018565
1.2018404
1.2018243
1.2018082
1.2017922
1.2017762
1.2017602
1.2017444
1.2017288
1.2017133
1.201698
1.2016829
1.2016679
1.2016531
1.2016384
1.2016238
1.2016094
1.201595
1.2015808
1.2015668
1.201553
1.2015395
1.2015263
1.2018853
1.2018958
1.2019087
1.2019232
1.2019386
1.2019538
1.2019677
1.2019798
1.2019898
1.2019988
1.2020082
1.2020169
1.2020261
1.2020334
1.202028
)
;
    }
    Botwall
    {
        type            calculated;
        value           nonuniform List<scalar> 
118
(
1.1944985
1.1947257
1.194918
1.1951013
1.1952874
1.1954741
1.195658
1.1958386
1.1960175
1.1961972
1.1963807
1.1965717
1.1967747
1.1969942
1.1972345
1.197499
1.1977895
1.1981049
1.1984419
1.1987903
1.1991478
1.1995136
1.1998757
1.200161
1.2004181
1.2006314
1.2008183
1.2009551
1.2010773
1.2011482
1.2011921
1.201219
1.201233
1.2012273
1.2012023
1.2011528
1.2010868
1.2010131
1.2009455
1.2008905
1.2008419
1.2007935
1.2007469
1.200711
1.2006973
1.2007
1.2007269
1.2007641
1.2008248
1.2008978
1.2009924
1.2010876
1.2012029
1.2013203
1.2014615
1.2015784
1.2017069
1.2018073
1.2019027
1.20193
1.2020232
1.2020186
1.2022603
1.2139195
1.2129695
1.2116094
1.2101967
1.2083345
1.2065407
1.204706
1.2026439
1.2005482
1.1985961
1.1968952
1.195396
1.1943131
1.1933299
1.1928179
1.1925414
1.1924285
1.192484
1.1926725
1.1929336
1.1932628
1.1935772
1.193936
1.1941992
1.2146578
1.2150319
1.2152708
1.2154404
1.2156793
1.2159525
1.2162093
1.2164269
1.2166625
1.2168739
1.217035
1.2170813
1.2170118
1.2167683
1.2164641
1.2159848
1.2154031
1.2147067
1.213925
1.2131049
1.2122532
1.2114468
1.2106837
1.2100329
1.2094879
1.2090786
1.2087897
1.2084576
1.2079447
1.2083764
1.2313616
)
;
    }
    Cyli
    {
        type            calculated;
        value           nonuniform List<scalar> 
96
(
1.2147099
1.2098061
1.2048959
1.200032
1.1952508
1.1906396
1.186257
1.1821653
1.1786831
1.1751555
1.1737728
1.1710261
1.167928
1.1668734
1.1676624
1.1694853
1.1715401
1.1744049
1.1775857
1.1813928
1.1854359
1.1879037
1.1896843
1.1902813
1.1901644
1.190359
1.1903872
1.1904191
1.1904514
1.1905056
1.1905833
1.1906771
1.1907834
1.1908949
1.1909759
1.1910138
1.190953
1.1908677
1.1907391
1.1906186
1.1905155
1.1904334
1.1903767
1.1903413
1.190301
1.1902865
1.1902648
1.1896843
1.2295075
1.2353074
1.2407728
1.2457326
1.2498143
1.2531953
1.2562442
1.2586505
1.2604218
1.2615069
1.261895
1.261165
1.2602073
1.2583899
1.2560325
1.2532138
1.2499578
1.2465782
1.2427967
1.2384941
1.2339652
1.229301
1.2245759
1.2197041
1.1878957
1.185559
1.182771
1.1789251
1.1749764
1.1716065
1.1690831
1.1671734
1.1655459
1.1641451
1.1639584
1.1657034
1.1691197
1.1724727
1.1748494
1.1786821
1.1829658
1.1878309
1.1930569
1.198738
1.2047729
1.2109985
1.2172919
1.2234936
)
;
    }
}


// ************************************************************************* //
