/*--------------------------------*- C++ -*----------------------------------*\
| =========                 |                                                 |
| \\      /  F ield         | OpenFOAM: The Open Source CFD Toolbox           |
|  \\    /   O peration     | Version:  2406                                  |
|   \\  /    A nd           | Website:  www.openfoam.com                      |
|    \\/     M anipulation  |                                                 |
\*---------------------------------------------------------------------------*/
FoamFile
{
    version     2.0;
    format      ascii;
    arch        "LSB;label=32;scalar=64";
    class       volScalarField;
    location    "0.06";
    object      p;
}
// * * * * * * * * * * * * * * * * * * * * * * * * * * * * * * * * * * * * * //

dimensions      [1 -1 -2 0 0 0 0];

internalField   nonuniform List<scalar> 
8260
(
101105.79
101005.74
100946.51
100876.09
100811.48
100763.38
100735.24
100726.57
100736.26
100761.92
100803.77
100858.61
100925.32
100996.19
101072.26
101149.02
101208.71
101246.27
101281.09
101311.13
101338.24
101362.75
101385.87
101405.83
101427.14
101442.08
101459.5
101468.12
101476.75
101485.12
101494.23
101296.91
101208.86
101123.04
101031.61
100951.33
100889.14
100846.28
100823.63
100819.56
100832.49
100862.68
100907.59
100964.97
101029.2
101095.55
101166.16
101218.72
101255.6
101288.78
101317.13
101342.98
101366.51
101388.89
101408.26
101429.21
101443.83
101461.15
101469.6
101478.23
101486.79
101497.88
101424.22
101343.76
101250.58
101151.39
101063.43
100992.24
100939.13
100905.98
100891.79
100893.26
100913.83
100950.38
101000.23
101060
101119.66
101186.03
101231.16
101267.39
101297.88
101324.18
101348.53
101370.92
101392.41
101411.09
101431.6
101445.87
101463.04
101471.3
101479.91
101488.67
101501.67
101528.41
101453.02
101360.86
101260
101167.81
101090.13
101028.78
100985.82
100961.55
100954.04
100965.62
100994.09
101036.8
101092.21
101146.09
101207.95
101245.83
101281.03
101308.2
101332.21
101354.87
101375.97
101396.43
101414.34
101434.32
101448.21
101465.19
101473.23
101481.83
101490.73
101505.47
101617.79
101547.56
101460.06
101361.63
101268.73
101187.6
101120.48
101069.62
101036.36
101020.48
101023.27
101043.47
101078.78
101128.91
101176.59
101232.22
101263.23
101296.47
101319.93
101341.36
101362.1
101381.72
101400.99
101418.06
101437.39
101450.89
101467.62
101475.45
101484.02
101493.08
101509.18
101690.89
101625.15
101544.58
101452.42
101362.73
101281.7
101211.92
101155.9
101115.68
101092.29
101086.86
101098.93
101126.79
101170.83
101211.74
101258.89
101284.34
101313.7
101333.19
101351.74
101370.33
101388.28
101406.17
101422.31
101440.86
101453.97
101470.35
101477.97
101486.52
101495.77
101512.67
101746.88
101686.35
101613.46
101530.42
101447.42
101369.91
101300.67
101242.41
101197.68
101168.3
101155.73
101160.23
101180.94
101218.33
101251.71
101287.85
101309.81
101332.81
101348.16
101363.51
101379.68
101395.74
101412.04
101427.17
101444.76
101457.5
101473.42
101480.85
101489.39
101498.81
101515.66
101787.92
101733.26
101669.9
101597.23
101522.87
101451.43
101385.57
101327.92
101281.22
101247.81
101229.57
101227.43
101241.58
101271.81
101296.34
101319.79
101339.13
101354.08
101364.96
101376.8
101390.27
101404.21
101418.72
101432.7
101449.14
101461.55
101476.87
101484.13
101492.69
101502.24
101517.52
101819.29
101769.32
101715.08
101653.62
101589.58
101526.39
101466.33
101411.85
101365.66
101330.35
101308.14
101300.65
101309.14
101331.29
101345.17
101357.07
101371.13
101377.8
101383.78
101391.76
101402.2
101413.8
101426.31
101439
101454.08
101466.17
101480.76
101487.86
101496.46
101506.1
101520.4
101842.04
101800.92
101754.36
101703.05
101650.14
101596.57
101543.97
101494.56
101450.94
101415.71
101391.32
101380.1
101383.97
101395.84
101397.75
101400.73
101404.94
101404
101404.74
101408.53
101415.6
101424.61
101434.91
101446.14
101459.68
101471.4
101485.18
101492.12
101500.74
101510.45
101521.71
101856.5
101834.7
101801.74
101759.14
101713.66
101667.48
101621.69
101577.82
101537.9
101504.25
101479.37
101466.24
101465.99
101464.18
101454.79
101447.88
101440.25
101432.52
101427.92
101427.23
101430.6
101436.7
101444.61
101454.19
101466.09
101477.28
101490.19
101496.97
101505.59
101515.37
101524.36
101893.43
101875.66
101847.7
101814.81
101777.76
101739.39
101700.89
101663.34
101628.25
101597.56
101573.72
101559.45
101552.31
101536.31
101513.78
101494.35
101477.15
101463.09
101453.14
101447.89
101447.31
101450.13
101455.47
101463.2
101473.42
101483.88
101495.88
101502.51
101511.09
101520.96
101525.84
101931.07
101918.55
101900.14
101874.59
101845.66
101815.8
101785.63
101755.6
101726.52
101699.58
101675.97
101655.51
101633.07
101602.38
101569.31
101539.62
101514.8
101495
101480.08
101470.36
101465.71
101464.96
101467.56
101473.21
101481.75
101491.28
101502.31
101508.82
101517.35
101527.27
101523.73
102004
101998.51
101979.48
101949.3
101920.15
101895.76
101872.81
101849.02
101823.7
101796.67
101767.35
101734.42
101696.84
101656.48
101617.27
101582.25
101552.51
101527.94
101508.34
101494.17
101485.52
101481.21
101480.96
101484.22
101491.05
101499.51
101509.56
101515.94
101524.48
101534.22
101521.34
102058.38
102060.34
102058.4
102046.56
102023.4
101994.76
101964.72
101933.37
101899.43
101862.57
101823.76
101783.58
101741.82
101699.48
101658.88
101621.58
101588.63
101560.5
101537.18
101518.94
101506.38
101498.71
101495.61
101496.24
101501.28
101508.59
101517.66
101523.89
101532.52
101541.98
101517.05
102053.27
102043.06
102028.66
102015.72
102006
101995.54
101983.48
101969.01
101944.31
101907.34
101865.14
101820.88
101777.24
101734.83
101694.42
101656.46
101621.83
101591.46
101565.65
101544.12
101527.86
101517.13
101511.29
101509.3
101512.34
101518.45
101526.58
101532.59
101541.4
101550.93
101526.64
102051.72
102042.9
102032.16
102020.18
102006.61
101989.79
101968.94
101944.53
101921.91
101903.95
101880.56
101847.53
101806.96
101764.7
101724.74
101687.16
101651.82
101619.75
101592.47
101569.01
101549.61
101536.11
101527.82
101523.31
101524.18
101529.02
101536.21
101541.94
101550.91
101561.21
101546.38
102016.51
102009.55
102001.11
101991.32
101979.95
101966.87
101951.74
101934.4
101915.72
101894.75
101873.26
101853.48
101826.5
101789.03
101749.66
101712.91
101678.56
101645.75
101616.81
101592.56
101571.43
101555.07
101544.72
101538.24
101536.69
101540.19
101546.37
101551.81
101560.85
101572.05
101559.02
101984.01
101978.29
101971.4
101963.64
101954.85
101944.6
101932.65
101919
101903.54
101886.23
101866.28
101842.52
101819.53
101798.77
101767.64
101732.95
101700.58
101669.06
101638.84
101613.76
101592.09
101573.95
101561.51
101553.6
101549.85
101551.7
101556.91
101562
101571.04
101582.13
101612
101945.46
101941.01
101935.64
101929.52
101922.52
101914.46
101905.18
101894.54
101882.35
101868.39
101852.64
101835.37
101816.1
101796.73
101777.03
101747.82
101716.59
101687.9
101658.75
101632.22
101610.57
101591.93
101577.81
101568.84
101563.44
101563.39
101567.57
101572.15
101581.14
101589.3
101633.57
101911.17
101907.67
101903.42
101898.6
101893.09
101886.76
101879.47
101871.05
101861.36
101850.21
101837.41
101822.75
101806.74
101788.44
101771.08
101754.91
101728.67
101700.7
101675.04
101648.75
101626.17
101608.05
101593.42
101583.51
101577.04
101575.15
101578.05
101581.78
101590.63
101593.12
101619.49
101873.51
101870.81
101867.55
101863.85
101859.64
101854.78
101849.18
101842.74
101835.33
101826.83
101817.15
101806.21
101793.58
101779.86
101763.82
101748.39
101733.15
101710.54
101687.96
101663.74
101640.17
101622.21
101607.91
101597.46
101590.16
101586.56
101588.03
101590.56
101598.99
101598.6
101600.24
101839.89
101837.83
101835.33
101832.51
101829.27
101825.54
101821.23
101816.22
101810.42
101803.71
101795.92
101786.9
101776.68
101764.88
101751.77
101736.74
101722.79
101711.68
101696.85
101676.23
101654.11
101635.72
101620.82
101610.16
101602.13
101597.17
101597.13
101598.45
101606.02
101609
101615.85
101804.4
101802.87
101801.01
101798.9
101796.5
101793.73
101790.53
101786.86
101782.66
101777.82
101772.24
101765.82
101758.36
101749.81
101740.15
101729.25
101717.19
101703.59
101690.76
101678.47
101662.22
101647.21
101632.12
101620.83
101612.38
101606.53
101604.87
101605.2
101611.73
101614.96
101628.5
101772.47
101771.36
101770.02
101768.53
101766.85
101764.91
101762.66
101760.06
101757.03
101753.5
101749.41
101744.68
101739.23
101732.97
101725.8
101717.79
101708.63
101699.07
101687.03
101672.89
101662.9
101651.42
101639.95
101628.98
101620.62
101614.25
101611.15
101610.59
101616.85
101616.69
101637.77
101741.66
101740.95
101740.09
101739.13
101738.03
101736.76
101735.29
101733.59
101731.61
101729.32
101726.66
101723.56
101719.94
101715.72
101710.75
101704.89
101698.22
101690.05
101680.32
101672.68
101663.81
101652.37
101643.79
101635.19
101627.32
101620.69
101616.5
101615.23
101622.21
101620.92
101637.6
101715.2
101714.8
101714.3
101713.74
101713.1
101712.36
101711.47
101710.42
101709.17
101707.67
101705.89
101703.75
101701.2
101698.16
101694.57
101690.3
101685.14
101679.28
101673.96
101667.03
101659.53
101653.9
101645.96
101639.22
101632.88
101626.89
101622.38
101619.98
101625.96
101623.27
101644.1
101688.5
101688.34
101688.14
101687.91
101687.64
101687.32
101686.92
101686.42
101685.83
101685.12
101684.28
101683.28
101682.08
101680.63
101678.85
101676.65
101673.66
101669.57
101664.4
101659.97
101656.29
101651.32
101646.62
101642.12
101638.1
101633.74
101630.28
101627.4
101631.84
101621.67
101649.33
101665.92
101665.98
101666.03
101666.07
101666.1
101666.11
101666.11
101666.07
101666.01
101665.89
101665.71
101665.42
101664.99
101664.34
101663.42
101662.34
101661.51
101661.03
101660.36
101659.89
101658.02
101653.96
101651.08
101648.75
101646.12
101643.35
101641.12
101638.38
101642.15
101625.84
101690.99
101654.81
101654.75
101654.68
101654.6
101654.5
101654.39
101654.27
101654.13
101654
101653.88
101653.78
101653.72
101653.72
101653.8
101654.05
101654.64
101655.63
101655.18
101653.22
101651.46
101649.18
101649.73
101652.64
101655.11
101655.97
101656.48
101657.96
101656.94
101657.02
101635.09
101653.53
101645.52
101644.91
101644.25
101643.57
101642.85
101642.08
101641.24
101640.32
101639.28
101638.13
101636.84
101635.44
101633.93
101632.4
101630.79
101628.81
101626.7
101626.47
101629.41
101634.15
101641.35
101645.87
101646.46
101647.48
101650.77
101654.32
101655.12
101654.1
101652.75
101644.29
101633.58
100314.59
100299.95
100290.37
100280.54
100270.6
100265.7
100272.63
100293.22
100324.55
100370.55
100429.94
100500.71
100580.84
100667.87
100758.39
100856.25
100943.04
101037.35
101099.46
101154.79
101210.07
101256.47
101297.63
101331.85
101362.64
101385.51
101406.55
101419.41
101427.3
101433.1
101422.02
100326.02
100309.68
100287
100268.6
100256.55
100254.96
100267.54
100295.46
100335.58
100388.31
100452.32
100525.92
100607.27
100693.67
100782.33
100877.04
100961.41
101049.09
101102.42
101161.61
101216.14
101261.57
101301.83
101335.31
101365.56
101387.96
101408.75
101421.38
101429.3
101435.12
101423.53
100279.09
100250.4
100224.3
100210.76
100209.28
100219.54
100243.84
100282.43
100331.39
100391.5
100461.34
100539.12
100623.08
100710.43
100799.25
100892.45
100978.03
101059.44
101107.61
101169.47
101222.52
101266.82
101306.12
101338.85
101368.53
101390.47
101411
101423.37
101431.32
101437.19
101425.52
100204.92
100181.3
100163.86
100159.47
100167.36
100187.69
100221.59
100268.52
100325.45
100392.33
100467.46
100549.06
100635.51
100724.04
100814.06
100905.4
100992.13
101068.98
101114.96
101177.47
101228.8
101272.03
101310.38
101342.37
101371.51
101392.99
101413.26
101425.38
101433.36
101439.31
101427.13
100108.76
100094.81
100089.19
100097.83
100119.29
100152.94
100198.69
100255.37
100320.85
100394.5
100474.64
100559.74
100648.38
100737.96
100829.56
100918.91
101005.45
101078.36
101123.46
101185.41
101235.02
101277.2
101314.63
101345.89
101374.5
101395.52
101415.54
101427.42
101435.42
101441.45
101430.04
99994.223
99995.657
100007.36
100033.35
100071.05
100119.23
100177.31
100244.1
100318.03
100398.14
100482.97
100571.29
100661.81
100752.33
100845.58
100933.55
101017.92
101087.18
101132.3
101193.2
101241.16
101282.3
101318.83
101349.39
101377.48
101398.06
101417.84
101429.48
101437.49
101443.51
101432.79
99864.36
99888.237
99922.37
99968.57
100023.95
100087.25
100157.85
100234.78
100316.79
100402.96
100492.11
100583.29
100675.42
100766.72
100861.31
100948.43
101029.05
101095
101141.29
101200.83
101247.21
101287.34
101322.99
101352.87
101380.45
101400.61
101420.15
101431.56
101439.57
101445.57
101435.24
99732.682
99782.372
99840.493
99907.243
99980.287
100058.48
100141.23
100227.84
100317.33
100409.01
100501.99
100595.68
100689.07
100780.98
100876.04
100961.72
101040.54
101102.42
101150.41
101208.28
101253.19
101292.32
101327.11
101356.31
101383.4
101403.16
101422.47
101433.65
101441.67
101447.7
101439.21
99609.004
99685.195
99766.07
99851.912
99941.84
100034.23
100128.22
100223.67
100319.84
100416.38
100512.67
100608.45
100702.77
100795.31
100889.57
100974.21
101053.26
101109.9
101159.6
101215.54
101259.08
101297.22
101331.17
101359.72
101386.34
101405.7
101424.8
101435.75
101443.78
101449.9
101443.37
99498.55
99600.063
99702.95
99805.061
99910.601
100015.83
100119.5
100222.6
100324.47
100425.12
100524.14
100621.61
100716.73
100810.57
100902.98
100986.55
101065.32
101117.96
101168.76
101222.63
101264.88
101302.04
101335.18
101363.1
101389.26
101408.23
101427.13
101437.86
101445.89
101452.14
101447.36
99410.379
99531.083
99651.407
99770.202
99888.62
100004.2
100115.65
100224.98
100331.33
100435.28
100536.45
100635.34
100731.46
100825.42
100916.14
100999.52
101076.39
101126.67
101177.81
101229.54
101270.59
101306.78
101339.13
101366.42
101392.14
101410.75
101429.45
101439.98
101448.01
101454.35
101451.01
99348.643
99484.681
99618.252
99748.677
99875.739
99998.899
100117.5
100231.33
100340.69
100447.07
100549.9
100650.09
100747.5
100840.23
100927.98
101011.56
101086.71
101135.73
101186.68
101236.31
101276.2
101311.44
101343.02
101369.7
101395
101413.25
101431.77
101442.1
101450.13
101456.5
101454.22
99318.521
99464.147
99605.032
99741.71
99874.122
100001.79
100124.67
100242.1
100353.55
100461.29
100565.21
100666.03
100761.15
100852.25
100940.39
101024.15
101096.64
101144.92
101195.36
101242.93
101281.71
101316.01
101346.83
101372.92
101397.82
101415.73
101434.08
101444.21
101452.26
101458.61
101456.77
99319.323
99470.214
99612.664
99750.358
99884.22
100013.64
100138.88
100258.47
100371.12
100478.77
100581.82
100679.2
100772.9
100864.84
100953.22
101036.5
101106.35
101154.2
101203.83
101249.4
101287.11
101320.49
101350.57
101376.09
101400.59
101418.18
101436.37
101446.32
101454.38
101460.76
101460.18
99337.416
99493.935
99637.129
99773.912
99906.626
100035.41
100160.54
100278.47
100389.79
100494.64
100593.07
100690.07
100786.65
100877.49
100965.35
101047.77
101115.96
101163.52
101212.06
101255.73
101292.38
101324.86
101354.24
101379.18
101403.32
101420.61
101438.65
101448.43
101456.5
101462.92
101463.29
99369.584
99522.532
99666.344
99804.109
99935.845
100061.78
100182.85
100294.68
100400.69
100505.34
100607.56
100705.36
100800.91
100889.9
100976.79
101058.04
101125.52
101172.82
101220.04
101261.91
101297.54
101329.14
101357.81
101382.21
101406
101422.99
101440.9
101450.52
101458.62
101465.08
101465.99
99475.679
99599.06
99720.442
99843.776
99966.753
100085.86
100198.2
100309.01
100420.31
100525.16
100625.2
100721.51
100815.27
100902.08
100987.72
101068.15
101135.01
101182.03
101227.74
101267.94
101302.57
101333.32
101361.31
101385.17
101408.62
101425.34
101443.13
101452.6
101460.73
101467.25
101468.12
99640.061
99740.458
99833.491
99930.803
100033.06
100136.97
100239.23
100342.72
100447.53
100548.04
100644.15
100737.88
100829.71
100914.15
100998.33
101078.52
101144.42
101191.07
101235.17
101273.82
101307.47
101337.39
101364.71
101388.06
101411.18
101427.64
101445.33
101454.66
101462.83
101469.5
101471.34
99808.353
99890.219
99960.973
100035.78
100117.25
100203.25
100291.17
100382.97
100479.17
100572.78
100664.12
100754.63
100844.24
100926.21
101008.78
101088.98
101153.71
101199.91
101242.35
101279.56
101312.26
101341.35
101368.03
101390.86
101413.68
101429.89
101447.49
101456.7
101464.91
101471.73
101474.53
99995.963
100054.3
100099.89
100151.03
100210.86
100277.21
100348.27
100427.94
100514.36
100599.48
100685.16
100771.72
100858.76
100938.25
101019.07
101099.35
101162.9
101208.51
101249.3
101285.13
101316.89
101345.19
101371.23
101393.57
101416.1
101432.08
101449.61
101458.71
101466.97
101473.87
101477.67
100207.7
100237.59
100254.27
100278.65
100314.34
100358.42
100411.55
100478.21
100552.23
100628.53
100707.39
100789.16
100873.19
100950.24
101029.26
101110
101171.95
101216.74
101255.93
101290.47
101321.31
101348.84
101374.28
101396.15
101418.41
101434.19
101451.67
101460.68
101469.02
101476.04
101480.79
100443.29
100439.98
100425.24
100420.09
100428.94
100449.21
100484.95
100535.35
100594.29
100661.04
100731.96
100807.87
100888.15
100962.52
101039.69
101119.95
101180.45
101224.18
101262.06
101295.49
101325.47
101352.29
101377.18
101398.6
101420.63
101436.24
101453.69
101462.63
101471.05
101478.35
101483.94
100711.02
100674.53
100630.05
100591.41
100569.64
100565.29
100577.72
100605.73
100647.49
100701.57
100762.48
100830.73
100905.76
100976.43
101050.96
101127.45
101187.79
101230.41
101267.7
101300.28
101329.46
101355.62
101379.98
101400.98
101422.8
101438.24
101455.7
101464.57
101473.08
101480.77
101487.17
100988.78
100936.83
100881.59
100817.51
100759.86
100719.75
100700.58
100701.24
100720.51
100754.98
100802.19
100860.16
100927.77
100993.72
101064.26
101135.29
101194.92
101236.38
101273.63
101305.37
101333.68
101359.1
101382.91
101403.44
101425.04
101440.26
101457.73
101466.49
101475.08
101483.15
101490.55
100365.06
100357.03
100346.37
100336.43
100328.48
100324.56
100328.89
100344
100369.13
100408.44
100460.98
100525.19
100599.16
100680.53
100765.33
100856.25
100938.38
101023.01
101091.52
101147.18
101204.43
101251.94
101293.92
101328.79
101360.04
101383.34
101404.6
101417.7
101425.57
101431.35
101419.46
100376.9
100373.43
100363.98
100353.74
100345.72
100342.85
100347.13
100358.43
100381.07
100417.39
100466.72
100527.92
100599.28
100678.68
100762.37
100851.96
100937.26
101017.81
101089.81
101144.31
101201.49
101249.26
101291.56
101326.74
101358.2
101381.74
101403.1
101416.32
101424.15
101429.72
101416.43
100370.91
100367.82
100363.47
100359.12
100355.53
100355.38
100361.09
100372.83
100394.89
100429.17
100475.78
100534.05
100602.62
100679.63
100761.75
100849.24
100935.63
101015.69
101087.68
101141.84
101199.06
101247
101289.48
101324.89
101356.46
101380.19
101401.59
101414.88
101422.65
101427.73
101412.82
100365.66
100364.99
100365.43
100365.7
100366.39
100369.26
100376.66
100389.67
100411.46
100443.92
100487.85
100543.07
100608.56
100682.77
100762.77
100847.42
100933.37
101013.44
101084.55
101138.83
101196.33
101244.55
101287.24
101322.91
101354.6
101378.53
101399.97
101413.35
101421.04
101425.49
101409.74
100364.96
100367.97
100371.6
100374.59
100378.11
100383.5
100392.57
100406.71
100428.34
100459.31
100500.84
100553.15
100615.59
100686.88
100764.51
100846.1
100931.23
101010.9
101081.14
101135.42
101193.27
101241.8
101284.76
101320.71
101352.55
101376.7
101398.22
101411.69
101419.3
101423.1
101406.25
100366.12
100372
100377.9
100383.31
100389.27
100396.93
100407.72
100422.96
100444.63
100474.5
100513.98
100563.63
100623.15
100691.53
100766.69
100845.49
100929.71
101008.36
101078.16
101131.87
101190.05
101238.87
101282.08
101318.32
101350.34
101374.74
101396.33
101409.9
101417.43
101420.61
101402.73
100367.66
100375.54
100383.46
100391.29
100399.72
100409.63
100422.17
100438.56
100460.47
100489.55
100527.29
100574.51
100631.23
100696.74
100769.36
100845.85
100928.33
101005.61
101075.85
101128.4
101186.77
101235.83
101279.29
101315.82
101348
101372.65
101394.32
101407.99
101415.44
101418.04
101399.51
100370.06
100379.61
100389.45
100399.49
100410.19
100422.18
100436.4
100453.92
100476.15
100504.65
100540.89
100585.88
100639.93
100702.61
100772.61
100846.92
100926.84
101002.58
101073.71
101125.17
101183.47
101232.72
101276.41
101313.2
101345.54
101370.44
101392.2
101405.96
101413.32
101415.41
101396.31
100374.41
100385.47
100396.97
100408.86
100421.43
100435.19
100450.86
100469.37
100491.93
100519.95
100554.87
100597.8
100649.29
100709.18
100776.51
100848.57
100925.75
100999.68
101071.19
101122.17
101180.14
101229.55
101273.43
101310.47
101342.98
101368.11
101389.96
101403.8
101411.04
101412.66
101398.58
100381.66
100393.99
100406.84
100420.12
100434.12
100449.22
100466.02
100485.29
100508.06
100535.61
100569.31
100610.32
100659.36
100716.51
100781.11
100850.82
100925.65
100997.46
101068.16
101119.39
101176.79
101226.32
101270.36
101307.63
101340.28
101365.66
101387.58
101401.5
101408.55
101409.66
101399.97
100392.69
100405.93
100419.75
100433.95
100448.86
100464.83
100482.33
100502.03
100524.82
100551.83
100584.34
100623.5
100670.18
100724.63
100786.47
100853.73
100926.32
100996.18
101065.16
101116.9
101173.45
101223.04
101267.2
101304.67
101337.46
101363.07
101385.07
101399.05
101405.9
101406.41
101398.77
100408.35
100422.05
100436.4
100451
100466.27
100482.55
100500.27
100519.98
100542.5
100568.81
100600.08
100637.44
100681.8
100733.6
100792.64
100857.36
100927.63
100995.95
101062.67
101114.7
101170.16
101219.74
101263.97
101301.61
101334.51
101360.35
101382.42
101396.43
101403.08
101402.97
101396.71
100429.18
100442.91
100457.3
100471.74
100486.78
100502.8
100520.2
100539.48
100561.37
100586.75
100616.67
100652.21
100694.3
100743.46
100799.67
100861.76
100929.52
100995.54
101060.52
101113.01
101166.98
101216.44
101260.68
101298.44
101331.44
101357.48
101379.62
101393.66
101400.09
101399.34
101396.47
100455.03
100468.44
100482.46
100496.28
100510.56
100525.79
100542.35
100560.74
100581.64
100605.83
100634.25
100667.93
100707.74
100754.27
100807.63
100866.95
100931.9
100995.27
101058.66
101111.63
101163.93
101213.18
101257.35
101295.18
101328.25
101354.48
101376.66
101390.7
101396.9
101395.56
101396.85
100486.21
100498.74
100511.82
100524.53
100537.56
100551.47
100566.73
100583.83
100603.39
100626.14
100652.93
100684.67
100722.19
100766.09
100816.56
100872.99
100934.7
100995.53
101057.5
101110.59
101161.07
101210
101254.01
101291.84
101324.95
101351.34
101373.55
101387.57
101393.5
101391.71
101397.19
100520.61
100532.11
100544.08
100555.48
100567.02
100579.36
100593.04
100608.58
100626.58
100647.71
100672.75
100702.49
100737.7
100778.98
100826.55
100879.95
100937.95
100996.39
101057.11
101110.02
101158.42
101206.94
101250.68
101288.45
101321.54
101348.06
101370.27
101384.24
101389.89
101387.84
101396.93
100556.89
100567.07
100577.76
100587.82
100597.86
100608.63
100620.7
100634.64
100651.01
100670.47
100693.7
100721.42
100754.35
100793.01
100837.66
100887.92
100941.98
100998.24
101057.85
101109.98
101156.03
101204.05
101247.41
101285.01
101318.03
101344.64
101366.84
101380.72
101386.06
101383.95
101394.16
100593.69
100602.29
100611.58
100620.35
100629.07
100638.44
100649.08
100661.54
100676.4
100694.25
100715.72
100741.48
100772.16
100808.25
100850
100897.1
100947.69
101001.94
101059.88
101110.33
101153.98
101201.39
101244.21
101281.56
101314.45
101341.1
101363.24
101377
101382.01
101379.84
101387.02
100629.08
100636.38
100644.35
100652.02
100659.7
100668.01
100677.55
100688.85
100702.45
100718.9
100738.78
100762.68
100791.18
100824.74
100863.64
100907.67
100955.43
101007.17
101062.61
101110.95
101152.45
101199.02
101241.13
101278.13
101310.8
101337.43
101359.47
101373.12
101377.74
101375.12
101375.58
100663.67
100668.98
100675.46
100682.13
100689.09
100696.81
100705.74
100716.31
100729.02
100744.35
100762.84
100785.03
100811.45
100842.56
100878.65
100919.64
100964.56
101013.1
101064.59
101111.81
101151.87
101197.01
101238.22
101274.73
101307.1
101333.65
101355.53
101369.09
101373.27
101370
101367.5
100697.41
100701.55
100706.35
100711.65
100718.04
100725.42
100734.02
100744.18
100756.27
100770.73
100788.02
100808.63
100833.06
100861.77
100895.06
100932.98
100974.85
101020.07
101067.8
101113.17
101151.96
101195.37
101235.51
101271.42
101303.39
101329.76
101351.43
101364.87
101368.59
101365.06
101356.71
100729.55
100733.09
100738.04
100742.66
100747.79
100754.83
100763.28
100773.15
100784.74
100798.42
100814.58
100833.66
100856.14
100882.44
100912.93
100947.71
100986.36
101028.23
101072.45
101114.9
101152.71
101194.14
101233.08
101268.23
101299.67
101325.77
101347.16
101360.38
101363.72
101360.27
101341.48
100762.87
100765.34
100769.23
100774.52
100780.7
100787.32
100795.11
100804.37
100815.25
100827.99
100842.91
100860.38
100880.82
100904.67
100932.29
100963.87
100999.16
101037.55
101078.01
101118.19
101154.5
101193.37
101230.96
101265.18
101295.99
101321.7
101342.74
101355.63
101358.67
101355.68
101327.39
100801.39
100803.69
100807.05
100811.12
100816.17
100822.3
100829.64
100838.25
100848.24
100859.82
100873.28
100888.95
100907.22
100928.5
100953.18
100981.46
101013.27
101048.03
101084.38
101121.29
101157.01
101193.43
101229.22
101262.36
101292.39
101317.58
101338.16
101350.66
101353.43
101351.26
101321.35
100843.19
100845.57
100848.78
100851.8
100855.59
100861.1
100867.72
100875.32
100884.06
100894.15
100905.85
100919.46
100935.35
100953.91
100975.51
101000.42
101028.66
101059.7
101092.16
101126.46
101160.21
101194.25
101227.96
101259.71
101288.88
101313.42
101333.45
101345.52
101347.98
101346.29
101308.13
100886.24
100888.32
100891.24
100894.66
100898.76
100903.43
100908.85
100915.1
100922.3
100930.63
100940.33
100951.67
100965
100980.69
100999.12
101020.61
101045.24
101072.67
101101.91
101133.42
101163.99
101195.09
101226.91
101257.41
101285.55
101309.28
101328.63
101340.25
101342.27
101340.21
101297.88
100930.31
100932.49
100935.15
100938.32
100942.19
100946.2
100950.7
100955.8
100961.58
100968.21
100975.91
100984.94
100995.67
101008.46
101023.71
101041.75
101062.79
101086.64
101112.57
101140.69
101168.21
101196.46
101226.72
101255.29
101282.36
101305.14
101323.74
101334.86
101336.23
101333.3
101295.04
100972.64
100974.82
100977.82
100981.17
100984.53
100988.03
100991.83
100995.97
101000.54
101005.67
101011.52
101018.38
101026.61
101036.59
101048.74
101063.43
101080.94
101101.23
101123.78
101148.5
101173.68
101197.96
101226.16
101253.8
101279.4
101301.09
101318.8
101329.38
101329.84
101325.57
101298.21
101012.75
101014.98
101017.92
101020.91
101024.03
101027.32
101030.73
101034.22
101037.84
101041.72
101046
101050.95
101056.92
101064.32
101073.58
101085.12
101099.28
101116.14
101135.35
101156.78
101178.21
101199.49
101226.89
101252.95
101276.68
101297.11
101313.83
101323.84
101323.21
101317.03
101302.01
101051.88
101053.31
101055.53
101058.03
101060.72
101063.57
101066.51
101069.43
101072.3
101075.16
101078.16
101081.54
101085.6
101090.76
101097.48
101106.19
101117.3
101130.97
101146.96
101164.86
101182.69
101203.14
101229.01
101252.29
101273.78
101293.22
101308.9
101318.26
101316.41
101307.98
101297.61
101088.76
101089.48
101091.02
101092.85
101094.83
101096.93
101099.1
101101.25
101103.3
101105.22
101107.12
101109.2
101111.73
101115.07
101119.68
101126.02
101134.51
101145.38
101158.51
101173.5
101189.6
101207.82
101230.28
101250.99
101271.6
101289.68
101304.02
101312.7
101309.36
101298.9
101307.65
101123.11
101123.94
101124.63
101125.56
101126.64
101127.77
101128.9
101129.94
101130.87
101131.71
101132.5
101133.41
101134.66
101136.58
101139.56
101144.04
101150.42
101159.01
101169.81
101182.56
101197.02
101211.76
101231.02
101251
101270.26
101286.09
101299.31
101307.24
101302.32
101289.63
101298.72
101145.73
101145.7
101147.37
101149.41
101151.53
101153.6
101154.58
101154.42
101154.14
101153.92
101153.71
101153.63
101153.9
101154.79
101156.63
101159.78
101164.62
101171.46
101180.37
101191.16
101203.69
101215.88
101233.19
101251.29
101268.32
101282.5
101294.87
101301.93
101295.69
101280.05
101300.27
101170.17
101168.92
101168.02
101167.26
101166.5
101165.92
101166.4
101167.86
101169.21
101169.55
101169.04
101168.66
101168.62
101169.13
101170.46
101172.91
101176.83
101182.47
101189.94
101199.04
101209.62
101220.44
101235.22
101250.33
101266.67
101280.18
101290.76
101296.94
101289.94
101271.07
101282.84
101190.53
101189.44
101188.19
101186.79
101185.26
101183.58
101181.87
101180.35
101179.06
101178.7
101179.15
101179.31
101179.33
101179.85
101181.18
101183.51
101187.07
101192.04
101198.5
101206.34
101215.44
101225
101237.15
101250.69
101265.32
101277.41
101286.91
101292.24
101285.5
101264.86
101267.23
101190.91
101190.83
101190.63
101190.31
101189.92
101189.51
101189.05
101188.53
101187.95
101187.36
101186.85
101186.68
101187.12
101188.2
101189.9
101192.39
101195.85
101200.42
101206.17
101213.08
101220.95
101229.28
101239.58
101251.4
101263.92
101275.06
101283.19
101288
101282.37
101261.93
101257.48
101188.26
101188.69
101189.01
101189.28
101189.57
101189.86
101190.16
101190.5
101190.92
101191.49
101192.28
101193.04
101194
101195.61
101197.69
101200.32
101203.7
101207.94
101213.12
101219.21
101226.05
101233.28
101241.92
101252.05
101263.17
101273.03
101279.82
101284.3
101280.51
101261.82
101253.68
101189.19
101189.92
101190.56
101191.18
101191.87
101192.68
101193.62
101194.71
101195.88
101196.67
101197.13
101198.46
101200.66
101202.87
101205.23
101207.94
101211.13
101214.95
101219.48
101224.74
101230.62
101236.87
101244.15
101252.94
101262.34
101270.47
101277.45
101282.02
101279.62
101263.95
101255.25
101194.19
101194.72
101195.25
101195.82
101196.49
101197.33
101198.31
101199.42
101200.54
101202.09
101204.43
101206.86
101208.97
101210.93
101213.07
101215.49
101218.25
101221.45
101225.23
101229.63
101234.6
101240.04
101246.26
101253.95
101262.09
101269.71
101275.87
101279.79
101279.32
101267.96
101260.76
101203.36
101203.66
101204.06
101204.53
101205.11
101205.82
101206.71
101207.94
101209.53
101211.26
101213.04
101214.74
101216.42
101218.19
101220.07
101222.11
101224.37
101226.97
101230.05
101233.68
101237.91
101242.75
101248.29
101255.36
101263
101270.01
101275.07
101278.62
101279.44
101271.73
101270.14
101213.8
101213.86
101214.09
101214.42
101214.82
101215.28
101215.88
101216.84
101218.35
101219.81
101220.87
101221.92
101223.09
101224.35
101225.72
101227.22
101228.95
101231.01
101233.54
101236.66
101240.45
101244.99
101250.32
101257.27
101264.88
101271.75
101276.32
101278.89
101279.46
101273.73
101280.12
101220.95
101220.83
101220.87
101221.01
101221.23
101221.52
101221.85
101221.98
101222.13
101223.07
101224.71
101226.07
101226.96
101227.88
101228.92
101230.11
101231.52
101233.28
101235.56
101238.5
101242.22
101246.84
101252.46
101259.76
101267.91
101275.34
101279.99
101281.04
101279.28
101273.6
101287.88
101228
101227.77
101227.54
101227.37
101227.32
101227.37
101227.45
101227.41
101227.11
101226.64
101226.46
101227.03
101227.95
101228.77
101229.7
101230.85
101232.27
101234.08
101236.43
101239.51
101243.5
101248.54
101254.81
101262.83
101272.02
101280.47
101285.62
101285.75
101280.66
101271.95
101284.43
101227.28
101227.35
101227.42
101227.5
101227.58
101227.66
101227.74
101227.85
101227.99
101228.15
101228.18
101228.12
101228.37
101229.04
101229.95
101231.1
101232.61
101234.58
101237.15
101240.51
101244.88
101250.45
101257.42
101266.17
101276.32
101285.72
101291.53
101291.34
101283.97
101271.71
101276.27
101226.2
101226.47
101226.74
101227.01
101227.3
101227.59
101227.89
101228.19
101228.48
101228.78
101229.11
101229.49
101230
101230.7
101231.61
101232.78
101234.33
101236.41
101239.15
101242.71
101247.28
101253.03
101260.16
101268.87
101278.95
101288.41
101294.54
101295.28
101288.08
101273.39
101277.42
101229.19
101229.32
101229.47
101229.65
101229.86
101230.1
101230.39
101230.74
101231.14
101231.61
101232.17
101232.86
101233.7
101234.65
101235.78
101237.16
101238.86
101241.03
101243.81
101247.32
101251.64
101256.85
101262.97
101269.99
101278.02
101285.71
101291.47
101294.77
101292.75
101280.88
101275.32
101235.1
101235.2
101235.35
101235.54
101235.77
101236.05
101236.39
101236.8
101237.29
101237.88
101238.61
101239.47
101240.47
101241.66
101243.06
101244.71
101246.67
101248.98
101251.7
101254.86
101258.39
101262.16
101265.95
101269.6
101273.53
101277.43
101281.39
101286.62
101290.5
101290.65
101291.61
101244.13
101244.29
101244.5
101244.75
101245.04
101245.39
101245.8
101246.3
101246.88
101247.58
101248.41
101249.51
101250.81
101252.19
101253.77
101255.59
101257.64
101259.9
101262.28
101264.68
101266.87
101268.5
101269.2
101268.87
101268.3
101268.1
101269.44
101274.37
101280.38
101287.93
101295.53
101256.85
101257.08
101257.38
101257.71
101258.09
101258.53
101259.04
101259.64
101260.34
101261.17
101262.1
101263.08
101264.21
101265.62
101267.22
101268.96
101270.77
101272.57
101274.19
101275.38
101275.78
101275
101272.74
101269.13
101265.33
101262.29
101260.97
101263.11
101267.52
101274.78
101284.65
101273.42
101273.66
101273.97
101274.32
101274.7
101275.15
101275.67
101276.26
101276.94
101277.71
101278.58
101279.55
101280.62
101281.78
101282.97
101284.15
101285.21
101286
101286.29
101285.8
101284.19
101281.13
101276.51
101270.68
101264.87
101259.88
101256.29
101255.79
101258.09
101263.1
101268.31
101294.25
101294.42
101294.65
101294.89
101295.17
101295.48
101295.83
101296.23
101296.67
101297.16
101297.69
101298.23
101298.78
101299.28
101299.67
101299.86
101299.71
101299.05
101297.65
101295.25
101291.59
101286.51
101280.08
101272.79
101265.73
101259.82
101255.53
101254.51
101256.24
101259.62
101254.41
101317.87
101317.87
101317.91
101317.94
101317.97
101318
101318.02
101318.04
101318.04
101318.01
101317.92
101317.76
101317.48
101317.01
101316.28
101315.18
101313.56
101311.26
101308.07
101303.8
101298.31
101291.61
101283.97
101276.03
101268.94
101263.77
101260.65
101260.55
101261.85
101262.99
101249.01
101342.11
101341.91
101341.7
101341.45
101341.16
101340.82
101340.42
101339.95
101339.39
101338.71
101337.88
101336.87
101335.7
101334.24
101332.28
101329.81
101326.71
101322.85
101318.07
101312.27
101305.44
101297.78
101289.76
101282.14
101275.87
101272.04
101270.2
101270.43
101271.43
101273.51
101252.02
101365.42
101365.01
101364.57
101364.05
101363.46
101362.77
101361.98
101361.06
101359.99
101358.74
101357.27
101355.53
101353.37
101350.79
101347.82
101344.25
101339.95
101334.82
101328.8
101321.89
101314.2
101306.05
101298.03
101290.93
101285.25
101281.95
101280.11
101280.02
101280.7
101284.41
101254.47
101386.35
101385.8
101385.18
101384.46
101383.64
101382.69
101381.58
101380.3
101378.8
101377.05
101374.99
101372.58
101369.78
101366.49
101362.57
101358.01
101352.71
101346.59
101339.61
101331.8
101323.33
101314.52
101305.95
101298.38
101292.26
101288.46
101286.13
101286.34
101287.9
101297.05
101258.36
101402.81
101402.17
101401.45
101400.61
101399.65
101398.54
101397.24
101395.74
101393.98
101391.92
101389.51
101386.69
101383.34
101379.43
101374.88
101369.58
101363.45
101356.43
101348.52
101339.79
101330.43
101320.8
101311.39
101302.98
101296.31
101292.24
101289.5
101289.31
101292.05
101302.42
101254.09
101411.06
101410.38
101409.6
101408.71
101407.68
101406.48
101405.1
101403.49
101401.62
101399.42
101396.85
101393.84
101390.37
101386.39
101381.74
101376.19
101369.63
101362.1
101353.64
101344.38
101334.62
101324.81
101315.38
101306.86
101299.63
101294.62
101290.84
101289.05
101288.51
101297.4
101254.59
101414.45
101413.78
101413.03
101412.16
101411.15
101409.98
101408.62
101407.03
101405.18
101403.01
101400.47
101397.48
101393.91
101389.62
101384.67
101379.01
101372.48
101365.04
101356.8
101347.94
101338.7
101329.46
101320.73
101313.13
101306.62
101301.11
101295.52
101290.58
101287.78
101289.9
101248.17
101417.53
101416.71
101415.8
101414.8
101413.69
101412.44
101411
101409.32
101407.36
101405.08
101402.43
101399.35
101395.79
101391.65
101386.82
101381.24
101374.93
101367.77
101359.67
101350.76
101341.49
101332.46
101324.12
101316.66
101309.78
101303.32
101296.65
101290.71
101284.29
101280.99
101241.14
101409.63
101408.98
101408.24
101407.38
101406.4
101405.25
101403.92
101402.37
101400.56
101398.45
101395.98
101393.09
101389.71
101385.78
101381.19
101375.87
101369.78
101362.79
101354.95
101346.38
101337.36
101328.29
101319.56
101311.52
101304.35
101298.68
101293.13
101287.73
101282.26
101281.36
101239.86
101397.97
101397.37
101396.68
101395.88
101394.96
101393.89
101392.65
101391.2
101389.5
101387.52
101385.19
101382.45
101379.22
101375.42
101370.96
101365.78
101359.84
101353.16
101345.74
101337.75
101329.49
101321.4
101313.86
101307.02
101300.83
101295.22
101289.04
101282.37
101274.91
101282.8
101243.56
101371.35
101370.86
101370.29
101369.64
101368.9
101368.04
101367.03
101365.87
101364.5
101362.9
101361.01
101358.78
101356.16
101353.1
101349.44
101345.07
101340.05
101334.51
101328.65
101322.84
101317.5
101312.97
101309.34
101306.24
101303.15
101300.28
101296.6
101294.49
101285.8
101321.83
101260.68
101342.03
101341.86
101341.69
101341.51
101341.31
101341.07
101340.8
101340.48
101340.08
101339.57
101338.9
101338.02
101336.83
101335.23
101333.25
101330.83
101327.93
101324.7
101321.45
101318.43
101315.72
101313.3
101310.61
101306.89
101302.06
101297.75
101292.15
101296.15
101273.37
101343.98
101276.68
100378.96
100389.68
100397.42
100403.64
100408.59
100411.85
100413.24
100412.37
100409.79
100405.66
100399.41
100391.08
100381.65
100372.84
100368.04
100370.07
100385.58
100426.86
100490.47
100567.83
100654.08
100741.94
100824.54
100896.9
100956.4
101001.36
101031
101045.93
101051.95
101058.92
101063.71
101074.51
101093.35
101125.56
101161.64
101185.86
101200.33
101204.05
101204.01
101209.84
101213.09
101217.16
101222.91
101227.31
101228.11
101230.85
101235.13
101242.36
101253.04
101268.87
101290.85
101317.8
101346.9
101375.17
101399.79
101417.98
101427.09
101429.84
101434.79
101424.97
101412.13
101382.92
101347.46
100394.15
100400.02
100406.87
100411.97
100414.63
100415.34
100414.76
100412.38
100407.84
100401.45
100392.73
100381.91
100370.19
100359.63
100354.49
100360.14
100380.12
100421.69
100491.75
100576.66
100666.54
100755.92
100838.31
100909.19
100966.57
101008.95
101036.25
101049.3
101053.85
101061.33
101065.53
101077
101098.15
101128.99
101163.94
101187.32
101200.66
101203.52
101203.96
101210.35
101213.55
101217.76
101223.37
101227.3
101228.06
101230.83
101235.24
101242.58
101253.35
101269.27
101291.29
101318.18
101347.13
101375.21
101399.64
101417.7
101426.73
101429.47
101434.41
101424.55
101411.74
101382.58
101347.25
100405.25
100406.82
100408.56
100409.66
100409.55
100407.95
100405.37
100401.8
100396.72
100389.45
100379.49
100367.73
100355.34
100344.6
100340.79
100349.28
100376.17
100423.56
100495.04
100585.47
100679.05
100769.1
100850.55
100919.49
100974.59
101014.45
101039.74
101050.57
101056.01
101063.42
101067.78
101080.22
101102.52
101133.65
101166
101188.58
101200.52
101202.25
101204.33
101210.77
101214.05
101218.4
101223.75
101227.27
101227.96
101230.79
101235.34
101242.79
101253.66
101269.67
101291.73
101318.56
101347.35
101375.23
101399.48
101417.4
101426.35
101429.08
101434.01
101424.11
101411.32
101382.22
101347.05
100400.84
100400.41
100400.22
100399.22
100397.25
100394.5
100391.38
100387.57
100382.03
100374.42
100364.99
100353.77
100341.87
100331.91
100330.08
100341.47
100372.44
100426.72
100501.42
100592.52
100688.47
100778.82
100859.09
100926.27
100979.48
101017.41
101041.29
101049.99
101058.8
101065.23
101070.38
101083.86
101106.94
101137.9
101167.77
101189.7
101199.82
101200.82
101204.87
101211.01
101214.56
101219.06
101224.11
101227.2
101227.81
101230.71
101235.42
101242.99
101253.95
101270.05
101292.14
101318.89
101347.52
101375.21
101399.28
101417.07
101425.94
101428.67
101433.58
101423.65
101410.88
101381.85
101346.83
100392.27
100391.58
100390.62
100388.93
100386.51
100383.7
100380.41
100376.21
100370.54
100363.26
100354.34
100343.76
100332.71
100324.14
100324.08
100338.09
100372.23
100430
100508.6
100599.84
100695.33
100785.61
100864.53
100930.2
100981.94
101018.47
101040.25
101050.2
101061.39
101066.81
101073.25
101087.75
101111.35
101141.63
101169.39
101190.76
101198.31
101199.97
101205.35
101211.05
101215.06
101219.68
101224.46
101227.1
101227.62
101230.59
101235.47
101243.17
101254.22
101270.41
101292.51
101319.19
101347.65
101375.13
101399.03
101416.7
101425.5
101428.23
101433.11
101423.17
101410.43
101381.46
101346.6
100384.71
100384.16
100382.86
100381.07
100378.84
100376.03
100372.51
100368.11
100362.63
100355.99
100347.92
100338.33
100328.5
100321.79
100323.22
100340.01
100376.44
100435.76
100515.3
100606.75
100700.39
100790.29
100867.52
100931.67
100982.35
101017.74
101037.15
101051.59
101063.06
101068.33
101076.35
101091.88
101115.84
101145.18
101171.07
101191.33
101196.76
101199.41
101205.42
101210.92
101215.51
101220.26
101224.77
101226.98
101227.39
101230.45
101235.5
101243.33
101254.48
101270.75
101292.86
101319.45
101347.74
101375.02
101398.74
101416.3
101425.03
101427.77
101432.6
101422.67
101409.95
101381.06
101346.36
100378.65
100378
100376.76
100375.42
100373.63
100370.94
100367.58
100363.68
100358.86
100352.98
100345.87
100337.5
100329.27
100324.55
100328.09
100347.42
100384.86
100444.35
100522.79
100612.54
100704.23
100792.4
100868.9
100930.83
100980.65
101014.43
101034.95
101052.48
101063.38
101069.84
101079.64
101096.23
101120.39
101148.63
101172.91
101191.35
101195.91
101198.65
101204.93
101210.66
101215.9
101220.79
101225.05
101226.85
101227.12
101230.32
101235.52
101243.48
101254.73
101271.07
101293.19
101319.68
101347.78
101374.86
101398.41
101415.86
101424.53
101427.28
101432.06
101422.15
101409.46
101380.66
101346.12
100374.6
100374.1
100373.14
100371.76
100369.73
100367.51
100365.25
100362.14
100358.03
100353.06
100347.35
100340.69
100334.77
100332.87
100339.06
100358.85
100396.86
100455.4
100531.46
100618.12
100707.22
100792.09
100868.23
100928.35
100976.15
101009.91
101033.81
101051.49
101062.78
101071.25
101083.05
101100.74
101124.98
101152.04
101174.68
101191.17
101195.19
101197.82
101204.17
101210.31
101216.23
101221.27
101225.3
101226.72
101226.83
101230.19
101235.53
101243.62
101254.97
101271.38
101293.49
101319.87
101347.79
101374.65
101398.03
101415.39
101424
101426.77
101431.48
101421.6
101408.95
101380.24
101345.87
100372.46
100371.67
100370.73
100369.61
100368.27
100366.84
100365.08
100362.62
100359.46
100355.47
100350.51
100346.03
100343.64
100344.72
100352.94
100373.65
100411.88
100468.43
100541.29
100624.05
100709.65
100791.14
100865.35
100924.38
100969.81
101005.49
101031.01
101048.52
101061.49
101072.44
101086.47
101105.34
101129.57
101155.4
101176.29
101190.89
101194.35
101196.86
101203.32
101209.87
101216.46
101221.68
101225.51
101226.59
101226.52
101230.07
101235.53
101243.74
101255.2
101271.67
101293.77
101320.02
101347.75
101374.4
101397.62
101414.88
101423.44
101426.23
101430.86
101421.04
101408.42
101379.81
101345.62
100371.35
100370.37
100369.49
100368.67
100367.84
100366.9
100365.68
100364.02
100361.94
100359.28
100356.2
100354.24
100354.35
100358.02
100368.74
100390.84
100429.11
100482.8
100552.33
100630.52
100711.97
100790.1
100861.48
100918.8
100963.16
100999.61
101025.49
101044.13
101059.42
101073.2
101089.73
101109.89
101134.1
101158.67
101177.79
101190.51
101193.36
101195.81
101202.42
101209.35
101216.59
101222.03
101225.71
101226.48
101226.21
101229.95
101235.52
101243.85
101255.42
101271.95
101294.02
101320.14
101347.66
101374.11
101397.16
101414.33
101422.85
101425.66
101430.22
101420.46
101407.88
101379.37
101345.37
100370.85
100370.04
100369.09
100368.49
100368.06
100367.64
100367.05
100366.26
100365.36
100364.26
100363.17
100363.4
100366.44
100372.95
100386.12
100409.4
100446.55
100499.03
100564.72
100637.57
100714.35
100788.63
100856.82
100912.1
100955.66
100991.7
101018.09
101038.66
101056.63
101073.52
101092.69
101114.21
101138.47
101161.83
101179.16
101190.02
101192.33
101194.71
101201.48
101208.79
101216.63
101222.31
101225.91
101226.39
101225.91
101229.84
101235.51
101243.95
101255.63
101272.2
101294.24
101320.22
101347.54
101373.77
101396.66
101413.75
101422.23
101425.06
101429.53
101419.85
101407.33
101378.91
101345.12
100370.22
100369.51
100369.16
100368.86
100368.74
100368.74
100368.78
100368.92
100369.26
100369.89
100370.93
100373.08
100378.78
100388.6
100404.13
100429.17
100465.09
100515.59
100577.14
100644.96
100716.76
100786.63
100851.38
100904.3
100946.66
100982.26
101009.75
101032.66
101053.55
101073.6
101095.35
101118.23
101142.56
101164.78
101180.35
101189.55
101191.35
101193.61
101200.54
101208.22
101216.59
101222.51
101226.11
101226.33
101225.64
101229.73
101235.5
101244.04
101255.83
101272.44
101294.43
101320.27
101347.37
101373.39
101396.11
101413.13
101421.58
101424.44
101428.82
101419.23
101406.77
101378.45
101344.86
100369.16
100368.16
100367.92
100368.07
100368.5
100369.18
100370.11
100371.25
100372.86
100375.19
100378.51
100382.99
100390.6
100403.83
100421.71
100447.98
100484.14
100532.06
100588.89
100651.71
100719.4
100784.08
100844.9
100895.47
100936.25
100971.85
101000.85
101026.3
101050.15
101073.25
101097.52
101121.73
101146.22
101167.44
101181.48
101189.25
101190.4
101192.54
101199.63
101207.66
101216.47
101222.64
101226.32
101226.29
101225.39
101229.64
101235.48
101244.11
101256.01
101272.65
101294.59
101320.28
101347.17
101372.97
101395.53
101412.49
101420.9
101423.79
101428.07
101418.58
101406.18
101377.97
101344.61
100367
100366.2
100365.99
100366.31
100367.07
100368.24
100369.9
100372.07
100374.96
100378.97
100384.52
100391.68
100401.64
100417.47
100437.76
100465.26
100501.55
100547.04
100599.91
100658.72
100721.33
100780.98
100837.38
100885.49
100925.26
100961.13
100991.78
101019.71
101046.37
101072.29
101098.94
101124.5
101149.33
101169.83
101182.65
101189.07
101189.53
101191.54
101198.77
101207.11
101216.3
101222.71
101226.52
101226.29
101225.18
101229.56
101235.46
101244.17
101256.18
101272.85
101294.72
101320.25
101346.92
101372.5
101394.91
101411.81
101420.19
101423.12
101427.3
101417.92
101405.57
101377.47
101344.36
100363.82
100363.37
100363.4
100363.94
100364.99
100366.53
100368.65
100371.59
100375.6
100381.09
100388.57
100398.16
100410.76
100428.59
100451.64
100480.8
100517.02
100560.59
100610.31
100665.39
100722.27
100777.32
100829.48
100875.23
100914.55
100950.7
100982.99
101013.26
101042.52
101070.96
101099.71
101126.54
101151.78
101171.92
101183.7
101188.93
101188.77
101190.63
101197.98
101206.6
101216.09
101222.7
101226.72
101226.31
101225.02
101229.49
101235.44
101244.23
101256.33
101273.02
101294.82
101320.18
101346.63
101372
101394.26
101411.13
101419.45
101422.42
101426.5
101417.23
101404.95
101376.97
101344.11
100359.6
100359.53
100359.8
100360.55
100361.86
100363.77
100366.41
100370.04
100374.99
100381.73
100390.77
100402.41
100417.44
100437.32
100462.93
100493.82
100530.17
100572.55
100619.61
100670.73
100722.39
100773.14
100821.33
100865.61
100904.33
100940.95
100974.83
101007.2
101038.77
101069.4
101099.91
101127.87
101153.58
101173.54
101184.61
101188.76
101188.15
101189.85
101197.27
101206.11
101215.84
101222.64
101226.89
101226.36
101224.91
101229.43
101235.42
101244.27
101256.47
101273.17
101294.88
101320.08
101346.3
101371.45
101393.57
101410.41
101418.69
101421.7
101425.67
101416.53
101404.31
101376.46
101343.86
100354.65
100355.03
100355.48
100356.34
100357.81
100359.96
100362.97
100367.13
100372.86
100380.66
100391.11
100404.62
100421.77
100443.63
100471.13
100503.5
100540.35
100581.92
100626.76
100674.24
100721.81
100768.53
100813.68
100856.34
100894.9
100932.14
100967.47
101001.62
101035.16
101067.7
101099.65
101128.52
101154.72
101174.72
101185.45
101188.74
101187.67
101189.21
101196.64
101205.66
101215.57
101222.53
101227.05
101226.44
101224.87
101229.38
101235.4
101244.29
101256.58
101273.29
101294.92
101319.94
101345.94
101370.88
101392.84
101409.67
101417.9
101420.95
101424.83
101415.81
101403.65
101375.94
101343.63
100350.12
100350.64
100351.05
100351.79
100353.24
100355.46
100358.63
100363.12
100369.41
100378.05
100389.66
100404.71
100423.75
100447.49
100476.45
100510.02
100547.42
100588.43
100631.61
100676.11
100720.55
100763.76
100806.56
100847.79
100886.44
100924.35
100960.95
100996.59
101031.7
101065.88
101098.99
101128.57
101155.24
101175.48
101186.29
101188.91
101187.34
101188.73
101196.07
101205.25
101215.3
101222.37
101227.2
101226.53
101224.9
101229.33
101235.37
101244.31
101256.68
101273.38
101294.92
101319.77
101345.54
101370.26
101392.09
101408.87
101417.08
101420.18
101423.96
101415.07
101402.98
101375.4
101343.41
100346.91
100347.14
100347.16
100347.58
100348.77
100350.85
100354
100358.59
100365.21
100374.49
100387.03
100403.35
100424.18
100449.48
100479.39
100513.65
100551.59
100592.15
100634.26
100676.74
100718.27
100758.87
100799.62
100839.98
100878.92
100917.56
100955.28
100992.11
101028.41
101063.88
101097.98
101128.09
101155.18
101175.84
101187.17
101189.2
101187.18
101188.4
101195.59
101204.87
101215.01
101222.17
101227.38
101226.65
101225.01
101229.29
101235.33
101244.31
101256.76
101273.45
101294.9
101319.57
101345.11
101369.61
101391.31
101408.04
101416.25
101419.39
101423.07
101414.32
101402.28
101374.84
101343.19
100345.07
100344.9
100344.43
100344.33
100344.97
100346.79
100349.86
100354.48
100361.22
100370.86
100384
100401.2
100423.2
100449.71
100480.6
100515.26
100553.42
100593.92
100634.92
100675.74
100715.2
100753.73
100792.82
100832.71
100872.14
100911.59
100950.35
100988.15
101025.32
101061.64
101096.67
101127.16
101154.61
101175.8
101188.1
101189.56
101187.18
101188.25
101195.19
101204.52
101214.73
101221.94
101227.61
101226.77
101225.16
101229.25
101235.29
101244.3
101256.81
101273.49
101294.84
101319.33
101344.64
101368.94
101390.5
101407.17
101415.39
101418.58
101422.17
101413.54
101401.58
101374.28
101342.97
100346.11
100345.04
100343.87
100342.95
100342.76
100343.76
100346.38
100350.84
100357.59
100367.44
100381.03
100398.93
100421.72
100449.26
100481.05
100516.34
100554.22
100594.07
100634.02
100673.48
100711.33
100748.2
100786.03
100825.67
100865.73
100906.11
100945.93
100984.58
101022.38
101059.25
101095.1
101125.89
101153.59
101175.38
101189.06
101189.97
101187.33
101188.28
101194.88
101204.21
101214.45
101221.69
101227.83
101226.89
101225.36
101229.22
101235.24
101244.27
101256.85
101273.51
101294.75
101319.06
101344.15
101368.24
101389.66
101406.29
101414.52
101417.75
101421.25
101412.76
101400.85
101373.69
101342.76
100349.97
100347.96
100346.52
100345.01
100344.05
100344.19
100345.88
100349.5
100355.91
100365.6
100379.23
100397.38
100420.53
100448.61
100480.9
100516.53
100554.08
100593.13
100632.15
100670.34
100706.87
100742.39
100779.15
100818.62
100859.31
100900.66
100941.61
100981.11
101019.44
101056.75
101093.22
101124.32
101151.99
101174.46
101189.8
101190.33
101187.62
101188.49
101194.65
101203.92
101214.18
101221.41
101227.96
101227.01
101225.58
101229.2
101235.18
101244.22
101256.85
101273.49
101294.62
101318.75
101343.62
101367.51
101388.81
101405.39
101413.63
101416.9
101420.32
101411.96
101400.12
101373.1
101342.56
100355.51
100353.22
100352.39
100351.45
100350.32
100349.68
100350.12
100352.55
100357.87
100366.67
100379.6
100397.28
100420.09
100448.09
100480.29
100515.76
100552.98
100591.21
100629.35
100666.45
100701.96
100736.39
100772.2
100811.51
100852.75
100894.96
100937.08
100977.49
101016.29
101054.25
101090.98
101122.14
101149.13
101172.63
101190.14
101190.57
101188.06
101188.9
101194.56
101203.65
101213.83
101221.05
101227.96
101227.11
101225.81
101229.18
101235.11
101244.14
101256.81
101273.43
101294.46
101318.4
101343.06
101366.75
101387.93
101404.48
101412.73
101416.05
101419.37
101411.15
101399.36
101372.49
101342.35
100356.06
100356.93
100357.22
100357.08
100357.21
100357.62
100358.48
100360.54
100364.91
100372.48
100384.06
100400.42
100422.05
100448.78
100480.38
100515.34
100552.09
100589.6
100626.33
100662.52
100697.39
100731
100765.95
100805.13
100846.82
100889.61
100932.78
100974.13
101013.37
101051.8
101088.09
101120.07
101145.19
101169.86
101189.77
101190.68
101188.6
101189.58
101194.67
101203.44
101213.44
101220.58
101227.8
101227.19
101226.07
101229.18
101235.04
101244.05
101256.75
101273.35
101294.28
101318.05
101342.49
101365.99
101387.05
101403.56
101411.82
101415.18
101418.4
101410.33
101398.6
101371.86
101342.15
100370.42
100342.22
100306.69
100271.33
100241.44
100218.17
100199.09
100182.96
100169.23
100380.02
100352.98
100320.79
100289.47
100262.62
100239.78
100220.91
100205.06
100191.8
100383
100358.43
100331.91
100304.81
100280.46
100259.55
100241.7
100226.62
100214.12
100389.2
100368.83
100346.39
100322.27
100299.47
100279.68
100262.63
100248.27
100236.49
100396.41
100379.65
100360.05
100338.25
100317.15
100298.49
100282.37
100268.86
100257.87
100402.18
100387.99
100370.71
100351.32
100332.29
100315.19
100300.38
100287.99
100277.96
100405.64
100393.48
100378.57
100361.78
100345.1
100329.93
100316.75
100305.73
100296.83
100406.6
100396.69
100384.27
100370.17
100356.03
100343.03
100331.69
100322.21
100314.55
100406.01
100398.25
100388.21
100376.82
100365.35
100354.73
100345.42
100337.59
100331.23
100403.85
100398.08
100390.46
100381.93
100373.35
100365.33
100358.21
100352.13
100347.1
100399.57
100396.04
100391.17
100385.78
100380.36
100375.24
100370.5
100366.25
100362.55
100393.31
100392.42
100390.73
100388.78
100386.93
100385.08
100382.91
100380.53
100378.15
100386.11
100388.68
100389.97
100391.35
100394.1
100395.86
100396.33
100395.83
100394.73
100379.23
100384.05
100388.98
100397.05
100404.15
100409.15
100412.1
100413.37
100413.43
100373.79
100381.94
100394.95
100408.2
100418.72
100426.6
100431.77
100434.56
100435.58
100375.67
100391.8
100410.12
100426.15
100439.62
100450.04
100457.01
100460.95
100462.63
100395.22
100415.63
100435.54
100453.74
100469.46
100481.54
100489.53
100494.06
100496.05
100435.66
100454.93
100475.2
100494.2
100510.43
100522.69
100530.69
100535.14
100537.02
100494.2
100511.28
100530.42
100548.08
100562.84
100573.82
100580.82
100584.55
100585.92
100568.27
100582.51
100598.67
100613.16
100625
100633.6
100638.87
100641.45
100642.14
100652.36
100662.82
100674.9
100685.33
100693.55
100699.24
100702.4
100703.66
100703.61
100738.85
100745.41
100753.24
100759.56
100764.08
100766.74
100767.72
100767.57
100766.68
100820.97
100824.17
100828.28
100830.99
100832.23
100832.19
100831.22
100829.81
100828.19
100893.66
100894.39
100895.64
100895.59
100894.32
100892.28
100889.94
100887.75
100885.8
100953.97
100953.02
100952.25
100950.3
100947.35
100943.99
100940.81
100938.16
100936.07
101000.15
100998.28
100996.35
100993.39
100989.62
100985.66
100982.14
100979.35
100977.24
101030.85
101028.61
101026.15
101022.91
101019.04
101015.16
101011.86
101009.41
101007.74
101046.06
101044.01
101041.77
101039.06
101035.95
101032.95
101031.04
101030.24
101029.82
101052.19
101051
101049.65
101048.04
101046.36
101044.88
101043.39
101042.11
101041.41
101057.21
101055.57
101053.8
101052
101050.54
101049.75
101049.41
101049.2
101049.09
101061.96
101061.67
101061.44
101060.37
101058.41
101056.69
101055.45
101054.72
101054.33
101071.78
101070.29
101067.53
101065.31
101064.6
101064.74
101065.07
101065.36
101065.54
101088.11
101086.94
101087.41
101088.61
101089.81
101090.49
101090.85
101091.03
101091.03
101123.78
101124.85
101125.72
101125.97
101125.86
101125.6
101125.27
101124.85
101124.35
101160.12
101160.13
101160.12
101159.88
101159.47
101158.93
101158.31
101157.66
101157.03
101185.57
101185.7
101185.92
101185.98
101185.8
101185.4
101184.83
101184.21
101183.61
101201.01
101201.06
101201.22
101201.29
101201.18
101200.88
101200.45
101199.97
101199.51
101205
101205.07
101205.31
101205.53
101205.66
101205.67
101205.59
101205.46
101205.31
101205.06
101205.6
101206.11
101206.62
101207.07
101207.44
101207.71
101207.9
101208.04
101209.58
101209.3
101208.94
101208.59
101208.28
101208.05
101207.91
101207.85
101207.84
101212.61
101212.41
101212.13
101211.51
101210.59
101209.74
101208.82
101207.85
101207.14
101216.48
101215.96
101215.17
101214.52
101214.12
101213.77
101213.42
101213.09
101212.82
101222.43
101222.26
101222.25
101222.24
101222.19
101222.02
101221.8
101221.56
101221.34
101227.52
101227.87
101228.41
101228.76
101228.86
101228.82
101228.69
101228.49
101228.25
101228.25
101228.19
101228.1
101228.23
101228.5
101228.72
101228.77
101228.7
101228.62
101230.96
101231.04
101231.05
101230.97
101230.86
101230.73
101230.69
101230.7
101230.7
101235.09
101235.14
101235.2
101235.25
101235.27
101235.26
101235.21
101235.16
101235.11
101242.24
101242.27
101242.31
101242.33
101242.33
101242.32
101242.31
101242.3
101242.29
101252.89
101252.93
101253
101253.06
101253.11
101253.15
101253.19
101253.22
101253.23
101268.68
101268.73
101268.83
101268.92
101269.02
101269.11
101269.18
101269.22
101269.25
101290.63
101290.71
101290.84
101290.97
101291.11
101291.25
101291.38
101291.48
101291.55
101317.62
101317.75
101317.93
101318.13
101318.33
101318.53
101318.72
101318.87
101318.99
101346.82
101347.01
101347.28
101347.55
101347.84
101348.12
101348.37
101348.58
101348.73
101375.2
101375.47
101375.8
101376.15
101376.51
101376.85
101377.16
101377.41
101377.59
101399.94
101400.24
101400.61
101401.01
101401.41
101401.79
101402.13
101402.4
101402.6
101418.22
101418.53
101418.9
101419.29
101419.7
101420.09
101420.43
101420.7
101420.91
101427.38
101427.67
101428.02
101428.39
101428.77
101429.12
101429.43
101429.68
101429.87
101430.13
101430.4
101430.73
101431.08
101431.43
101431.76
101432.05
101432.28
101432.46
101435.13
101435.43
101435.73
101436.03
101436.31
101436.6
101436.87
101437.12
101437.34
101425.29
101425.53
101425.81
101426.11
101426.43
101426.72
101426.96
101427.16
101427.32
101412.46
101412.66
101412.9
101413.17
101413.45
101413.7
101413.91
101414.08
101414.21
101383.24
101383.41
101383.61
101383.85
101384.09
101384.3
101384.49
101384.64
101384.76
101347.71
101347.81
101347.92
101348.06
101348.21
101348.36
101348.49
101348.6
101348.69
100154.9
100139.89
100125.78
100113.5
100104.37
100098.16
100178.24
100164.68
100152.09
100141.25
100133.39
100128.56
100201.55
100189.11
100177.66
100167.84
100160.6
100155.97
100224.84
100213.37
100202.8
100193.71
100186.86
100182.37
100247.2
100236.76
100227.17
100218.9
100212.63
100208.49
100268.38
100259.08
100250.54
100243.19
100237.61
100233.89
100288.43
100280.26
100272.77
100266.33
100261.42
100258.11
100307.34
100300.29
100293.81
100288.22
100283.92
100281
100325.2
100319.22
100313.7
100308.89
100305.16
100302.59
100342.22
100337.25
100332.6
100328.51
100325.29
100323.03
100358.78
100354.73
100350.87
100347.4
100344.61
100342.62
100375.42
100372.19
100369.01
100366.06
100363.63
100361.85
100392.93
100390.41
100387.77
100385.24
100383.08
100381.45
100412.42
100410.43
100408.19
100405.94
100403.95
100402.4
100435.16
100433.52
100431.51
100429.4
100427.48
100425.95
100462.58
100461.08
100459.13
100457.02
100455.07
100453.51
100496.07
100494.5
100492.42
100490.15
100488.05
100486.39
100536.81
100534.93
100532.54
100529.98
100527.6
100525.7
100585.27
100582.98
100580.24
100577.44
100574.97
100573
100641.04
100638.46
100635.57
100632.74
100630.39
100628.77
100702.1
100699.35
100696.45
100693.67
100691.4
100689.98
100764.72
100761.8
100758.84
100756.08
100753.81
100752.35
100825.87
100822.87
100819.93
100817.26
100815.09
100813.71
100883.51
100880.79
100878.25
100876.02
100874.24
100873.05
100933.87
100931.48
100929.29
100927.4
100925.88
100924.95
100975.21
100973.15
100971.3
100969.75
100968.56
100967.67
101006.32
101005.03
101004.02
101003.28
101002.87
101002.63
101029.42
101029.04
101028.78
101028.64
101028.54
101028.46
101041.02
101040.79
101040.72
101040.79
101040.93
101041.05
101049.05
101049.01
101049.03
101049.13
101049.26
101049.37
101054.08
101053.84
101053.66
101053.55
101053.47
101053.41
101065.58
101065.45
101065.31
101065.16
101065.04
101064.95
101090.78
101090.25
101089.67
101089.12
101088.66
101088.37
101123.68
101122.78
101121.88
101121.05
101120.39
101119.99
101156.3
101155.42
101154.56
101153.77
101153.16
101152.82
101182.95
101182.21
101181.5
101180.87
101180.41
101180.17
101199.04
101198.54
101198.07
101197.66
101197.36
101197.21
101205.15
101204.98
101204.81
101204.67
101204.57
101204.52
101208.14
101208.22
101208.27
101208.31
101208.33
101208.33
101207.86
101207.91
101207.98
101208.05
101208.12
101208.14
101206.62
101206.18
101205.81
101205.52
101205.3
101205.15
101212.57
101212.33
101212.11
101211.93
101211.81
101211.75
101221.11
101220.87
101220.65
101220.46
101220.33
101220.27
101227.99
101227.72
101227.48
101227.26
101227.1
101227.02
101228.54
101228.46
101228.38
101228.3
101228.24
101228.21
101230.68
101230.66
101230.63
101230.61
101230.59
101230.57
101235.08
101235.04
101235
101234.98
101234.96
101234.96
101242.26
101242.2
101242.15
101242.11
101242.09
101242.08
101253.21
101253.16
101253.11
101253.08
101253.05
101253.04
101269.27
101269.24
101269.21
101269.19
101269.17
101269.17
101291.58
101291.57
101291.55
101291.54
101291.53
101291.53
101319.06
101319.06
101319.07
101319.06
101319.06
101319.06
101348.83
101348.88
101348.9
101348.91
101348.92
101348.92
101377.73
101377.8
101377.85
101377.88
101377.89
101377.9
101402.75
101402.85
101402.92
101402.97
101402.99
101403
101421.07
101421.19
101421.28
101421.34
101421.37
101421.38
101430.02
101430.14
101430.23
101430.3
101430.33
101430.34
101432.59
101432.71
101432.8
101432.86
101432.9
101432.91
101437.54
101437.72
101437.88
101438.01
101438.1
101438.18
101427.43
101427.54
101427.63
101427.7
101427.73
101427.75
101414.31
101414.4
101414.48
101414.53
101414.57
101414.58
101384.83
101384.92
101384.99
101385.04
101385.07
101385.09
101348.72
101348.77
101348.81
101348.84
101348.86
101348.87
101397.87
101466.67
101537.31
101598.48
101637.13
101652.23
101260.42
101333.12
101405
101465.48
101503.38
101518.57
101116.51
101190.38
101261.23
101319.8
101356.52
101371.12
100963.33
101035.99
101103.93
101159.57
101195.19
101210.23
100803.17
100873.45
100938.15
100991.32
101026.83
101043.74
100640.81
100708.58
100770.38
100820.95
100854.79
100873.39
100474.95
100537.81
100594.34
100640.11
100670.19
100686.05
100310.77
100367.33
100417.45
100457.75
100484.19
100497.84
100155.67
100205.47
100248.93
100283.71
100306.79
100318.78
100015.34
100058.04
100094.71
100123.92
100143.67
100153.95
99896.209
99931.844
99961.951
99985.515
100001.16
100009.6
99802.734
99830.832
99854.156
99872.159
99883.905
99890.267
99739.194
99760.039
99776.838
99789.761
99798.106
99802.444
99710.069
99721.579
99730.055
99735.802
99739.245
99741.12
99697.706
99705.651
99711.166
99714.953
99717.35
99718.308
99712.127
99715.728
99716.968
99716.694
99715.966
99715.067
99744.175
99742.962
99740.201
99736.657
99733.298
99730.652
99788.453
99783.397
99777.549
99771.761
99766.961
99763.406
99842.007
99833.641
99824.987
99816.997
99810.708
99806.242
99900.156
99889.163
99878.293
99868.511
99860.941
99855.697
99959.308
99946.409
99933.994
99923.045
99914.685
99908.998
100016.22
100002.16
99988.782
99976.943
99967.79
99961.627
100070.16
100055.14
100041.04
100028.83
100019.56
100013.47
100115.84
100101.6
100088.06
100075.95
100066.33
100059.45
101915.39
101745.4
101570.8
101406.65
101285.43
101223.36
101220.35
101262.8
101328.69
101627.99
101472.49
101312.66
101177.11
101084.48
101045.17
101058.99
101113.29
101187.11
101305.75
101187.33
101060.24
100954.99
100888.05
100868.7
100896.88
100960.67
101040.18
100982.86
100900.33
100808.7
100733.51
100691.49
100690.92
100731.91
100803.26
100886.19
100659.15
100611.17
100552.4
100508.83
100493.69
100512.13
100565.13
100642.48
100726.91
100338.48
100324.41
100300.75
100288.05
100298.36
100335.96
100399.83
100481.6
100566.15
100032.38
100050.04
100060.35
100078.09
100112.15
100166.33
100238.83
100322.39
100404.36
99750.839
99797.053
99838.507
99884.451
99939.985
100007.75
100086.1
100168.84
100246
99499.784
99572.001
99641.531
99712.695
99786.721
99865.119
99946.693
100026.53
100097.52
99298.825
99386.64
99477.764
99568.863
99657.421
99743.529
99825.83
99900.9
99964.523
99081.621
99196.985
99330.03
99448.669
99553.123
99647.002
99728.495
99797.358
99852.955
99023.689
99144.204
99256.324
99369.084
99479.874
99580.531
99659.345
99720.749
99767.662
98974.59
99107.972
99243.184
99373.816
99479.209
99559.024
99621.88
99672.571
99711.699
98993.999
99121.543
99250.522
99373.481
99479.558
99563.614
99628.814
99670.291
99694.105
99053.18
99170.473
99291.116
99404.95
99503.051
99578.676
99631.715
99665.379
99685.386
99164.282
99265.273
99370.016
99471.205
99556.726
99620.281
99663.134
99689.737
99704.427
99313.221
99391.313
99475.511
99558.819
99629.865
99682.218
99715.885
99734.281
99742.066
99488.746
99540.361
99599.424
99661.26
99715.379
99754.867
99778.467
99788.99
99790.876
99677.914
99701.448
99732.806
99771.224
99807.204
99833.378
99847.35
99851.066
99848.162
99864.343
99861.178
99865.785
99881.226
99899.413
99912.862
99918.127
99916.049
99909.282
100029.92
100006.62
99989.427
99984.904
99987.151
99989.211
99987.01
99980.251
99970.594
100164.34
100128.12
100095.87
100076.49
100066.22
100059.06
100050.84
100040.49
100028.86
100263.25
100227.15
100187.89
100157.99
100137.43
100122.63
100109.68
100096.76
100083.77
100318.15
100279.21
100239.91
100208.84
100185.29
100168.21
100154.21
100141.27
100128.89
102223.71
102290.11
102277.93
102220.02
102152.47
102089.67
101742.57
101849.23
101863.86
101834.18
101797.2
101764.82
101252.97
101397.2
101435.52
101433.39
101424.16
101416.16
100766.74
100940.28
101000.28
101025.6
101044.57
101062.82
100289.88
100489.91
100567.53
100618.23
100663.06
100705.58
99831.692
100055.71
100147.54
100221.5
100289.47
100353.32
99403.541
99646.626
99754.269
99847.268
99934.762
100017.23
99017.15
99275.394
99396.783
99506.234
99610.123
99708.479
98688.752
98957.735
99087.634
99208.068
99323.495
99432.866
98413.863
98697.299
98846.412
98975.574
99099.424
99216.397
98227.593
98543.718
98667.889
98765.987
98877.165
98990.443
98099.975
98321.413
98424.123
98586.458
98745.04
98891.659
97885.757
98182.183
98346.158
98515.786
98680.966
98834.676
97828.208
98203.198
98386.03
98549.194
98707.569
98855.892
97991.883
98345.729
98490.942
98635.281
98783.498
98923.295
98232.117
98520.052
98644.901
98776.522
98915.227
99045.517
98493.942
98739.526
98856.843
98975.309
99099.472
99214.521
98801.977
99012.889
99115.213
99217.421
99320.9
99416.252
99170.114
99338.614
99412.07
99485.704
99561.962
99631.928
99566.457
99682.78
99721.199
99760.286
99804.557
99846.171
99951.499
100007.08
100005.98
100006.82
100018.45
100033.9
100216.38
100248.51
100225.6
100201.24
100188.73
100183.37
100339.95
100342.33
100326.99
100309.36
100294.12
100281.4
100350.88
100352.32
100358.97
100355.27
100350.03
100341.39
100334.52
100366.61
100369.28
100370.07
100368.53
100372.56
100360.28
100367.45
100370.32
100374.25
100380.02
100394.44
100367.35
100370.33
100373.04
100377.37
100383.66
100405.35
100370.32
100374.65
100375.79
100380.16
100387.06
100401.68
100368.89
100375.7
100377.15
100380.08
100384.68
100391.72
100369.44
100374.11
100375.79
100378.11
100380.87
100384.21
100370.64
100373.37
100374.52
100375.93
100377.4
100378.98
100373.56
100374.9
100374.91
100375.15
100375.47
100375.86
100378.41
100377.86
100376.7
100375.38
100374.52
100374.13
100384.16
100381.99
100379.07
100376.23
100374.1
100372.92
100390.68
100387.39
100382.53
100377.99
100374.67
100372.4
100397.45
100392.3
100386.08
100379.89
100375.24
100372.16
100402.32
100393.61
100386.78
100380.05
100374.81
100371.29
100400.52
100390.6
100383.78
100377.29
100372.37
100369.04
100392.52
100387.04
100380.49
100374.11
100369.13
100365.92
100383.39
100379.41
100373.94
100368.61
100364.41
100361.72
100371.75
100368.98
100365.1
100361.29
100358.43
100356.63
100361.03
100359.43
100357.24
100355.01
100353.25
100352.16
100352.09
100351.94
100351.24
100350.31
100349.53
100349.15
100345.31
100346.4
100346.57
100346.6
100346.62
100347
100341.02
100342.73
100343.65
100344.66
100346.12
100348.14
100338.55
100340.56
100341.77
100344.03
100347.81
100353.57
100336.12
100337.97
100338.81
100342.18
100348.18
100359.46
100332.98
100334.1
100335.92
100338.66
100345.27
100356.12
101097.41
101260.85
101328.15
101351.13
101352.66
101348.68
101549.99
101677.31
101720.58
101719.4
101695.69
101655.01
101999.76
102093.06
102111.63
102085.45
102037.21
101970.8
102440.34
102500.99
102494.54
102443.38
102370.66
102281.12
102865.87
102894.58
102862.84
102786.87
102690.64
102579.08
103270.55
103267.04
103209.55
103109.15
102991.12
102860.9
103640.05
103606.26
103524.03
103401.5
103264.78
103121.62
103952.63
103901.42
103799.46
103660.96
103508.45
103354.11
104227.2
104173.52
104053.13
103898.66
103734.34
103561.78
104474.07
104406.16
104271.92
104104.08
103922.23
103736.37
104675.59
104593.11
104448.98
104266.44
104072.37
103876.7
104833.87
104741.19
104586.15
104391.82
104187.53
103983.27
104943.66
104835.01
104671.66
104473.94
104266.03
104057.16
104998.09
104843.03
104677.41
104488.62
104287.15
104081.36
104975.67
104868.77
104701.09
104499.07
104287.83
104076.13
104914.27
104818.12
104658.25
104458.06
104246.64
104034.35
104787.85
104698.1
104544.9
104353.15
104149.39
103943.8
104618.7
104537.66
104391.15
104211.33
104016.59
103817.39
104405.3
104338.25
104201.85
104030.66
103848.09
103657.54
104143.6
104090.16
103968.27
103807.77
103633.72
103455.27
103848.81
103798.34
103693.33
103549.04
103386.92
103221.58
103516.59
103479.82
103392.58
103264.61
103119.34
102965.5
103126.71
103118.64
103053.99
102945.36
102817.62
102684.28
102689.09
102713.02
102670.97
102580.95
102469.93
102375.01
100329.52
100332.68
100334.02
100337.17
100339.18
100330.6
100324.71
100327.8
100329.38
100327.94
100326.52
100326.22
100313.39
100319.83
100312.28
100301.14
100294.75
100289.36
100247.6
100273.92
100251.29
100230.34
100219.28
100214.88
100076.32
100125.27
100108.28
100094.86
100097.34
100107.34
99796.127
99885.968
99898.812
99916.554
99945.27
99975.943
99467.705
99612.228
99658.568
99709.449
99767.303
99823.195
99128.097
99335.046
99415.468
99497.677
99584.69
99667.239
98818.985
99083.584
99190.045
99294.825
99409.377
99515.252
98562.138
98871.175
98990.997
99119.004
99256.051
99382.975
98321.592
98703.999
98834.707
98977.845
99132.372
99276.976
98083.902
98583.775
98728.896
98881.911
99046.701
99203.672
97927.873
98491.255
98668.744
98834.693
99004.443
99168.498
97910.526
98411.164
98622.575
98816.7
98996.441
99167.299
98056.728
98442.325
98586.936
98784.364
98985.212
99179.095
98249.173
98609.24
98703.034
98856.205
99030.525
99225.294
98362.476
98738.619
98911.481
99091.138
99252.646
99388.616
98564.791
98920.122
99078.292
99245.406
99408.801
99564.579
98808.243
99146.693
99299.64
99451.689
99602.476
99751.002
99099.311
99415.248
99561.924
99695.437
99830.039
99966.882
99435.189
99727.205
99863.587
99976.864
100092.14
100213.11
99809.975
100076.09
100197.97
100289.5
100383.84
100486.9
100220.87
100453.97
100560.27
100631.19
100705.98
100793.05
100653.07
100851.91
100940.82
100991.23
101042.12
101102.91
102497.6
102708.61
102937.91
103162.36
103358.9
103527.47
103660.68
103766.28
103838.76
103873.96
103879.79
103853.49
103787.8
103695.36
103573.43
103422.88
103243.46
103038.68
102813.19
102569.02
102310.07
102039.22
101770.5
101525.33
102548.3
102684.9
102891.4
103089.09
103252.47
103391.83
103503.42
103590.38
103647.47
103676.47
103680.18
103652.33
103594.15
103513.84
103407.95
103276.68
103122.9
102948.88
102754.39
102539.61
102309.55
102065.11
101820.76
101632.74
102567.97
102670.77
102853.24
103016.18
103147.85
103255.16
103345.12
103412.44
103454.87
103476.93
103476.87
103449.02
103398.79
103330.64
103241.71
103132.47
103005.26
102858.67
102695.75
102513.09
102316.7
102104.62
101885.6
101725.98
102570.52
102653.43
102805.56
102932.78
103033.88
103117.09
103185.23
103234.43
103265.02
103280.56
103276.36
103249.62
103206.83
103149.54
103075.73
102985.82
102881.35
102762.33
102623.62
102474.02
102309.89
102130.98
101943.82
101811.41
102562.34
102627.93
102744.04
102837.81
102913.89
102976.73
103026.07
103060.55
103082.44
103091.74
103083.22
103058.4
103022.3
102974.45
102913.68
102840.14
102754.19
102655.94
102546.65
102425.11
102290.04
102140.76
101986.12
101883.59
102541.24
102581.98
102668.06
102736.42
102792.66
102838.2
102872.47
102895.82
102910.14
102913.19
102901.73
102879.37
102848.88
102809.06
102759.43
102700.12
102631.22
102552.79
102465.72
102369.13
102261.49
102138.95
102012.3
101937.3
102509.16
102525.05
102579.02
102631.93
102674.5
102706.44
102728.99
102744.32
102751.95
102748.86
102735.83
102716
102689.99
102656.79
102616.31
102568.67
102513.9
102451.94
102383.01
102307.14
102223.51
102128.16
102025.95
101969.8
102463.18
102464.46
102499.26
102537.95
102567.55
102587.85
102601.16
102609.29
102610.59
102603.16
102589.64
102571.83
102549.15
102521.19
102487.98
102449.59
102406.01
102357.16
102303.04
102243.6
102178.29
102105.45
102028.17
101986.65
102423.39
102415.69
102433.84
102457.56
102475.1
102486.06
102492.66
102494.49
102489.73
102479.71
102466.5
102450.06
102429.86
102405.89
102378.21
102346.84
102311.73
102272.85
102230.19
102183.65
102132.49
102075.38
102017.17
101991.38
102385.02
102368.94
102376.39
102390.28
102399.91
102404.94
102405.84
102401.63
102393.37
102382.69
102369.74
102354.11
102335.76
102314.74
102291.07
102264.74
102235.7
102203.9
102169.34
102131.97
102091.1
102045.44
101999.29
101981.74
102350.57
102334.5
102336.92
102344.41
102348.51
102347.72
102343.04
102335.59
102326.34
102315.38
102302.51
102287.65
102270.8
102251.97
102231.14
102208.26
102183.31
102156.23
102127
102095.49
102061.17
102023.53
101986.42
101968.84
102332.22
102319.49
102319.35
102320.65
102319.76
102315.85
102309.83
102302.22
102293.12
102282.63
102270.61
102256.94
102241.56
102224.45
102205.59
102184.95
102162.51
102138.28
102112.19
102083.96
102052.93
102019.87
101992.51
101982.94
102332.13
102325.69
102322.51
102319.73
102316.01
102311.21
102305.36
102298.35
102290.07
102280.51
102269.63
102257.44
102243.87
102228.85
102212.32
102194.25
102174.62
102153.43
102130.63
102105.92
102078.55
102049.06
102024.05
102012.24
102320.9
102319.35
102316.23
102312.54
102308.23
102303.15
102297.13
102290.1
102282.23
102273.51
102263.93
102253.64
102242.51
102230.4
102217.27
102203.11
102187.89
102171.63
102154.32
102135.82
102115.5
102093.21
102073.26
102064.39
102293.43
102291.46
102287.33
102282.49
102277.16
102271.28
102264.85
102257.89
102250.45
102242.52
102234.13
102225.26
102215.89
102206.02
102195.61
102184.67
102173.18
102161.19
102148.74
102135.92
102122.76
102109.21
102096.72
102091.77
102255.04
102249.78
102243.51
102237.28
102231.01
102224.61
102218.06
102211.39
102204.6
102197.68
102190.61
102183.36
102175.88
102168.12
102160.03
102151.54
102142.59
102133.15
102123.19
102112.7
102101.69
102090.58
102080.78
102073.86
102204.3
102197.96
102191.09
102184.51
102178.07
102171.68
102165.31
102158.98
102152.71
102146.51
102140.39
102134.35
102128.39
102122.52
102116.7
102110.93
102105.17
102099.38
102093.49
102087.44
102081.14
102074.6
102068.15
102062.29
102150.75
102144.33
102137.55
102131.04
102124.71
102118.46
102112.28
102106.18
102100.16
102094.23
102088.38
102082.62
102076.95
102071.36
102065.88
102060.51
102055.24
102050.11
102045.1
102040.25
102035.55
102031.05
102026.89
102022.91
102095.98
102090.01
102083.79
102077.84
102072.11
102066.53
102061.08
102055.78
102050.62
102045.62
102040.75
102036.02
102031.42
102026.95
102022.61
102018.38
102014.27
102010.26
102006.34
102002.5
101998.76
101995.17
101991.89
101988.79
102040.86
102035.5
102029.95
102024.65
102019.54
102014.57
102009.71
102004.98
102000.38
101995.91
101991.57
101987.38
101983.33
101979.43
101975.67
101972.05
101968.6
101965.29
101962.15
101959.17
101956.33
101953.69
101951.3
101949.01
101987.77
101983.31
101978.71
101974.32
101970.11
101966.02
101962.05
101958.21
101954.5
101950.91
101947.44
101944.1
101940.87
101937.78
101934.8
101931.94
101929.2
101926.59
101924.09
101921.72
101919.48
101917.41
101915.57
101913.85
101935.28
101931.57
101927.75
101924.1
101920.6
101917.2
101913.91
101910.71
101907.63
101904.66
101901.8
101899.06
101896.43
101893.91
101891.52
101889.24
101887.08
101885.05
101883.13
101881.33
101879.65
101878.12
101876.77
101875.5
101886.96
101884.09
101881.14
101878.33
101875.63
101873.01
101870.47
101868.02
101865.66
101863.39
101861.21
101859.11
101857.11
101855.19
101853.37
101851.64
101850
101848.45
101847
101845.65
101844.39
101843.26
101842.28
101841.34
101839.97
101837.75
101835.47
101833.28
101831.18
101829.15
101827.19
101825.29
101823.47
101821.72
101820.05
101818.45
101816.92
101815.47
101814.1
101812.81
101811.59
101810.46
101809.41
101808.43
101807.54
101806.74
101806.07
101805.42
101798.02
101796.39
101794.73
101793.14
101791.61
101790.13
101788.71
101787.35
101786.04
101784.78
101783.59
101782.45
101781.36
101780.33
101779.36
101778.45
101777.59
101776.78
101776.04
101775.34
101774.71
101774.14
101773.66
101773.18
101757.81
101756.67
101755.51
101754.4
101753.35
101752.34
101751.38
101750.47
101749.6
101748.79
101748.02
101747.3
101746.62
101745.99
101745.41
101744.87
101744.38
101743.93
101743.52
101743.15
101742.81
101742.53
101742.29
101742.05
101722.88
101722.19
101721.51
101720.86
101720.26
101719.7
101719.18
101718.69
101718.25
101717.84
101717.47
101717.14
101716.84
101716.57
101716.34
101716.13
101715.96
101715.8
101715.68
101715.57
101715.49
101715.43
101715.4
101715.36
101688.89
101688.63
101688.35
101688.12
101687.93
101687.76
101687.63
101687.52
101687.45
101687.4
101687.37
101687.37
101687.39
101687.44
101687.5
101687.57
101687.66
101687.75
101687.86
101687.97
101688.09
101688.21
101688.34
101688.45
101662.32
101662.4
101662.48
101662.62
101662.73
101662.84
101662.96
101663.09
101663.22
101663.36
101663.49
101663.63
101663.78
101663.92
101664.07
101664.23
101664.39
101664.55
101664.73
101664.91
101665.11
101665.32
101665.53
101665.74
101654.34
101654.35
101654.36
101654.38
101654.43
101654.47
101654.51
101654.55
101654.59
101654.63
101654.67
101654.71
101654.75
101654.78
101654.81
101654.84
101654.87
101654.9
101654.92
101654.92
101654.92
101654.9
101654.87
101654.83
101660.18
101659.92
101659.64
101659.31
101658.9
101658.43
101657.88
101657.28
101656.64
101655.99
101655.34
101654.7
101654.07
101653.45
101652.86
101652.27
101651.7
101651.12
101650.49
101649.55
101647.81
101647.08
101646.53
101646.03
101434.27
101372.71
101330.97
101331.75
101388.71
101502.65
101655.17
101800.05
101945.09
101530.27
101472.38
101433.27
101435.1
101491.71
101604.74
101760.39
101918.88
102047.16
101628.24
101574.35
101536.91
101536.84
101587.9
101692.47
101839.03
101992.73
102108.8
101729.32
101679.57
101643.78
101641.05
101684.62
101777.16
101907.66
102044.82
102147.64
101830.62
101785.83
101752.18
101746.62
101781.52
101859.69
101970.74
102087.59
102176.78
101929.31
101890.05
101859.03
101850.72
101876.31
101938.73
102028.96
102124.85
102201.17
102022.64
101989.11
101961
101950.23
101966.75
102014.11
102086.25
102166.16
102228.97
102109.78
102080.93
102055.38
102042.88
102052.69
102089.85
102151.89
102220.45
102252.92
102184.67
102162
102141
102130.23
102137.65
102164.41
102198.94
102231.89
102249.39
102241.75
102225.54
102209.82
102200.13
102196.38
102200.08
102219.51
102248.59
102260.3
102281.45
102275.56
102262.96
102248.48
102240.14
102243.44
102255.76
102269.65
102271.2
102290.23
102293.15
102297.57
102300.1
102299.54
102298.68
102299.95
102300.59
102294.85
102289.45
102291.65
102295.37
102301.74
102310.28
102318.06
102323.01
102325.31
102324.02
102280.61
102283.43
102286.68
102290.7
102296.18
102302.89
102309.96
102316.84
102321.99
102261.24
102263.6
102267.1
102271.5
102276.23
102280.89
102285.5
102290.14
102294.19
102231.25
102233.12
102235.65
102238.91
102242.94
102247.26
102251.24
102254.58
102256.74
102192.55
102193.81
102195.53
102197.59
102199.71
102201.79
102203.85
102205.82
102206.98
102146.81
102147.75
102148.9
102150.13
102151.38
102152.47
102153.33
102154.03
102154.15
102096.27
102096.89
102097.65
102098.41
102098.96
102099.26
102099.45
102099.64
102099.39
102043.6
102044.06
102044.55
102044.92
102045.15
102045.13
102044.89
102044.66
102044.11
101990.41
101990.76
101991.15
101991.45
101991.56
101991.46
101991.26
101991.05
101990.56
101938.18
101938.43
101938.69
101938.86
101938.87
101938.69
101938.39
101938.09
101937.62
101888.85
101889.08
101889.33
101889.52
101889.57
101889.47
101889.29
101889.12
101888.79
101841.48
101841.66
101841.85
101841.99
101842.03
101841.95
101841.79
101841.65
101841.41
101798.99
101799.13
101799.28
101799.4
101799.45
101799.41
101799.31
101799.24
101799.09
101758.28
101758.39
101758.52
101758.63
101758.69
101758.7
101758.66
101758.64
101758.58
101722.56
101722.67
101722.82
101722.96
101723.08
101723.17
101723.24
101723.31
101723.36
101687.48
101687.63
101687.83
101688.05
101688.29
101688.51
101688.73
101688.93
101689.08
101660.53
101660.73
101661.02
101661.23
101661.43
101661.64
101661.85
101662.06
101662.25
101654.52
101654.51
101654.5
101654.47
101654.44
101654.4
101654.37
101654.35
101654.34
101661.18
101661.19
101661.18
101661.15
101661.1
101661.02
101660.91
101660.72
101660.48
101501.17
101595.03
101688.37
101784.17
101879.27
101971.16
102057.49
102138.36
102205.43
102253.88
102281.67
102288.95
102287.91
102278.88
102259.87
102230.18
102191.91
102146.37
102096.04
102043.44
101990.28
101938.09
101888.75
101841.4
101798.91
101758.21
101722.46
101687.35
101660.4
101654.52
101661.14
101565.9
101654.95
101743.53
101833.95
101922.96
102008.35
102088.11
102162.12
102220.56
102259.27
102280.52
102287.96
102286.62
102277.83
102259.08
102229.69
102191.74
102146.33
102096.14
102043.58
101990.39
101938.2
101888.81
101841.45
101798.94
101758.23
101722.45
101687.29
101660.33
101654.53
101661.07
101634.66
101718.64
101801.61
101885.66
101967.6
102045.64
102117.74
102181.93
102229.45
102259.98
102279.06
102286.87
102285.68
102276.99
102258.49
102229.33
102191.59
102146.29
102096.21
102043.67
101990.48
101938.28
101888.85
101841.48
101798.96
101758.24
101722.44
101687.24
101660.29
101654.55
101660.97
101695.37
101774.5
101852.27
101930.38
102005.28
102075.75
102139.05
102192.52
102231.62
102259.38
102277.81
102286.03
102285
102276.44
102258.11
102229.09
102191.44
102146.27
102096.25
102043.73
101990.53
101938.34
101888.88
101841.5
101798.97
101758.25
101722.44
101687.21
101660.28
101654.55
101660.87
101734.03
101808.94
101883.56
101957.58
102027.53
102091.83
102147.6
102195.1
102231.68
102258.8
102276.97
102285.25
102284.53
102276.18
102257.96
102228.95
102191.37
102146.25
102096.26
102043.78
101990.56
101938.37
101888.89
101841.51
101798.98
101758.27
101722.43
101687.19
101660.28
101654.62
101660.78
101748.63
101821.38
101895.11
101967.28
102034.96
102095.66
102149.26
102195.15
102231.47
102258.48
102276.64
102284.84
102284.13
102276.16
102257.91
102228.91
102191.35
102146.22
102096.26
102043.78
101990.58
101938.38
101888.9
101841.51
101798.99
101758.28
101722.43
101687.18
101660.26
101654.56
101659.5
)
;

boundaryField
{
    Side1
    {
        type            empty;
    }
    Inlet
    {
        type            totalPressure;
        rho             rho;
        psi             none;
        gamma           1;
        p0              uniform 102920.87;
        value           nonuniform List<scalar> 
188
(
101290.57
101290.95
101291.36
101291.8
101292.29
101292.83
101293.48
102920.87
101294.93
102920.87
101296.68
101297.69
102920.87
101324.94
101325.9
101327.08
101328.81
101337.74
101308.45
101310.29
102920.87
102920.87
101314.41
102920.87
101318.97
102920.87
101323.51
102920.87
101326.88
102920.87
101328.54
101328.54
101328.54
101328.54
101328.54
101328.54
101328.54
101328.54
101328.54
101328.54
101328.54
101328.54
101328.54
101328.54
101328.54
101328.54
101328.54
101328.54
101328.54
101328.54
101328.54
101328.54
101328.54
101328.54
101328.54
101328.54
101328.54
101328.54
101328.54
101328.54
101327.3
101328.54
101278.58
102920.87
101279.48
102920.87
101280.51
101281.04
102920.87
101282.08
101282.59
101283.11
101283.64
101284.18
102920.87
101285.14
101285.62
101286.11
102920.87
101287.05
101287.52
101288
101288.49
101289
101289.52
101290.06
101278.15
101277.79
102920.87
101277
101276.52
101276.1
101275.69
102920.87
101274.64
101274.3
101273.99
101273.5
101272.99
101272.51
101272
101271.32
101271.16
101270.95
101270.69
101269.82
101269.22
101294.44
101293.88
101292.68
101291.26
101290.38
101289.37
101288.2
101286.88
101285.59
101284.01
101282.1
101280.89
101281.24
101282.38
101282.26
101282.54
101282.51
101282.4
101282.71
101283.1
101283.08
101282.71
101283.24
101284.19
101284.62
101285.36
101286.91
101289.76
101292.38
101293.73
101293.6
101293.42
101293.45
101292.95
101291.52
101289.95
101288.17
101288.49
101288.28
101288.56
101290.72
101289.74
101328.54
101328.54
101328.54
101328.54
101328.54
101328.54
101328.54
101328.54
101328.54
101328.54
101328.54
101328.54
101328.54
101328.54
101328.54
101328.54
101328.54
101328.54
101328.54
101328.54
101328.54
101328.54
101328.54
101328.54
101328.54
101328.54
101328.54
101328.54
101328.54
101328.54
101328.54
101328.54
101328.54
101328.54
101328.54
101328.54
101328.54
101328.54
101328.54
)
;
    }
    Side2
    {
        type            empty;
    }
    Outlet
    {
        type            freestreamPressure;
        freestreamValue uniform 101325;
        value           uniform 101325;
    }
    Botwall
    {
        type            zeroGradient;
    }
    Cyli
    {
        type            zeroGradient;
    }
}


// ************************************************************************* //
