/*--------------------------------*- C++ -*----------------------------------*\
| =========                 |                                                 |
| \\      /  F ield         | OpenFOAM: The Open Source CFD Toolbox           |
|  \\    /   O peration     | Version:  2406                                  |
|   \\  /    A nd           | Website:  www.openfoam.com                      |
|    \\/     M anipulation  |                                                 |
\*---------------------------------------------------------------------------*/
FoamFile
{
    version     2.0;
    format      ascii;
    arch        "LSB;label=32;scalar=64";
    class       volScalarField;
    location    "0.03";
    object      omega;
}
// * * * * * * * * * * * * * * * * * * * * * * * * * * * * * * * * * * * * * //

dimensions      [0 0 -1 0 0 0 0];

internalField   nonuniform List<scalar> 
9028
(
21588.415
18408.653
15384.627
12674.467
10316.607
8303.4656
6611.299
5209.3597
4063.6177
3139.3675
2403.2034
1823.9379
1373.2479
1026.3992
762.1276
562.65757
413.41454
302.62105
220.88211
160.80432
116.69499
84.282453
60.452656
42.993441
30.33651
21.334303
15.099704
10.914156
8.1610662
6.4547427
5.5815911
17988.053
15471.803
13135.73
11006.962
9104.5817
7436.2443
5999.3235
4782.9111
3769.9394
2939.4032
2268.5115
1734.1137
1313.9092
987.53056
736.87043
546.36363
402.96833
295.95728
216.64688
158.12272
115.00735
83.232789
59.813811
42.617562
30.125056
21.220998
15.040988
10.882799
8.1444984
6.4458171
5.5761796
14791.202
12901.511
11116.339
9457.4303
7941.2776
6580.104
5380.5584
4343.0363
3461.9498
2726.7913
2123.6572
1636.6226
1249.0577
944.84914
709.0661
528.42301
391.48815
288.65933
212.02901
155.21256
113.18502
82.106693
59.135569
42.225765
29.911793
21.113311
14.990904
10.860547
8.1364387
6.4447398
5.5784688
11985.64
10616.343
9284.8087
8018.0391
6833.078
5744.3675
4762.8596
3895.1302
3142.9169
2503.303
1969.4809
1531.7534
1178.6661
898.16466
678.44705
508.54774
378.70211
280.49275
206.84047
151.93152
111.12437
80.829753
58.36398
41.778127
29.666665
20.988466
14.932126
10.834097
8.1264931
6.4429334
5.580552
9573.4853
8607.7678
7639.875
6696.2545
5792.0093
4941.2477
4156.1725
3446.1987
2817.2514
2271.4501
1807.2692
1420.0726
1102.9108
847.46887
644.933
486.63901
364.51947
271.38384
201.02555
148.23945
108.7975
79.383102
57.486613
41.266692
29.384747
20.843555
14.863007
10.802564
8.114191
6.4401388
5.5822592
7541.2508
6874.5865
6188.7294
5503.9078
4831.6435
4183.6946
3571.2868
3004.2804
2490.3865
2034.5938
1638.9257
1302.5541
1022.2206
792.89708
608.52223
462.63837
348.86792
261.26619
194.53039
144.09579
106.17528
77.746554
56.489873
40.682564
29.060421
20.675171
14.781583
10.764873
8.0989409
6.4360172
5.5833585
5861.2277
5410.1337
4935.757
4451.3738
3964.7071
3484.3331
3019.2155
2578.0567
2168.5822
1796.892
1466.9997
1180.6354
937.33101
734.7719
569.3183
436.54536
331.70347
250.08566
187.30532
139.46036
103.22752
75.898491
55.358819
40.015744
28.687232
20.47932
14.685498
10.719702
8.0799995
6.4301288
5.5835377
4497.9161
4198.5424
3877.916
3543.7
3200.4981
2853.8892
2510.2245
2176.2492
1858.5802
1563.1405
1294.6459
1056.2382
849.32221
673.64205
527.56021
408.43659
313.02349
237.80799
179.30914
134.29579
99.924223
73.816478
54.077436
39.255219
28.257882
20.251375
14.57195
10.665442
8.0564364
6.4219048
5.5823813
3411.2253
3216.2538
3004.2839
2779.1338
2543.1863
2299.686
2052.6609
1806.7774
1567.0517
1338.4548
1125.4767
931.72417
759.62625
610.30815
483.65059
378.48622
292.88194
224.42864
170.515
128.57071
96.237233
71.478009
52.628904
38.388997
27.764179
19.985986
14.437617
10.600131
8.0270886
6.4106137
5.579342
2560.5489
2435.7247
2298.3999
2150.0809
1991.7355
1824.9801
1652.083
1475.9337
1299.9418
1127.8226
963.29983
809.77022
669.98614
545.8222
438.17308
346.98545
271.4039
209.98382
160.91721
122.26385
92.142479
68.86167
50.996143
37.404327
27.19708
19.677059
14.2786
10.521396
7.9905111
6.3953198
5.5737064
1907.3557
1828.4006
1740.799
1644.8353
1540.7108
1429.0207
1310.8461
1187.7636
1061.8479
935.59481
811.76484
693.15862
582.35361
481.45146
391.88984
314.35394
248.79757
194.56141
150.53923
115.36911
87.623006
65.948801
49.162646
36.288049
26.546797
19.31773
14.090355
10.426382
7.9449172
6.374833
5.5645517
1415.5638
1365.7253
1310.2224
1248.7265
1181.1013
1107.4196
1028.0531
943.7226
855.5388
765.00541
673.96882
584.50142
498.72457
418.59684
345.70995
281.13663
225.36205
178.30949
139.44181
107.90134
82.672708
62.725705
47.11368
35.027193
25.803035
18.900425
13.867667
10.31169
7.8881147
6.3476506
5.5506976
1052.1744
1020.3124
984.84976
945.2547
901.28648
852.81688
799.86282
742.66028
681.70936
617.81467
552.09437
485.94153
420.92958
358.6673
300.62666
247.97987
201.48438
161.44059
127.72969
99.9023
77.300628
59.186431
44.837919
33.60984
24.955403
18.417001
13.604653
10.173324
7.8174364
6.3118925
5.5306492
787.88593
766.78446
743.44611
717.30605
688.14258
655.77596
620.09776
581.11981
539.01312
494.15534
447.16247
398.89369
350.41658
302.92619
257.62468
215.58367
177.62214
144.22984
115.55466
91.445943
71.535434
55.336017
42.329532
32.026349
23.994043
17.859022
13.294834
10.006661
7.7296749
6.2652313
5.5025334
597.52587
582.69207
566.50238
548.4064
528.23606
505.83652
481.08855
453.93145
424.39613
392.63839
358.97289
323.89488
288.07836
252.34076
217.57178
184.63593
154.27025
127.00288
103.11364
82.641169
65.429495
51.19394
39.590664
30.270925
22.910535
17.218205
12.931309
9.806477
7.6210326
6.2048227
5.4640364
460.35707
449.15619
437.13121
423.78095
408.99443
392.66547
374.70538
355.05413
333.70433
310.72079
286.264
260.61291
234.17475
207.47451
181.11912
155.73862
131.91458
110.1133
90.641035
73.630687
59.061453
46.797262
36.634111
28.343538
21.699096
16.487093
12.507064
9.5670392
7.4871141
6.127247
5.4123471
360.05505
351.03642
341.49937
331.00951
319.50361
306.92291
293.21715
278.35455
262.33205
245.19
227.02535
208.00461
188.37324
168.45545
148.63907
129.34477
110.98351
93.911492
78.393898
64.586044
52.535859
42.202846
33.485833
26.25202
20.358069
15.659967
12.01546
9.2823163
7.3229729
6.0284736
5.343935
284.52798
276.95456
269.02123
260.38245
251.00977
240.88109
229.98186
218.30924
205.8779
192.72905
178.93651
164.61353
149.9155
135.04038
120.22394
105.72609
91.809214
78.712939
66.631277
55.697419
45.979593
37.487614
30.186804
24.01409
18.891578
14.734006
11.450934
8.9463347
7.1232504
5.9038766
5.2535273
225.43988
218.95165
212.1845
204.89012
197.06405
188.7093
179.83752
170.46951
160.63731
150.38566
139.77748
128.89596
117.84517
106.74815
95.743523
84.980361
74.60965
64.773115
55.592221
47.159636
39.535034
32.746026
26.793469
21.658875
17.311167
13.71061
10.809903
8.5537167
6.882446
5.7483868
5.1371133
177.393
171.82291
166.02279
159.83911
153.28362
146.37514
139.13973
131.61105
123.82975
115.84257
107.70298
99.471369
91.216142
83.012293
74.93845
67.073771
59.495304
52.275311
45.47795
39.156192
33.349796
28.085002
23.375982
19.227417
15.637071
12.596744
10.091842
8.1004113
6.5953524
5.5567119
4.9899526
137.23277
132.51704
127.61613
122.455
117.05496
111.44279
105.6501
99.712665
93.669647
87.56271
81.433507
75.32395
69.27526
63.32916
57.525746
51.903086
46.495084
41.331906
36.440505
31.844509
27.564028
23.615893
20.014249
16.771417
13.898707
11.406009
9.3003967
7.5845889
6.2576763
5.3237319
4.8068296
103.50101
99.631367
95.630757
91.470731
87.175636
82.773085
78.293015
73.766708
69.225787
64.701269
60.222724
55.816503
51.506024
47.310865
43.248282
39.332849
35.576641
31.988609
28.575571
25.343273
22.297308
19.44403
16.791448
14.350123
12.133796
10.159108
8.4443171
7.0076001
5.8668282
5.0450854
4.5827213
75.885602
72.850857
69.738886
66.53775
63.269702
59.958526
56.628651
53.304261
50.008463
46.762537
43.585387
40.493241
37.498966
34.611744
31.837936
29.180894
26.642051
24.221075
21.915518
19.72179
17.636489
15.657553
13.785565
12.025104
10.385879
8.8832476
7.5379005
6.3748126
5.4228039
4.7179344
4.3133796
54.277449
52.016342
49.712305
47.357565
44.969872
42.56776
40.16987
37.794307
35.458035
33.176343
30.962416
28.827037
26.778415
24.822116
22.960488
21.19366
19.518976
17.931827
16.426006
14.993741
13.626754
12.317467
11.060358
9.8535163
8.7001949
7.6101697
6.6005682
5.6960467
4.9289744
4.3418794
3.9963879
37.823396
36.228923
34.602784
32.943881
31.26531
29.580816
27.904337
26.249551
24.629437
23.055855
21.539172
20.087944
18.708658
17.405556
16.180494
15.03257
13.958725
12.953414
12.009316
11.117614
10.268368
9.4515153
8.6579922
7.8811429
7.1183511
6.3728286
5.6552747
4.9852722
4.3925773
3.9198357
3.6320739
25.045686
24.010322
22.949311
21.866054
20.769386
19.668722
18.573762
17.494194
16.43938
15.418045
14.43798
13.505769
12.626544
11.803789
11.039189
10.332525
9.6814664
9.0819383
8.5277684
8.0113555
7.523746
7.0552134
6.5960064
6.1374079
5.673162
5.2012423
4.7258231
4.2593176
3.8245742
3.4586246
3.2244467
15.07251
14.493305
13.904856
13.302054
12.689704
12.07302
11.457486
10.848711
10.252271
9.6735509
9.1175798
8.5888664
8.0912346
7.6276573
7.2000899
6.8093118
6.4547816
6.134443
5.8447668
5.5806633
5.3356448
5.1020455
4.8714236
4.6352947
4.3862402
4.119378
3.8341047
3.5359676
3.2388273
2.9692117
2.7820177
8.718481
8.4026143
8.0910319
7.7705972
7.4438811
7.113754
6.7833202
6.4558456
6.1346748
5.8231404
5.5244661
5.2416657
4.9774364
4.7340447
4.5132024
4.3159302
4.1424091
3.9918217
3.8622834
3.7506748
3.652643
3.5626174
3.473992
3.3795914
3.2725159
3.1472312
3.0007919
2.8339206
2.6518635
2.4672971
2.3181232
5.0089156
4.8399312
4.6755403
4.5059774
4.3326195
4.1570339
3.9809615
3.806286
3.6349836
3.4690733
3.3105623
3.1613912
3.0233772
2.8981549
2.7871053
2.6912632
2.6111987
2.5468834
2.4975518
2.4615414
2.4362035
2.4178438
2.4016912
2.3822224
2.3541609
2.3129129
2.2554082
2.1804344
2.0877414
1.9765281
1.8422935
2.7617038
2.6855297
2.6108809
2.5340849
2.4558175
2.3768428
2.2979905
2.2201352
2.1441781
2.0710218
2.0015394
1.9365504
1.8767862
1.8230107
1.77607
1.7366712
1.7053003
1.6821405
1.6669895
1.6592048
1.6574518
1.6602176
1.6652493
1.6699569
1.6711329
1.6657506
1.6516163
1.6275651
1.5923373
1.5400081
1.4529494
1.4715168
1.4508251
1.4304566
1.4098128
1.389132
1.3686709
1.3486937
1.3294593
1.3112096
1.2941679
1.2785425
1.2645415
1.252425
1.2423191
1.2343651
1.228664
1.2251858
1.2238337
1.2244775
1.226884
1.2306524
1.2351461
1.2397887
1.244344
1.2478504
1.2491226
1.2473394
1.2423921
1.2348498
1.216031
1.182097
93432.154
73536.798
57621.412
45075.489
35066.152
27115.214
20768.354
15714.566
11740.38
8660.2168
6311.3347
4547.4759
3240.9295
2285.9786
1597.2034
1107.5603
763.98348
525.73318
361.95743
249.68296
172.34757
118.5858
80.973671
54.745822
36.728016
24.645401
16.792868
11.980056
8.781497
6.8310135
5.8449577
74877.374
58612.107
46766.245
37333.731
29636.037
23258.032
18009.67
13756.017
10367.222
7713.1868
5668.9167
4118.2877
2958.5754
2103.3526
1481.2428
1035.1804
719.51072
498.74784
345.69713
239.89826
166.46113
115.06947
78.914341
53.579421
36.095603
24.319272
16.63373
11.902784
8.7461611
6.8173307
5.8417013
66089.272
52990.708
42533.048
33872.738
26718.558
20865.326
16126.023
12327.346
9317.357
6962.621
5144.9365
3760.0227
2718.5766
1945.9076
1380.0563
971.37954
679.97334
474.57645
331.02888
231.01128
161.08412
111.84797
77.030984
52.521533
35.531847
24.037272
16.502928
11.828094
8.7113812
6.8033126
5.8376648
58943.91
47586.116
38234.536
30465.189
24053.67
18808.845
14558.68
11151.71
8452.416
6339.4145
4704.9975
3455.6808
2512.456
1809.1885
1291.2352
914.78473
644.5413
452.69768
317.62562
222.8223
156.09542
108.8432
75.266915
51.527027
34.999927
23.769929
16.377361
11.75596
8.6772135
6.7889811
5.8328516
53613.061
43262.08
34719.171
27649.07
21834.111
17086.009
13242.273
10163.295
7723.6908
5811.9574
4330.1986
3194.5267
2334.2253
1689.9058
1213.0351
864.49711
612.76624
432.89643
305.38851
215.28757
151.47607
106.04701
73.618749
50.594618
34.499457
23.517192
16.257188
11.686477
8.6437049
6.7743545
5.8272656
49087.803
39570.51
31725.56
25256.575
19948.903
15621.662
12123.611
9322.9836
7102.9943
5361.0697
4008.3754
2969.1499
2179.3971
1585.5164
1144.0564
819.77351
584.26823
414.98657
294.23026
208.36755
147.20846
103.45166
72.083178
49.723013
34.030023
23.278994
16.142552
11.619727
8.610896
6.7594484
5.8209114
45292.905
36455.441
29189.773
23223.593
18343.153
14373.453
11169.373
8604.9662
6571.2836
4973.6643
3730.9236
2774.0069
2044.5119
1494.0027
1083.1584
779.99437
558.72408
398.80674
284.07365
202.02637
143.27615
101.04966
70.656876
48.910849
33.59116
23.055238
16.033575
11.555778
8.5788218
6.7442773
5.813795
42124.183
33820.362
27034.573
21491.987
16973.782
13307.948
10353.311
7989.7171
6114.6149
4640.1031
3491.3635
2604.7728
1926.8805
1413.7356
1029.4003
744.63892
535.85734
384.21651
274.85015
196.23149
139.66382
98.833845
69.3366
48.156772
33.182386
22.845821
15.930366
11.494684
8.5475136
6.7288552
5.8059236
39419.228
31570.832
25196.585
20014.018
15804.118
12397.085
9654.7664
7462.1472
5722.3105
4352.9945
3284.5182
2457.933
1824.3185
1343.3751
981.99888
713.26691
515.43078
371.09354
266.49901
190.95345
136.35731
96.797452
68.11922
47.459442
32.803213
22.650629
15.833021
11.43649
8.5169985
6.7131952
5.7973055
37097.239
29644.79
23624.914
18751.085
14805.081
11618.813
9057.4414
7010.5275
5386.043
4106.243
3106.0012
2330.6229
1735.0237
1281.8121
940.29827
685.50494
497.24055
359.33122
258.96648
186.16571
133.34359
94.934143
67.00175
46.817559
32.453157
22.469549
15.741623
11.381232
8.4873004
6.6973103
5.7879507
35091.132
27990.557
22280.301
17673.571
13954.036
10956.12
8548.9371
6625.8123
5098.8735
3894.7625
2952.2463
2220.5752
1657.5138
1228.1266
903.74812
661.03601
481.11161
348.83686
252.2051
181.84443
130.61075
93.238024
65.981373
46.229881
32.131746
22.302464
15.656241
11.328936
8.4584405
6.6812136
5.7778702
33361.951
26576.615
21137.171
16761.159
13235.161
10396.804
8119.3711
6300.226
4854.8436
3714.2056
2820.4784
2125.9035
1590.5653
1181.5533
871.88614
639.59126
466.89398
339.53011
246.17317
177.96834
128.14801
91.703669
65.05546
45.69523
31.838524
22.149261
15.576938
11.279621
8.4304372
6.6649176
5.7670764
31910.698
25395.259
20184.229
16000.938
12635.383
9929.6943
7759.3027
6025.9025
4648.4816
3560.9013
2708.31
2045.0393
1533.1677
1141.4566
844.32512
620.94365
454.45982
331.34173
240.83432
174.51861
125.94565
90.326128
64.22158
45.212502
31.57306
22.009828
15.503763
11.233301
8.4033063
6.6484351
5.7555831
30737.581
24431.908
19402.327
15373.588
12138.106
9540.4456
7458.493
5795.9596
4475.1746
3432.0335
2613.8033
1976.7064
1484.4915
1107.3106
820.74283
604.90283
443.70108
324.21266
236.15712
171.47874
123.99503
89.100934
63.477507
44.780675
31.334947
21.884057
15.436756
11.189982
8.3770615
6.6317787
5.7434047
29689.302
23590.507
18731.066
14842.034
11720.793
9215.3341
7208.3154
5605.5647
4331.8016
3325.3595
2535.4248
1919.8764
1443.8624
1078.6857
800.87429
591.31127
434.52762
318.09315
232.11481
168.83449
122.2886
88.024106
62.82123
44.398809
31.123804
21.771843
15.375947
11.149662
8.3517147
6.6149613
5.7305561
28617.822
22785.279
18121.094
14378.389
11367.726
8946.6047
7004.0632
5451.1653
4215.8906
3239.1367
2471.9705
1873.7331
1410.7418
1055.237
784.50573
580.0411
426.8658
312.94218
228.68505
166.57378
120.81982
87.092151
62.250952
44.066048
30.939276
21.673083
15.321355
11.112338
8.3272753
6.5979956
5.7170534
27721.136
22110.904
17613.782
13997.217
11081.614
8731.8879
6842.8713
5330.3351
4125.5966
3172.04
2422.5163
1837.6475
1384.7127
1036.6962
771.47006
570.99181
420.65731
308.72699
225.84977
164.68666
119.58319
86.30206
61.765089
43.781622
30.781034
21.587675
15.27299
11.077996
8.3037503
6.5808939
5.7029137
26937.503
21545.163
17201.472
13695.439
10860.228
8569.1181
6722.7738
5241.403
4059.5956
3123.0958
2386.3845
1811.1596
1365.4691
1022.8654
761.64352
564.08851
415.85834
305.42271
223.59502
163.16528
118.57424
85.651303
61.362268
43.54484
30.648771
21.515517
15.230851
11.046622
8.2811442
6.5636681
5.6881547
26247.235
21071.365
16873.419
13466.833
10700.024
8456.1008
6642.1923
5183.2113
4017.0462
3091.6967
2363.138
1793.9647
1352.8071
1013.6132
754.94348
559.28077
412.43909
303.01213
221.91087
162.0038
117.78949
85.137822
61.041324
43.355092
30.542205
21.456506
15.194927
11.018191
8.2594588
6.5463297
5.6727951
25639.748
20678.938
16621.313
13305.793
10597.608
8390.9577
6600.0687
5155.0917
3997.4921
3077.522
2352.5561
1785.9175
1346.6291
1008.8734
751.32652
556.5419
410.38341
301.48559
220.79142
161.19845
117.22648
84.760024
60.80129
43.211839
30.461067
21.410532
15.165194
10.992676
8.2386931
6.5288896
5.6568541
25102.562
20358.615
16438.536
13208.04
10550.362
8372.3699
6595.8859
5156.6565
4000.4548
3080.1913
2354.4039
1786.9057
1346.9018
1008.6408
750.78969
555.86916
409.68866
300.84091
220.23472
160.74749
116.8837
84.516774
60.64139
43.114612
30.405105
21.377482
15.141618
10.970041
8.218843
6.5113578
5.6403515
24622.918
20101.285
16319.643
13170.709
10556.315
8396.1961
6625.1104
5184.4097
4024.9106
3100.04
2369.2944
1797.2979
1353.7821
1012.9793
753.37051
557.28374
410.36388
301.07384
220.24234
160.65122
116.76067
84.407379
60.561032
43.062997
30.374075
21.357232
15.124148
10.950244
8.1999011
6.4937438
5.6233076
24175.582
19892.514
16257.36
13188.557
10609.881
8461.7912
6690.1646
5243.6751
4074.0666
3138.2899
2397.4578
1817.2847
1367.4502
1022.0204
759.1478
560.83176
412.44075
302.21775
220.82109
160.91199
116.85611
84.431041
60.559781
43.056633
30.367734
21.349646
15.112721
10.933238
8.1818567
6.4760559
5.6057428
23712.948
19703.783
16236.363
13251.428
10708.296
8567.3721
6787.4304
5325.8926
4140.0659
3189.1245
2435.3571
1844.6276
1386.5542
1034.9762
767.67805
566.27268
415.79067
304.19966
221.94127
161.51596
117.16715
84.585634
60.636012
43.094645
30.385627
21.354524
15.10726
10.918966
8.1646958
6.4583145
5.5876678
86753.029
69702.54
55878.207
44340.96
34926.543
27306.263
21118.819
16121.802
12128.439
8990.5082
6572.0789
4742.9337
3381.3886
2383.1847
1662.0415
1149.6139
790.60507
542.29047
372.16152
255.95769
176.19691
120.9194
82.352412
55.531168
37.156567
24.86925
16.904643
12.073067
8.8375516
6.8658531
5.8672134
78842.181
64370.027
52467.38
42438.857
33964.733
26794.149
20847.343
15998.61
12093.823
9005.0937
6609.0638
4783.7781
3417.4726
2411.615
1683.2089
1164.5653
800.81602
549.11353
376.65601
258.88304
178.07403
122.1011
83.080568
55.971658
37.420694
25.028616
17.003585
12.155098
8.8942686
6.9075565
5.9020607
70873.398
58957.824
48963.851
40252.504
32646.056
26048.221
20461.29
15825.36
12041.511
9014.4841
6643.7466
4824.1386
3454.1424
2441.2337
1705.9897
1181.1297
812.44374
557.06463
381.97228
262.36406
180.31319
123.52293
83.977802
56.538057
37.780607
25.260356
17.156512
12.243345
8.9550981
6.9522352
5.9393288
64949.28
54873.767
46174.198
38418.009
31488.907
25368.635
20095.433
15653.867
11984.859
9019.0619
6675.3981
4863.393
3491.1703
2472.0948
1729.7977
1198.5891
824.77903
565.53783
387.65494
266.0927
182.71433
125.04858
84.940744
57.145898
38.166769
25.508873
17.320063
12.338283
9.0203417
7.0000986
5.9791766
59985.785
51414.37
43741.667
36760.556
30411.453
24716.415
19733.701
15478.721
11923.107
9019.762
6705.1279
4902.2446
3528.7242
2503.8962
1754.6289
1216.9633
837.84942
574.55952
393.7254
270.08486
185.28832
126.68524
85.974039
57.798151
38.581069
25.775365
17.494972
12.440422
9.0903199
7.0513681
6.0217691
55870.421
48529.18
41676.431
35312.65
29441.989
24111.06
19387.586
15305.766
11858.902
9017.3946
6733.1434
4940.6396
3566.7143
2536.5825
1780.4662
1236.2627
851.67733
584.15377
400.20424
274.35589
188.04614
128.44029
87.082501
58.497906
39.025486
26.061087
17.68201
12.5503
9.1653741
7.1062776
6.0672781
52440.822
46143.163
39967.087
34093.619
28604.511
23571.97
19069.695
15141.965
11795.674
9014.2055
6759.7885
4978.5781
3605.0528
2570.0834
1807.2784
1256.4879
866.27944
594.34192
407.11106
278.92098
190.9989
130.3213
88.27111
59.248389
39.502092
26.367361
17.881994
12.668493
9.2458678
7.1650746
6.1158825
49531.03
44161.897
38577.781
33104.228
27913.71
23115.231
18792.132
14994.693
11737.192
9010.477
6785.6525
5016.1191
3643.6564
2604.3138
1835.0193
1277.6278
881.66545
605.14176
414.46393
283.79513
194.15796
132.33594
89.544992
60.052946
40.013054
26.695571
18.095785
12.795608
9.3321873
7.2280199
6.1677669
47018.31
42490.677
37453.374
32325.685
27371.543
22750.456
18564.472
14870.691
11687.382
9009.1819
6811.2671
5053.3523
3682.4399
2639.1696
1863.6235
1299.6573
897.83614
616.5663
422.27872
288.99246
197.5343
134.4919
90.909375
60.915036
40.560628
27.047168
18.324289
12.932288
9.4247425
7.2953879
6.2231206
44835.192
41053.933
36532.781
31723.691
26965.973
22478.071
18391.449
14774.589
11649.301
9011.153
6837.2887
5090.3576
3721.2969
2674.522
1893.0003
1322.5326
914.78084
628.62216
430.56815
294.52571
201.13799
136.79694
92.369534
61.838198
41.14715
27.423661
18.568464
13.079214
9.5239675
7.3674664
6.282136
42960.803
39807.704
35762.174
31255.086
26671.783
22287.489
18270.769
14707.372
11624.538
9017.86
6864.1149
5127.1248
3760.067
2710.2038
1923.0281
1346.1873
932.47443
641.30773
439.34065
300.40564
204.97858
139.25863
93.930707
62.826027
41.775021
27.826618
18.82931
13.237099
9.6303202
7.4445557
6.3450063
41391.986
38730.149
35098.118
30872.974
26452.872
22156.762
18191.416
14664.514
11611.611
9028.8785
6891.6145
5163.4428
3798.4929
2745.9884
1953.5443
1370.5276
950.87408
654.61095
448.59909
306.64026
209.06441
141.88371
95.598004
63.882127
42.446695
28.257656
19.107875
13.406692
9.744283
7.5269684
6.411923
40112.918
37803.179
34503.707
30529.883
26266.215
22055.22
18134.822
14636.083
11605.671
9042.3731
6918.9207
5198.7656
3836.1597
2781.5669
1984.3359
1395.4266
969.91576
668.507
458.33926
313.23401
213.40218
144.67823
97.376448
65.010063
43.16465
28.718435
19.405254
13.588774
9.8663614
7.6150277
6.4830721
39074.113
36991.635
33937.776
30175.775
26062.703
21944.512
18076.585
14607.992
11598.84
9053.886
6944.0536
5232.0561
3872.4305
2816.5187
2015.1273
1420.7167
989.51061
682.95589
468.54836
320.18679
217.99639
147.64747
99.270651
66.213299
43.931371
29.210647
19.722578
13.784157
9.9970833
7.7090663
6.5586272
38183.303
36230.42
33345.944
29756.863
25789.91
21779.55
17984.026
14562.009
11582.368
9055.8242
6963.7075
5261.6402
3906.3766
2850.2825
2045.571
1446.1847
1009.5401
697.90009
479.20347
327.49305
222.84881
150.79544
101.28454
67.495213
44.749315
29.736005
20.06102
13.993682
10.136997
7.8094237
6.6387454
37328.888
35435.819
32664.726
29220.092
25400.145
21518.047
17822.087
14471.455
11541.979
9046.3959
6972.7965
5285.1874
3936.7258
2882.1242
2075.2287
1471.5687
1029.8551
713.26267
490.27008
335.14081
227.95796
154.12467
103.42148
68.858958
45.620882
30.296228
20.421784
14.218214
10.28667
7.9164441
6.7235579
36407.791
34527.491
31834.694
28520.557
24856.597
21128.108
17563.545
14314.106
11457.044
9013.7909
6968.6635
5299.7127
3961.8481
2911.1164
2103.5596
1496.5499
1050.2728
728.9458
501.70096
343.11091
233.3186
157.63586
105.68415
70.307273
46.548423
30.893032
20.806102
14.458636
10.446683
8.0304729
6.8131605
35323.025
33429.854
30801.993
27621.354
24132.385
20587.636
17189.143
14073.904
11316.614
8942.7478
6946.5973
5301.0435
3979.6844
2936.1237
2129.9132
1520.7489
1070.5736
744.82965
513.43534
351.37639
238.92137
161.32776
108.07431
71.84258
47.534184
31.528113
21.215225
14.715893
10.617632
8.1518532
6.9071687
33896.622
32009.723
29479.171
26470.385
23197.173
19876.915
16683.562
13737.861
11109.92
8828.3057
6894.3157
5290.0035
3987.8283
2955.8148
2153.5289
1543.7285
1090.5025
760.77037
525.39856
359.90227
244.75262
165.19701
110.59285
73.466979
48.580216
32.203154
21.650423
14.990859
10.800117
8.2809286
7.0106051
31887.998
30091.051
27749.694
24997.227
22010.952
18972.921
16031.812
13294.503
10827.482
8662.7917
6808.8749
5257.2691
3984.9268
2968.8594
2173.5592
1564.991
1109.7714
776.60397
537.50285
368.64578
250.79451
169.23823
113.23971
75.182201
49.688434
32.919813
22.112969
15.284454
10.994741
8.4179894
7.1196916
29221.331
27616.913
25569.996
23169.774
20551.323
17860.499
15223.159
12735.324
10461.983
8439.9596
6685.552
5199.2675
3969.372
2973.1748
2189.0343
1583.9893
1128.0611
792.1476
549.64898
377.55727
257.02549
173.44421
116.01407
76.989662
50.860665
33.67968
22.604144
15.597599
11.202102
8.5632907
7.2338159
26110.393
24754.259
23055.298
21059.064
18857.456
16558.895
14265.426
12061.909
10011.78
8156.7296
6521.0495
5114.5643
3934.8583
2969.076
2199.2334
1600.1666
1145.0334
807.20442
561.72825
386.58175
263.42123
177.80648
118.91456
78.890548
52.098645
34.484311
23.125234
15.931204
11.422793
8.7170441
7.3527049
22931.477
21816.069
20447.004
18837.824
17043.922
15138.716
13198.955
11295.287
9486.3937
7816.2172
6315.3201
5001.8952
3882.6893
2954.2633
2202.7623
1612.9153
1160.3456
821.57212
573.62656
395.66145
269.956
182.31594
121.93957
80.88596
53.404071
35.335263
23.677516
16.286194
11.657399
8.8794065
7.4759055
20008.404
19091.019
17990.49
16703.21
15259.389
13704.727
12092.602
10477.456
8909.3031
7430.1404
6073.2303
4862.5112
3812.1511
2926.4432
2200.1254
1621.9332
1173.6922
835.05587
585.233
404.73946
276.60452
186.96382
125.08767
82.977075
54.778645
36.234085
24.262245
16.663574
11.90646
9.0504696
7.6027229
17510.959
16744.329
15844.235
14800.989
13630.202
12359.086
11023.058
9661.6871
8314.5779
7018.3633
5805.1315
4701.0523
3725.0273
2887.5873
2190.5832
1626.7538
1184.7817
847.47813
596.4463
413.76392
283.34389
191.74251
128.35801
85.165267
56.224112
37.182311
24.880654
17.064193
12.170464
9.2302497
7.7321377
15464.563
14812.022
14058.194
13192.887
12224.248
11168.76
10049.99
8896.2251
7737.7332
6604.6262
5525.3185
4525.1351
3624.7348
2838.4452
2172.9763
1626.83
1193.4367
858.70894
607.18337
422.69027
290.15507
196.6462
131.75039
87.452102
57.742209
38.181417
25.533927
17.488755
12.449861
9.4186613
7.8626922
13811.993
13248.817
12604.622
11870.467
11050.8
10156.181
9202.9295
8211.7963
7206.1755
6210.4684
5248.8294
4344.0728
3516.3663
2781.5948
2149.73
1623.8687
1199.7969
868.69368
617.38843
431.48504
297.02325
201.67046
135.2649
89.839024
59.334469
39.232707
26.223118
17.937929
12.744983
9.6154938
7.992324
12472.33
11982.17
11424.029
10790.511
10083.931
9311.2914
8484.4238
7619.2649
6734.5929
5850.6585
4988.0541
4166.8291
3405.5546
2720.0469
2121.8058
1616.649
1203.799
877.41308
627.0301
440.12434
303.93566
206.81032
138.90053
92.326508
61.001738
40.337053
26.949021
18.412266
13.056063
9.8205875
8.1168519
11366.065
10937.638
10450.493
9898.3495
9281.9029
8605.7434
7878.6004
7113.0841
6324.8101
5531.2009
4750.339
4000.0748
3297.2811
2656.9475
2090.9345
1606.5893
1205.7407
884.91896
636.09463
448.58497
310.87493
212.05555
142.65222
94.912363
62.743266
41.494428
27.711939
18.912053
13.383211
10.033871
8.2590965
10429.023
10054.246
9627.9354
9144.4138
8603.2526
8007.1394
7362.3582
6678.8789
5969.8577
5250.645
4537.6197
3847.1624
3194.8698
2594.8335
2058.7193
1594.596
1205.8525
891.27073
644.56344
456.82646
317.80527
217.38228
146.50576
97.588836
64.555164
42.703124
28.511296
19.437137
13.726327
10.254535
8.3926351
9611.4271
9284.0436
8911.2267
8487.6466
8011.892
7485.0514
6911.4081
6298.6547
5657.7562
5002.2519
4347.1872
3707.9751
3099.437
2535.0493
2026.1973
1581.2691
1204.7508
896.54174
652.37226
464.76434
324.65567
222.74075
150.43015
100.33818
66.42802
43.958543
29.345055
19.986638
14.084945
10.481713
8.5075645
8876.2978
8591.1204
8266.0235
7895.7849
7478.2965
7013.4109
6503.588
5954.4429
5374.8334
4776.4961
4173.1839
3579.5238
3009.8901
2477.4824
1993.5698
1566.7378
1202.1086
900.58408
659.34294
472.22885
331.29288
228.03836
154.36695
103.1265
68.343548
45.251472
30.208862
20.558543
14.458051
10.714995
8.6392389
8196.3182
7948.6352
7666.227
7343.8857
6979.0409
6570.5418
6119.3779
5629.2685
5106.9925
4562.3576
4007.6383
3456.5691
2923.1443
2420.4978
1959.9933
1550.4621
1197.4988
902.92227
665.09178
478.91347
337.48807
233.11843
158.21709
105.89589
70.270213
46.565785
31.094895
21.149147
14.843811
10.95269
8.7366489
7556.6579
7341.1909
7095.8903
6815.6655
6497.7355
6140.3236
5743.2351
5308.5124
4840.9799
4348.4073
3841.2987
3332.1566
2834.3655
2360.9536
1923.4771
1531.1212
1189.9917
902.64154
668.97078
484.32443
342.88084
237.73558
161.82588
108.55547
72.158083
47.875645
31.990422
21.752341
15.239314
11.194124
8.8415498
6956.1576
6766.9926
6552.3986
6307.5653
6029.7673
5716.946
5368.1811
4984.2819
4568.3337
4126.1205
3666.1708
3199.3562
2738.0094
2294.7307
1881.1419
1506.814
1178.4757
899.5778
669.96513
487.72072
346.94212
241.53487
164.96873
110.97248
73.933532
49.142483
32.87615
22.35877
15.640156
11.43816
8.9536909
6384.9766
6218.0667
6029.7206
5815.2229
5572.0522
5298.1186
4992.1373
4654.0997
4285.8197
3891.3983
3477.466
3053.0846
2629.1682
2217.4783
1829.3905
1474.6966
1160.6697
891.52308
667.74953
488.10586
348.92754
244.03086
167.33907
112.96519
75.494882
50.312286
33.724615
22.954925
16.039945
11.682179
9.0703869
5786.6144
5643.0849
5482.4057
5299.1795
5091.0526
4855.9343
4592.293
4299.547
3978.5251
3631.9383
3264.7565
2884.2996
2499.9434
2122.3693
1762.452
1430.0185
1132.7669
875.56853
660.22323
485.31663
348.29387
244.59278
168.53945
114.29987
76.710704
51.314105
34.499015
23.522335
16.429783
11.922281
9.1890845
5071.085
4955.8522
4828.7628
4682.9465
4516.1598
4326.2609
4111.44
3870.5355
3603.4345
3311.5241
2998.1138
2668.707
2330.9651
1994.2413
1668.671
1363.9707
1088.2346
847.0534
643.16512
476.41244
344.18171
243.03097
168.24012
114.69849
77.423274
52.060999
35.15308
24.037166
16.797808
12.15302
9.3043069
4203.9642
4119.4527
4028.9031
3924.0707
3802.9382
3663.4394
3503.616
3321.8478
3117.171
2889.668
2640.8995
2374.2854
2095.3125
1811.4014
1531.3251
1264.2033
1018.2844
799.86279
612.64863
457.68408
333.75511
237.85754
166.05561
114.01992
77.460561
52.454929
35.632734
24.470539
17.129724
12.3674
9.4115922
3270.6702
3212.9283
3153.9282
3085.1262
3004.9388
2911.6483
2803.4849
2678.7628
2536.089
2374.6492
2194.5609
1997.2561
1785.8215
1565.1512
1341.7661
1123.2055
917.04613
729.79879
566.03806
428.02115
315.8132
227.72173
160.88114
111.7859
76.754477
52.405913
35.880627
24.789927
17.407944
12.55712
9.507063
2419.7217
2380.8129
2343.2084
2299.3797
2248.2592
2188.6431
2119.2212
2038.6387
1945.604
1839.0567
1718.3918
1583.7492
1436.323
1278.6291
1114.6083
949.43822
788.98919
638.99614
504.18816
387.66898
290.71631
212.95673
152.75679
107.69141
74.978625
51.856276
35.845045
24.962196
17.613873
12.713206
9.5879118
1754.6246
1726.9278
1701.1035
1671.3633
1637.0694
1597.4907
1551.8077
1499.1349
1438.5652
1369.2474
1290.506
1202.0064
1103.9583
997.33893
884.07535
767.09676
650.16766
537.46321
432.96124
339.83624
260.05772
194.28663
142.03069
101.94226
72.164328
50.664693
35.498129
24.956597
17.728964
12.82656
9.6524692
1291.5105
1269.7697
1249.4745
1226.5431
1200.6223
1171.3106
1138.158
1100.6718
1058.3333
1010.628
957.09864
897.42383
831.52632
759.70412
682.76962
602.15507
519.92617
438.64844
361.09064
289.82299
226.83243
173.2789
129.44452
94.844672
68.441588
48.892079
34.774602
24.76328
17.736012
12.888197
9.6992924
990.18069
971.40505
953.45378
933.52728
911.43803
886.98237
859.94043
830.07835
797.15394
760.92829
721.1858
677.76777
630.61986
579.85642
525.83601
469.23797
411.1127
352.87241
296.1921
242.81667
194.31254
151.84246
116.0214
86.893802
64.016935
46.60756
33.708879
24.342359
17.629431
12.889118
9.720678
797.399
780.13244
763.21549
744.67164
724.40559
702.32488
678.34109
652.37145
624.34141
594.18898
561.8719
527.37934
490.75077
452.10138
411.656
369.78754
327.05299
284.21145
242.20592
202.09397
164.92793
131.60865
102.75831
78.642392
59.164255
43.928052
32.338272
23.711576
17.385433
12.824726
9.7126073
669.85277
653.53534
637.29542
619.63459
600.50883
579.88715
557.7535
534.10858
508.97134
482.38064
454.39722
425.10669
394.62439
363.10342
330.74571
297.81638
264.66027
231.71534
199.51492
168.6694
139.82047
113.56771
90.38849
70.567836
54.159687
40.993869
30.722271
22.888051
17.009187
12.67968
9.6695711
579.00699
563.54397
548.03979
531.2608
513.19156
493.83454
473.21242
451.36985
428.37461
404.31806
379.31499
353.50289
327.04113
300.11067
272.91482
245.68135
218.6661
192.15771
166.48046
141.99109
119.06452
98.065339
79.304745
62.998681
49.232395
37.943174
28.932472
21.901632
16.50876
12.454986
9.5849036
508.57021
494.04019
479.44039
463.68798
446.78341
428.74688
409.6207
389.47092
368.38829
346.4881
323.90906
300.81106
277.37205
253.78412
230.24973
206.97826
184.18343
162.08189
140.89315
120.83882
102.13921
85.004158
69.616581
56.109217
44.543687
34.894185
27.042168
20.790491
15.898839
12.152164
9.4532335
450.09458
436.60059
423.05085
408.46011
392.83746
376.21185
358.63437
340.1797
320.94685
301.05872
280.66054
259.91701
239.00825
218.12471
197.46137
177.21215
157.56463
138.69603
120.77038
103.93755
88.332578
74.073896
61.25877
49.955001
40.189307
31.937602
25.118772
19.596638
15.200466
11.777381
9.2716174
399.74123
387.33189
374.89462
361.52045
347.22307
332.03531
316.01113
299.22698
281.78224
263.7987
245.41875
226.8023
208.12251
189.56035
171.29842
153.51444
136.37517
120.03139
104.61433
90.233697
76.977494
64.912691
54.085444
44.519789
36.2142
29.136352
23.219359
18.361772
14.438786
11.341703
9.0427378
355.62883
344.30796
332.98637
320.82403
307.83682
294.05853
279.54268
264.36367
248.61713
232.41921
215.90475
199.22423
182.53945
166.01824
149.82835
134.13102
119.07483
104.79043
91.386766
78.949074
67.538541
57.193488
47.93134
39.750258
32.629704
26.529555
21.388298
17.12356
13.640003
10.859311
8.7720178
317.19126
306.89577
296.61944
285.58906
273.8215
261.35024
248.22696
234.5225
220.32711
205.74966
190.9158
175.96495
161.04617
146.31307
131.91803
118.00614
104.70943
92.141817
80.395508
69.53903
59.617037
50.651555
42.644274
35.579289
29.425401
24.137464
19.656871
15.912571
12.828055
10.345095
8.4657599
283.60098
274.26536
264.96084
254.97936
244.33777
233.06823
221.21952
208.85801
196.06769
182.94945
169.61921
156.20512
142.84358
129.67446
116.83572
104.45776
92.658093
81.536767
71.173048
61.623595
52.92231
45.081639
38.094904
31.939235
26.578465
21.965539
18.044257
14.751387
12.022689
9.8125963
8.1294555
255.01724
246.51382
238.04481
228.96515
219.29171
209.05539
198.30241
187.0951
175.51185
163.64633
151.60571
139.50789
127.47778
115.64276
104.12767
93.049647
82.513237
72.606346
63.397311
54.93339
47.240688
40.325459
34.176362
28.767306
24.060466
20.009032
16.559548
13.654587
11.238615
9.2739548
7.770967
230.07742
222.34157
214.63952
206.38491
197.59385
188.29537
178.5326
168.36334
157.86014
147.10945
136.20992
125.26982
114.40351
103.72724
93.354426
83.390942
73.930649
65.051732
56.81412
49.258189
42.404797
36.256484
30.799656
26.007281
21.841825
18.258025
15.205485
12.631614
10.487167
8.7398298
7.3984994
209.40181
202.28959
195.20465
187.61549
179.538
171.0001
162.04274
152.72045
143.10131
133.2661
123.30661
113.32317
103.42126
93.707562
84.285542
75.251103
66.688549
58.667323
51.23979
44.440209
38.284913
32.773527
27.891008
23.610203
19.894592
16.70099
13.982129
11.689603
9.7790172
8.2216067
7.0243166
190.85616
184.34467
177.85517
170.90506
163.50929
155.69388
147.49686
138.9688
130.17269
121.18318
112.08502
102.97066
93.937167
85.082466
76.501329
68.281308
60.499051
53.217339
46.483102
40.326532
34.761293
29.785689
25.384569
21.53169
18.192298
15.325706
12.887814
10.83395
9.1235493
7.7300696
6.6579777
175.7024
169.65958
163.62949
157.17454
150.3094
143.05916
135.46012
127.56021
119.4189
111.10639
102.70205
94.29216
85.96693
77.816973
69.929528
62.38471
55.252154
48.588362
42.434994
36.81817
31.748778
27.223632
23.227276
19.734211
16.711309
14.120228
11.919747
10.068391
8.5286044
7.2751547
6.309449
161.37597
155.82104
150.27342
144.33524
138.02013
131.35128
124.36223
117.0973
109.6114
101.96936
94.244469
86.51634
78.86817
71.383469
64.142564
57.219144
50.677186
44.568529
38.931307
33.789313
29.152271
25.016901
21.368586
18.183425
15.430477
13.073997
11.075601
9.396662
8.0020108
6.8672021
5.9909906
150.06043
144.85748
139.65335
134.08571
128.16806
121.92292
115.38256
108.58931
101.59542
94.46229
87.259071
80.060603
72.944765
65.989393
59.268985
52.851499
46.795536
41.148154
35.943511
31.20237
26.932451
23.129498
19.778881
16.857536
14.336039
12.180656
10.355297
8.8236055
7.5521397
6.5167503
5.7137643
138.34932
133.57149
128.78706
123.66801
118.22664
112.48351
106.46816
100.21939
93.785101
87.221633
80.592479
73.9664
67.415002
61.009918
54.819796
48.907366
43.326853
38.121963
33.324597
28.954356
25.018812
21.514431
18.428001
15.738384
13.418452
11.436929
9.7601505
8.3538939
7.1861246
6.2326533
5.4874676
130.53463
125.9856
121.42246
116.54331
111.36065
105.89497
100.17532
94.239575
88.134236
81.913725
75.63908
69.376092
63.192931
57.157413
51.334114
45.78159
40.54996
35.67906
31.197326
27.121443
23.456724
20.19812
17.331701
14.836402
12.685843
10.850043
9.2969674
7.9940229
6.9102832
6.0214574
5.3196514
120.25657
116.11389
111.94804
107.49385
102.76266
97.773052
92.551358
87.131877
81.556691
75.875008
70.141974
64.416989
58.761567
53.236894
47.901255
42.807582
38.001326
33.51884
29.38641
25.619932
22.225235
19.198928
16.529651
14.199552
12.185842
10.462242
9.0002506
7.7703307
6.7437848
5.8972673
5.2225006
115822.75
103922.37
94432.252
86097.117
78797.517
72415.05
66842.708
62012.335
57854.754
54304.941
51300.668
48768.185
46647.967
44857.411
43324.714
41985.017
40784.244
39664.023
38561.959
37411.085
36136.445
34670.697
33006.805
31235.778
29505.183
27915.56
26455.341
25022.682
23509.019
21879.734
20170.071
18456.322
16823.272
15319.308
13983.054
12831.972
11775.4
10578.939
9077.7949
7369.3787
5737.9854
4449.8179
3592.1701
3096.4896
2838.0468
2702.7407
2610.4607
2521.741
2418.2436
2301.8148
2171.6476
2040.9594
1905.5024
1785.3075
1662.8372
1565.8423
1462.2173
1386.5667
1298.0788
1244.0812
1162.4715
1133.0052
1057.7395
101298.16
93732.14
86263.007
79497.691
73430.375
68054.681
63332.619
59219.147
55666.055
52619.262
50021.4
47814.068
45946.992
44358.042
42986.855
41789.253
40722.93
39739.546
38769.89
37725.785
36526.751
35096.844
33442.646
31666.326
29901.857
28218.434
26586.473
24927.53
23180.134
21337.136
19487.538
17714.763
16079.259
14612.959
13342.914
12257.119
11231.428
10039.372
8562.8781
6919.5749
5376.9739
4168.9541
3362.4885
2890.4333
2636.9625
2497.3387
2398.4881
2304.4485
2198.9194
2083.3059
1957.0812
1831.8167
1703.9243
1590.6822
1476.7007
1385.8919
1290.1712
1219.3844
1138.0518
1086.7909
1012.2782
982.9777
913.59884
68254.354
66358.922
63897.5
61316.851
58714.064
56183.57
53788.66
51565.016
49534.206
47702.705
46065.807
44614.579
43341.403
42225.934
41246.509
40392.689
39637.122
38925.913
38179.322
37324.595
36290.006
34984.217
33418.68
31697.201
29921.964
28144.552
26343.732
24465.536
22500.234
20522.264
18618.898
16855.636
15270.554
13881.599
12702.354
11693.958
10708.505
9536.377
8096.7958
6519.1955
5057.4727
3918.1232
3154.5321
2701.8454
2452.3039
2309.3126
2205.7694
2108.5852
2002.8528
1889.5336
1768.2729
1649.1315
1529.0791
1422.9647
1317.3518
1232.765
1144.7146
1078.8797
1004.4465
956.29916
888.53838
860.17614
796.58468
44897.739
44493.318
44332.073
44192.954
43953.294
43595.012
43127.197
42570.382
41951.535
41299.334
40639.539
39996.367
39391.623
38835.785
38342.577
37919.527
37548.052
37184.742
36750.786
36175.57
35396.958
34291.829
32865.876
31221.53
29446.016
27578.239
25610.505
23558.729
21487.887
19480.176
17611.323
15924.756
14438.211
13159.427
12088.235
11163.853
10223.954
9079.7189
7679.1166
6162.2272
4771.0937
3690.4763
2963.8433
2528.1697
2282.5029
2137.2452
2030.4999
1931.636
1826.8078
1716.6188
1600.7876
1488.0175
1375.7366
1276.6734
1179.1072
1100.6246
1019.8728
958.94121
891.03999
846.18255
784.75225
757.77753
699.79334
32390.253
32236.416
32563.185
33130.007
33744.214
34307.923
34765.31
35095.865
35299.369
35389.942
35390.761
35331.78
35239.976
35139.202
35055.874
35000.608
34956.381
34881.822
34697.669
34353.381
33798.296
32877.45
31604.065
30057.153
28299.433
26378.254
24343.333
22259.747
20212.935
18285.323
16533.915
14981.392
13630.877
12483.313
11526.704
10684.346
9788.7597
8672.333
7307.2918
5843.8362
4513.2561
3483.1695
2788.7866
2368.3162
2126.5682
1980.0009
1871.2885
1771.8479
1668.7447
1562.236
1452.0507
1345.6805
1240.9295
1148.683
1058.7187
986.08461
912.15654
855.93737
794.10483
752.52981
696.92707
671.54521
618.8564
25787.613
25586.247
25918.391
26553.623
27331.598
28141.489
28906.046
29580.181
30145.498
30598.369
30951.955
31225.959
31445.395
31634.642
31816.053
31996.033
32158.39
32259.98
32201.976
32006.846
31594.096
30793.191
29635.177
28188.37
26501.416
24637.511
22673.391
20697.548
18797.72
17043.51
15473.016
14093.063
12898.14
11885.675
11036.291
10264.503
9405.3507
8311.2912
6976.2981
5558.5593
4279.9562
3293.8233
2627.9437
2221.2688
1983.5315
1836.476
1726.7942
1627.6049
1526.8181
1424.3205
1319.8169
1219.7236
1122.1513
1036.3892
953.51772
886.39794
818.77294
766.99616
710.7321
672.32425
622.0236
598.3016
550.5195
22246.45
21934.832
22141.979
22673.27
23384.044
24169.723
24957.253
25696.996
26361.299
26937.745
27428.208
27844.01
28203.545
28525.478
28823.351
29097.221
29327.424
29472.963
29445.171
29289.912
28922.123
28185.456
27136.78
25821.786
24281.962
22586.853
20817.987
19064.005
17399.909
15877.674
14519.534
13322.421
12278.252
11385.255
10622.747
9903.3495
9069.0573
7990.5856
6680.0819
5301.3326
4067.872
3120.4656
2480.0814
2086.0827
1852.4605
1705.6143
1595.7363
1497.4316
1399.3622
1301.0411
1202.1265
1108.0846
1017.2754
937.60969
861.29576
799.31628
737.46395
689.82028
638.62252
603.20634
557.69259
535.61434
492.32361
20371.803
19928.858
19989.647
20381.245
20964.218
21641.24
22343.827
23025.524
23656.668
24223.521
24721.292
25154.805
25532.952
25868.199
26165.766
26420.099
26610.807
26701.755
26643.468
26459.435
26071.419
25387.735
24462.914
23319.233
21992.739
20546.321
19049.792
17576.42
16181.799
14900.646
13744.644
12707.849
11785.819
10981.998
10279.19
9592.3741
8771.7557
7703.2156
6412.8113
5067.9232
3874.314
2961.4616
2344.1196
1961.8811
1732.4692
1586.4058
1476.9196
1379.9793
1284.8766
1190.7743
1097.2668
1008.9851
924.49004
850.50542
780.21317
722.98553
666.38743
622.5536
575.93794
543.30773
502.0934
481.59408
442.38133
19384.247
18849.812
18795.362
19057.315
19511.162
20065.714
20656.464
21239.633
21786.565
22281.953
22719.491
23099.915
23427.55
23706.277
23936.97
24111.857
24213.854
24218.326
24112.311
23876.999
23470.458
22854.465
22064.819
21110.268
20019.002
18838.976
17620.06
16414.175
15258.381
14175.499
13173.811
12250.951
11409.776
10660.665
9991.233
9320.0844
8504.8247
7442.6279
6169.5797
4854.9557
3697.1242
2815.4476
2219.106
1847.8515
1622.7239
1477.8867
1369.2459
1274.0171
1182.0138
1092.0818
1003.74
920.88751
842.2463
773.51988
708.72852
655.86618
604.02864
563.68312
521.19425
491.13285
453.76659
434.7544
399.22399
18946.133
18350.658
18203.423
18357.529
18704.871
19154.358
19643.418
20130.62
20589.039
21002.563
21363.346
21669.096
21923.43
22126.32
22275.702
22365.46
22384.43
22326.385
22175.317
21911.209
21515.621
20973.923
20308.885
19521.68
18630.442
17666.423
16660.549
15647.23
14652.214
13694.197
12783.366
11923.295
11123.466
10399.589
9742.9693
9075.5505
8260.7272
7203.4825
5946.5587
4659.7948
3534.5698
2681.2757
2104.1947
1743.2439
1522.438
1379.1536
1271.7068
1178.4251
1089.5651
1003.6895
920.23448
842.45989
769.21576
705.33011
645.54365
596.67233
549.13332
511.96583
473.18253
445.47294
411.54263
393.91252
361.69471
18851.35
18197.396
17997.499
18085.818
18365.414
18746.1
19166.296
19586.047
19979.126
20329.73
20629.179
20873.918
21066.029
21208.815
21296.546
21326.213
21296.214
21202.21
21027
20758.486
20385.294
19903.181
19325.436
18647.588
17878.656
17037.288
16143.916
15224.816
14303.178
13398.31
12523.002
11684.999
10897.289
10178.089
9520.735
8850.002
8033.6534
6981.7318
5740.8792
4480.3926
3385.2487
2557.9702
1998.6296
1647.3684
1430.8659
1289.3748
1183.3768
1092.1883
1006.4481
924.46919
845.60082
772.5461
704.25572
644.80747
589.56018
544.32406
500.65636
466.37337
430.91025
405.34264
374.47546
358.11773
328.87216
18972.652
18290.951
18073.591
18136.968
18390.856
18743.866
19136.636
19527.806
19892.012
20213.03
20481.659
20694.354
20853.037
20959.275
21011.978
21008.987
20956.222
20841.77
20655.733
20384.076
20020.422
19561.865
19014.178
18369.819
17633.328
16818.696
15943.411
15035.358
14119.991
13217.448
12340.962
11499.457
10706.315
9979.8753
9314.3426
8637.1284
7819.4807
6774.4295
5550.3895
4315.16
3248.0151
2444.6928
1901.7357
1559.5822
1347.3137
1207.785
1103.4087
1014.3883
931.6946
853.42174
778.83081
710.14082
646.38062
590.98581
539.8449
497.91008
457.72205
426.04962
393.55676
369.93247
341.79322
326.59881
300.01537
19283.109
18591.509
18381.648
18454.058
18716.204
19077.515
19477.012
19874.522
20243.345
20565.943
20832.722
21040.492
21189.294
21281.532
21318.981
21301.051
21234.847
21106.325
20905.396
20613.947
20228.101
19744.492
19163.875
18479.671
17698.304
16836.293
15917.021
14969.139
14021.466
13093.256
12196.58
11339.097
10532.419
9793.4843
9116.8563
8432.718
7615.4306
6579.5121
5373.4501
4162.8503
3121.9212
2340.72
1812.9035
1479.2845
1271.1435
1133.6796
1031.0301
944.19618
864.4393
789.66236
719.03914
654.36826
594.73827
543.03548
495.60181
456.65793
419.5928
390.27776
360.43915
338.57272
312.8613
298.72503
274.52303
19826.495
19138.719
18940.093
19032.281
19315.746
19701.108
20127.486
20552.651
20948.623
21296.708
21584.973
21808.345
21966.153
22063.385
22101.593
22079.979
22006.153
21862.204
21633.411
21293.209
20840.738
20275.232
19597.777
18808.707
17922.907
16964.151
15961.942
14947.897
13950.187
12985.301
12062.113
11185.337
10363.538
9611.4416
8923.8721
8234.1338
7419.6992
6395.5482
5208.8341
4022.4614
3006.1809
2245.4198
1731.5752
1405.924
1201.7672
1066.4116
965.53777
880.86489
803.90922
732.40726
665.44766
604.46416
548.59002
500.24193
456.14955
419.91014
385.64439
358.45437
330.9857
310.70576
287.15422
273.97659
251.90317
20751.515
20043.932
19840.04
19937.894
20231.856
20633.868
21082.999
21536.567
21964.535
22344.529
22662.254
22911.067
23091.374
23206.476
23257.693
23239.83
23161.69
22998.249
22724.495
22298.848
21727.191
21018.444
20182.433
19233.289
18199.868
17114.819
16009.466
14921.474
13870.13
12868.32
11920.235
11026.575
10192.185
9429.198
8732.8031
8039.8554
7231.1726
6221.5429
5055.6237
3893.1833
2900.1303
2158.2341
1657.2434
1338.9954
1138.6429
1005.3886
906.29345
823.72189
749.41418
680.96189
617.37161
559.76047
507.29414
461.98788
420.90275
387.10484
355.34614
330.06898
304.71514
285.86442
264.23398
251.92212
231.7502
22324.034
21542.975
21288.377
21348.01
21610.228
21988.881
22424.536
22875.262
23308.738
23701.493
24039.096
24311.627
24516.193
24653.981
24724.776
24715.733
24634.132
24447.378
24110.053
23556.086
22805.005
21886.892
20831.909
19675.114
18462.931
17232.543
16023.155
14861.055
13760.643
12727.877
11761.04
10856.178
10014.116
9244.2647
8542.3291
7849.1401
7049.225
6056.8204
4913.1226
3774.3636
2803.1991
2078.669
1589.4488
1278.033
1081.2721
950.06936
852.71834
772.16227
700.33795
634.71043
574.20775
519.67218
470.29178
427.73869
389.35693
357.76009
328.24496
304.68766
281.22019
263.65514
243.73324
232.20126
213.7274
24993.249
24057.455
23662.69
23597.286
23736.584
23999.538
24332.085
24698.837
25071.724
25427.982
25749.232
26020.904
26234.346
26386.267
26473.275
26473.82
26386.283
26170.729
25750.618
25020.084
24021.927
22823.608
21490.417
20085.16
18671.211
17291.003
15980.285
14751.571
13611.389
12556.927
11579.766
10670.994
9827.3817
9055.6038
8352.0141
7661.7894
6873.5845
5900.9465
4780.8068
3665.4736
2714.8987
2006.2851
1527.7717
1222.6084
1029.1966
899.95986
804.28832
725.64232
656.1304
593.10657
535.42402
483.68613
437.09519
397.02994
361.07585
331.46095
303.95237
281.93988
260.15447
243.74453
225.3421
214.51116
197.55335
29575.924
28349.319
27656.126
27282.874
27105.54
27060.964
27110.874
27237.385
27421.559
27638.684
27866.065
28081.08
28263.899
28402.357
28486.898
28486.656
28386.778
28131.197
27606.59
26648.892
25332.736
23782.808
22116.762
20430.938
18800.546
17277.315
15871.159
14587.348
13419.081
12353.553
11375.273
10470.363
9631.678
8863.2185
8162.0479
7477.9916
6704.2393
5753.6713
4658.2842
3566.0789
2634.8071
1940.6867
1471.8273
1172.3268
981.99617
854.61
760.5292
683.6735
616.30027
555.6653
500.55059
451.35143
407.27773
369.45721
335.68113
307.84897
282.13398
261.50788
241.22195
225.84872
208.79765
198.59572
182.99135
37722.481
35997.355
34739.928
33713.968
32833.36
32094.825
31509.909
31085.751
30815.953
30678.655
30641.874
30668.718
30723.058
30771.397
30790.393
30744.955
30600.454
30275.244
29617.976
28402.89
26717.459
24759.01
22716.293
20726.364
18873.805
17183.759
15694.708
14369.353
13185.427
12119.496
11149.034
10255.434
9427.9028
8667.8647
7973.0641
7298.2042
6541.3601
5614.8713
4545.25
3475.8067
2562.5479
1881.512
1421.2614
1126.8241
939.28536
813.60998
721.01231
645.817
580.40886
521.95585
469.1721
422.2713
380.4655
344.66745
312.84362
286.6134
262.50087
243.118
224.16852
209.72485
193.87568
184.23724
169.84111
52288.361
49586.429
46903.432
44325.368
41901.295
39735.519
37905.822
36445.1
35343.399
34561.038
34042.506
33721.446
33527.706
33398.573
33284.232
33138.202
32900.785
32469.291
31643.761
30145.407
28058.992
25661.882
23226.706
20920.384
18868.593
17044.144
15478.112
14119.72
12928.146
11869.032
10912.899
10036.512
9225.2946
8477.7806
7792.6351
7131.0563
6397.5472
5502.6769
4463.5159
3416.03
2515.6963
1841.4788
1384.6211
1091.7479
904.95244
779.87898
688.153
614.22048
550.43917
493.8316
443.02044
398.05363
358.14259
324.02002
293.80728
268.88596
246.08741
227.71113
209.85583
196.16019
181.29351
172.09927
158.685
76510.978
71053.376
65330.727
59775.36
54620.1
50068.624
46238.524
43166.765
40813.525
39072.173
37838.456
36998.435
36436.462
36042.632
35728.524
35422.351
35043.432
34468.918
33448.855
31670.805
29203.259
26391.799
23574.544
20998.935
18764.308
16843.293
15220.235
13840.625
12650.184
11604.823
10668.787
9814.6398
9024.115
8292.6747
7620.0394
6975.014
6269.9263
5412.8663
4408.4095
3382.6739
2491.2157
1818.4607
1360.385
1065.9273
878.01825
752.53976
661.13134
588.10305
525.64603
470.58485
421.42998
378.07662
339.73388
306.9833
278.08505
254.21715
232.48245
214.90676
197.93615
184.83081
170.75691
161.90347
149.27355
102049.29
91256.784
81848.905
73528.624
66215.728
59882.233
54498.754
50017.159
46389.327
43601.144
41550.183
40094.925
39082.73
38362.777
37798.241
37284.326
36717.172
35948.347
34716.217
32709.386
29960.588
26833.148
23742.198
20958.052
18574.053
16576.237
14916.87
13529.589
12349.482
11324.451
10413.466
9585.5861
8819.3926
8107.3935
7449.8288
6822.3449
6145.3801
5325.735
4356.2674
3352.8173
2470.4077
1798.9069
1339.3018
1043.0314
853.8781
727.90729
636.72343
564.48241
503.20629
449.53348
401.86717
359.96568
323.03207
291.51638
263.79771
240.87815
220.0971
203.24192
187.0637
174.4898
161.12556
152.57824
140.65441
110967.93
97844.287
86965.274
77828.764
70115.083
63571.951
58019.746
53355.574
49515.15
46403.5
43963.26
42119.494
40761.718
39757.677
38957.992
38234.374
37472.519
36548.359
35193.945
33096.778
30246.209
26980.802
23734.138
20802.439
18315.514
16264.097
14584.651
13199.861
12036.412
11035.875
10152.93
9353.7581
8614.2673
7924.1311
7283.5698
6674.2413
6024.7816
5241.8144
4307.3119
3326.5005
2453.2358
1782.7414
1321.2597
1022.9113
832.35126
705.77881
614.71496
543.14147
482.90684
430.47248
384.13818
343.53881
307.86816
277.46152
250.79961
228.73236
208.80522
192.59756
177.1285
165.03239
152.30324
144.03026
132.74226
107965
92664.739
82219.768
73968.535
67334.356
61868.078
57251.229
53276.389
49840.349
46926.073
44526.657
42621.886
41156.244
40032.537
39122.247
38290.544
37420.779
36389.299
34976.15
32895.663
30088.185
26829.759
23541.619
20549.835
18009.072
15927.604
14240.463
12864.679
11721.236
10746.975
9893.1573
9123.593
8411.9287
7745.113
7122.8241
6531.8866
5909.0291
5161.6868
4261.8148
3303.7925
2439.6751
1769.895
1306.155
1005.4297
813.27294
685.97069
594.91295
523.88558
464.55731
413.21922
368.07072
328.63463
294.09254
264.67933
238.96229
217.65947
198.49582
182.86911
168.03414
156.3669
144.20588
136.17822
125.46291
99459.951
76324.549
58480.794
46425.728
39250.335
35812.822
35528.688
37284.533
41050.504
91636.104
71430.273
55423.716
44884.024
38446.916
35490.263
35403.247
37339.157
41209.646
83846.621
66689.575
53058.538
43574.215
37769.159
35234.251
35262.915
37364.836
41323.32
77779.359
63102.813
50905.23
42321.232
37112.435
34977.534
35102.262
37347.868
41363.117
72326.314
59867.871
48938.437
41136.44
36466.993
34658.908
34908.561
37280.739
41346.849
67393.354
56894.821
47125.945
40017.812
35814.48
34238.001
34689.274
37146.684
41272.676
62933.093
54130.236
45437.274
38956.45
35160.575
33801.375
34439.143
36948.21
41089.284
58923.397
51552.444
43850.437
37943.997
34505.55
33339.991
34110.42
36673.076
40807.335
55349.763
49161.523
42356.054
36970.77
33853.472
32846.795
33701.375
36312.173
40422.402
52209.984
46981.157
40962.169
36043.147
33203.78
32325.095
33243.715
35868.217
39930.728
49491.41
45029.713
39683.07
35170.769
32560.497
31780.146
32737.462
35344.352
39333.295
47167.406
43313.781
38530.307
34363.7
31931.029
31219.209
32186.892
34746.795
38636.259
45196.864
41824.142
37507.366
33628.912
31323.485
30650.819
31599.388
34085.619
37852.344
43522.336
40534.581
36605.362
32966.98
30746.894
30088.483
30992.521
33380.269
37002.996
42083.188
39405.898
35802.08
32366.117
30197.293
29531.579
30368.441
32638.092
36101.748
40816.456
38390.358
35062.999
31802.882
29662.69
28972.24
29722.779
31862.934
35159.956
39663.266
37436.205
34347.938
31247.209
29133.062
28407.892
29061.649
31065.183
34193.034
38567.221
36495.925
33617.864
30671.244
28591.75
27832.506
28390.887
30255.78
33215.236
37476.129
35529.111
32841.19
30051.797
28022.126
27238.429
27709.28
29441.195
32237.245
36336.15
34497.381
31991.478
29370.647
27414.299
26623.383
27021.111
28631.242
31272.61
35087.51
33359.725
31045.77
28618.195
26769.543
25996.61
26341.702
27844.6
30341.706
33674.807
32079.729
29984.034
27785.951
26089.114
25367.105
25685.995
27099.324
29463.19
32085.859
30647.479
28797.645
26867.722
25372.746
24741.641
25066.921
26412.193
28656.02
30397.434
29127.557
27533.038
25890.781
24633.895
24128.463
24491.438
25791.004
27928.707
28754.742
27652.363
26296.984
24926.257
23907.105
23538.084
23951.882
25214.773
27250.188
27276.917
26343.431
25203.198
24065.862
23250.927
23000.68
23453.504
24671.276
26596.36
25974.87
25225.697
24289.801
23351.705
22698.804
22537.103
23004.493
24158.115
25956.963
24750.46
24211.199
23487.027
22730.031
22202.242
22096.463
22550.343
23619.477
25277.507
23472.285
23164.163
22668.601
22091.327
21663.414
21583.307
21993.996
22957.398
24461.341
22064.41
21986.504
21732.946
21352.284
21026.282
20959.784
21308.465
22151.163
23492.911
20531.783
20652.84
20636.935
20472.429
20274.874
20235.35
20524.321
21245.933
22428.075
18933.501
19217.686
19406.534
19456.314
19417.275
19435.532
19688.116
20303.83
21338.613
17359.811
17749.763
18102.122
18349.303
18483.102
18596.418
18848.454
19386.054
20294.223
15870.019
16317.698
16779.321
17186.658
17494.584
17737.088
18032.63
18527.842
19333.546
14509.969
14971.148
15485.482
15995.783
16447.209
16832.532
17219.432
17727.523
18474.515
13320.712
13768.038
14290.041
14843.429
15376.963
15866.775
16345.443
16898.378
17629.613
12246.77
12690.64
13226.248
13816.695
14410.121
14973.509
15521.032
16115.35
16844.061
11057.425
11518.504
12098.679
12769.832
13475.082
14160.531
14815.716
15483.574
16239.376
9546.0015
10007.565
10619.895
11374.677
12223.135
13093.806
13937.166
14758.644
15611.526
7783.278
8196.5337
8770.5297
9527.7697
10451.09
11476.084
12524.805
13555.076
14580.12
6073.2037
6412.291
6895.1382
7560.8889
8432.2769
9492.9997
10680.061
11917.051
13161.609
4712.08
4982.0182
5369.5364
5917.0556
6666.6993
7641.2363
8826.5337
10172.244
11610.795
3809.3448
4038.008
4362.7243
4818.7304
5449.1941
6297.1911
7386.4134
8702.4432
10193.745
3294.8878
3508.7409
3809.7737
4226.8434
4793.5609
5545.7552
6515.2125
7716.7241
9131.134
3034.5783
3249.5846
3551.6373
3968.2323
4529.6056
5264.9063
6196.6369
7334.8475
8669.743
2905.2345
3127.9645
3441.3982
3874.2543
4457.787
5221.5278
6185.4437
7351.2983
8705.5735
2820.3482
3051.2306
3377.2243
3829.2204
4441.2314
5245.4963
6266.6313
7515.1667
8975.0884
2737.5169
2974.4086
3310.2927
3778.4698
4416.5624
5262.8424
6351.2662
7696.3048
9287.1939
2636.4384
2875.3045
3215.5623
3692.7381
4348.0062
5223.1063
6351.8881
7759.1854
9437.3939
2519.452
2756.7117
3095.7468
3573.1481
4232.2165
5118.8585
6272.6582
7711.9924
9429.2647
2385.6035
2617.8337
2950.7856
3421.4407
4073.796
4954.7451
6106.2445
7553.6139
9287.9507
2249.6851
2475.0781
2799.2068
3259.0975
3899.237
4767.2746
5905.2016
7336.6127
9052.501
2106.7831
2322.8868
2634.5191
3078.2077
3698.2795
4542.69
5654.0513
7056.2444
8739.3597
1979.6303
2186.7971
2486.1818
2913.5318
3512.4773
4330.4122
5409.3907
6772.4935
8408.9128
1848.6258
2045.1778
2329.8465
2737.3211
3310.2956
4095.5465
5134.8427
6451.028
8032.8958
1745.2689
1933.3273
2206.0858
2597.1778
3148.1344
3904.5311
4906.9196
6176.8998
7702.2255
1633.567
1811.3687
2069.6877
2440.8913
2965.2406
3687.2908
4647.0311
5865.9356
7331.9032
1552.7644
1723.1966
1971.0321
2327.5447
2831.6975
3526.6169
4450.8549
5624.6245
7035.0657
1456.8858
1617.7286
1851.9214
2189.3866
2667.6366
3328.5153
4209.7916
5331.5998
6681.6707
1399.812
1555.2927
1781.7996
2108.3728
2571.4032
3211.3734
4064.5168
5149.4546
6452.8357
1310.8597
1456.7983
1669.6007
1976.7949
2413.0324
3017.0849
3823.9259
4851.8315
6088.3011
1280.7997
1423.7088
1632.1493
1933.1188
2360.5643
2952.3388
3742.257
4747.2456
5953.4878
1199.4764
1334.0532
1530.3939
1813.9566
2216.6986
2774.0858
3517.4191
4461.6076
5592.322
46702.835
55071.307
68599.027
93572.127
153397.13
405373.18
46868.053
55273.067
68809.97
93531.352
152246.08
399392.24
47005.241
55413.7
68893.36
93371.929
150892.96
392923.43
47058.402
55449.555
68864.39
92982.104
149231.03
386002.74
47048.467
55420.966
68732.231
92416
147411.24
378667
46978.292
55302.814
68418.526
91636.349
145253.88
370958.2
46778.273
55009.62
67913.783
90633.029
142913.37
362922.48
46443.337
54563.688
67222.335
89390.837
140229.32
354615.3
45983.946
53961.793
66337.348
87913.004
137272
346091.96
45392.977
53198.316
65257.367
86210.495
134076.28
337403.08
44670.676
52275.23
63989.235
84300.896
130699.25
328597.46
43824.426
51203.293
62550.033
82210.371
127168.97
319723.54
42870.359
50003.721
60968.513
79977.302
123530.82
310826.65
41833.192
48706.375
59281.788
77647.33
119835.52
301948.34
40733.074
47338.682
57524.913
75262.112
116126.05
293125.68
39588.452
45926.221
55729.99
72857.836
112436.44
284392.95
38419.211
44493.248
53924.833
70463.501
108792.53
275778.4
37242.393
43059.137
52129.898
68098.033
105207.96
267306.42
36071.076
41638.061
50358.909
65772.814
101691.68
258993.49
34920.811
40246.019
48626.083
63496.719
98243.032
250855.1
33812.057
38901.872
46946.45
61278.761
94866.85
242903.4
32762.169
37619.783
45328.989
59121.614
91563.18
235151.47
31791.529
36420.772
43793.052
57035.498
88309.597
227615.45
30908.912
35313.528
42346.719
55027.588
85106.068
220315.91
30076.037
34255.448
40947.715
53067.709
81975.393
213304.6
29260.028
33207.283
39556.26
51133.441
78966.278
206569.85
28444.69
32147.011
38141.774
49174.855
76003.074
199994.8
27579.049
31028.511
36661.226
47136.915
72940.696
193464.91
26569.424
29763.761
35038.851
44972.095
69768.198
187133.68
25405.071
28347.881
33280.583
42715.418
66644.122
181850.81
24150.559
26853.366
31465.467
40448.018
63662.91
177659.32
22883.879
25362.531
29677.397
38245.432
60840.488
174191.34
21679.203
23950.073
27985.917
36162.133
58176.988
171129.91
20575.42
22653.104
26424.845
34226.708
55687.585
168321.23
19603.833
21508.328
25025.55
32449.725
53337.708
165557.33
18687.769
20456.302
23749.057
30814.605
51117.264
162872.73
17851.818
19508.423
22599.969
29323.933
49049.104
160168.6
17224.909
18795.835
21706.979
28097.872
47205.478
157526.88
16637.156
18180.295
20959.322
27043.885
45522.223
154792.28
15731.694
17346.805
20108.826
26026.04
44065.721
152136.62
14518.434
16317.303
19205.543
25117.997
42854.128
149645.39
13205.808
15271.308
18411.503
24480.995
42054.634
147584.57
11920.41
14208.946
17653.869
24051.125
41791.09
145794.58
10831.578
13169.525
16785.042
23542.285
41830.405
144752.87
10291.509
12569.454
16187.117
23114.008
42024.304
144858.48
10335.965
12608.908
16197.733
23049.74
41748.392
146304.56
10737.98
13193.55
17024.019
24163.527
43250.355
151394.53
11231.405
13971.641
18265.426
26195.416
46540.583
160041.5
11504.269
14442.01
19067.873
27624.13
49402.449
166776.7
11552.978
14590.636
19389.973
28284.169
50878.962
170788.11
11436.295
14513.59
19375.212
28400.582
51365.986
172601.67
11184.899
14257.974
19126.952
28180.195
51235.899
172897.84
10835.131
13864.323
18669.811
27643.413
50665.708
172406.06
10450.201
13411.707
18117.203
26936.59
49757.157
171323
10011.175
12893.53
17481.056
26112.598
48629.165
169667.07
9612.4197
12404.974
16852.564
25245.704
47324.839
167355.78
9173.8281
11880.624
16198.5
24369.203
46007.473
164969.74
8810.4398
11430.185
15611.274
23537.34
44655.819
162112.64
8388.2273
10923.091
14977.352
22680.077
43302.911
159138.72
8103.071
10564.698
14500.734
21979.955
42065.452
156275.48
7661.6504
10028.063
13825.507
21069.139
40647.425
152868.79
7491.2265
9814.5609
13539.113
20632.539
39786.899
150751.08
7037.8522
9237.0748
12769.82
19524.62
37964.409
146494.21
19224.614
23296.907
30310.027
44491.671
83727.733
297053.29
21797.216
26531.483
34645.974
50925.522
95303.028
339911.21
24469.762
29864.704
39060.3
57431.538
107458.51
384706.27
27245.829
33320.684
43636.306
64205.86
120233.17
431793.1
30099.949
36881.353
48366.755
71222.691
133317.99
478714.32
32974.39
40463.173
53117.094
78265.295
146663.45
525515.25
35834.896
44036.413
57873.938
85330.496
159652.68
569031.33
38669.882
47596.721
62627.884
92351.676
172266.53
606357.67
41400.765
51026.401
67181.984
98952.838
183565.48
638306.35
43953.569
54211.524
71363.252
104905.13
193663.56
663229.45
46242.133
57012.362
74946.807
109850.92
201640.55
680626.73
48298.7
59518.562
78118.543
114093.77
207910.18
690190.26
49965.205
61466.092
80443.936
116978.94
211645.44
692247.77
51402.85
63126.795
82365.609
119092.66
213072.51
686300.99
52440.772
64254.325
83547.988
120172.53
213287.95
673468.24
53045.333
64809.53
83919.866
120006.39
211315.81
654588.8
53287.63
64886.953
83675.462
119036.54
207854.67
630817.2
53154.167
64449.586
82686.51
116888.01
202403.12
603511.15
52743.553
63729.131
81438.883
114551.76
196691.52
573793.27
51983.714
62480.571
79332.881
110758.62
188685.55
542946.51
51107.341
61260.622
77587.564
107962.71
182489.17
511623.3
49785.952
59254.563
74414.781
102618.16
172329.36
481039.28
48822.435
58090.062
72949.707
100538.89
167536.35
450993.19
46618.327
54926.375
68325.448
93229.53
154594.33
423953.54
27607.663
23082.05
19333.151
16522.159
14728.284
13923.798
14021.228
14954.414
16681.113
29638.556
24755.795
20758.879
17825.652
16007.264
15261.277
15507.172
16694.901
18770.872
31635.515
26453.801
22239.339
19189.904
17347.967
16663.826
17067.728
18517.079
20960.852
33618.091
28165.455
23754.25
20597.001
18735.906
18120.895
18692.911
20415.461
23242.214
35586.928
29877.833
25282.901
22025.665
20150.219
19610.61
20357.852
22362.521
25584.519
37523.306
31573.004
26805.202
23454.189
21567.94
21108.102
22034.09
24323.704
27943.822
39402.11
33228.285
28300.216
24862.405
22968.18
22590.354
23694.332
26268.961
30287.322
41246.93
34838.176
29750.648
26230.072
24331.406
24035.6
25314.71
28174.92
32596.126
42944.1
36363.327
31139.545
27541.536
25638.965
25422.962
26869.155
30004.676
34815.454
44751.684
37902.449
32496.102
28799
26880.628
26735.308
28334.817
31727.056
36898.261
46259.044
39268.629
33741.425
29967.318
28036.977
27954.816
29688.77
33309.033
38792.466
47670.399
40538.73
34897.234
31054.964
29108.66
29075.942
30920.072
34739.072
40499.237
49150.979
41826.495
36035.485
32093.747
30108.271
30101.642
32017.803
35978.323
41931.457
50779.635
43204.556
37204.016
33113.372
31051.233
31040.295
32996.849
37069.258
43179.883
52555.332
44679.412
38419.216
34129.782
31942.126
31882.443
33817.935
37935.704
44126.629
54563.429
46301.165
39707.413
35157.523
32792.232
32632.304
34487.61
38572.206
44752.096
56920.908
48125.163
41096.574
36209.52
33607.092
33293.022
35018.143
39001.713
45100.868
59815.038
50249.871
42630.234
37303.738
34399.016
33869.842
35415.786
39234.69
45175.793
63253.852
52696.964
44326.844
38447.669
35160.354
34365.842
35686.948
39268.864
45005.415
67740.73
55625.372
46252.304
39673.32
35895.564
34783.797
35862.567
39127.273
44591.753
73690.135
59079.209
48370.476
40961.274
36622.308
35132.051
35953.634
38826.098
44003.671
81792.416
63805.503
51104.601
42502.581
37427.969
35448.31
35960.511
38408.164
43157.739
90405.988
68118.131
53432.469
43793.332
38093.261
35760.425
35878.295
37988.315
42415.671
106575.11
80195.78
60174.147
47201.051
39644.045
36044.032
35713.802
37270.649
40966.168
2.0816959e+08
30267131
8137425.2
2782756.5
1227929.6
683307.71
432718.97
292870.78
205053.9
145807.28
104059.1
73882.693
51783.377
35594.048
2.2554623e+08
32750149
8853862.9
3057194
1317910.9
718920.32
450639.92
303790.66
212641.31
151508.43
108501.05
77378.433
54547.857
37844.975
2.4364412e+08
35328405
9599160.8
3386772.5
1429876.6
762953.44
472326.78
316572.11
221168.68
157662
113149.02
80982.778
57401.415
40162.722
2.6216389e+08
37952197
10342122
3715957.1
1544689
806076.82
492326.47
327887.29
228644.92
163170.7
117473.58
84472.609
60240.596
42484.087
2.8071111e+08
40577016
11066562
4043297.3
1668834.3
856085.67
516817.22
342011.67
237738.81
169493.55
122134.34
88063.649
63091.705
44791.732
2.9898153e+08
43141354
11765812
4377101.8
1789394.6
899201.75
536075.77
352910.73
245117.11
175027.53
126475.58
91526.458
65879.247
47053.306
3.1619202e+08
45538422
12417833
4703072.7
1925663.4
953272.23
560584.51
365731.66
252745.61
180168.27
130354.7
94672.448
68498.251
49227.324
3.319486e+08
47678196
12927030
4994657.7
2068717.3
1008384.2
586123.46
380712.87
263001.3
187588.37
135690.1
98530.06
71352.216
51416.451
3.4544684e+08
49255353
13354313
5170807.8
2115539
1016327.2
585928.03
379604.9
262484.67
188017.14
137072.6
100444.88
73386.969
53304.23
3.5674618e+08
51548034
13895932
5584894.5
2412360.3
1147560.2
643597.65
408922.53
279153.22
198238.31
143601.05
104796.56
76429.614
55521.235
3.6443147e+08
52448569
13978119
5549503.3
2415008.9
1153129.3
646009.41
409936.12
280595.94
200003.29
145481.49
106656.01
78206.061
57163.468
3.6894046e+08
53121558
14168945
5626080.3
2447964.9
1163077.5
646937.81
409378.53
280349.34
200456.15
146679.27
108276.2
79903.007
58733.137
3.6858846e+08
52509293
13932996
5688157.9
2568751.3
1222031.7
671131.73
420290.05
286313.47
204585.07
149846.47
110845.63
82020.904
60464.038
3.649267e+08
51843456
13586355
5602210.9
2654486.9
1287825.8
702357.36
435721.82
294989.28
210079.51
153729.75
113843.77
84435.727
62409.706
3.5785556e+08
50885402
13163485
5401596.3
2671762.5
1338738.5
729332.67
447540.09
301451.78
214979.2
157852.47
117226.78
87148.376
64565.076
3.4729936e+08
49365578
12597508
5138215.6
2694728.1
1411635.1
774685.5
473563
316035.52
222802.02
162698.71
120997.49
90286.237
67070.058
3.3381744e+08
47422554
11857158
4657209.9
2664030.2
1597323
896794.43
514154.99
332324.93
235773.85
172791.77
127712.13
94731.051
70193.156
3.1837377e+08
45173995
11082882
3965603.1
2231234.5
1572603.8
1120147.8
716103.1
421778
261786.13
182505.73
135111.13
100532.9
74251.679
3.0220443e+08
42832356
10419418
3406515.2
1516555.7
1190237.2
1020293
815631.74
608801.7
389064.82
233844.67
152930.91
108768.09
79314.998
2.8477942e+08
40343678
9794875.8
3181669.1
1226798.3
595285.53
516303.2
677172.34
611917.12
475245.77
327095.21
198891.29
126717.14
87166.623
2.668214e+08
37805690
9180961.6
2986779.6
1163190.4
496462.3
304329.35
322956.98
443215.63
429995.72
352950.09
248438.15
153799.26
98999.618
2.4885654e+08
35272993
8579126.2
2802017.4
1089324
462239.75
250911.16
203976.31
229193.84
297925.69
305981.42
259765.3
180717.79
114225.25
2.3121038e+08
32774617
7975586.2
2603927
998991.82
419535.2
224374
159869.75
146847.09
165013.02
213284.41
224655.24
190004.25
131525.03
2.141806e+08
30359004
7387062.2
2406146.4
911583.23
385153.56
209224.08
143292.59
115673.76
110622.71
126185.88
163629.06
168966.96
140583.59
2.0618571e+08
29219229
7104517.9
2303071.4
860022.26
366229.17
200281.77
133635.97
101865.23
87359.277
86393.076
101335.72
130797.66
130288.4
2.0614421e+08
29212066
7100731.9
2297695.6
857054.13
369685.19
202506.2
132483.94
96667.97
77014.764
67828.868
68814.156
83613.595
104671.5
2.0610776e+08
29209415
7103722.7
2301733.3
863736.67
378668.72
208744.13
134988.87
95719.314
72459.634
58716.932
52493.339
54775.142
66855.549
2.0606715e+08
29210556
7111536.1
2306632.4
866687.64
386624.42
214959.1
137709.62
95486.792
69660.713
53373.059
43784.147
40091.51
42720.344
2.0600335e+08
29201555
7107825.1
2292816.9
853147.38
387095.42
217298.24
138362.74
94271.283
67014.552
49528.781
38612.409
32723.251
31412.874
2.0593834e+08
29190167
7097843.6
2270816.1
840048.23
387024.96
218553.5
138312.69
92931.649
64812.543
46953.359
35662.639
28912.085
25924.053
2.0584511e+08
29170098
7076529.6
2238337.8
825621.88
385658.92
218846.68
137857.61
91855.597
63657.717
45673.013
33992.775
26786.881
23058.013
2.0575354e+08
29149073
7050467.2
2206468.6
817774.98
385359.66
219114.19
138024.36
92047.422
63497.427
45073.813
33125.461
25652.761
21639.728
2.0568136e+08
29124954
7024042.4
2178909.1
810296
385571.8
220432.69
138846.95
92222.484
63368.842
44806.413
32769.526
25184.002
20909.144
2.0561889e+08
29107652
6999902.2
2156622.5
804462.04
385036
220685.03
139049.95
92315.062
63398.866
44804.187
32733.222
25080.297
20631.371
2.0558929e+08
29098122
6989495.7
2148590.4
803292.6
385551.15
221234.96
139465.36
92607.152
63605.64
44959.211
32852.087
25158.963
20619.008
2.0560904e+08
29103168
6990898
2148978.1
803711.31
386029.36
221654.34
139812.01
92899.82
63859.813
45184.475
33056.801
25343.877
20769.805
2.0566334e+08
29113296
6999983.2
2155808.7
805074.51
386085.17
221695.95
139953.7
93122.733
64128.779
45469.886
33343.718
25630.306
21068.032
2.0574958e+08
29135310
7023654.9
2176414
810811.11
387203.71
222122.13
140393.33
93620.012
64640.957
45969.066
33825.373
26108.567
21576.126
2.0585805e+08
29159699
7050286.6
2203572.8
818559.48
388153.61
222371.76
140927.87
94398.452
65522.932
46865.706
34699.704
26961.802
22455.092
2.0597747e+08
29184864
7077459.7
2235726.3
829583.32
389741.3
222837.69
141792.27
95646.861
66965.635
48367.846
36198.528
28448.693
23971.493
2.0609674e+08
29209808
7101813.9
2268292.1
838592.73
389605.82
222389.8
142603.99
97329.378
69114.356
50714.767
38618.355
30929.648
26544.595
2.0620752e+08
29229051
7116286.7
2296045.4
855623.78
391143.22
221959.76
143386.02
99402.187
71972.322
54029.339
42219.709
34819.315
30899.886
2.0628456e+08
29238451
7120073
2309490.7
867891.46
390345.1
219961.34
143260.83
101329.42
75491.379
58454.633
47302.694
40853.381
38456.361
2.063707e+08
29248798
7119880.5
2314981
873768.27
386082.66
215272.65
141423.07
102211.24
78536.447
63642.336
54499.641
50762.606
52630.509
2.0641864e+08
29249154
7112180.5
2306426.5
865162.08
375739.52
208004.42
138137
102117.59
81274.678
69326.904
64688.053
68302.928
78728.346
2.0648165e+08
29258969
7117652.8
2312620.1
867208.5
370270.75
203449.09
136154.79
103245.64
86471.507
80569.279
84831.081
101554.7
111273.65
2.0655381e+08
29276731
7132735.3
2336862.1
895617.71
382765.46
208232.69
141818.18
112210.65
100641.66
104105.48
126119.02
146204.9
129624.77
2.0661096e+08
29289930
7140531
2356485.1
930823.44
401086.31
216275.43
150997.76
127669.09
128947.86
154112.06
192924.61
178230.21
133871.39
1.9671608e+08
28563414
7401470.9
2527759.1
1190787.2
689572.93
442371.84
298627.61
206659.06
144388.65
100804.88
69704.71
47272.507
31081.803
1.958667e+08
28303583
7209130
2468918
1175769.3
685192.63
440265.71
297208.35
205515.74
143433.98
100026.48
69091.008
46855.611
30880.445
1.9510911e+08
28059164
7032331.8
2429422.7
1163413
679450.56
437123.05
295094.03
203964.47
142296.84
99251.135
68566.146
46425.43
30583.716
1.9442801e+08
27833409
6867807.9
2376679.5
1147259.2
673495.72
434375.11
293498.69
202821.49
141346.85
98394.75
67872.405
45982.213
30301.395
1.9387244e+08
27636815
6726662.8
2333328.5
1134025.4
668478.27
431994.56
292123.28
201901.95
140674.14
97880.448
67483.775
45685.446
30077.33
1.934253e+08
27470443
6606002.1
2296924.6
1122936.8
664255.55
429991.32
290970.43
201131.27
140116.95
97472.747
67173.59
45456.484
29919.869
1.9308078e+08
27335196
6505246
2266073.6
1113060.9
660240.38
427982.29
289791.51
200364.65
139588.94
97097.072
66911.529
45279.952
29811.809
1.9285683e+08
27239050
6429750.6
2241971.1
1104881.9
656745.07
426200.11
288767.3
199728.38
139174.95
96823.218
66731.541
45166.51
29751.059
1.9271554e+08
27172261
6376175.7
2223177.8
1098014.2
653810.61
424799.68
288044.3
199327.81
138938.17
96677.421
66642.034
45116.928
29734.688
1.9267565e+08
27140708
6347256.3
2211532
1092452.6
650819.75
423075.61
287023.39
198727.39
138597.45
96498.334
66560.308
45093.196
29747.204
1.927643e+08
27150855
6344410.5
2206308.3
1089262.5
648968.54
422009.27
286424.66
198408
138444.12
96442.385
66558.712
45121.829
29794.202
1.9290449e+08
27193382
6363865.3
2205391.5
1086047.3
646588.66
420545.51
285614.1
198016.6
138298.98
96433.154
66615.687
45205.045
29882.857
1.9315365e+08
27265989
6404349.8
2211025.3
1084947.9
645024.1
419445.38
284980.09
197710.52
138201.49
96460.617
66708.818
45323.532
30003.29
1.9348783e+08
27359453
6467159.9
2223454.9
1085837.2
644294.2
418823.78
284676.71
197658.88
138293.54
96611.938
66884.858
45506.757
30170.295
1.9388312e+08
27477305
6546878.9
2240570.2
1087481.5
643554.56
418078.11
284292.69
197573.96
138392.7
96812.415
67105.061
45722.863
30376.411
1.9435687e+08
27620258
6646332.5
2264949.2
1091441.9
643655.22
417720.61
284111.28
197615.49
138598.28
97105.122
67419.212
46008.803
30619.838
1.9489433e+08
27773570
6756130
2294179.2
1096799.6
644214.62
417559.52
284067.42
197788.83
138916.11
97490.177
67815.677
46373.976
30926.352
1.954845e+08
27936512
6876437.5
2328542.1
1103417.1
645018.09
417384.46
283943.27
197896.69
139223.59
97900.973
68253.538
46789.154
31287.003
1.961107e+08
28107521
7007363.6
2371211
1113180.4
647052.01
417756.21
284122
198192.27
139627.64
98374.209
68743.636
47254.585
31699.315
1.9677716e+08
28282096
7137233.1
2387973.4
1114466.2
646374.86
417206.38
284003.16
198422.66
140072.64
98894.476
69277.449
47766.503
32162.774
1.9746048e+08
28458750
7276593.5
2431983
1122582.7
646637.35
416422.98
283464.26
198296.63
140283.35
99332.863
69810.943
48314.994
32677.405
1.9817803e+08
28636234
7416757.5
2485691.1
1136330.6
650820.73
417965.5
284308.67
198991.25
140940.9
99960.078
70426.652
48916.381
33240.738
1.9890167e+08
28813923
7563375.8
2541843
1146844.6
651758.63
417375.04
283874.25
198946.48
141251.53
100504.4
71055.97
49531.51
33795.535
1.9964617e+08
28986407
7688631
2590481.9
1157569.2
652112.69
415496.71
281878.94
197408.98
140252.92
99980.227
70903.834
49642.504
34039.454
2.0665628e+08
29289047
7131250.8
2348030.7
945349.48
424584.71
229502.26
167403.82
163975.39
192080.58
259197.14
244361.84
186112.45
125090.42
2.0668776e+08
29278472
7109302.8
2315458.8
916059.44
417306.14
244226.53
219903.8
257056.21
355362.41
333536.4
255112.8
165934.52
105075.21
2.0670175e+08
29267458
7087498.7
2287166.5
880270.15
413857.63
310201.75
382395.68
497354.36
444812.81
335799.92
214885.82
132930.12
88001.916
2.0678291e+08
29293632
7107554.9
2287958.9
904910.35
612334.75
729824.67
689663.31
564061.25
412310.67
256274.54
159085.49
107986.56
76501.859
2.0688453e+08
29342268
7155601.8
2456835
1494088.8
1233871
972727.19
731789.13
483060.44
289552.94
185155.92
131316.75
96189.36
69303.195
2.0671932e+08
29401635
7398411.3
3106284.8
2017578.8
1414474.5
906606.74
528573.15
316522.69
216362.37
160390.76
120181.08
88442.45
63478.771
2.071544e+08
29591970
7871861.5
3681441.2
2131729.6
1170718.1
641113.48
396597.04
277457.49
203737.59
151041.15
111822.43
81925.905
58646.169
2.0765135e+08
29841683
8302135.8
3818926.1
1922225
995799.88
581192.79
378786.41
264153.78
191691.15
141910.52
105230.7
76908.981
54739.745
2.0794423e+08
30024376
8577507.5
3824888.8
1816424
929651.23
544684.84
357820.98
252229.43
184246.66
136231.7
100354.98
72794.554
51439.669
2.0804137e+08
30096920
8786321
3828401.9
1749215.6
891049.89
528515.03
349788.22
246269.01
178817.08
131295.98
96092.305
69254.359
48610.703
2.0812424e+08
30501997
9067169.5
3853745.9
1704493.9
863271.91
513752.74
340377.02
239356.44
173348.21
126782.5
92323.496
66158.591
46152.992
2.0797923e+08
30682719
9243461.3
3759023.5
1605786.6
816641.77
492844.25
329133.67
232002.58
167892.38
122503.29
88899.709
63424.552
44012.727
2.0720889e+08
30570601
9074382.3
3462482.8
1468530.5
770247.19
475441.79
320958.33
227098.89
164216.48
119453.16
86256.799
61187.023
42213.637
2.064764e+08
30401311
8984422.7
3441153.3
1476778.2
779074.12
480711.93
323778.62
228107.45
164063.12
118347.07
84727.394
59604.753
40803.432
2.0625002e+08
30545263
9094765.3
3482616.2
1496310.9
788941.65
485901.45
325953.76
228450.28
163188.59
117023.04
83251.417
58159.275
39528.2
2.052206e+08
30450696
8984370.2
3321593.7
1427395
766774.59
476463.92
320132.78
223905.63
159451.45
113918.8
80738.453
56210.354
38087.326
2.045491e+08
30317094
8865396.6
3234079.5
1402159
757482.21
471645.87
316933.58
221357.58
157218.62
111933.77
79002.937
54740.265
36910.175
2.0364006e+08
30207924
8755343.3
3135575.4
1368234.8
747673.58
468240.14
314958.55
219561.64
155376.61
110131.97
77374.01
53372.397
35842.802
2.026826e+08
30031325
8591086.4
3016452.8
1331565.4
735921.04
463220.52
311824.79
217038.22
153180.03
108236.93
75792.839
52099.198
34870.11
2.016587e+08
29828900
8416072.5
2923637.9
1305597.8
728128.93
459817.58
309487.67
215005.39
151329.19
106592.36
74391.396
50954.017
33989.551
2.0062576e+08
29605612
8228833.1
2846709.2
1282139.7
719870.66
455829.54
306819.62
212855.08
149494.13
105033.17
73099.347
49910.7
33186.745
1.9960314e+08
29359854
8021905.6
2753837
1253985.5
710071.69
451254.96
304001.35
210773.56
147822.53
103659
71971.65
48992.588
32460.272
1.9859127e+08
29097109
7811233.7
2669915.2
1228442
701628.24
447560.53
301847.88
209174.75
146496.39
102538.1
71039.682
48220.676
31807.753
1.9762033e+08
28827351
7601272
2594474.2
1207833.1
695101.66
444815.74
300149.87
207842.84
145373.75
101604.2
70293.553
47627.144
31254.807
26816.869
26291.091
25614.589
24970.929
24398.004
23894.85
23457.077
23081.552
22769.592
22515.844
22307.521
22147.11
22034.883
21962.56
21933.848
21944.293
21993.302
22088.267
22234.21
22440.111
22714.595
23036.987
23408.594
23721.193
22593.353
21741.618
20935.715
20225.396
19608.864
19075.71
18617.796
18230.107
17912.13
17652.161
17445.283
17291.794
17188.81
17131.744
17121.416
17155.707
17235.375
17364.746
17548.615
17794.963
18116.297
18508.491
18980.657
19504.558
18758.025
17822.201
17009.465
16310.246
15709.478
15194.238
14755.306
14389.026
14087.952
13842.559
13650.211
13509.225
13415.621
13367.159
13363.324
13403.275
13488.231
13621.268
13806.717
14051.051
14366.57
14758.788
15235.609
15800.182
15378.67
14482.755
13725.693
13079.918
12528.289
12057.934
11660.998
11331.26
11058.531
10837.601
10665.487
10539.1
10454.854
10411.596
10408.191
10444.534
10521.838
10642.53
10810.393
11030.98
11314.696
11670.095
12103.734
12626.471
12467.285
11666.439
10994.37
10423.063
9936.8407
9524.6622
9179.0788
8890.4706
8652.1232
8459.6335
8309.4771
8198.1293
8123.1115
8083.467
8077.9678
8106.78
8170.9557
8272.4244
8414.2747
8601.0844
8842.5825
9145.4768
9515.4386
9963.2201
10001.423
9314.482
8738.1277
8249.0486
7834.2092
7484.3706
7190.5577
6944.8516
6742.1117
6578.2046
6449.4343
6352.8457
6286.7591
6250.0622
6241.7462
6261.9589
6311.5907
6392.1497
6506.0333
6656.7678
6853.1577
7100.5793
7401.9905
7766.8004
7942.3392
7370.7909
6890.3981
6483.3372
6139.2134
5848.9881
5604.4995
5400.1218
5231.2755
5094.0632
4985.3369
4902.8148
4844.993
4811.0397
4800.0496
4812.0628
4847.8266
4908.4961
4995.8895
5112.634
5266.2713
5461.065
5698.0024
5984.0575
6247.5712
5783.7274
5393.218
5062.9198
4783.6676
4547.4942
4348.5165
4181.9022
4043.6064
3930.4361
3839.9037
3770.1604
3719.8926
3688.4315
3675.2501
3680.1284
3703.6873
3746.792
3810.7935
3897.613
4013.4392
4161.5159
4341.9894
4559.432
4872.6504
4505.5973
4195.8873
3933.8316
3711.7281
3523.6446
3364.7141
3230.9373
3119.1359
3026.8014
2952.0028
2893.2989
2849.6657
2820.4491
2805.4975
2804.478
2817.8211
2846.172
2890.5074
2952.2049
3036.1667
3144.724
3277.6524
3438.0773
3778.5764
3495.8247
3255.9626
3052.3212
2879.1107
2731.6347
2606.1243
2499.5738
2409.6057
2334.3593
2272.4068
2222.6826
2184.4276
2157.1502
2140.6069
2134.847
2139.9073
2156.305
2184.7218
2226.1173
2284.2602
2360.7191
2455.0626
2569.4575
2935.1471
2722.3659
2539.5752
2383.1866
2248.8985
2133.3329
2033.8388
1948.3111
1875.0819
1812.8454
1760.5961
1717.5784
1683.2483
1657.2465
1639.381
1629.6206
1628.1012
1635.057
1650.9621
1676.4578
1714.3881
1765.7257
1829.8966
1908.3659
2316.553
2156.0556
2015.6055
1893.6573
1787.3876
1694.5902
1613.5107
1542.7429
1481.1647
1427.8897
1382.2254
1343.6412
1311.7443
1286.263
1267.0361
1254.0079
1247.2284
1246.8572
1253.1537
1266.5216
1289.1077
1321.4481
1362.8435
1414.2405
1890.5756
1763.5759
1650.2893
1550.21
1461.5841
1382.9988
1313.309
1251.584
1197.066
1149.1387
1107.303
1071.1589
1040.3932
1014.7712
994.13113
978.38194
967.50317
961.5478
960.64447
965.00684
976.29731
994.75129
1019.5408
1051.2379
1615.0059
1505.3336
1406.2335
1317.4235
1237.8037
1166.4291
1102.5028
1045.3482
994.38518
949.11589
909.11497
874.02276
843.54004
817.424
795.48524
777.58596
763.63933
753.61013
747.51672
745.43463
748.70948
757.38049
770.50229
788.38614
1440.8894
1337.0486
1243.1527
1158.5153
1082.3168
1013.7939
952.25622
897.08352
847.7207
803.67529
764.51478
729.86325
699.39768
672.84422
649.97472
630.60399
614.58784
601.82196
592.24197
585.82448
583.69582
585.75946
591.0222
599.61052
1322.3813
1219.0541
1126.2175
1042.6377
967.51368
900.07601
839.60591
785.44498
736.99909
693.73858
655.19584
620.96125
590.67832
564.03874
540.77766
520.66967
503.52555
489.18987
477.53949
468.48311
462.9746
460.85752
461.09634
463.72865
1232.913
1128.28
1035.117
951.49484
876.60034
809.63326
749.7999
696.36915
648.68904
606.18207
568.33961
534.71573
504.92062
478.61405
455.49948
435.31887
417.84853
402.89581
390.29663
379.9139
372.53436
367.9588
365.21203
364.25974
1172.4883
1062.4156
965.57627
879.78939
803.83158
736.49839
676.61998
623.35343
576.01134
533.96894
496.67199
463.63191
434.41925
408.65658
386.01204
366.19363
348.94447
334.03909
321.28032
310.49707
302.2887
296.43077
292.06959
289.1293
1148.0845
1031.2391
927.76217
835.77292
754.48976
683.16985
620.69015
565.85048
517.45026
474.78062
437.21134
404.17933
375.18441
349.78366
327.58547
308.24407
291.45457
276.94876
264.49139
253.87693
245.49211
239.09744
233.99896
230.09163
1151.4177
1027.649
918.18451
820.36638
732.97974
654.89257
586.09061
526.2098
474.08194
428.67235
389.20329
354.96737
325.32495
299.70404
277.59806
258.56196
242.20729
228.19684
216.23913
206.08307
197.88854
191.40341
186.10018
181.84929
1191.1869
1057.209
937.36848
829.60701
733.19648
647.48503
571.30877
503.83339
445.13201
394.57493
351.30361
314.44192
283.14355
256.6262
234.1905
215.22632
199.21045
185.69956
174.32082
164.76201
156.97701
150.69736
145.52747
141.31665
1266.4732
1119.5179
987.09571
866.8447
757.95882
659.34024
570.52274
492.53164
425.11477
367.65834
319.3076
279.00585
245.61512
218.03633
195.2799
176.49534
160.97318
148.13241
137.50208
128.70223
121.54536
115.74348
110.97221
107.06803
1376.7841
1208.1825
1056.5262
917.99621
789.52098
673.34377
570.95559
481.09093
403.87919
339.12496
285.94612
242.91963
208.39401
180.76605
158.63521
140.84975
126.49471
114.85664
105.38376
97.64988
91.408494
86.365108
82.226335
78.832203
1520.5694
1314.1967
1124.1717
951.78255
801.19004
668.49562
551.41799
450.20213
365.32578
296.47456
242.12746
199.94602
167.41642
142.29713
122.78231
107.49301
95.403763
85.759663
78.005308
71.729755
66.696545
62.64186
59.310675
56.566383
1663.5463
1389.6543
1153.0818
949.58292
772.22078
618.86219
488.69885
381.64674
297.03279
232.54529
184.54675
149.12747
122.9041
103.28475
88.40048
76.939071
67.985628
60.899699
55.228356
50.646845
46.963974
43.984328
41.524615
39.484001
1732.5061
1400.5496
1117.7201
875.88948
671.91725
504.58453
373.23383
275.22636
205.11325
156.07339
121.84827
97.676006
80.273278
67.469031
57.843403
50.462021
44.700928
40.13571
36.471908
33.501051
31.094829
29.131725
27.500963
26.138366
1701.2909
1298.3482
963.79436
691.3539
479.45793
325.44497
222.2565
156.26103
114.15285
86.652397
68.087515
55.117873
45.769698
38.840884
33.578853
29.498547
26.278386
23.699465
21.609078
19.898228
18.520683
17.40686
16.473302
15.68626
1459.9041
998.25369
644.42721
397.09918
245.9792
159.88997
109.83709
79.305293
59.747054
46.638755
37.509318
30.931749
26.047978
22.328657
19.434904
17.14253
15.298855
13.797182
12.561171
11.535011
10.72128
10.077019
9.5297025
9.0621456
914.06652
517.93564
290.89109
171.69677
108.39719
73.128752
52.213625
39.052041
30.331247
24.294818
19.953376
16.733317
14.283268
12.378732
10.871056
9.6588564
8.6703693
7.8544395
7.1739614
6.6016399
6.1454632
5.7820185
5.4693623
5.1989019
370.08738
196.85254
110.75791
66.943056
43.595972
30.33595
22.289613
17.109334
13.603006
11.128566
9.3206423
7.9608561
6.9126102
6.0876206
5.4269395
4.8899654
4.4481262
4.0808297
3.7728285
3.5126608
3.3011296
3.1280396
2.9788239
2.8493939
89.653389
48.88086
28.654217
18.157563
12.371429
8.9819795
6.8745308
5.4902924
4.5370851
3.8546941
3.349886
2.9658201
2.6672933
2.4313687
2.241948
2.0877136
1.9605941
1.8547377
1.765833
1.6906545
1.6286356
1.5772368
1.5331544
1.4951326
15197.104
13716.489
12923.722
12853.651
13599.02
15222.775
17725.925
20975.274
24540.776
14366.184
12900.348
12082.14
11925.552
12467.492
13736.094
15689.448
18186.796
20966.613
13403.715
11997.823
11171.766
10945.923
11309.014
12268.566
13759.971
15646.088
17717.444
12350.05
11021.676
10203.506
9922.6053
10131.667
10823.833
11923.417
13303.061
14776.464
11229.076
9989.9857
9192.9933
8870.0595
8951.4767
9418.1705
10192.764
11163.119
12167.275
10065.849
8924.6775
8162.1655
7807.7722
7790.2452
8073.6883
8588.0664
9239.2248
9897.0936
8897.5945
7856.4745
7138.8569
6763.6074
6673.9317
6814.864
7129.3872
7541.4513
7954.4911
7774.0021
6827.4759
6158.4658
5773.7781
5630.4021
5666.0943
5833.7333
6073.5394
6320.8076
6770.8911
5896.9816
5268.305
4877.3443
4689.1332
4650.7833
4714.6619
4836.2673
4971.7643
6021.5388
5143.4952
4522.5055
4116.0083
3886.0771
3789.5253
3780.1265
3821.5209
3882.595
5646.5173
4682.109
3986.7492
3531.4093
3254.346
3103.4607
3037.9664
3023.0504
3033.477
5528.3225
4484.6639
3700.4142
3160.5226
2815.3385
2609.2718
2493.7541
2434.7421
2407.9787
5534.6616
4442.3376
3592.1488
2976.0352
2562.0611
2297.0635
2134.1349
2036.6127
1979.3335
5668.4323
4495.5874
3580.8935
2904.1254
2433.4181
2120.0374
1917.1806
1787.7684
1705.7867
5825.4238
4585.1235
3608.896
2884.7156
2369.2738
2020.8861
1789.2594
1636.7892
1536.8443
5975.945
4698.3864
3666.7453
2891.7159
2338.6558
1957.3671
1703.5432
1535.39
1423.6213
6041.218
4776.397
3729.2924
2919.8543
2333.0004
1924.0375
1646.0092
1461.3516
1339.276
6057.107
4809.6113
3774.6537
2958.0893
2349.4003
1918.5496
1622.8623
1422.0937
1287.4333
6052.9104
4819.2204
3797.3062
2989.7115
2378.7484
1935.5196
1625.4147
1413.6906
1270.3284
6103.8695
4866.3205
3841.5464
3033.8113
2422.7723
1975.4399
1656.5948
1434.2593
1281.6159
6270.6282
5017.1353
3971.4842
3142.8644
2514.1598
2053.0973
1723.2814
1491.3376
1330.2005
6593.8783
5308.6705
4223.7537
3353.2146
2686.1442
2193.6135
1839.9289
1590.7894
1417.377
7081.1671
5753.1911
4614.5308
3684.7611
2959.8189
2416.8519
2022.8075
1743.4124
1548.4338
7790.5131
6402.5818
5187.5788
4172.0084
3361.2444
2741.1137
2283.9437
1956.5189
1726.7184
8795.6186
7319.6316
5991.8151
4847.5089
3906.5372
3168.992
2615.6226
2215.7788
1930.824
10228.279
8614.3583
7107.0837
5755.4757
4605.7916
3684.1623
2977.7204
2450.1304
2077.2411
12288.452
10431.773
8613.4186
6909.5248
5416.4783
4165.7845
3209.1813
2551.78
2112.585
15305.253
12958.708
10545.131
8207.5343
6042.5803
4386.6393
3242.8748
2466.7399
1950.0484
19957.213
16441.879
12577.414
8981.552
6229.9033
4219.9499
2836.8645
1956.0104
1410.4169
26380.007
19507.914
13607.82
8950.3423
5520.8668
3183.0681
1777.7982
1040.9695
661.84584
27703.63
17517.998
9876.7976
4777.0085
2004.7249
848.55719
430.38458
247.46699
158.98373
17489.762
16596.633
15502.559
14308.378
13038.929
11717.919
10394.157
9122.7577
8003.586
7267.0267
6955.9397
6887.0654
6940.5951
7166.707
7388.4058
7539.6525
7583.4114
7584.4717
7569.7701
7623.1759
7802.0183
8152.1503
8675.4369
9435.2401
10514.985
12063.363
14324.365
17763.981
23359.866
34303.997
41831.208
21083.479
20093.245
18766.968
17346.48
15845.365
14279.879
12725.364
11233.253
9950.7875
9203.485
8924.1247
8882.8362
8988.3919
9339.181
9600.2209
9729.7595
9753.2593
9732.1295
9711.2331
9764.975
9953.8289
10330.506
10889.78
11700.905
12857.771
14519.623
16975.81
20845.352
27591.245
43674.568
63144.713
27270.058
26125.491
24352.802
22540.654
20663.495
18706.833
16818.807
15014.092
13487.658
12613.938
12293.251
12253.344
12430.299
12953.834
13189.486
13282.837
13272.516
13199.444
13159.886
13191.694
13372.525
13761.894
14346.679
15204.411
16438.093
18212.575
20884.62
25230.684
33282.998
54941.513
96234.514
39751.746
38221.767
35510.555
32873.923
30313.894
27722.156
25431.045
23202.768
21179.799
19940.982
19407.602
19333.5
19719.323
20460.428
20676.052
20686.528
20499.534
20252.515
20059.159
19976.197
20045.503
20373.177
20928.866
21809.152
23111.562
25035.2
28037.623
33062.128
42809.455
70843.957
152805.78
74630.329
70965.639
66055.776
60947.169
56562.453
52988.3
50339.146
47955.041
45568.114
43499.895
42050.179
41969.572
43175.517
44671.021
45734.909
44748.849
43915.912
42787.499
41612.583
40732.164
40091.739
39851.254
39949.15
40613.729
41831.031
43994.89
47638.096
54090.894
67558.569
104075.64
232684.36
265567.24
242744.13
222172.4
199438.1
184161.8
174617.15
171239.18
170403.64
170654.19
171086.99
171497.92
171677.7
171513.52
170902.15
169674.87
167489.93
165825.24
163651.07
161698.15
160041.47
159196.23
158476.5
158237.19
158794.98
160029.02
162442.49
168238.42
179191.05
204015.76
285822.27
451821.63
)
;

boundaryField
{
    Side1
    {
        type            empty;
    }
    Inlet
    {
        type            inletOutlet;
        inletValue      uniform 1;
        value           nonuniform List<scalar> 
188
(
5.5815911
5.5761796
5.5784688
5.580552
5.5822592
5.5833585
5.5835377
5.5823813
5.579342
5.5737064
5.5645517
5.5506976
5.5306492
5.5025334
5.4640364
5.4123471
5.343935
5.2535273
5.1371133
4.9899526
4.8068296
4.5827213
4.3133796
3.9963879
3.6320739
3.2244467
2.7820177
2.3181232
1
1
1
1
1
1
1
1
1
1
1
1
1
1
1
1
1
1
1
1
1
1
1
1
1
1
1
1
1
1
1
1
1.182097
1
5.8449577
5.8417013
5.8376648
5.8328516
5.8272656
5.8209114
5.813795
5.8059236
5.7973055
5.7879507
5.7778702
5.7670764
5.7555831
5.7434047
5.7305561
5.7170534
5.7029137
5.6881547
5.6727951
5.6568541
5.6403515
5.6233076
5.6057428
5.5876678
5.8672134
5.9020607
5.9393288
5.9791766
6.0217691
6.0672781
6.1158825
6.1677669
6.2231206
6.282136
6.3450063
6.411923
6.4830721
6.5586272
6.6387454
6.7235579
6.8131605
1
7.0106051
7.1196916
7.2338159
7.3527049
7.4759055
7.6027229
7.7321377
7.8626922
7.992324
1
8.2590965
8.3926351
1
8.6392389
1
1
1
1
1
1
1
1
1
1
1
1
1
1
1
1
1
1
1
1
1
1
1
1
1
1
1
1
1
1
1
1
1
1
1
1
1
1
1
1
1
1
1
1
1
1
1
1
1
1
1
1
1
1
1
1
1
1
1
1
1
1
1
1
1
1
1
1
1
1
)
;
    }
    Side2
    {
        type            empty;
    }
    Outlet
    {
        type            zeroGradient;
    }
    Botwall
    {
        type            omegaWallFunction;
        blending        binomial;
        n               2;
        value           nonuniform List<scalar> 
118
(
405373.18
399392.24
392923.43
386002.74
378667
370958.2
362922.48
354615.3
346091.96
337403.08
328597.46
319723.54
310826.65
301948.34
293125.68
284392.95
275778.4
267306.42
258993.49
250855.1
242903.4
235151.47
227615.45
220315.91
213304.6
206569.85
199994.8
193464.91
187133.68
181850.81
177659.32
174191.34
171129.91
168321.23
165557.33
162872.73
160168.6
157526.88
154792.28
152136.62
149645.39
147584.57
145794.58
144752.87
144858.48
146304.56
151394.53
160041.5
166776.7
170788.11
172601.67
172897.84
172406.06
171323
169667.07
167355.78
164969.74
162112.64
159138.72
156275.48
152868.79
150751.08
146494.21
297053.29
339911.21
384706.27
431793.1
478714.32
525515.25
569031.33
606357.67
638306.35
663229.45
680626.73
690190.26
692247.77
686300.99
673468.24
654588.8
630817.2
603511.15
573793.27
542946.51
511623.3
481039.28
450993.19
423953.54
265567.24
242744.13
222172.4
199438.1
184161.8
174617.15
171239.18
170403.64
170654.19
171086.99
171497.92
171677.7
171513.52
170902.15
169674.87
167489.93
165825.24
163651.07
161698.15
160041.47
159196.23
158476.5
158237.19
158794.98
160029.02
162442.49
168238.42
179191.05
204015.76
285822.27
451821.63
)
;
    }
    Cyli
    {
        type            omegaWallFunction;
        blending        binomial;
        n               2;
        value           nonuniform List<scalar> 
96
(
2.0816959e+08
2.2554623e+08
2.4364412e+08
2.6216389e+08
2.8071111e+08
2.9898153e+08
3.1619202e+08
3.319486e+08
3.4544684e+08
3.5674618e+08
3.6443147e+08
3.6894046e+08
3.6858846e+08
3.649267e+08
3.5785556e+08
3.4729936e+08
3.3381744e+08
3.1837377e+08
3.0220443e+08
2.8477942e+08
2.668214e+08
2.4885654e+08
2.3121038e+08
2.141806e+08
2.0618571e+08
2.0614421e+08
2.0610776e+08
2.0606715e+08
2.0600335e+08
2.0593834e+08
2.0584511e+08
2.0575354e+08
2.0568136e+08
2.0561889e+08
2.0558929e+08
2.0560904e+08
2.0566334e+08
2.0574958e+08
2.0585805e+08
2.0597747e+08
2.0609674e+08
2.0620752e+08
2.0628456e+08
2.063707e+08
2.0641864e+08
2.0648165e+08
2.0655381e+08
2.0661096e+08
1.9671608e+08
1.958667e+08
1.9510911e+08
1.9442801e+08
1.9387244e+08
1.934253e+08
1.9308078e+08
1.9285683e+08
1.9271554e+08
1.9267565e+08
1.927643e+08
1.9290449e+08
1.9315365e+08
1.9348783e+08
1.9388312e+08
1.9435687e+08
1.9489433e+08
1.954845e+08
1.961107e+08
1.9677716e+08
1.9746048e+08
1.9817803e+08
1.9890167e+08
1.9964617e+08
2.0665628e+08
2.0668776e+08
2.0670175e+08
2.0678291e+08
2.0688453e+08
2.0671932e+08
2.071544e+08
2.0765135e+08
2.0794423e+08
2.0804137e+08
2.0812424e+08
2.0797923e+08
2.0720889e+08
2.064764e+08
2.0625002e+08
2.052206e+08
2.045491e+08
2.0364006e+08
2.026826e+08
2.016587e+08
2.0062576e+08
1.9960314e+08
1.9859127e+08
1.9762033e+08
)
;
    }
}


// ************************************************************************* //
