/*--------------------------------*- C++ -*----------------------------------*\
| =========                 |                                                 |
| \\      /  F ield         | OpenFOAM: The Open Source CFD Toolbox           |
|  \\    /   O peration     | Version:  2406                                  |
|   \\  /    A nd           | Website:  www.openfoam.com                      |
|    \\/     M anipulation  |                                                 |
\*---------------------------------------------------------------------------*/
FoamFile
{
    version     2.0;
    format      ascii;
    arch        "LSB;label=32;scalar=64";
    class       volVectorField;
    location    "0.02";
    object      U;
}
// * * * * * * * * * * * * * * * * * * * * * * * * * * * * * * * * * * * * * //

dimensions      [0 1 -1 0 0 0 0];

internalField   nonuniform List<vector> 
2065
(
(44.096792 31.864682 -1.2756903e-20)
(45.614354 30.443916 -1.4094302e-23)
(47.058592 29.021146 9.6753455e-21)
(48.454372 27.592446 8.2572537e-21)
(49.796225 26.114357 -6.9979744e-21)
(51.062588 24.605151 -5.8924824e-21)
(52.242824 23.107105 1.9825684e-20)
(53.327908 21.65681 0)
(54.34604 20.283495 0)
(55.344401 18.993553 1.4887245e-21)
(56.276402 17.802046 -1.2773757e-21)
(57.166481 16.701601 -3.5737956e-20)
(58.007876 15.678008 -3.314149e-20)
(58.788906 14.687501 6.2284379e-20)
(59.345578 13.695967 -9.51723e-22)
(59.537585 12.607977 0)
(59.046617 11.136948 1.5292014e-21)
(57.953778 9.2545849 -2.2478153e-21)
(57.215139 7.8707095 0)
(56.769557 6.8447392 -3.2348329e-19)
(56.407922 5.9417896 -1.1875256e-18)
(56.10581 5.1087981 -5.368086e-19)
(55.805305 4.3777998 0)
(55.50344 3.6689357 1.7268748e-18)
(55.207854 3.0359211 -1.5002777e-21)
(54.954981 2.4061017 1.3624884e-18)
(54.681293 1.857876 -5.8833057e-22)
(54.519129 1.2147833 1.0658374e-18)
(54.338797 0.73386704 0)
(54.09356 0.083600452 6.387014e-19)
(52.354694 -0.1005622 -2.2225091e-25)
(42.968313 30.997322 -2.130516e-23)
(44.553108 29.715657 -4.840619e-24)
(46.055882 28.496427 7.4094823e-24)
(47.514805 27.23596 7.4780401e-21)
(48.929957 25.908779 1.2970919e-20)
(50.28329 24.533352 1.1153851e-20)
(51.559587 23.143653 -3.8130251e-20)
(52.751002 21.773942 -4.0654328e-21)
(53.870548 20.454361 -1.0415019e-20)
(54.941733 19.196928 2.9764937e-21)
(55.947168 18.014367 -2.5774739e-21)
(56.897041 16.908076 0)
(57.782897 15.866643 -2.0693075e-21)
(58.588859 14.855764 -2.7232529e-20)
(59.154817 13.811426 -1.9756073e-21)
(59.323208 12.685193 0)
(58.794491 11.123356 -2.0289589e-19)
(57.730463 9.2143677 4.5706423e-21)
(57.073243 7.8572598 -5.1286901e-21)
(56.670236 6.8409493 0)
(56.330052 5.9398494 2.1958722e-21)
(56.043381 5.1063112 -4.0166647e-21)
(55.754376 4.3765179 1.8031486e-21)
(55.461419 3.6681145 -1.6489786e-18)
(55.173834 3.0347201 7.3413707e-19)
(54.927346 2.4057022 -1.2721071e-21)
(54.658801 1.8570564 1.1255256e-21)
(54.50027 1.2134779 -2.0402683e-18)
(54.32287 0.73437891 -1.799111e-18)
(54.082648 0.086629044 -8.9837991e-19)
(52.34598 -0.10448008 -5.169439e-23)
(41.797548 29.828987 -9.2047873e-21)
(43.359221 28.797447 1.004928e-23)
(44.911503 27.805079 -7.5594236e-21)
(46.441687 26.738255 6.8282954e-21)
(47.938064 25.58445 -1.2158099e-20)
(49.383314 24.362702 -1.0722776e-20)
(50.761048 23.101609 3.7540538e-20)
(52.060337 21.832092 0)
(53.284731 20.584162 1.4190396e-20)
(54.445655 19.373345 3.0919015e-21)
(55.534103 18.212542 -2.7146632e-21)
(56.553189 17.109186 4.1167806e-20)
(57.492779 16.054803 3.5457073e-20)
(58.331347 15.023569 3.1779001e-20)
(58.915837 13.929738 0)
(59.067278 12.758093 0)
(58.510235 11.089758 -1.5235199e-23)
(57.49771 9.1847387 0)
(56.927365 7.8732648 0)
(56.563837 6.8642088 2.9388977e-19)
(56.245517 5.9622644 1.070987e-18)
(55.975995 5.1240067 -4.8273159e-19)
(55.700489 4.3920122 0)
(55.417534 3.6809995 7.6034517e-19)
(55.138391 3.0442494 -6.7434247e-19)
(54.897911 2.4135806 -1.1737884e-21)
(54.633911 1.8627187 0)
(54.478345 1.2168335 9.3991872e-19)
(54.304032 0.73849396 -1.8846122e-23)
(54.070314 0.089843537 -1.019908e-18)
(52.337082 -0.10356666 -8.1286475e-19)
(40.818846 28.505473 7.6443976e-21)
(42.327976 27.717669 -7.0479478e-21)
(43.874158 26.949916 1.3264008e-20)
(45.429732 26.09087 -1.2312844e-20)
(46.973308 25.128455 1.1264093e-20)
(48.484188 24.078657 -1.0181519e-20)
(49.94297 22.965631 -1.8207724e-20)
(51.334217 21.816184 0)
(52.653061 20.658095 7.1650092e-21)
(53.902467 19.509671 -6.3472919e-21)
(55.073046 18.385278 2.2634657e-20)
(56.162611 17.295475 -5.0945183e-21)
(57.158164 16.234715 4.7356814e-21)
(58.029826 15.184607 -3.6609084e-20)
(58.63159 14.043583 0)
(58.760112 12.816846 -2.7595811e-21)
(58.177653 11.030536 1.1904981e-19)
(57.234244 9.1563692 4.6180737e-21)
(56.759008 7.8862974 3.024152e-19)
(56.439275 6.8805723 -2.8203994e-19)
(56.146506 5.9778512 -4.8963891e-19)
(55.896658 5.1351618 4.4487054e-19)
(55.636621 4.4017904 3.0438575e-25)
(55.365133 3.6891858 -7.0532972e-19)
(55.096117 3.0498372 6.2572894e-19)
(54.863254 2.4184874 -2.1464538e-21)
(54.604918 1.8660725 0)
(54.452925 1.2182827 0)
(54.281915 0.7417389 1.5144453e-18)
(54.055633 0.093295125 9.4802674e-19)
(52.326573 -0.097443778 0)
(40.045204 27.073934 6.3132946e-21)
(41.479035 26.505491 0)
(42.978687 25.947074 -5.7583993e-21)
(44.517658 25.294693 -1.0952923e-20)
(46.071617 24.53171 1.0463106e-23)
(47.61678 23.667051 1.9038807e-20)
(49.130458 22.718741 -8.7252571e-21)
(50.59282 21.708133 5.4600117e-24)
(51.991298 20.658969 1.8084431e-24)
(53.32018 19.590519 1.2872892e-20)
(54.567663 18.51846 -3.4963127e-20)
(55.725664 17.454639 -3.7390946e-20)
(56.77671 16.395966 0)
(57.680251 15.330077 3.9238204e-20)
(58.29484 14.14287 0)
(58.392195 12.849382 9.5852711e-20)
(57.789305 10.93567 -1.1717224e-19)
(56.945318 9.1267185 -2.9528351e-19)
(56.572704 7.8972909 -2.6837893e-19)
(56.298927 6.8965915 1.1709948e-24)
(56.034941 5.995305 -7.0647172e-21)
(55.807237 5.1486018 3.1498384e-21)
(55.565053 4.4142057 2.4674891e-25)
(55.306614 3.7000883 6.3392495e-19)
(55.049138 3.0576916 -5.6381383e-19)
(54.824783 2.4253757 0)
(54.572374 1.8711174 0)
(54.423864 1.2208294 0)
(54.255973 0.74626463 1.3712125e-18)
(54.039188 0.097033552 2.1563057e-22)
(52.314697 -0.092015438 8.9501515e-23)
(39.493204 25.560455 5.1987208e-21)
(40.832291 25.188689 -9.9840927e-21)
(42.254896 24.81993 1.4840852e-20)
(43.740928 24.362449 9.6453458e-21)
(45.268022 23.796117 -1.854962e-20)
(46.812097 23.121391 8.0962353e-24)
(48.348839 22.348395 4.1153976e-20)
(49.855127 21.491568 -2.2886147e-20)
(51.312036 20.569026 0)
(52.705597 19.598357 0)
(54.019947 18.595068 0)
(55.240348 17.570905 -3.8703626e-20)
(56.343147 16.524343 3.6838658e-20)
(57.274947 15.44701 -8.3343887e-20)
(57.89445 14.212778 0)
(57.951104 12.837108 -1.0917263e-19)
(57.335791 10.797114 1.2755245e-19)
(56.633022 9.0966437 2.8000247e-19)
(56.363872 7.9042086 0)
(56.139231 6.9081873 -2.2976545e-19)
(55.907863 6.0100782 -4.173807e-19)
(55.704906 5.1598183 -3.5403392e-19)
(55.482955 4.4248815 -6.5399245e-19)
(55.239315 3.7098095 -5.7488063e-19)
(54.995199 3.0644761 0)
(54.780131 2.4316373 0)
(54.535302 1.8758158 0)
(54.390781 1.2228899 0)
(54.225746 0.75103236 -1.2363807e-18)
(54.020887 0.10119883 3.9907876e-22)
(52.301704 -0.090576452 -3.5188855e-19)
(39.181111 23.994681 -1.5653646e-20)
(40.410408 23.80055 3.3367651e-20)
(41.732457 23.599516 -3.3787007e-20)
(43.134294 23.317508 1.6861002e-20)
(44.598798 22.934829 1.6564209e-20)
(46.104796 22.444711 -4.0163219e-20)
(47.628758 21.848973 2.5590839e-24)
(49.146141 21.154216 -7.5142811e-24)
(50.633661 20.371546 -1.3669201e-20)
(52.070585 19.514203 -1.2781708e-20)
(53.435727 18.595233 3.5935908e-20)
(54.707125 17.624537 4.5292251e-20)
(55.853206 16.600816 -8.752153e-20)
(56.805211 15.516621 8.779281e-20)
(57.416529 14.231317 0)
(57.423005 12.75247 -1.3567022e-20)
(56.816766 10.613912 1.5769503e-20)
(56.300702 9.0652982 -2.5293265e-19)
(56.131009 7.9050128 0)
(55.958666 6.9140649 2.0804325e-19)
(55.764205 6.0223431 3.709591e-19)
(55.588902 5.169937 -2.7197016e-23)
(55.389912 4.4352709 -3.8427076e-23)
(55.163249 3.7199278 5.1642812e-19)
(54.934441 3.0717174 -4.6018413e-19)
(54.729053 2.4385202 3.1504232e-21)
(54.493642 1.8812867 0)
(54.353511 1.2253735 6.2822731e-19)
(54.190949 0.75672352 1.1077773e-18)
(53.999905 0.10584244 -3.671772e-22)
(52.287793 -0.093133097 1.6886084e-22)
(39.120985 22.455789 0)
(40.226527 22.394461 3.4862044e-21)
(41.429033 22.327147 0)
(42.721587 22.192425 0)
(44.092877 21.970366 -1.4707306e-20)
(45.526284 21.648765 1.4566435e-20)
(47.001151 21.221994 -1.1726187e-23)
(48.493767 20.688652 0)
(49.978975 20.051895 1.317945e-20)
(51.43144 19.318425 0)
(52.824586 18.496259 -4.7891658e-20)
(54.129035 17.59117 5.7579013e-20)
(55.303571 16.600236 -2.6456955e-23)
(56.260756 15.511825 -1.0327592e-19)
(56.843857 14.165509 1.1060717e-19)
(56.792054 12.558412 -2.811209e-20)
(56.246567 10.401046 1.5171678e-20)
(55.947438 9.0258099 2.3209967e-19)
(55.871462 7.8967425 -2.0981772e-19)
(55.754707 6.9111273 0)
(55.601821 6.0292895 3.3311537e-19)
(55.457116 5.1769279 5.8101176e-19)
(55.283824 4.4433737 8.1245578e-21)
(55.076635 3.7286944 3.60892e-21)
(54.865217 3.078039 -6.3965627e-21)
(54.67042 2.4448609 2.8146728e-21)
(54.446522 1.8866892 0)
(54.311576 1.2277087 -1.0804559e-21)
(54.151587 0.76298962 9.8982588e-22)
(53.974562 0.11074797 5.517318e-19)
(52.272939 -0.10080559 3.3252348e-19)
(39.295919 20.9612 0)
(40.273287 20.996935 8.7709796e-21)
(41.345433 21.032765 -1.2308937e-20)
(42.511962 21.0149 0)
(43.767098 20.925292 6.5267629e-21)
(45.099047 20.748544 6.5848461e-21)
(46.491426 20.473263 1.3126536e-20)
(47.923497 20.091012 -1.2937188e-20)
(49.370809 19.597118 8.7233223e-24)
(50.805898 18.990505 3.6809631e-20)
(52.197831 18.271903 3.5717989e-20)
(53.510089 17.440396 -5.8190738e-20)
(54.690086 16.489084 5.7951476e-20)
(55.627885 15.392225 5.9664215e-20)
(56.15376 13.965618 -1.2815746e-19)
(56.033337 12.205241 -9.888729e-20)
(55.651913 10.193627 -1.4234558e-20)
(55.569015 8.9715094 1.3161218e-20)
(55.583091 7.8751174 -3.8395558e-23)
(55.524851 6.8963711 1.0484211e-20)
(55.41941 6.0286763 -9.2667731e-21)
(55.308211 5.1802576 -2.6349282e-19)
(55.163478 4.4488412 4.6603221e-19)
(54.978711 3.7360803 4.0532851e-19)
(54.786783 3.0837523 3.6925473e-19)
(54.603626 2.4509489 0)
(54.393416 1.8923305 0)
(54.264689 1.2302212 -4.9934708e-19)
(54.107782 0.77012165 -8.8047337e-19)
(53.946048 0.11604585 -3.9955423e-19)
(52.257096 -0.097068825 0)
(39.675586 19.537206 -1.9217999e-20)
(40.530882 19.631637 -2.4719908e-21)
(41.472386 19.738538 -2.6511537e-21)
(42.504169 19.808428 -2.2389661e-20)
(43.626823 19.819814 1.1655571e-20)
(44.834158 19.758211 2.3932277e-20)
(46.115213 19.608614 -2.43038e-20)
(47.453668 19.357356 0)
(48.827654 18.993045 -3.6376371e-20)
(50.209672 18.506595 1.5313421e-23)
(51.565795 17.889778 -4.7345e-20)
(52.852664 17.13255 4.7077594e-20)
(54.004319 16.220968 -4.7595743e-20)
(54.887585 15.092684 -2.479057e-20)
(55.31412 13.565765 0)
(55.17345 11.693051 -4.9788171e-23)
(55.0659 9.9936279 -2.6161547e-20)
(55.165125 8.8935565 2.3671337e-20)
(55.262617 7.8336009 -3.8164931e-23)
(55.265701 6.8664592 0)
(55.215786 6.0165675 -2.6530196e-19)
(55.140844 5.1781302 0)
(55.026941 4.449676 0)
(54.867794 3.7404588 -3.6028577e-19)
(54.69752 3.0878108 -1.0095805e-20)
(54.52749 2.4558668 -5.6115438e-19)
(54.333124 1.8975579 -3.9275985e-21)
(54.212334 1.2325264 1.7322726e-21)
(54.059549 0.77786408 -7.8494339e-19)
(53.912917 0.12191638 6.2832225e-22)
(52.24048 -0.091887063 0)
(40.218233 18.17954 0)
(40.947724 18.325829 2.1635962e-21)
(41.764553 18.469865 2.100618e-20)
(42.66378 18.590969 -2.0050029e-20)
(43.64882 18.667291 1.057742e-20)
(44.719151 18.683813 0)
(45.869519 18.625153 -2.2765872e-20)
(47.088563 18.474899 4.6480224e-20)
(48.35797 18.21628 -3.5267418e-20)
(49.651512 17.832287 2.3641665e-20)
(50.93307 17.304461 -1.1967009e-23)
(52.151707 16.611399 -1.9583276e-24)
(53.224879 15.725941 -2.457235e-20)
(54.010171 14.493656 2.5385624e-20)
(54.284264 12.927312 1.5795092e-19)
(54.302522 11.102218 7.7310602e-20)
(54.503535 9.781397 2.3525766e-20)
(54.733512 8.7824197 1.2626271e-19)
(54.908716 7.7629947 1.8671646e-20)
(54.974856 6.8182791 -1.161167e-19)
(54.989562 5.988626 -2.9469849e-20)
(54.954457 5.1691153 2.6629886e-25)
(54.872565 4.4443176 1.1495335e-20)
(54.742496 3.7407851 -3.2469292e-19)
(54.596227 3.0899111 0)
(54.441224 2.4593262 -3.01892e-23)
(54.264629 1.9021673 -4.4568638e-19)
(54.153581 1.2348227 -3.0707886e-21)
(54.006725 0.78628277 6.9435087e-19)
(53.875958 0.1276808 5.6042717e-22)
(52.224024 -0.087677922 0)
(40.928019 16.851353 3.0962531e-20)
(41.533485 16.987703 0)
(42.205842 17.158868 -3.443002e-20)
(42.962236 17.302033 4.669487e-21)
(43.802692 17.413996 3.4806395e-20)
(44.72822 17.477696 3.6765448e-20)
(45.735879 17.477817 -4.3962753e-20)
(46.816939 17.396711 -5.6891329e-20)
(47.955428 17.213764 5.8439012e-20)
(49.125808 16.904855 -2.3873367e-20)
(50.288443 16.440965 -2.3691203e-23)
(51.381295 15.787002 -1.2131792e-23)
(52.298295 14.882038 -3.0208083e-24)
(52.919409 13.511435 -7.76122e-20)
(53.193029 11.91326 -1.001782e-19)
(53.52555 10.64141 1.1674901e-19)
(53.932306 9.6071878 -2.1158486e-20)
(54.288067 8.5719096 -1.5072445e-19)
(54.522204 7.6919929 -3.5808981e-23)
(54.656827 6.7145875 1.1781939e-19)
(54.737594 5.9405773 0)
(54.74723 5.1498939 0)
(54.698741 4.4299381 1.0183184e-20)
(54.600943 3.7348542 2.7853548e-19)
(54.481124 3.0887806 0)
(54.343804 2.460277 4.4737236e-19)
(54.186581 1.9052683 7.8897873e-19)
(54.086001 1.2366774 -3.4787151e-19)
(53.948528 0.79504817 6.1335713e-19)
(53.832665 0.13337256 0)
(52.21044 -0.081123402 0)
(41.689671 15.411898 3.1083819e-20)
(42.178902 15.539863 1.9206124e-21)
(42.730462 15.695579 -3.6287869e-20)
(43.350574 15.840461 -4.636027e-21)
(44.046776 15.960375 0)
(44.823408 16.040557 -3.7282954e-20)
(45.678377 16.065972 9.0034034e-20)
(46.602786 16.0176 -2.4893234e-23)
(47.580572 15.871077 -6.1171726e-20)
(48.584609 15.595447 5.0481127e-20)
(49.569668 15.151661 2.5892268e-20)
(50.475836 14.482874 2.6373518e-20)
(51.205679 13.505305 -2.3741935e-23)
(51.708197 12.224057 5.0869499e-20)
(52.262386 11.046254 9.4322426e-20)
(52.88098 10.116619 -4.2430612e-20)
(53.402451 9.2380224 3.7759701e-20)
(53.804598 8.3925131 -1.0042467e-19)
(54.116402 7.5093176 2.3689652e-19)
(54.309987 6.6718178 5.2379246e-20)
(54.458125 5.8646155 2.0772123e-19)
(54.514962 5.0994842 0)
(54.505748 4.4033053 0)
(54.442247 3.7207251 0)
(54.350396 3.0833406 0)
(54.234635 2.4579772 3.9559445e-19)
(54.098056 1.9062351 -3.4877184e-19)
(54.007594 1.2376923 6.1506993e-19)
(53.883958 0.80381632 -5.4222506e-19)
(53.786558 0.13781318 -4.1628595e-19)
(52.183467 -0.09417614 -9.8457752e-24)
(42.391095 13.709712 -3.6457052e-20)
(42.789403 13.791226 3.0785091e-20)
(43.247056 13.895011 -3.6395077e-20)
(43.758365 14.004714 4.2256363e-20)
(44.326789 14.105133 -4.5805804e-20)
(44.957211 14.171611 1.0430126e-19)
(45.649986 14.186006 -1.0359828e-19)
(46.399081 14.131217 1.2124843e-19)
(47.188959 13.982351 -1.2432855e-19)
(47.994549 13.702266 8.3702863e-20)
(48.77201 13.248346 -5.534967e-20)
(49.478524 12.59503 5.3859598e-20)
(50.127468 11.771054 -5.1209216e-20)
(50.82849 10.97212 4.2914578e-23)
(51.593962 10.329951 -8.492302e-20)
(52.260772 9.6694479 -3.779174e-20)
(52.837861 8.9148253 -6.6977767e-20)
(53.322326 8.0969437 1.1860269e-19)
(53.689016 7.3264865 -1.3107642e-19)
(53.9526 6.4936891 2.3192628e-20)
(54.148955 5.8114919 -1.4317977e-19)
(54.256078 5.0287644 -2.1451415e-24)
(54.294177 4.3545274 -1.5889844e-20)
(54.266497 3.6961287 0)
(54.202336 3.0715405 6.1926554e-21)
(54.112496 2.4510898 -7.0438064e-19)
(53.998186 1.9039297 0)
(53.918507 1.2368219 -2.7588641e-19)
(53.8113 0.81168405 -4.7522656e-19)
(53.730409 0.14011068 6.0508073e-19)
(52.162093 -0.071110214 3.8969026e-22)
(42.944899 11.479642 1.4740622e-21)
(43.191915 11.554092 0)
(43.508965 11.639977 0)
(43.919263 11.695006 0)
(44.397208 11.754605 0)
(44.921301 11.772558 -7.3696891e-21)
(45.48689 11.740848 0)
(46.104643 11.659297 -1.3549486e-19)
(46.750839 11.551577 1.4977335e-19)
(47.411769 11.36094 0)
(48.086275 11.092063 -2.770843e-20)
(48.776732 10.782862 0)
(49.520738 10.40493 0)
(50.311054 10.066248 4.2485642e-20)
(51.036586 9.6058139 -4.7677222e-23)
(51.715015 9.051267 -3.352147e-20)
(52.326108 8.4119173 0)
(52.841891 7.7661376 0)
(53.249189 7.0731668 0)
(53.575372 6.3330159 -1.0236475e-19)
(53.831682 5.6607239 1.6266653e-19)
(53.9708 4.9527139 -1.5941969e-20)
(54.063493 4.2942536 1.4043863e-20)
(54.074648 3.6543134 1.9819083e-19)
(54.037995 3.0511089 -1.7496629e-19)
(53.975738 2.4386862 -9.6687385e-21)
(53.886324 1.8971352 8.4994654e-21)
(53.818599 1.233731 0)
(53.728755 0.81767933 4.2608433e-19)
(53.671364 0.13663581 -3.372767e-19)
(52.129897 -0.090157558 0)
(43.848598 9.0601075 0)
(44.012513 9.1726357 1.3846761e-19)
(44.189473 9.322098 -1.4277208e-19)
(44.387441 9.5201198 4.4339324e-21)
(44.654739 9.6751355 -1.4182569e-19)
(44.993411 9.8196038 1.484297e-19)
(45.408481 9.9328358 1.6883098e-20)
(45.929929 9.8860542 3.11392e-20)
(46.482576 9.8206317 1.0320921e-19)
(47.075391 9.7385163 -4.1596708e-23)
(47.734714 9.5649456 -7.6213556e-20)
(48.431224 9.4717669 -1.175555e-19)
(49.170387 9.360176 4.2490347e-20)
(49.869043 9.1258589 0)
(50.566263 8.8022483 3.3497014e-20)
(51.219788 8.4152688 0)
(51.829835 7.912035 -5.2471726e-20)
(52.382669 7.3453708 9.2774874e-20)
(52.816023 6.7485272 -4.0975976e-20)
(53.19618 6.094303 -1.0850077e-19)
(53.499442 5.5066423 -9.5708943e-20)
(53.673676 4.8293029 2.8144154e-20)
(53.809605 4.2252232 -2.4824703e-20)
(53.866969 3.5918431 -1.7491113e-19)
(53.86151 3.0183224 1.5423416e-19)
(53.823377 2.420214 3.9981405e-19)
(53.761039 1.8839511 7.4994546e-21)
(53.707838 1.2275358 -3.3059039e-21)
(53.634907 0.82029905 -3.7012351e-19)
(53.602765 0.12542465 3.0007572e-19)
(52.087962 -0.081985833 5.0739904e-21)
(44.840253 7.0721018 -2.9065563e-21)
(45.011635 7.1616891 3.5516166e-19)
(45.196603 7.279801 -2.0237379e-23)
(45.392923 7.4151352 -1.6798637e-19)
(45.604514 7.5541917 1.5038463e-19)
(45.824696 7.6995022 -1.513628e-19)
(46.037038 7.8492003 -1.7589657e-20)
(46.247447 8.1858469 -1.5509667e-20)
(46.611302 8.3170818 1.4054529e-20)
(47.05078 8.51894 2.5613614e-20)
(47.617793 8.4187699 -2.2380593e-20)
(48.203632 8.3328393 2.0281264e-20)
(48.836011 8.1750299 -3.7028069e-20)
(49.514229 8.1100913 6.6723028e-20)
(50.188807 7.9456344 0)
(50.821056 7.6719912 5.2481475e-20)
(51.415982 7.2806055 0)
(51.960521 6.867896 -4.098595e-20)
(52.4001 6.363482 3.6174551e-20)
(52.817231 5.8310496 3.1898925e-20)
(53.166116 5.287269 -2.816062e-20)
(53.369212 4.6810411 -2.4831067e-20)
(53.544378 4.1016194 2.1900414e-20)
(53.641226 3.533845 0)
(53.673958 2.9569697 0)
(53.658242 2.3961416 -1.1997407e-19)
(53.62096 1.8629286 6.6145408e-21)
(53.586391 1.217244 1.8077867e-19)
(53.528488 0.81766037 3.2642164e-19)
(53.525628 0.1058248 -2.6442964e-19)
(52.045028 -0.079997054 -1.3195904e-19)
(45.432124 6.0611599 3.1963011e-21)
(45.547543 6.1446104 -5.9312062e-21)
(45.683912 6.2415425 0)
(45.84844 6.3439403 -5.278244e-21)
(46.051215 6.4520876 9.792856e-21)
(46.306134 6.5618241 -8.9960669e-21)
(46.614013 6.6624776 2.6213648e-19)
(46.903796 6.7967751 -2.3497253e-19)
(47.175584 6.9521735 -1.3151053e-20)
(47.507243 6.9095079 -2.3743894e-20)
(47.747659 7.3515043 -1.2309493e-19)
(48.160782 7.4659122 3.4076138e-23)
(48.678555 7.2516318 2.228173e-19)
(49.243313 7.082636 -1.1580953e-19)
(49.866152 6.9866736 0)
(50.474931 6.882437 -9.2710044e-20)
(51.050026 6.6516292 4.093476e-20)
(51.593419 6.3274938 -3.3785628e-23)
(52.025275 5.9260465 -9.5745509e-20)
(52.454412 5.4779845 5.6312282e-20)
(52.831496 5.0270162 -2.4833523e-20)
(53.067334 4.4969967 -6.5713075e-20)
(53.27298 3.9641141 0)
(53.400888 3.4287042 -1.5324939e-19)
(53.470606 2.8972613 2.9999124e-20)
(53.484034 2.3547806 -1.3223326e-20)
(53.467326 1.8333381 -1.8079743e-19)
(53.453966 1.2013629 -1.6453111e-19)
(53.41094 0.80831033 -4.5322992e-21)
(53.439365 0.075290948 -2.3729912e-19)
(51.970433 -0.11902093 0)
(46.300134 5.0274866 0)
(46.397145 5.1045207 5.6303942e-21)
(46.505878 5.193179 0)
(46.626256 5.2860921 -3.1666538e-19)
(46.756741 5.3834806 2.7683443e-19)
(46.895262 5.484131 0)
(47.045337 5.5864191 0)
(47.226776 5.6823482 2.1131777e-19)
(47.455934 5.7674341 -3.1123729e-23)
(47.744871 5.9044407 -1.6894194e-19)
(48.123058 5.8833088 -1.8792982e-20)
(48.442222 5.8578509 0)
(48.707726 6.40443 -1.1483048e-19)
(49.137935 6.2335112 1.2483104e-19)
(49.635465 6.0813982 0)
(50.178137 5.9867987 4.0613842e-20)
(50.75373 5.9123601 -3.6048932e-20)
(51.278185 5.7348248 9.5717499e-20)
(51.713557 5.4321476 0)
(52.124241 5.1201902 4.966507e-20)
(52.502696 4.7030702 -4.3810858e-20)
(52.762704 4.2758113 -1.5828838e-23)
(53.004882 3.7768114 0)
(53.150813 3.3242466 2.4018575e-19)
(53.249586 2.7935739 0)
(53.300042 2.2999796 1.1659646e-20)
(53.304874 1.7933341 -1.0294499e-20)
(53.31024 1.1785828 0)
(53.28389 0.79409331 -1.2786162e-19)
(53.342342 0.042046438 4.2203415e-19)
(51.90116 -0.10564536 0)
(46.885757 4.2720712 0)
(46.95245 4.3358085 -3.2434665e-19)
(47.030882 4.4082693 1.7691377e-23)
(47.123799 4.4844881 2.8725464e-19)
(47.235278 4.5666275 1.96685e-24)
(47.37046 4.6566646 2.3124657e-19)
(47.531781 4.7554871 -2.0870817e-19)
(47.714876 4.8637349 0)
(47.912663 4.9814103 -1.0479324e-20)
(48.112774 5.0833322 0)
(48.30681 5.2191155 1.163204e-19)
(48.586034 5.3710501 -1.179917e-19)
(48.943254 5.1270654 -5.225897e-20)
(49.167462 5.5621948 -2.2494846e-20)
(49.546722 5.4175575 9.7678972e-20)
(49.979202 5.2693221 1.0497423e-19)
(50.435004 5.1701906 -9.4283572e-20)
(50.94466 5.0667493 0)
(51.444677 4.9226357 -1.2479102e-23)
(51.84171 4.6994535 -4.3814067e-20)
(52.184736 4.3383002 -3.8626366e-20)
(52.464563 4.0127773 3.4034527e-20)
(52.721651 3.5813725 -7.6222476e-24)
(52.90166 3.1505042 -1.3232472e-19)
(53.020389 2.6981266 2.3328991e-20)
(53.102377 2.2114746 6.1702046e-20)
(53.133748 1.7413818 1.540944e-19)
(53.154697 1.1466525 -7.989756e-21)
(53.145669 0.77057728 1.1268194e-19)
(53.228661 0.0085146129 -3.7489531e-19)
(51.834773 -0.10684379 1.326389e-19)
(47.6347 3.4807267 6.3743471e-19)
(47.690543 3.5358315 -2.3002437e-21)
(47.753539 3.5982701 -1.0876386e-18)
(47.824205 3.6639555 4.945538e-19)
(47.902549 3.7345099 4.6171739e-19)
(47.987779 3.8102428 6.4026394e-21)
(48.080544 3.8902081 -3.7074814e-19)
(48.18572 3.9727082 -3.3233888e-19)
(48.313007 4.0554371 9.3098201e-21)
(48.477444 4.1439742 2.6436518e-19)
(48.686797 4.2248026 2.9358504e-20)
(48.890179 4.2757916 2.0830149e-19)
(49.083991 4.5175872 -3.9208405e-19)
(49.399606 4.315737 1.4283111e-19)
(49.583467 4.7731582 -1.5841521e-19)
(49.91748 4.6755612 9.129221e-20)
(50.284879 4.5664621 2.7142578e-20)
(50.677248 4.4630354 2.4412336e-20)
(51.162433 4.3150225 4.3600137e-20)
(51.572606 4.2836942 3.8605072e-20)
(51.872954 3.9304385 -7.7855574e-24)
(52.183775 3.7203984 3.0005616e-20)
(52.440563 3.3417599 2.6459296e-20)
(52.649324 2.9681754 -1.3997438e-19)
(52.787853 2.5433789 2.0566274e-20)
(52.897138 2.1196047 -7.2504075e-20)
(52.9492 1.6690372 1.5978826e-20)
(52.985512 1.1006168 -1.1971727e-19)
(52.99279 0.74459879 4.8270389e-25)
(53.098112 -0.016144141 3.2750786e-19)
(51.687683 -0.15194975 -1.2473551e-20)
(48.171067 2.8860508 5.7179126e-19)
(48.20772 2.9317258 4.0730178e-21)
(48.250705 2.9831775 4.8656013e-19)
(48.301372 3.0375811 -4.4636535e-19)
(48.36147 3.0968019 -3.1491162e-21)
(48.433515 3.1622039 3.5319388e-19)
(48.520036 3.2343799 -2.1257347e-23)
(48.621881 3.313542 -5.7844209e-19)
(48.73689 3.3996614 2.6229388e-19)
(48.859132 3.4897173 0)
(48.986851 3.5827856 -1.6925148e-24)
(49.150814 3.691432 0)
(49.356959 3.6900304 0)
(49.527744 3.903057 7.9721426e-25)
(49.789113 3.7141839 1.5901479e-20)
(49.970765 3.9890123 -2.7367419e-20)
(50.270363 3.9659068 2.3752343e-20)
(50.57904 3.9896741 6.5039005e-20)
(50.942867 3.7709992 -2.1170246e-23)
(51.296894 3.7484375 -3.3940035e-20)
(51.571542 3.5226634 -2.9984049e-20)
(51.930245 3.3476754 0)
(52.182265 3.07039 0)
(52.395095 2.7469076 1.233585e-19)
(52.552259 2.3719604 7.2499924e-20)
(52.686982 1.9853291 -1.5975142e-20)
(52.754522 1.5884063 -8.4501326e-20)
(52.802286 1.0438116 8.6897273e-20)
(52.824393 0.72469265 9.3026963e-20)
(52.971727 -0.019560791 -1.5646119e-19)
(51.615625 0.078554816 0)
(48.825802 2.2483455 0)
(48.856703 2.2856466 -1.8113785e-21)
(48.891442 2.3275055 3.3493506e-21)
(48.930173 2.3717273 7.8585969e-19)
(48.972891 2.4198486 -7.1466606e-19)
(49.019268 2.4725753 6.5070362e-19)
(49.069127 2.5296884 -3.0035457e-23)
(49.123862 2.5906252 -4.0900258e-21)
(49.187674 2.6545463 -4.6333309e-19)
(49.267292 2.7217389 0)
(49.367497 2.7921519 -1.1436408e-20)
(49.47581 2.8561682 0)
(49.59063 2.9705299 0)
(49.752888 2.9709049 1.5868383e-20)
(49.89758 3.1733048 -1.4021011e-20)
(50.133939 3.1328318 2.4662543e-20)
(50.346292 3.2039799 -2.1042645e-20)
(50.578192 3.3356178 0)
(50.850523 3.2948327 0)
(51.120054 3.2229415 -2.8837638e-24)
(51.369886 3.117743 -2.6421744e-20)
(51.687171 2.9326466 0)
(51.946571 2.7500077 0)
(52.154651 2.4682357 -3.6238584e-20)
(52.324118 2.1773036 -9.5830547e-20)
(52.46967 1.8252517 5.6320507e-20)
(52.554396 1.4841272 7.4460835e-20)
(52.614236 0.97665265 8.7530561e-20)
(52.646457 0.70438936 7.4252205e-24)
(52.806851 -0.012038867 -1.2032945e-19)
(51.539928 -0.17000677 -5.5358224e-22)
(49.258956 1.8089161 -1.8134367e-18)
(49.276253 1.8391107 8.2313919e-19)
(49.297087 1.8727889 7.5699087e-19)
(49.322391 1.9083791 5.4139433e-21)
(49.352338 1.9474948 -1.2606859e-18)
(49.3874 1.9910322 1.1403131e-18)
(49.428287 2.0396134 -5.1221135e-19)
(49.475986 2.0941217 -7.1624308e-21)
(49.533012 2.1530761 0)
(49.596953 2.2172457 -5.6807523e-21)
(49.667491 2.2851524 3.2272888e-19)
(49.753438 2.3595745 -2.8602362e-19)
(49.859374 2.414249 0)
(49.969801 2.5243383 0)
(50.116168 2.4972444 -1.9774798e-19)
(50.209164 2.6156905 1.7463441e-19)
(50.358256 2.7648324 0)
(50.581329 2.5361871 1.4957415e-19)
(50.824549 2.6674928 -2.3729704e-19)
(51.054092 2.5826233 1.3220968e-19)
(51.273564 2.6524465 1.3986013e-19)
(51.486294 2.4414582 -1.2331753e-19)
(51.735309 2.3563005 3.6240049e-20)
(51.936389 2.1726229 3.1942059e-20)
(52.115253 1.9355168 0)
(52.259918 1.6575875 0)
(52.357186 1.3416796 0)
(52.432676 0.89530495 -7.7132738e-20)
(52.469113 0.65185019 4.4638874e-24)
(52.615455 -0.0093330732 1.233859e-19)
(51.486615 0.14520962 2.7592335e-20)
(49.82163 1.3271236 1.5673606e-21)
(49.836909 1.3512058 -7.2825859e-19)
(49.85337 1.3781047 6.7061473e-19)
(49.870712 1.4069419 -6.1926735e-19)
(49.889645 1.4384999 5.6004656e-19)
(49.910864 1.4734131 0)
(49.934842 1.5116986 4.5562385e-19)
(49.961139 1.5528654 6.303949e-21)
(49.987446 1.5985882 -3.6059328e-19)
(50.017593 1.6474297 1.0020498e-20)
(50.055088 1.6996953 0)
(50.098468 1.7538049 0)
(50.146073 1.8179881 0)
(50.203199 1.8528538 -6.1658098e-21)
(50.260443 1.9502736 1.7431245e-19)
(50.359066 1.9597861 -1.5392738e-19)
(50.433603 1.9514956 0)
(50.585612 2.1003623 -2.9516374e-20)
(50.78973 2.0474595 0)
(51.005244 1.936866 -2.3137859e-20)
(51.225515 2.1273881 -1.027188e-19)
(51.365139 2.0463795 1.9305639e-23)
(51.556681 1.9356334 9.5815189e-20)
(51.746051 1.8327437 -2.8147835e-20)
(51.927361 1.6634146 0)
(52.079253 1.4429635 -4.3743335e-20)
(52.180153 1.1913533 0)
(52.264782 0.79560304 8.4971326e-20)
(52.294206 0.56666978 -8.8167472e-21)
(52.446415 -0.056684627 -3.0557053e-20)
(51.498461 -0.1739371 -1.1531258e-20)
(50.150009 0.98710679 -1.4168192e-18)
(50.155941 1.0042648 1.2541385e-21)
(50.163335 1.0236716 1.1591949e-21)
(50.172365 1.0443821 2.1191706e-21)
(50.183409 1.0673755 -1.92308e-21)
(50.196957 1.0932477 8.8809493e-19)
(50.213647 1.1223322 -8.0037819e-19)
(50.234293 1.1550739 -2.785163e-21)
(50.2596 1.1923757 0)
(50.290391 1.2343171 -8.8347281e-21)
(50.326095 1.2803049 5.0174638e-19)
(50.365144 1.331154 -8.8915583e-19)
(50.405965 1.3827077 2.6915415e-23)
(50.44706 1.4494336 7.0110665e-19)
(50.49383 1.4964624 9.5735133e-21)
(50.54417 1.5719096 -3.9850659e-19)
(50.633332 1.6244603 1.1973162e-19)
(50.70125 1.6909428 1.3203002e-20)
(50.787883 1.7699741 -1.1403519e-20)
(50.946244 1.7103544 2.0409129e-20)
(51.132032 1.6225469 0)
(51.281604 1.6353068 1.5965067e-20)
(51.430421 1.5340376 -5.6291446e-20)
(51.593958 1.4611121 0)
(51.758854 1.3585739 0)
(51.912355 1.2051949 3.8541817e-20)
(52.019909 1.0095796 -3.3984432e-20)
(52.110609 0.68130679 -5.9907403e-20)
(52.122309 0.49289798 -1.3202752e-20)
(52.280327 -0.11479254 0)
(51.453297 -0.15081254 0)
(50.553702 0.6474571 6.1282964e-22)
(50.558665 0.66067661 -1.1096337e-21)
(50.563987 0.67526664 0)
(50.569785 0.69091218 0)
(50.576167 0.70820092 0)
(50.583215 0.72744959 0)
(50.590986 0.74872568 0)
(50.59949 0.77188278 0)
(50.608344 0.79614984 0)
(50.614965 0.82155738 3.894443e-21)
(50.617343 0.8482906 0)
(50.61784 0.87547731 -3.9160118e-19)
(50.621406 0.902229 3.464602e-19)
(50.633287 0.92636478 0)
(50.658847 0.95461634 -8.4643523e-21)
(50.706006 0.98091474 -7.4732847e-21)
(50.759857 1.0170635 -6.5952127e-21)
(50.815315 1.0676311 1.8036234e-19)
(50.87636 1.0281738 1.0102054e-20)
(50.940403 1.2223814 -1.5388028e-19)
(51.032859 1.0656444 -1.5928813e-20)
(51.195669 1.1497598 8.4385915e-20)
(51.335077 1.1178378 -7.4435536e-20)
(51.461121 1.0824942 0)
(51.583975 1.0264635 0)
(51.718098 0.92488171 3.3974894e-20)
(51.837003 0.79509417 0)
(51.947869 0.5614518 0)
(51.951216 0.3959477 0)
(52.143673 -0.12092115 0)
(51.300871 -0.16629703 0)
(50.773109 0.44940033 -1.1014764e-18)
(50.775196 0.45711904 1.991618e-18)
(50.777764 0.46546636 -9.1925447e-19)
(50.780723 0.47415166 0)
(50.783951 0.4837081 0)
(50.787302 0.4944125 0)
(50.790706 0.50640339 -6.1645496e-19)
(50.794337 0.5197332 1.0889741e-21)
(50.798552 0.53458918 4.9129292e-19)
(50.803966 0.55144062 -1.7067843e-21)
(50.81118 0.57115453 3.0312602e-21)
(50.819747 0.59511975 3.4399935e-19)
(50.828415 0.62343928 -6.0902378e-19)
(50.834506 0.65686541 2.7354555e-19)
(50.83442 0.69567672 0)
(50.833695 0.73400451 3.2766221e-21)
(50.843171 0.76513142 -1.7923863e-19)
(50.876255 0.74647227 5.1235213e-21)
(50.894764 0.85901255 1.4387486e-19)
(50.926857 0.74587928 7.8953258e-21)
(50.979855 0.78561529 1.1839215e-19)
(51.086372 0.74270287 -8.6449257e-20)
(51.200715 0.77214904 -8.7313348e-20)
(51.285524 0.723182 7.6979824e-20)
(51.37511 0.68655825 -8.4851538e-20)
(51.477679 0.62213093 5.9909693e-20)
(51.60163 0.54029336 2.639387e-20)
(51.737335 0.41301327 -5.3628003e-24)
(51.762072 0.28948779 0)
(51.944775 -0.061121777 0)
(51.161937 -0.19162912 0)
(50.974993 0.23961209 -2.7297137e-22)
(50.975086 0.2430354 0)
(50.975177 0.24632478 0)
(50.975221 0.24954359 0)
(50.975183 0.25304709 -6.5595396e-19)
(50.974979 0.25720896 5.5585289e-19)
(50.974487 0.26253149 -4.6998532e-19)
(50.973462 0.26997879 -5.0264841e-22)
(50.971876 0.28010704 5.8679169e-19)
(50.969689 0.2938882 6.6611063e-19)
(50.966847 0.31194987 -6.8576385e-19)
(50.963703 0.3311078 0)
(50.959495 0.350691 0)
(50.953826 0.37138182 4.6941001e-19)
(50.947942 0.39572659 -4.2298139e-19)
(50.942487 0.42187072 3.675173e-19)
(50.930268 0.4482897 -3.2667097e-19)
(50.914029 0.49572285 0)
(50.903214 0.48327365 1.2753105e-19)
(50.905849 0.54722316 -1.1141683e-19)
(50.952267 0.53580636 -4.4410231e-25)
(51.024611 0.52023003 -9.1742722e-20)
(51.086365 0.49295263 1.2568052e-23)
(51.127404 0.46727005 1.2822594e-23)
(51.17974 0.42497399 8.1545212e-20)
(51.242696 0.38289403 1.313999e-20)
(51.344776 0.31246965 0)
(51.461353 0.24040882 0)
(51.498079 0.14117081 -5.2806497e-24)
(51.749527 -0.080981862 -1.3054342e-20)
(51.057264 -0.21437288 3.7474303e-21)
(51.039765 0.05436461 0)
(51.038927 0.054589317 -1.1146001e-22)
(51.037944 0.054220897 0)
(51.036763 0.053357372 0)
(51.035408 0.052109434 -2.8240604e-22)
(51.033936 0.050435887 -2.3310161e-22)
(51.032296 0.048374093 1.8929445e-22)
(51.030226 0.046437314 -1.543497e-22)
(51.027422 0.045485323 0)
(51.023856 0.045665418 -7.753269e-22)
(51.019265 0.047564834 -8.7269019e-22)
(51.013265 0.051931123 0)
(51.006254 0.058045522 4.7406511e-19)
(50.999352 0.064567991 -4.1748154e-19)
(50.992584 0.071938666 2.898282e-21)
(50.98301 0.081787409 -3.288181e-19)
(50.960431 0.097257882 2.8906576e-19)
(50.928787 0.1128646 2.5501059e-19)
(50.925209 0.13401702 -4.4978312e-19)
(50.935202 0.19625627 3.9655947e-19)
(50.952585 0.23139218 -3.4142462e-19)
(51.004003 0.30540093 1.6009386e-19)
(51.030964 0.3192022 -4.2131407e-21)
(51.050594 0.32293541 -6.3130832e-20)
(51.077078 0.31275152 9.8207218e-20)
(51.104542 0.26018508 -5.7475951e-20)
(51.183159 0.19576429 0)
(51.249651 0.13195945 0)
(51.22118 0.062629333 1.5778606e-20)
(51.405131 -0.029365517 0)
(50.994289 -0.18875532 -3.651166e-21)
(51.078924 -0.070666033 8.5149304e-25)
(51.076373 -0.071356364 1.1703345e-23)
(51.073559 -0.072389842 1.6188777e-19)
(51.070718 -0.073713812 0)
(51.06807 -0.075223574 0)
(51.065809 -0.076838472 5.9979399e-20)
(51.064114 -0.078513408 -2.6455302e-23)
(51.063154 -0.08025635 -4.6616923e-20)
(51.063089 -0.082106162 0)
(51.064147 -0.0840927 0)
(51.066752 -0.08630507 0)
(51.071332 -0.088946354 0)
(51.077802 -0.09221048 3.9179941e-23)
(51.085811 -0.096118708 -3.2354381e-23)
(51.095583 -0.10094971 0)
(51.106233 -0.10697356 -1.0788084e-20)
(51.107135 -0.11611828 8.5456802e-21)
(51.10587 -0.12003921 0)
(51.148659 -0.1175388 0)
(51.177609 -0.1405898 -6.8410132e-21)
(51.186444 -0.13237879 7.4053733e-21)
(51.196896 -0.15539031 -1.1703086e-22)
(51.12086 -0.14915915 3.2519604e-22)
(51.104146 -0.13716804 -9.7839687e-21)
(51.083087 -0.11526952 2.4494333e-20)
(51.056542 -0.063787798 -1.0209849e-20)
(51.127797 -0.010437019 0)
(51.159307 -0.003738643 0)
(51.087463 -0.017318508 -1.4447526e-21)
(51.155025 -0.0076176271 1.7178954e-21)
(51.020783 -0.29164493 0)
(30.33556 -0.099853465 -3.0120522e-20)
(36.388183 -0.23641489 -4.9214918e-18)
(40.442432 -0.11097551 5.782465e-18)
(43.476789 0.16841382 -2.1495648e-18)
(45.974 0.53954897 3.0455547e-20)
(48.235108 0.99058936 1.8684364e-20)
(50.302676 1.5508298 0)
(52.051356 2.1733948 -1.2079026e-18)
(53.748767 2.8756511 1.8694979e-18)
(55.316216 3.5923326 -7.2992373e-19)
(56.740778 4.2870421 0)
(58.028247 4.926594 8.5272532e-20)
(59.18953 5.4913499 -3.6594206e-19)
(60.224688 5.9692807 2.6298232e-19)
(61.123326 6.3481248 3.1925823e-20)
(61.834401 6.6455844 0)
(62.214598 6.7316045 9.8174555e-20)
(62.127376 6.7395901 5.5895832e-20)
(61.241247 6.3253088 -1.5649984e-19)
(59.690758 5.381534 -1.0145479e-22)
(58.534942 4.7026864 1.2086444e-18)
(57.80631 4.1476974 8.58816e-23)
(57.202113 3.6260277 4.3657313e-23)
(56.666583 3.1157822 -1.4851598e-18)
(56.177084 2.622901 6.5505754e-19)
(55.765411 2.1009801 -1.149976e-18)
(55.362498 1.6655558 -2.509554e-19)
(55.1172 1.1077033 0)
(54.871859 0.67075358 9.4685963e-20)
(54.431747 0.099869733 -8.2116001e-20)
(52.528543 -0.1079837 1.297639e-20)
(38.441433 -1.1423202 9.642555e-19)
(41.529669 -0.56603868 0)
(43.905111 -0.14520256 2.8818499e-20)
(45.965085 0.22453767 -2.8867313e-18)
(47.953207 0.65650507 4.0883143e-18)
(49.859142 1.2015365 -1.782561e-18)
(51.633159 1.8462156 0)
(53.248269 2.5616649 0)
(54.763519 3.315356 -2.7889528e-20)
(56.147377 4.0490595 0)
(57.405782 4.7330262 5.6494979e-19)
(58.551205 5.3444898 -4.8200143e-19)
(59.593221 5.8719044 -2.3107632e-20)
(60.52719 6.3071922 -3.8460842e-20)
(61.337485 6.6431187 6.7408552e-24)
(61.952865 6.8984411 0)
(62.234632 6.9213852 -5.2158894e-20)
(62.039593 6.8980888 -6.5179526e-20)
(61.02684 6.355357 1.7053243e-19)
(59.474043 5.3692497 1.0196653e-22)
(58.402412 4.7102691 4.8275772e-19)
(57.716049 4.1557655 -6.7841603e-19)
(57.130945 3.6309419 8.1325022e-19)
(56.607806 3.1176179 -7.2206458e-19)
(56.128676 2.6225454 0)
(55.726577 2.0995753 2.7935096e-19)
(55.331158 1.6630737 -2.4393207e-19)
(55.092447 1.1041553 1.0631077e-19)
(54.848723 0.66742118 7.3768063e-19)
(54.413758 0.095419165 -8.0076344e-20)
(52.521003 -0.099791053 1.8790058e-20)
(40.844832 -0.84289848 0)
(43.121242 -0.52818642 1.600909e-20)
(45.276761 -0.19837785 3.2568887e-18)
(47.340432 0.23214579 -2.6330019e-18)
(49.296541 0.80587701 -2.0818938e-18)
(51.101233 1.4898497 1.6775932e-18)
(52.734268 2.239016 -2.0770474e-20)
(54.207081 3.023656 0)
(55.560947 3.8033456 -8.2459073e-19)
(56.794512 4.5344694 6.8290103e-19)
(57.921556 5.1957354 -5.5073768e-19)
(58.95531 5.7724453 4.4710252e-19)
(59.902773 6.2587274 3.6849391e-19)
(60.755527 6.6491366 -2.7105054e-19)
(61.493594 6.9412493 -3.0343692e-19)
(62.027453 7.1553531 2.4145701e-19)
(62.22837 7.1166548 -2.1812002e-19)
(61.934657 7.0447256 6.9624765e-20)
(60.816506 6.3724385 7.3472022e-19)
(59.290905 5.3795478 -2.3284729e-19)
(58.294801 4.7415275 -2.4142321e-19)
(57.637313 4.1827053 2.232217e-19)
(57.067438 3.6519441 5.8535644e-23)
(56.555264 3.1328419 3.554513e-19)
(56.085183 2.6333966 0)
(55.691204 2.1067205 0)
(55.301725 1.6668635 1.2064027e-19)
(55.067786 1.1052543 -1.0536278e-19)
(54.825993 0.66675637 -7.3328655e-19)
(54.396653 0.091196455 -3.994033e-20)
(52.512447 -0.095655139 -1.3055881e-20)
(43.129382 -1.626342 -9.0996678e-18)
(45.286335 -1.0681968 3.5717959e-18)
(47.29507 -0.43002964 2.8924554e-18)
(49.146143 0.27879144 -4.7061896e-18)
(50.853364 1.0591528 1.9079387e-18)
(52.415787 1.8831312 -1.5327855e-18)
(53.831372 2.7204116 1.2675561e-18)
(55.117166 3.5474168 0)
(56.299928 4.3331195 -8.1735023e-19)
(57.384768 5.0471687 9.8926683e-21)
(58.385824 5.6760018 5.3836087e-19)
(59.314606 6.2115548 -1.3803388e-20)
(60.174212 6.6524698 3.7885356e-19)
(60.951882 6.9951136 -6.2413786e-19)
(61.62239 7.2414175 2.9148897e-19)
(62.077548 7.3982867 0)
(62.201691 7.3138567 0)
(61.809528 7.1825687 -1.1196006e-19)
(60.594103 6.3802617 -4.9140133e-20)
(59.112052 5.4017673 -4.7875834e-19)
(58.183946 4.7728775 4.8093328e-19)
(57.554251 4.2063032 2.2029498e-19)
(57.000234 3.6690224 -1.971976e-19)
(56.499471 3.1441505 0)
(56.039028 2.6407933 0)
(55.653711 2.1111284 1.3618448e-19)
(55.271177 1.6683546 3.5822864e-19)
(55.042595 1.1046713 1.0454649e-19)
(54.802996 0.66524985 -4.5568522e-20)
(54.380257 0.086721428 -1.990949e-20)
(52.504016 -0.072499259 -7.4782326e-21)
(45.562567 -2.1226064 0)
(47.482555 -1.2472262 6.2678373e-21)
(49.226926 -0.36182945 2.6359645e-18)
(50.825297 0.54031709 -2.1454403e-18)
(52.294582 1.4639066 6.8967553e-21)
(53.633142 2.3853449 0)
(54.845662 3.2795405 9.2264728e-21)
(55.951014 4.1254524 0)
(56.970607 4.8999417 -6.1510083e-21)
(57.915278 5.5845613 -1.0051362e-20)
(58.799109 6.1724436 -8.2462314e-21)
(59.631152 6.6611123 1.3639584e-20)
(60.41004 7.0527338 1.1439714e-20)
(61.118431 7.3448771 3.1413652e-19)
(61.723743 7.542583 -8.4742302e-21)
(62.104699 7.6202729 -2.343777e-19)
(62.157939 7.5112016 2.368364e-19)
(61.663486 7.3054107 -2.3783117e-19)
(60.371032 6.3912119 5.1970793e-20)
(58.943036 5.4323089 4.8791261e-19)
(58.079328 4.8075767 -9.5618421e-19)
(57.474101 4.2337278 1.1966427e-18)
(56.935061 3.6898218 -8.7608914e-19)
(56.445386 3.1587713 1.7292223e-19)
(55.994291 2.6512248 1.528996e-19)
(55.617239 2.1180157 -4.0419453e-19)
(55.240884 1.6716 -3.5500144e-19)
(55.017017 1.1054234 -1.0380201e-19)
(54.780033 0.66462429 3.6289873e-19)
(54.364102 0.082049104 0)
(52.496219 -0.09088131 -9.6947734e-21)
(48.167564 -2.3011788 3.5670911e-18)
(49.734839 -1.1597314 0)
(51.167333 -0.074265886 0)
(52.482893 0.98257535 -1.9950608e-18)
(53.688106 2.0134098 1.6430231e-18)
(54.786012 2.9977759 1.3680693e-18)
(55.78773 3.9173651 -1.1320799e-18)
(56.710239 4.7571515 0)
(57.571738 5.5028714 5.9424747e-21)
(58.384479 6.1457163 4.8922807e-21)
(59.160064 6.6843075 1.2132105e-20)
(59.90377 7.1205988 0)
(60.609198 7.4591886 0)
(61.25403 7.698554 -3.1086913e-19)
(61.795689 7.8454893 -2.4645049e-22)
(62.109201 7.8405716 4.7057502e-19)
(62.100454 7.7112222 -2.6134015e-19)
(61.504143 7.4139335 -4.1993418e-20)
(60.144183 6.4056017 0)
(58.783106 5.4696211 0)
(57.977034 4.8449371 -5.3441991e-19)
(57.394049 4.2624372 3.2272269e-19)
(56.869562 3.7112644 9.6240378e-20)
(56.390843 3.1735757 1.7881898e-23)
(55.949076 2.6617558 -1.5128792e-19)
(55.580199 2.1249631 -1.3348749e-19)
(55.20999 1.6747547 2.3475578e-19)
(54.990847 1.1060402 1.5469441e-19)
(54.756923 0.66404512 -1.3550144e-19)
(54.348019 0.076915776 0)
(52.487732 -0.09499836 1.0073696e-20)
(50.766029 -2.1021036 -6.4877754e-18)
(51.968997 -0.76404198 5.8444988e-22)
(53.067532 0.46697203 2.2308056e-18)
(54.074507 1.6259565 1.818126e-21)
(54.999472 2.7148638 -1.5155846e-21)
(55.852484 3.7207143 -1.2974869e-18)
(56.644134 4.6322864 -7.6539221e-22)
(57.388739 5.4408795 8.8897897e-19)
(58.100938 6.1406015 -7.395056e-19)
(58.791545 6.7296474 6.053264e-19)
(59.468362 7.2108776 -3.9691134e-21)
(60.132254 7.5895018 -4.3004749e-19)
(60.771562 7.8715106 3.6321323e-19)
(61.358684 8.0564884 -4.9532955e-21)
(61.83935 8.1515882 -4.4877911e-21)
(62.093471 8.0707996 3.8243907e-21)
(62.031309 7.9161636 2.5451671e-20)
(61.328887 7.5092548 -3.5443958e-19)
(59.919276 6.4254405 9.0970153e-19)
(58.632473 5.5132713 -2.4937008e-19)
(57.877894 4.8847426 -1.7691422e-19)
(57.315318 4.2932356 -1.5988223e-19)
(56.804948 3.7345756 1.4284869e-19)
(56.337034 3.1899246 0)
(55.904461 2.6737314 0)
(55.543513 2.1331284 1.3236812e-19)
(55.179591 1.678829 5.8296261e-20)
(54.964551 1.1072973 -5.1270183e-20)
(54.733822 0.66394765 -2.2498599e-19)
(54.332561 0.071317162 0)
(52.479682 -0.096673943 -3.9992663e-21)
(53.379133 -1.4354755 7.2952185e-22)
(54.168394 -0.00024827227 -1.212581e-21)
(54.892466 1.2932752 0)
(55.568526 2.4822809 -1.7092485e-21)
(56.209208 3.5703266 5.8898471e-25)
(56.820491 4.5522477 -1.230804e-18)
(57.408391 5.4215972 1.0276031e-18)
(57.984013 6.174667 0)
(58.557621 6.8116014 7.1711473e-19)
(59.136749 7.3352386 -5.9525337e-19)
(59.724573 7.7513709 -1.9488196e-21)
(60.31725 8.067251 1.6465102e-21)
(60.897951 8.2892955 0)
(61.433683 8.4189758 0)
(61.857947 8.4625481 -4.5455022e-21)
(62.0654 8.3156284 4.145146e-21)
(61.939776 8.1461532 -4.7143833e-21)
(61.137603 7.5957841 -5.8224114e-21)
(59.698354 6.4509388 -2.3554748e-19)
(58.49054 5.5624065 5.0237937e-19)
(57.780988 4.9268003 -4.6913757e-19)
(57.237402 4.3257356 1.5853002e-19)
(56.740754 3.75921 4.722281e-20)
(56.28349 3.207197 -4.1987662e-20)
(55.859994 2.6865134 0)
(55.506791 2.1419343 3.2864872e-20)
(55.149687 1.6834129 -5.7947598e-20)
(54.938178 1.1089052 5.1043005e-20)
(54.710644 0.66412217 0)
(54.317666 0.065381815 0)
(52.471375 -0.095468321 3.1615412e-21)
(55.854088 -0.27138585 -6.7737914e-22)
(56.215658 1.1343945 -2.8279977e-22)
(56.56863 2.3947504 0)
(56.924603 3.5405641 -8.2755391e-19)
(57.294341 4.572005 7.4090216e-22)
(57.676449 5.4860734 5.8750119e-19)
(58.073378 6.2811879 -4.8214899e-22)
(58.493064 6.9556867 -4.1405832e-19)
(58.940809 7.513872 -3.2539468e-22)
(59.420081 7.9611349 2.9059918e-19)
(59.929096 8.3048696 1.913678e-21)
(60.459347 8.553151 -2.0674424e-19)
(60.989276 8.711894 -1.624812e-22)
(61.480452 8.7858159 1.5931092e-19)
(61.854238 8.7807594 0)
(62.018832 8.5999607 0)
(61.831503 8.3570018 -1.655367e-19)
(60.932975 7.6719095 2.0131088e-19)
(59.484459 6.4832789 0)
(58.356517 5.6163489 0)
(57.686204 4.9709764 2.2617749e-19)
(57.160535 4.3600048 -1.9688333e-19)
(56.677283 3.7853791 0)
(56.230541 3.2256717 4.1707794e-20)
(55.815991 2.7003869 7.392095e-20)
(55.470342 2.151636 -1.6340705e-19)
(55.120233 1.6887238 -5.2470597e-24)
(54.911844 1.1110718 -2.54285e-20)
(54.68743 0.66466629 0)
(54.302976 0.059814575 0)
(52.463953 -0.097974533 0)
(58.067873 1.3314734 1.2696429e-18)
(58.033023 2.592768 1.0539781e-18)
(58.05066 3.7323898 -9.1185379e-19)
(58.118051 4.7836726 3.8340664e-22)
(58.237123 5.7100071 -6.6597169e-19)
(58.408505 6.5142035 5.6286827e-19)
(58.632838 7.206003 6.962262e-22)
(58.913051 7.7804244 0)
(59.249421 8.2450729 0)
(59.641372 8.6057989 -2.7737749e-22)
(60.082171 8.8703423 0)
(60.558931 9.0463954 0)
(61.045865 9.1383513 0)
(61.497621 9.1551072 -6.1986591e-22)
(61.831426 9.0684036 5.2316064e-22)
(61.956372 8.8677301 -1.434631e-19)
(61.704998 8.5472256 1.6817927e-19)
(60.717789 7.7374617 0)
(59.27994 6.5236202 0)
(58.229459 5.6742504 0)
(57.59324 5.0171984 1.2358503e-19)
(57.084656 4.3959349 -1.1756073e-19)
(56.614484 3.8129645 0)
(56.178125 3.245218 0)
(55.772378 2.7151913 7.3574581e-20)
(55.434095 2.1621019 -6.5080385e-20)
(55.090917 1.6946305 0)
(54.885548 1.1137077 5.0713018e-20)
(54.66418 0.66552462 -5.5819292e-20)
(54.288991 0.054573592 1.9214737e-20)
(52.458505 -0.10445128 1.0852757e-22)
(59.973322 3.2579798 -8.0579921e-22)
(59.589402 4.3517089 -6.1641101e-22)
(59.310333 5.3276588 -3.5834701e-22)
(59.121498 6.2009475 -3.9297102e-22)
(59.017395 6.9777744 3.1398366e-19)
(59.004375 7.6254511 -2.6754471e-19)
(59.081038 8.1898655 -4.7182722e-22)
(59.241202 8.6446617 1.9361227e-19)
(59.482441 9.0025616 -1.6393004e-19)
(59.80045 9.2675433 1.3895212e-19)
(60.18394 9.4467141 1.1815067e-19)
(60.615986 9.5463198 -1.0146041e-19)
(61.066952 9.5683555 0)
(61.482654 9.5230802 4.4070047e-22)
(61.788082 9.3565341 -5.2370219e-22)
(61.881048 9.1146434 7.0732868e-20)
(61.562668 8.7196992 -8.6603602e-20)
(60.498025 7.7989424 -1.0646864e-19)
(59.085872 6.5725782 1.2652865e-19)
(58.108342 5.7355111 9.9228929e-22)
(57.502008 5.0654265 -9.0665569e-22)
(57.009839 4.4334994 0)
(56.55247 3.8419979 0)
(56.126372 3.2659024 4.1361523e-20)
(55.729279 2.7309747 -7.3335065e-20)
(55.398172 2.1733992 3.4473886e-20)
(55.06172 1.7011941 0)
(54.85932 1.116864 0)
(54.641036 0.66672152 -1.3725213e-24)
(54.275487 0.050643887 1.4224259e-20)
(52.453104 -0.10814972 -5.2402059e-22)
(61.489749 5.5508793 2.3707927e-22)
(60.836746 6.3628352 -2.4467242e-19)
(60.311373 7.0984139 -8.591581e-23)
(59.90759 7.7562513 1.7854033e-19)
(59.621589 8.3329039 9.4180327e-23)
(59.456396 8.8255143 -6.4395235e-20)
(59.412066 9.2257763 0)
(59.474387 9.543477 9.1307687e-23)
(59.638754 9.7834065 -3.9876686e-20)
(59.896895 9.9446122 3.3874269e-20)
(60.234058 10.03303 0)
(60.629602 10.052727 0)
(61.049561 10.001749 0)
(61.442092 9.8560047 -1.8728507e-20)
(61.726658 9.640402 -1.4463019e-23)
(61.790987 9.3565571 1.7940657e-20)
(61.407295 8.8796578 0)
(60.278874 7.8625094 2.7579719e-20)
(58.902279 6.6297235 -3.2166354e-20)
(57.992304 5.7996602 -9.9523625e-22)
(57.412421 5.1156424 2.9904339e-20)
(56.936119 4.4726434 6.6740467e-24)
(56.49128 3.8724388 -4.6424917e-20)
(56.075319 3.2877017 4.1285291e-20)
(55.686716 2.7476783 2.7546522e-24)
(55.362595 2.1854922 -1.0122452e-20)
(55.032601 1.7083923 -7.1547109e-21)
(54.833187 1.120515 0)
(54.618068 0.66826378 2.1249322e-26)
(54.262037 0.048552048 0)
(52.448249 -0.1108747 0)
(62.557455 8.0906262 -1.3687559e-19)
(61.716666 8.5702911 -1.1626918e-19)
(61.016746 9.022364 -1.9942539e-19)
(60.457699 9.4276351 3.4182273e-19)
(60.039382 9.7798177 1.8798276e-22)
(59.760829 10.074861 -1.8782574e-19)
(59.6206 10.308746 5.3101862e-20)
(59.609808 10.474491 -8.8209644e-23)
(59.715713 10.584354 -5.7437912e-28)
(59.928889 10.635346 -6.4018025e-23)
(60.230572 10.628604 -1.094167e-22)
(60.597381 10.562127 0)
(60.999187 10.421338 0)
(61.372039 10.240732 -1.998526e-20)
(61.64181 9.9645605 -1.5413854e-23)
(61.684463 9.6025211 1.8465294e-20)
(61.24131 9.0367316 0)
(60.06147 7.9293703 2.8457172e-20)
(58.728943 6.6942455 -3.3650473e-20)
(57.880607 5.8663752 7.6191252e-27)
(57.324465 5.1678335 2.9028019e-20)
(56.863556 4.5133371 6.4392085e-24)
(56.43099 3.9042798 -4.6427424e-20)
(56.025046 3.3106412 2.0638729e-20)
(55.644762 2.7652922 1.6014472e-20)
(55.327435 2.1983935 -8.0959879e-21)
(55.003579 1.7162364 -7.1533508e-21)
(54.807182 1.1246753 0)
(54.595202 0.67019522 2.7851579e-21)
(54.246723 0.048429641 -1.5835902e-21)
(52.443976 -0.1103634 0)
(63.147845 10.797659 -5.1477865e-19)
(62.202614 10.909227 4.39696e-19)
(61.406521 11.051272 -1.8468986e-22)
(60.759526 11.182206 0)
(60.260582 11.292583 2.7869155e-19)
(59.909097 11.375833 -4.7656806e-19)
(59.704035 11.427276 2.0271825e-19)
(59.640058 11.42971 8.4080172e-23)
(59.707212 11.395154 0)
(59.891732 11.319225 5.9764675e-23)
(60.171424 11.211518 3.0637519e-22)
(60.530236 11.032523 0)
(60.920605 10.864167 0)
(61.282053 10.622316 1.5398168e-22)
(61.538394 10.293562 0)
(61.560157 9.8487977 -8.6594733e-22)
(61.066122 9.1939625 9.5269363e-20)
(59.848105 8.0013418 -1.1690978e-19)
(58.565384 6.7655377 3.0982482e-21)
(57.77268 5.9354788 0)
(57.238149 5.2219918 -3.6380123e-21)
(56.792215 4.5555509 1.0103848e-19)
(56.371672 3.9374935 -9.3012553e-20)
(55.975608 3.3347263 0)
(55.603459 2.7837824 2.2907549e-21)
(55.292726 2.2120864 3.243119e-20)
(54.974715 1.7247132 -2.8640658e-20)
(54.781324 1.1293492 0)
(54.572412 0.67254381 1.1146316e-20)
(54.23105 0.049274716 -1.9485125e-21)
(52.439384 -0.1102172 -8.3872396e-22)
(63.311606 13.426286 0)
(62.316308 13.208913 -8.0717705e-19)
(61.483795 13.056981 7.002794e-19)
(60.806337 12.917238 0)
(60.276305 12.784735 5.1810334e-19)
(59.891855 12.652023 -4.4111966e-19)
(59.653752 12.512201 -1.8229441e-22)
(59.564963 12.344585 0)
(59.614255 12.178329 0)
(59.796773 11.955826 2.4133578e-19)
(60.075839 11.75739 -4.986519e-24)
(60.4256 11.556895 -1.9049601e-19)
(60.814956 11.308055 0)
(61.168522 11.002747 0)
(61.414215 10.617924 0)
(61.420174 10.09389 5.8431352e-22)
(60.884167 9.3517006 -1.5046125e-21)
(59.640293 8.079438 3.7396674e-21)
(58.410964 6.8429356 6.2654718e-21)
(57.668101 6.0069048 0)
(57.153519 5.2781234 -1.059807e-19)
(56.722165 4.5992686 1.2103483e-19)
(56.31343 3.9720611 -1.166929e-20)
(55.927048 3.3599755 0)
(55.562873 2.8031328 0)
(55.258503 2.2265609 6.5024435e-20)
(54.946036 1.733832 -5.7401149e-20)
(54.755641 1.134557 2.5333703e-20)
(54.549785 0.67536569 0)
(54.217855 0.049861375 1.4614181e-21)
(52.434162 -0.10112985 2.0456295e-21)
(63.155756 15.733162 -1.6864859e-18)
(62.171007 15.285617 -1.4357708e-21)
(61.332005 14.911752 6.3946979e-19)
(60.648837 14.548782 0)
(60.116899 14.19972 0)
(59.731565 13.86629 4.1109497e-19)
(59.490612 13.547171 -3.5128387e-19)
(59.412154 13.213171 -3.1605644e-19)
(59.469596 12.932847 -1.3419633e-21)
(59.643266 12.679712 4.9138449e-19)
(59.928092 12.384706 -2.1287816e-19)
(60.285905 12.082971 -1.8695203e-19)
(60.67656 11.75496 1.6722932e-19)
(61.031327 11.381864 0)
(61.271299 10.940226 -2.3603168e-21)
(61.267661 10.337772 1.5229742e-19)
(60.698177 9.5120071 1.0625357e-22)
(59.43903 8.1640593 -3.7083391e-21)
(58.265209 6.9258245 -2.6159839e-19)
(57.566599 6.0806482 0)
(57.070622 5.3362493 -2.4267758e-19)
(56.653475 4.6444772 1.9737598e-19)
(56.256336 4.0079558 -1.7597439e-19)
(55.879421 3.386399 1.2501899e-19)
(55.523059 2.823326 0)
(55.224814 2.2418 3.2639349e-20)
(54.917602 1.7435913 -5.7586299e-20)
(54.730186 1.1403166 2.5401524e-20)
(54.527362 0.67870394 -4.4702863e-20)
(54.204463 0.05109022 -1.6999107e-21)
(52.42655 -0.13448146 -2.4313459e-21)
(62.606416 18.303146 0)
(61.753835 17.455415 -1.4620955e-18)
(60.981371 16.776651 -2.8063253e-21)
(60.337041 16.163528 1.0970474e-18)
(59.831902 15.605685 -9.5302629e-19)
(59.46876 15.095283 1.6477432e-18)
(59.247884 14.626233 -7.092348e-19)
(59.171318 14.230801 0)
(59.246893 13.810319 5.5658026e-19)
(59.437815 13.411393 -7.1710637e-19)
(59.730938 13.011685 2.0767008e-19)
(60.101763 12.612313 1.8291162e-19)
(60.505248 12.203177 -3.3111199e-19)
(60.870793 11.759604 1.5246177e-19)
(61.111191 11.261707 -2.34272e-21)
(61.102653 10.586843 1.6081815e-19)
(60.509784 9.6761903 -2.0057645e-19)
(59.245106 8.2561133 -2.326801e-19)
(58.12722 7.0139421 2.9007761e-19)
(57.467913 6.156782 2.6215338e-19)
(56.989484 5.3964099 -4.7428998e-19)
(56.586194 4.6911749 4.2423737e-19)
(56.20044 4.0451534 -1.8898638e-19)
(55.832789 3.4140042 8.3895682e-20)
(55.484079 2.8443545 0)
(55.191716 2.2577898 3.2803321e-20)
(54.889472 1.7540002 0)
(54.705011 1.1466481 -1.0193636e-19)
(54.505149 0.68260639 -2.2407787e-20)
(54.190722 0.053260274 3.9713454e-21)
(52.41706 -0.12016467 0)
(61.178936 21.64737 3.1659209e-21)
(60.637276 20.371644 -1.4782765e-18)
(60.104498 19.282665 1.2526767e-21)
(59.639197 18.292418 1.115481e-18)
(59.263778 17.403816 -9.6534316e-19)
(58.996709 16.610294 8.3619464e-19)
(58.852837 15.897624 3.5480282e-21)
(58.834949 15.270034 6.3571044e-22)
(58.940738 14.692235 -1.0731175e-18)
(59.160456 14.152036 4.6430102e-19)
(59.479197 13.640046 -3.1610709e-21)
(59.874207 13.143392 3.5705181e-19)
(60.301004 12.651784 -3.2401986e-19)
(60.687194 12.136146 0)
(60.935585 11.58236 -4.6324296e-21)
(60.927178 10.840968 -4.9477183e-21)
(60.320184 9.8452157 -4.0690583e-19)
(59.058787 8.3564634 4.8780288e-19)
(57.996052 7.1071407 -3.454347e-20)
(57.371891 6.2354293 0)
(56.910098 5.4586539 0)
(56.520351 4.739363 2.6759808e-19)
(56.145796 4.0836238 -3.8130053e-19)
(55.7872 3.442785 2.9600919e-19)
(55.44597 2.8662089 -7.4818596e-20)
(55.159244 2.2745159 0)
(54.861682 1.7650651 -1.1631666e-19)
(54.680109 1.1535629 1.0237155e-19)
(54.483095 0.68707697 0)
(54.176649 0.05583294 -3.6396471e-20)
(52.407594 -0.1220759 0)
(59.444032 24.168905 -1.6195494e-21)
(59.161268 22.727964 -1.3809976e-21)
(58.875961 21.435729 0)
(58.634589 20.214409 -2.0917208e-21)
(58.445911 19.086359 0)
(58.326166 18.061391 0)
(58.296684 17.135826 -2.711702e-21)
(58.368638 16.31509 -5.9754987e-19)
(58.540834 15.573547 5.2154324e-19)
(58.811555 14.895675 0)
(59.172497 14.269281 9.2094091e-21)
(59.603645 13.675349 0)
(60.063663 13.100496 4.9040658e-21)
(60.480648 12.511585 2.9342908e-19)
(60.74559 11.901854 -5.7451239e-19)
(60.742971 11.097426 3.3638312e-19)
(60.130677 10.019968 -2.5648407e-20)
(58.880196 8.4655723 5.1036544e-19)
(57.870974 7.205134 -5.5988634e-19)
(57.278384 6.316676 0)
(56.832474 5.5230242 4.8425473e-19)
(56.455998 4.7890466 -9.1962938e-19)
(56.092478 4.1233358 2.8891446e-19)
(55.742721 3.4727275 -1.7079149e-19)
(55.408746 2.8888761 -7.5493146e-20)
(55.127443 2.2919639 8.3007906e-24)
(54.834274 1.7767911 2.3416807e-19)
(54.655413 1.1610602 5.1453487e-20)
(54.461149 0.69215081 -4.058855e-19)
(54.162781 0.05854189 1.1683005e-19)
(52.398435 -0.11943292 5.3842658e-20)
(57.401084 26.373966 -1.5821253e-18)
(57.40073 24.785703 1.3499713e-18)
(57.374711 23.343421 -1.1820986e-18)
(57.375938 21.956503 1.0254548e-18)
(57.403741 20.649302 -8.9376681e-19)
(57.467438 19.439199 6.0587369e-21)
(57.589055 18.333643 0)
(57.77991 17.349922 0)
(58.04746 16.445491 -5.1422686e-19)
(58.391898 15.637378 4.3538832e-19)
(58.811045 14.898061 5.9479193e-21)
(59.290209 14.207574 1.0532484e-20)
(59.793064 13.549427 0)
(60.251082 12.886233 0)
(60.541808 12.220065 2.6815221e-19)
(60.551359 11.354018 -3.304262e-19)
(59.942533 10.200961 2.5723036e-20)
(58.709178 8.5836829 0)
(57.751284 7.3078527 0)
(57.187462 6.4006092 0)
(56.756807 5.5895645 -4.9045361e-19)
(56.393316 4.8402344 4.381424e-19)
(56.04065 4.1642577 9.7475131e-20)
(55.699467 3.5038116 -1.2317596e-23)
(55.372472 2.9123346 -1.7208392e-23)
(55.096407 2.3101118 2.686106e-19)
(54.807298 1.7891924 -3.5392414e-19)
(54.630978 1.1691247 2.0703282e-19)
(54.43946 0.6978514 3.1698446e-19)
(54.149823 0.061291901 -1.7879265e-19)
(52.390005 -0.11676906 -6.3468303e-20)
(55.046099 28.28877 2.7763618e-21)
(55.366318 26.600298 1.2841428e-18)
(55.632057 25.048072 -1.1208471e-18)
(55.90057 23.539355 9.8780376e-19)
(56.169099 22.095534 0)
(56.443537 20.738376 -5.8048894e-21)
(56.743199 19.488661 0)
(57.077595 18.353525 -5.5602573e-19)
(57.461873 17.30841 4.8387205e-19)
(57.9019 16.373822 4.202729e-19)
(58.395083 15.524996 -3.7871407e-19)
(58.934206 14.739539 3.1571247e-19)
(59.489182 13.998893 -2.7693266e-19)
(59.998331 13.260798 0)
(60.324501 12.537299 2.9614943e-19)
(60.355447 11.609004 -6.0523187e-19)
(59.757393 10.388456 5.1068224e-20)
(58.545882 8.7109377 1.0429863e-18)
(57.637113 7.415341 -1.1538542e-18)
(57.099741 6.487287 6.8787848e-19)
(56.68365 5.6583196 2.4871624e-19)
(56.332705 4.8929488 2.2219015e-19)
(55.990599 4.2063655 -1.9761303e-19)
(55.657631 3.536017 0)
(55.337305 2.9365605 0)
(55.066282 2.328924 1.3570902e-19)
(54.780893 1.8022729 -1.1898904e-19)
(54.607151 1.1777265 -1.0423003e-19)
(54.418322 0.7041814 -6.8238718e-19)
(54.137641 0.064267271 3.0628889e-19)
(52.38202 -0.11196101 -1.4904905e-19)
(52.408179 29.86574 -2.7896675e-21)
(53.069878 28.150895 4.7672846e-21)
(53.661277 26.542172 1.0723662e-18)
(54.224086 24.961573 -9.4826825e-19)
(54.759007 23.419447 -8.1847707e-19)
(55.26792 21.955841 7.0628738e-19)
(55.761592 20.598081 6.1612536e-19)
(56.264797 19.318437 2.8821738e-22)
(56.786996 18.154519 -6.9868268e-21)
(57.340874 17.102326 -4.0370714e-19)
(57.923724 16.148533 3.535098e-19)
(58.534983 15.27065 -3.135049e-19)
(59.151231 14.449235 2.9917119e-24)
(59.721519 13.636517 -2.6795541e-19)
(60.093514 12.85389 5.0609638e-19)
(60.157228 11.866791 -2.9688755e-19)
(59.577792 10.583195 3.5498418e-19)
(58.392196 8.8474878 -5.2618141e-19)
(57.529839 7.5278661 0)
(57.016297 6.5768262 4.1909051e-19)
(56.613705 5.7293583 -1.0103976e-18)
(56.274599 4.9472378 4.5129034e-19)
(55.942609 4.2496486 -1.0030047e-18)
(55.617399 3.5693253 7.0964044e-19)
(55.303394 2.9615365 3.2548212e-23)
(55.037159 2.3483512 -1.3724574e-19)
(54.755145 1.8160131 -2.4030755e-19)
(54.584266 1.1868255 1.0501054e-19)
(54.397767 0.71112997 7.3161587e-19)
(54.12606 0.067884597 -2.078582e-19)
(52.374837 -0.10379974 -1.6433824e-19)
(49.516042 31.037783 1.3410796e-18)
(50.49673 29.39558 -1.1478829e-18)
(51.439073 27.796147 2.0476987e-18)
(52.32774 26.208341 -2.861821e-22)
(53.154637 24.628632 -7.9856452e-19)
(53.923016 23.089231 -1.0712233e-20)
(54.643075 21.626814 -5.9456455e-19)
(55.331444 20.251771 5.1458101e-19)
(56.016111 18.980363 -8.7958664e-24)
(56.703171 17.820779 0)
(57.392257 16.767201 -3.3875187e-19)
(58.089006 15.800036 3.1934738e-19)
(58.776311 14.900323 -1.7087135e-20)
(59.417864 14.015104 3.2162359e-20)
(59.848021 13.168934 -4.1584652e-24)
(59.955626 12.136042 0)
(59.407004 10.786877 -3.9774088e-19)
(58.251919 8.993617 3.9803929e-19)
(57.430432 7.6460897 -2.986174e-19)
(56.937016 6.6695014 -5.6770543e-19)
(56.546634 5.8027747 1.0274723e-18)
(56.218686 5.0031651 -6.8843642e-19)
(55.896443 4.2940993 1.6313704e-18)
(55.578628 3.6037121 -3.6035134e-19)
(55.270625 2.9872576 -3.1720786e-19)
(55.008881 2.3683465 6.9170657e-25)
(54.729813 1.830371 2.428646e-19)
(54.562012 1.1963833 -1.0590757e-19)
(54.377313 0.71868371 9.1965034e-20)
(54.11518 0.072262713 1.8286683e-20)
(52.369185 -0.096094476 3.2927034e-19)
(46.450478 31.821754 0)
(47.622394 30.273792 -7.1031436e-21)
(48.844938 28.763107 -6.2429719e-21)
(50.06118 27.242327 -5.9860136e-21)
(51.220847 25.685994 1.0997707e-20)
(52.294792 24.120253 5.952802e-19)
(53.2911 22.595818 -4.9425671e-23)
(54.211126 21.14343 -4.1471123e-19)
(55.095963 19.783111 -4.0469068e-19)
(55.951241 18.526974 3.6213169e-19)
(56.772503 17.379433 0)
(57.574563 16.326401 1.7550735e-20)
(58.347344 15.350845 -2.5526532e-19)
(59.072699 14.3987 1.7998577e-19)
(59.579509 13.48006 3.0360917e-20)
(59.749464 12.415681 -2.7799816e-19)
(59.248474 11.001242 4.7110407e-19)
(58.125636 9.14998 1.3067272e-19)
(57.334278 7.7711551 2.963983e-19)
(56.858129 6.7656361 2.8094657e-19)
(56.479538 5.8786465 2.5423893e-19)
(56.162957 5.0607737 4.5365631e-19)
(55.850732 4.3397082 -4.0228756e-19)
(55.54039 3.6391532 -7.0896534e-19)
(55.238292 3.0137251 6.2195314e-19)
(54.980876 2.3888697 -1.6289402e-18)
(54.704325 1.8452699 0)
(54.539415 1.2063256 0)
(54.356487 0.72674351 8.846753e-20)
(54.103751 0.077687114 -3.8760206e-20)
(52.360802 -0.096351447 6.0945607e-19)
(28.084543 0.27856454 0)
(34.705594 0.11657738 -1.7508891e-23)
(39.074787 0.1728603 0)
(42.344184 0.37010491 -8.3571744e-21)
(45.010686 0.6506757 6.09916e-21)
(47.354735 1.0119505 1.3599636e-23)
(49.504113 1.4778065 -5.8473886e-20)
(51.40421 2.0293932 0)
(53.185004 2.6589535 3.315987e-20)
(54.837189 3.3268107 1.5788457e-21)
(56.34742 3.9966799 -3.9968653e-20)
(57.714663 4.6311474 -1.2026717e-19)
(58.946629 5.2048885 4.6684491e-20)
(60.043596 5.7019014 3.8284838e-20)
(60.996003 6.10555 4.994419e-22)
(61.764291 6.4283598 0)
(62.202667 6.5643436 -1.3656395e-24)
(62.175492 6.6005592 1.0313966e-19)
(61.363057 6.2486193 0)
(59.82616 5.3423416 -2.1795369e-19)
(58.626643 4.6560137 -2.0855999e-23)
(57.873787 4.1089925 -1.0299838e-18)
(57.255944 3.5960002 0)
(56.710632 3.0934826 8.5889878e-19)
(56.213613 2.6066265 7.7112925e-19)
(55.795184 2.0899218 1.3779752e-18)
(55.388474 1.6584973 -2.9954558e-22)
(55.139061 1.1040943 1.0921287e-18)
(54.891923 0.66987103 1.1816155e-22)
(54.449679 0.10224684 0)
(52.533033 -0.076745297 0)
(27.710653 0.43213732 0)
(34.636347 0.3429208 -5.0658442e-21)
(39.002832 0.4745438 9.215477e-21)
(42.24491 0.57232173 6.4758875e-20)
(44.887618 0.78165037 0)
(47.198645 1.0802063 -4.2400902e-20)
(49.30855 1.486728 6.0886643e-20)
(51.212872 1.9822085 -2.7197611e-21)
(52.990749 2.5489815 -6.6039336e-20)
(54.651772 3.1658694 1.5791253e-21)
(56.183244 3.8003922 3.8932116e-20)
(57.578336 4.4152432 6.0555763e-20)
(58.839379 4.9825539 -4.8535504e-20)
(59.963973 5.4836767 6.0196636e-22)
(60.939818 5.8996324 0)
(61.732283 6.2352887 -5.6146314e-20)
(62.187333 6.4106273 -4.8077076e-20)
(62.194817 6.4539272 -1.0158802e-19)
(61.419339 6.1535627 0)
(59.89674 5.2859369 -2.0369888e-19)
(58.677071 4.6026143 -9.6112469e-22)
(57.913897 4.0667651 9.5058495e-19)
(57.290002 3.5636259 -8.7199235e-19)
(56.739966 3.0694628 -7.8562211e-19)
(56.239181 2.5890673 -7.0223001e-19)
(55.816162 2.0779784 0)
(55.406948 1.6506036 0)
(55.154842 1.0996779 -9.8236361e-19)
(54.906188 0.66818328 0)
(54.460983 0.10382337 0)
(52.536295 -0.094871972 -5.5624706e-20)
(27.618163 0.30496646 0)
(34.644281 0.46028427 3.9872634e-20)
(39.022175 0.58756883 0)
(42.201577 0.695416 -5.4437536e-20)
(44.772685 0.87159559 -5.4356252e-20)
(47.030273 1.126949 0)
(49.096628 1.4830907 0)
(50.985167 1.9256754 -4.4074266e-20)
(52.758844 2.4362755 3.5906526e-20)
(54.430121 3.0044921 -5.3776948e-20)
(55.984731 3.6027469 3.918259e-20)
(57.410648 4.1957305 -6.2260605e-20)
(58.704689 4.7542009 -5.0096169e-20)
(59.861338 5.2573511 0)
(60.865636 5.6845279 -5.2701145e-22)
(61.686714 6.0334366 5.9295872e-20)
(62.168737 6.2506576 0)
(62.208187 6.2990735 4.0536733e-22)
(61.481844 6.0505404 1.465045e-19)
(59.974477 5.224408 2.0074185e-19)
(58.729147 4.5452019 -1.3212821e-23)
(57.953311 4.0211882 -4.6094406e-19)
(57.323509 3.5286406 1.6837294e-18)
(56.769202 3.043434 1.5035458e-23)
(56.265138 2.5700766 -6.7473502e-19)
(55.837644 2.0650857 -8.8012298e-22)
(55.425737 1.6420505 -5.5049789e-26)
(55.171092 1.0948984 2.3017511e-22)
(54.920655 0.66634818 -1.0156128e-22)
(54.471351 0.105902 9.0087267e-23)
(52.540517 -0.096043587 0)
(27.490877 0.27600541 -5.7573731e-20)
(34.583198 0.50897578 4.1004099e-20)
(38.981477 0.6311567 2.488265e-20)
(42.109313 0.75101769 1.1945909e-19)
(44.633289 0.91602902 3.5217129e-20)
(46.848221 1.1447632 4.5867847e-20)
(48.878094 1.460074 0)
(50.751254 1.8557754 4.4391774e-20)
(52.521486 2.3176528 3.0110661e-20)
(54.201186 2.8406737 5.3536384e-20)
(55.776438 3.4027869 3.6643907e-24)
(57.231552 3.972255 2.0492395e-21)
(58.558137 4.5198091 5.2314445e-20)
(59.747387 5.0230312 -4.2375188e-20)
(60.781738 5.460303 5.5185818e-22)
(61.631992 5.8229289 -6.1954881e-20)
(62.145541 6.0829637 -5.15815e-20)
(62.220208 6.1361107 0)
(61.545196 5.9390963 -1.4709246e-19)
(60.058564 5.1567632 1.9780663e-19)
(58.787028 4.4831841 -4.5692903e-19)
(57.996381 3.9718606 -4.4457386e-19)
(57.359829 3.4907585 -1.6185445e-18)
(56.800819 3.0151825 7.2633057e-19)
(56.293186 2.5495083 6.4822764e-19)
(55.860992 2.0511485 -5.6203804e-22)
(55.446092 1.6327803 0)
(55.188866 1.0897179 9.0236147e-19)
(54.936359 0.6644178 1.9436929e-22)
(54.481788 0.10821868 -1.7228695e-22)
(52.544231 -0.086040953 0)
(27.261342 0.23925767 5.356761e-20)
(34.408154 0.50369792 7.7629745e-25)
(38.856206 0.6395833 -1.733594e-20)
(41.976348 0.76417243 -7.1655591e-20)
(44.479756 0.92189588 1.1365238e-20)
(46.664537 1.1318348 -8.0855631e-20)
(48.664099 1.4148165 5.6636165e-20)
(50.523068 1.7707983 0)
(52.288373 2.190778 -3.9193267e-20)
(53.972843 2.6726345 3.4173036e-21)
(55.564519 3.1996765 5.2362766e-24)
(57.045433 3.7447434 1.3620997e-19)
(58.402694 4.279575 0)
(59.623905 4.7809937 4.4192051e-20)
(60.688848 5.2270424 0)
(61.567553 5.6035396 9.091405e-25)
(62.116678 5.908406 5.4647564e-20)
(62.230076 5.9649037 8.4442796e-22)
(61.607449 5.818683 -1.1496081e-21)
(60.146576 5.0826281 -1.9343191e-19)
(58.84991 4.4160429 0)
(58.043214 3.9184054 1.2788444e-23)
(57.399243 3.4496914 7.7516645e-19)
(56.835081 2.9844881 6.9654641e-19)
(56.323466 2.5272209 -6.0456031e-22)
(55.886257 2.0360901 0)
(55.468112 1.6227435 0)
(55.208221 1.0840747 -8.6103476e-19)
(27.01254 0.15263241 2.4882433e-20)
(34.155956 0.42038538 -1.0403453e-19)
(38.683551 0.58721154 3.395964e-20)
(41.830809 0.72851847 -2.7348681e-20)
(44.324453 0.88660332 1.0959191e-20)
(46.485417 1.0854314 8.7547104e-21)
(48.45867 1.3447866 -6.2793968e-20)
(50.302839 1.6688943 0)
(52.061011 2.0535265 -3.0695139e-20)
(53.746768 2.4986897 5.2080427e-20)
(55.350649 2.9925511 -8.8119796e-20)
(13.375914 0.67366736 0)
(14.108226 0.39358558 0)
(14.8169 0.29175929 -7.1218048e-18)
(15.410991 0.30743815 6.5862178e-18)
(15.919497 0.29214491 0)
(7.0020104 0.35601363 3.868618e-18)
(12.356505 0.41345589 -1.5710766e-18)
(42.253027 35.716935 2.2316953e-18)
(42.466792 33.778434 0)
(3.3562354 1.0104738 0)
(8.8673017 0.27864954 8.7440708e-18)
(15.75574 -0.09346379 -7.962191e-18)
(20.759536 0.34576587 0)
(4.2830359 0.12736657 -9.0801494e-18)
(10.136019 -0.94205923 4.5840954e-18)
(18.279233 -1.2463863 0)
(26.730872 -1.1213884 3.943284e-18)
(33.417982 -1.3443992 -1.4989199e-18)
(1.4064865 1.9168655 -7.4671654e-18)
(9.9865622 -1.3827843 -5.5259201e-18)
(19.618432 -2.3294699 2.1122092e-18)
(29.648993 -2.1023474 1.7392881e-17)
(35.480485 -1.8111605 -1.4628379e-17)
(38.404633 -0.99943532 3.0086447e-18)
(9.88655 0.74700862 -1.5668607e-17)
(19.849181 -5.0503593 -2.5546967e-18)
(31.48813 -4.5653722 -1.2117558e-17)
(36.709287 -3.5865431 8.0437522e-18)
(39.239943 -2.7445561 -3.2672506e-18)
(41.112982 -1.8915874 7.9072774e-18)
(22.04299 -3.5223704 6.3332088e-18)
(31.868995 -9.3978212 -8.2140947e-18)
(37.262177 -6.8091178 9.1104189e-18)
(40.046039 -5.0563026 -1.8242525e-18)
(42.080655 -3.8766769 0)
(43.74824 -2.747394 0)
(32.657195 -6.8150331 -9.418821e-18)
(37.683692 -11.490907 -1.0609982e-17)
(41.973109 -8.176906 1.0647262e-17)
(44.141826 -6.2035014 1.673759e-18)
(45.595708 -4.6584414 0)
(46.761555 -3.261425 -4.2488435e-18)
(40.53764 -7.7672892 0)
(45.079289 -13.10504 0)
(47.529863 -8.8937532 -3.9933477e-18)
(48.382904 -6.6150703 0)
(49.0786 -4.8472787 3.6347864e-18)
(49.752606 -3.3125004 -9.6639313e-19)
(46.957472 -7.3783193 0)
(50.819805 -12.602751 1.2424746e-18)
(52.153811 -8.2449058 9.049679e-19)
(52.330045 -6.0879293 0)
(52.511583 -4.323584 1.8870552e-21)
(52.761808 -2.8190983 1.7378703e-18)
(53.062824 -5.7672798 0)
(56.745636 -11.039793 -1.1676606e-18)
(56.844067 -7.1563302 8.721714e-19)
(56.243878 -4.8322179 -2.6804762e-18)
(55.847741 -3.1263516 3.1227591e-18)
(55.67062 -1.636031 -8.3234255e-19)
(58.564587 -2.9748924 -2.5356141e-18)
(61.317756 -8.758019 2.2724705e-18)
(60.697465 -4.6999212 -1.6681496e-18)
(59.617628 -2.7801436 1.2618147e-18)
(58.829635 -1.3012543 -4.8753804e-19)
(58.289614 0.033336806 -1.5583143e-18)
(63.49992 0.82646991 2.2112243e-18)
(65.486596 -5.8862111 -2.2168359e-18)
(64.072873 -1.8168936 -1.597632e-18)
(62.525705 -0.20097949 1.1920321e-18)
(61.377937 1.0290176 6.8850701e-19)
(60.534213 2.1615332 -5.4969405e-19)
(67.951991 5.7400296 7.1544771e-19)
(68.620157 -2.0396702 1.6038377e-21)
(66.532217 1.611215 5.7425161e-22)
(64.750802 2.8663973 -2.8278499e-19)
(63.376816 3.8139482 -2.1703682e-19)
(62.309051 4.7065049 5.5937636e-23)
(71.65098 12.172107 -4.1826887e-20)
(71.05583 2.2295859 4.8690952e-19)
(68.232959 5.2933807 -1.8497426e-19)
(66.302596 6.2123171 2.0955795e-22)
(64.782711 6.8999107 2.059822e-19)
(63.558411 7.5450952 1.643353e-19)
(73.135416 14.795935 0)
(72.771861 7.469654 6.0227591e-21)
(69.499769 9.4327762 1.6940653e-19)
(67.302748 9.8011193 -2.4834148e-19)
(65.625507 10.188037 3.8529196e-19)
(64.26994 10.58176 -6.1103155e-19)
(74.356898 16.193408 4.4570248e-19)
(73.418573 11.385876 0)
(70.165284 13.188018 1.6803959e-18)
(67.901752 13.244789 -4.2965539e-19)
(66.056988 13.347513 -3.3649526e-19)
(64.537489 13.498773 0)
(73.272737 21.215382 0)
(73.195223 15.295548 0)
(70.125518 16.769542 2.0471434e-18)
(67.864606 16.361551 -3.8476057e-19)
(65.966621 16.139139 -1.2201825e-18)
(64.389592 16.074824 9.9070354e-19)
(71.933002 25.568359 3.5585411e-18)
(71.698042 20.98607 -3.9348402e-18)
(69.004119 20.749521 -5.6937792e-19)
(66.92702 19.92931 0)
(65.194536 19.34558 0)
(63.705226 19.003509 5.108803e-19)
(70.279612 30.090008 0)
(69.994126 25.374689 0)
(66.874589 25.255377 0)
(64.861084 24.269573 0)
(63.308057 23.400222 0)
(61.988696 22.751986 1.0550647e-18)
(68.010751 34.229281 -3.5373343e-18)
(67.906069 29.309812 -1.9144261e-18)
(64.942355 28.658637 0)
(62.935532 27.386419 0)
(61.380815 26.288283 6.545967e-19)
(60.087573 25.444812 5.0639942e-19)
(65.042442 37.936637 0)
(65.004377 32.900866 -7.5527219e-18)
(62.228454 31.78957 4.8923153e-18)
(60.404036 30.251874 0)
(59.007162 28.899244 -3.166788e-18)
(57.824702 27.845037 4.8749874e-18)
(61.498285 41.138695 5.3356147e-18)
(61.613959 36.025441 1.8589051e-18)
(59.064152 34.491167 0)
(57.447951 32.722599 3.3148399e-18)
(56.242035 31.15421 -2.4559634e-18)
(55.204602 29.914104 -3.7542578e-18)
(57.418894 43.769394 8.9669469e-18)
(57.6537 38.606148 -1.6553386e-17)
(55.438119 36.695014 4.6968639e-18)
(54.100348 34.728499 0)
(53.135339 32.983475 0)
(52.278323 31.590528 9.0311297e-19)
(53.280887 40.616604 1.0919655e-17)
(51.454706 38.350926 -1.1516293e-18)
(50.425263 36.216449 -3.9481623e-18)
(49.732587 34.325523 -1.1645356e-18)
(49.088607 32.810685 -2.6148043e-18)
(47.173731 39.475093 1.1323335e-18)
(46.456827 37.219279 7.7207296e-19)
(46.069612 35.219977 3.4021684e-18)
(45.746324 33.611751 -8.4177397e-19)
(41.729561 32.556433 4.7981482e-21)
(40.675153 31.381006 -1.0243918e-18)
(39.712039 29.991777 1.777714e-18)
(38.926674 28.488236 -7.6542065e-19)
(38.344993 26.907037 1.021125e-20)
(37.9868 25.266441 -7.7760493e-21)
(37.871889 23.619636 0)
(37.998877 22.025315 -2.642279e-19)
(38.343666 20.507758 3.3989961e-19)
(38.876388 19.097048 -1.1836323e-19)
(39.573745 17.760747 0)
(40.402173 16.464122 -1.5149727e-20)
(40.92165 14.448413 -2.7838863e-19)
(41.260912 15.052725 -2.4129729e-19)
(41.797787 12.775178 -3.8670683e-20)
(42.044768 13.378506 2.7963951e-19)
(42.632646 10.542825 1.0701403e-19)
(42.745241 11.124277 -2.3935899e-20)
(43.675905 8.2339195 0)
(43.722299 8.7577402 0)
(44.618319 6.557363 1.8133355e-19)
(44.697125 6.8833274 -3.5085889e-19)
(45.308794 5.7012241 0)
(45.347474 5.9360569 0)
(46.187359 4.739103 -3.4013442e-19)
(46.227633 4.9305065 3.4441125e-19)
(46.818969 4.0477776 6.0734222e-19)
(46.840684 4.1979491 -9.2335296e-19)
(47.572694 3.2994017 -1.5616004e-22)
(47.595009 3.4208561 1.3691819e-18)
(48.138341 2.7423462 -7.1837764e-19)
(48.148195 2.8386976 -9.7050366e-19)
(48.791951 2.1357573 9.5940128e-24)
(48.804555 2.2105975 8.5346901e-19)
(49.247875 1.7217812 -7.4113414e-19)
(49.250079 1.7790684 -1.9792374e-23)
(49.804973 1.2589118 0)
(49.811534 1.302951 6.5347714e-19)
(50.149818 0.93854239 2.831306e-19)
(50.148487 0.96936332 1.1381325e-18)
(50.548795 0.6125342 -2.4658811e-19)
(50.550976 0.6341964 -2.4706598e-19)
(50.773169 0.43029158 1.0658528e-19)
(50.772712 0.44226338 0)
(50.976728 0.22703787 4.5418369e-19)
(50.975758 0.23471714 5.5326635e-20)
(51.042315 0.051939821 -5.2243319e-20)
(51.041002 0.053289197 -5.0277846e-20)
(51.084088 -0.068153266 6.977203e-20)
(51.08206 -0.069740075 -1.3627847e-19)
)
;

boundaryField
{
    Side1
    {
        type            empty;
    }
    Inlet
    {
        type            freestreamVelocity;
        freestreamValue uniform (51.471881 0 0);
        value           nonuniform List<vector> 
92
(
(51.912853 -0.050231533 -1.1101591e-25)
(51.908485 -0.052186823 -2.5820864e-23)
(51.904046 -0.051731172 -4.0602301e-19)
(51.898823 -0.048675767 0)
(51.892913 -0.045966624 4.4710785e-23)
(51.886428 -0.045248452 -1.7578975e-19)
(51.879469 -0.046524558 8.4354287e-23)
(51.872019 -0.050353678 1.6609971e-19)
(51.86412 -0.048488906 0)
(51.85584 -0.045902806 0)
(51.847636 -0.043802003 0)
(51.840875 -0.040530356 0)
(51.827415 -0.047053769 -4.9193016e-24)
(51.816686 -0.035524121 1.9467533e-22)
(51.800603 -0.045039591 0)
(51.779732 -0.040967641 2.5354309e-21)
(51.758182 -0.039960521 -6.5916827e-20)
(51.720922 -0.059454358 0)
(51.686302 -0.052768957 0)
(51.653128 -0.053363479 6.624693e-20)
(51.579669 -0.075895173 -6.230233e-21)
(51.543795 0.03930019 0)
(51.505851 -0.084868588 -2.7635219e-22)
(51.479257 0.072691046 1.3812554e-20)
(51.485152 -0.086840288 -5.7571256e-21)
(51.462601 -0.07531009 0)
(51.386507 -0.083020494 0)
(51.317249 -0.095604585 0)
(51.264992 -0.10696978 1.8699278e-21)
(51.233524 -0.094204118 -1.8222261e-21)
(51.471881 0 0)
(51.471881 0 0)
(51.471881 0 0)
(51.471881 0 0)
(51.471881 0 0)
(51.471881 0 0)
(51.471881 0 0)
(51.471881 0 0)
(51.471881 0 0)
(51.471881 0 0)
(51.471881 0 0)
(51.471881 0 0)
(51.471881 0 0)
(51.471881 0 0)
(51.471881 0 0)
(51.471881 0 0)
(51.471881 0 0)
(51.471881 0 0)
(51.471881 0 0)
(51.471881 0 0)
(51.471881 0 0)
(51.471881 0 0)
(51.471881 0 0)
(51.471881 0 0)
(51.471881 0 0)
(51.471881 0 0)
(51.471881 0 0)
(51.471881 0 0)
(51.471881 0 0)
(51.471881 0 0)
(51.246972 -0.14540872 0)
(51.471881 0 0)
(51.999666 -0.053936044 6.4814888e-21)
(51.995938 -0.049847562 9.3859979e-21)
(51.991685 -0.047783527 -6.5219293e-21)
(51.987535 -0.036220568 -3.7361187e-21)
(51.983657 -0.045405757 -4.8436639e-21)
(51.979341 -0.047455683 5.0322355e-21)
(51.975313 -0.048292037 -1.9977743e-21)
(51.971168 -0.047690236 1.579316e-21)
(51.96745 -0.048941125 0)
(51.964698 -0.052173186 5.4209284e-23)
(51.961982 -0.05401861 -2.6173776e-22)
(51.959544 -0.055378237 0)
(51.957413 -0.055123148 0)
(51.95512 -0.055050188 -4.1891746e-22)
(51.952552 -0.050515604 1.0218171e-21)
(51.948595 -0.067153395 -1.214094e-21)
(51.943921 -0.060012489 0)
(51.939184 -0.06096579 0)
(51.934621 -0.059647295 2.6890147e-20)
(51.930423 -0.058318382 -3.1698198e-20)
(51.926457 -0.055919739 -7.4443629e-20)
(51.922904 -0.051847557 -8.2086296e-20)
(51.920115 -0.048002442 1.6448168e-19)
(51.915926 -0.048130663 3.0444302e-19)
(52.002 -0.038339625 0)
(52.003601 -0.047392564 -2.7786894e-20)
(52.005707 -0.047977564 0)
(52.007545 -0.042979461 0)
(51.471881 0 0)
(51.471881 0 0)
)
;
    }
    Side2
    {
        type            empty;
    }
    Outlet
    {
        type            zeroGradient;
    }
    Botwall
    {
        type            movingWallVelocity;
        value           nonuniform List<vector> 0();
    }
    Cyli
    {
        type            noSlip;
    }
    procBoundary2to0
    {
        type            processor;
        value           nonuniform List<vector> 
55
(
(5.6651215 1.1638481 7.4519817e-18)
(6.148358 1.1755516 -6.9301605e-18)
(6.665899 1.1378545 6.3361031e-18)
(7.2427527 1.0598037 0)
(7.8637761 0.91109722 0)
(1.5485448 0.8215508 -3.9324491e-18)
(4.9870977 0.95965962 0)
(-1.4507223 2.362397 2.5572702e-18)
(2.4437641 1.2173568 2.2304731e-18)
(2.4437641 1.2173568 2.2304731e-18)
(42.737444 40.094738 0)
(42.320027 37.7887 3.0357219e-18)
(42.320027 37.7887 3.0357219e-18)
(38.47637 35.62112 1.0937729e-18)
(38.998489 33.625349 1.6205199e-18)
(-2.7482742 2.5677322 0)
(-2.7482742 2.5677322 0)
(-3.5730051 2.378691 -3.1441366e-18)
(-3.5730051 2.378691 -3.1441366e-18)
(52.888806 45.78075 -1.8135873e-18)
(52.888806 45.78075 -1.8135873e-18)
(48.601596 42.016103 -5.3998594e-18)
(48.601596 42.016103 -5.3998594e-18)
(38.554574 32.214208 -1.2519886e-18)
(37.666935 30.779443 0)
(37.030233 29.208497 0)
(36.586516 27.585824 -7.8296562e-19)
(36.344228 25.932664 1.3403929e-18)
(36.314943 24.278104 -5.58877e-19)
(36.498466 22.66547 0)
(36.880066 21.135324 0)
(37.439677 19.706664 1.1077725e-20)
(38.169093 18.356509 9.7130721e-21)
(39.02721 17.084631 2.7778723e-19)
(39.9739 15.820119 -2.4305085e-19)
(39.9739 15.820119 -2.4305085e-19)
(40.602141 13.885119 2.7826418e-19)
(41.567991 12.226017 -3.7728323e-19)
(42.513955 10.012606 -4.093252e-19)
(43.613332 7.7872524 6.3581406e-19)
(44.532374 6.2894123 -7.3809585e-19)
(45.267442 5.492661 -1.826524e-19)
(46.142209 4.5704966 1.3351288e-18)
(46.794326 3.9134358 -8.9446323e-19)
(47.547462 3.190275 2.6489103e-19)
(48.126488 2.654607 7.0482851e-19)
(48.777576 2.0670556 -8.2831447e-19)
(49.244676 1.6681676 -3.6431117e-19)
(49.797406 1.2173563 0)
(50.151203 0.90866913 0)
(50.545093 0.59163938 1.218966e-19)
(50.773917 0.41828245 -1.0567416e-19)
(50.977648 0.21967095 4.6111678e-19)
(51.043523 0.050749013 -2.6827756e-20)
(51.085666 -0.066055186 3.7451082e-20)
)
;
    }
    procBoundary2to3
    {
        type            processor;
        value           nonuniform List<vector> 
35
(
(54.953488 0.66242732 -1.5192183e-18)
(54.492429 0.11080229 -8.2180262e-23)
(52.548319 -0.091594755 6.0645155e-24)
(56.853762 3.5127942 7.0167739e-20)
(58.239281 4.0334544 1.7611547e-21)
(59.491274 4.5312923 -2.8689299e-21)
(60.586769 4.9845135 -7.542705e-20)
(61.492798 5.3745109 -6.6465145e-20)
(62.08035 5.7141367 5.8636346e-20)
(62.236246 5.7850193 -1.089591e-19)
(61.666938 5.6888169 -1.1472966e-21)
(60.237378 5.0022184 1.4719927e-21)
(58.916207 4.3433946 -1.6641011e-21)
(58.092632 3.8604789 -4.0725169e-19)
(57.440942 3.4051341 0)
(56.871462 2.9510908 0)
(56.355626 2.5030299 0)
(55.913155 2.0198065 1.0478454e-18)
(55.491577 1.6118793 -4.5270322e-22)
(54.953488 0.66242732 -1.5192183e-18)
(55.228966 1.0779545 8.2055326e-19)
(26.791829 0.013314489 9.229228e-20)
(16.411934 0.20772328 5.5998578e-18)
(33.882212 0.2744198 -7.7757831e-20)
(38.487806 0.47147156 3.2012035e-20)
(41.670669 0.63705508 -1.3011655e-20)
(44.162595 0.80575617 -3.1595286e-20)
(46.305778 1.0029145 -8.5018832e-20)
(48.257308 1.2478895 6.843249e-21)
(50.087053 1.5482344 5.4906605e-21)
(51.837002 1.9040567 -4.3893968e-20)
(53.521781 2.3172641 5.9609544e-20)
(56.853762 3.5127942 7.0167739e-20)
(55.134536 2.7803802 -4.4856247e-20)
(16.411934 0.20772328 5.5998578e-18)
)
;
    }
}


// ************************************************************************* //
