/*--------------------------------*- C++ -*----------------------------------*\
| =========                 |                                                 |
| \\      /  F ield         | OpenFOAM: The Open Source CFD Toolbox           |
|  \\    /   O peration     | Version:  2406                                  |
|   \\  /    A nd           | Website:  www.openfoam.com                      |
|    \\/     M anipulation  |                                                 |
\*---------------------------------------------------------------------------*/
FoamFile
{
    version     2.0;
    format      ascii;
    arch        "LSB;label=32;scalar=64";
    class       volVectorField;
    location    "0.04";
    object      U;
}
// * * * * * * * * * * * * * * * * * * * * * * * * * * * * * * * * * * * * * //

dimensions      [0 1 -1 0 0 0 0];

internalField   nonuniform List<vector> 
2065
(
(39.141877 3.3333494 1.828619e-20)
(39.528102 3.2774169 -3.3920645e-20)
(39.840818 3.2893861 0)
(40.05722 3.3518366 3.7192386e-18)
(40.14906 3.4606127 -6.413093e-18)
(40.116344 3.5456211 5.776408e-18)
(39.969232 3.627564 -2.8521672e-18)
(39.658261 3.668182 -2.7423713e-18)
(39.229004 3.6224332 2.5353481e-18)
(38.689111 3.4826423 1.8321494e-20)
(38.06492 3.2416006 -3.389528e-20)
(37.396217 2.8929512 -2.0387991e-18)
(36.735965 2.4577595 3.6839648e-18)
(36.166121 1.9935742 -3.41183e-18)
(35.745358 1.5746358 3.2382559e-18)
(35.501276 1.3036754 -1.4785131e-18)
(35.440241 1.2941109 -4.1754753e-20)
(35.501908 1.6057915 0)
(35.515937 2.3145883 1.130779e-18)
(35.33703 3.0574761 -1.1134106e-18)
(34.855593 3.8026798 0)
(34.038143 4.3179834 -5.9509565e-20)
(32.941842 4.5414554 -5.5041517e-20)
(31.644327 4.4643042 -7.1474157e-19)
(30.224434 4.0871261 8.049619e-19)
(28.842726 3.3752204 0)
(27.723957 2.310363 -8.0436648e-20)
(26.99756 1.1243446 7.4243772e-20)
(26.720462 0.19360644 0)
(26.802356 -0.32622065 0)
(27.329807 -0.45984678 0)
(27.939572 -0.061363992 -1.1911319e-19)
(28.188363 0.63285543 0)
(28.119037 1.2308357 -1.0767778e-19)
(27.857961 1.2523896 0)
(27.689427 0.75009219 0)
(27.702538 0.23764387 0)
(27.921441 -0.06341586 4.7249128e-19)
(28.365898 -0.098462116 4.5265989e-19)
(28.767849 0.055429563 1.4067886e-19)
(29.19032 0.12923304 -2.5704117e-19)
(29.672732 0.021528224 3.4355541e-19)
(30.211357 -0.10247204 -9.4399421e-20)
(30.828047 -0.13070157 1.9585963e-19)
(31.46653 -0.14440223 -1.7873072e-19)
(32.147935 -0.16812915 1.6245812e-19)
(32.84014 -0.19624912 8.8381671e-19)
(33.563887 -0.20915443 -4.0220934e-19)
(34.266046 -0.22253552 0)
(34.999561 -0.21336591 0)
(35.654809 -0.22346577 5.1282175e-20)
(36.414246 -0.21891963 -7.0715973e-21)
(37.054886 -0.20015131 1.4677175e-22)
(37.769272 -0.19214956 -1.2192792e-23)
(38.256592 -0.20480181 5.6368514e-20)
(39.100716 -0.18077284 -5.7903432e-19)
(39.445232 -0.18052545 -5.2237158e-19)
(40.460052 -0.13359629 0)
(31.771025 2.715332 -8.563744e-21)
(32.746922 2.8537412 1.8069765e-20)
(33.548172 3.0241721 4.26711e-18)
(34.166751 3.2236404 -3.9191015e-18)
(34.592003 3.4234372 -1.4161759e-20)
(34.838417 3.5954422 0)
(34.865663 3.7399927 -1.1296589e-20)
(34.758076 3.7938039 2.0621528e-20)
(34.475833 3.7494397 0)
(34.043759 3.6001504 -3.7325632e-20)
(33.516552 3.33501 3.4320558e-20)
(32.949247 2.9475796 0)
(32.416381 2.4697087 2.9032812e-20)
(32.019186 1.9681829 -2.6769024e-20)
(31.80381 1.517571 -2.3995427e-20)
(31.8094 1.2768905 0)
(32.010109 1.2760341 1.3911795e-18)
(32.35874 1.697766 3.9979598e-20)
(32.649723 2.4341102 -1.184647e-18)
(32.708966 3.2829765 1.0788598e-18)
(32.472696 3.9975732 -1.9883849e-18)
(31.886591 4.5234656 1.8714844e-18)
(30.990917 4.7307769 -1.6821312e-18)
(29.873015 4.624144 8.5323671e-19)
(28.623428 4.2019152 -4.6461045e-20)
(27.421489 3.4191753 0)
(26.478545 2.2835518 7.8941665e-20)
(25.888978 1.0602443 -7.3109156e-20)
(25.691111 0.12613443 0)
(25.831235 -0.39568012 5.0762131e-19)
(26.434848 -0.5106742 -9.7437675e-19)
(27.081758 -0.062737147 4.7100396e-19)
(27.414246 0.66091576 0)
(27.46919 1.2595147 1.0574998e-19)
(27.385242 1.2463752 -3.8751082e-19)
(27.35097 0.72078964 3.5222031e-19)
(27.436664 0.20392867 0)
(27.734031 -0.098766019 0)
(28.226217 -0.12645384 -4.4146582e-19)
(28.70341 0.031614813 4.1086452e-19)
(29.214468 0.10067465 -2.5032415e-19)
(29.77134 -0.0082075287 -1.9506163e-19)
(30.364338 -0.13367377 0)
(31.017382 -0.15896405 0)
(31.685028 -0.17136102 0)
(32.386288 -0.19392744 -3.1845111e-19)
(33.089942 -0.22064821 -4.3474124e-19)
(33.816331 -0.23165187 -2.6468686e-19)
(34.518449 -0.24344825 3.6331792e-19)
(35.244546 -0.23244761 -1.1112107e-19)
(35.897328 -0.24238866 0)
(36.641161 -0.23587718 -5.7136541e-20)
(37.271985 -0.2150766 0)
(37.973643 -0.20735828 2.8432801e-19)
(38.452348 -0.22108254 1.8880967e-20)
(39.279176 -0.19503763 2.6482856e-19)
(39.618495 -0.19539168 5.2654862e-19)
(40.615167 -0.14387732 0)
(18.916449 1.2026348 5.4778427e-18)
(20.680712 1.548786 -5.0290403e-18)
(22.348417 1.9374849 -4.6413039e-18)
(23.860577 2.3515392 4.2935613e-18)
(25.177356 2.7520756 -7.7093058e-21)
(26.26398 3.1223234 -1.4187771e-20)
(27.104889 3.4444787 0)
(27.656868 3.6738683 2.3973121e-20)
(27.983358 3.8084666 -2.8280386e-18)
(28.066952 3.7933821 2.4741399e-18)
(27.987919 3.6783458 1.7660711e-20)
(27.773019 3.3981174 0)
(27.505369 2.9671498 0)
(27.287977 2.4376525 -1.4255534e-20)
(27.220561 1.8760756 -1.6317854e-18)
(27.320576 1.4457313 3.0088731e-18)
(27.65893 1.1612072 -1.4201578e-18)
(28.223888 1.2014794 3.4618148e-25)
(28.875713 1.6918922 -1.3077324e-18)
(29.476064 2.4968464 1.1291679e-18)
(29.847617 3.3732029 6.7708298e-20)
(29.867563 4.1699029 0)
(29.564529 4.6764949 0)
(28.918802 4.8951604 -2.6512892e-20)
(28.016067 4.7712096 -8.3418802e-19)
(26.972109 4.3100132 4.4991076e-20)
(25.977408 3.4620402 6.6797876e-19)
(25.224029 2.2638703 3.853531e-20)
(24.773405 1.0086317 -5.7262331e-19)
(24.656868 0.066802148 5.3105342e-19)
(24.865866 -0.46868614 6.2454467e-20)
(25.548069 -0.56909064 0)
(26.235474 -0.078874004 5.1987799e-19)
(26.66537 0.67789114 -4.9742478e-19)
(26.870375 1.2668414 -4.1407364e-19)
(26.960742 1.2268761 -6.4761317e-23)
(27.055882 0.69309981 -4.2272192e-23)
(27.227202 0.164714 3.1702704e-19)
(27.608636 -0.13721599 2.9976468e-19)
(28.148124 -0.15924848 -5.6780386e-19)
(28.698763 0.0015344939 2.6386959e-19)
(29.291181 0.066901076 2.4119941e-19)
(29.914118 -0.041402261 -2.1942494e-19)
(30.553897 -0.16742678 0)
(31.237405 -0.1896675 -9.179915e-20)
(31.928621 -0.20035574 -1.9052296e-23)
(32.644672 -0.22116871 -1.5349178e-19)
(33.355834 -0.24598955 2.7982323e-19)
(34.081957 -0.25475536 2.5590457e-19)
(34.781805 -0.26470162 -3.5176995e-19)
(35.498873 -0.25170219 -1.6156239e-19)
(36.147586 -0.26127839 1.4873054e-19)
(36.874613 -0.25257365 5.1975572e-20)
(37.494821 -0.2299326 4.0197472e-21)
(38.18299 -0.22259396 -3.1586708e-19)
(38.652225 -0.23745521 3.6708869e-20)
(39.460898 -0.20945901 2.5770727e-19)
(39.794494 -0.21029628 2.7244482e-19)
(40.772348 -0.15395439 0)
(7.9074102 -0.47955369 1.0391789e-20)
(9.2415392 -0.15764501 0)
(10.746912 0.25406799 -9.2780425e-21)
(12.424398 0.79257457 -8.6780345e-21)
(14.063488 1.3637461 -8.0384183e-21)
(15.646794 1.9311118 7.4339765e-21)
(17.113452 2.4811845 2.0592e-20)
(18.406324 2.970408 0)
(19.453893 3.3468473 2.9702846e-18)
(20.265652 3.5830964 -2.7276657e-18)
(20.824215 3.667181 -2.5032612e-18)
(21.192686 3.5817047 2.2931084e-18)
(21.422708 3.3016678 -8.2388573e-21)
(21.591929 2.8466597 -1.5099168e-20)
(21.796785 2.2818991 1.3856665e-20)
(22.114056 1.7060865 1.6352611e-18)
(22.600459 1.2118011 1.2078325e-20)
(23.313108 0.93753152 -1.3928847e-18)
(24.19283 1.0377843 1.2901965e-18)
(25.156918 1.5968793 -1.1881403e-18)
(26.077495 2.4709608 0)
(26.778318 3.4151424 -3.3258593e-20)
(27.126164 4.2498771 -9.8328433e-19)
(27.091567 4.8021719 9.1854093e-19)
(26.754872 5.0216694 5.1320319e-20)
(26.103744 4.8937663 -7.9174401e-19)
(25.298855 4.3965147 -4.4531022e-20)
(24.534579 3.4873676 6.3220543e-19)
(23.981531 2.2342884 -7.5456904e-20)
(23.671827 0.95363853 -3.5122785e-20)
(23.640348 0.001463551 -5.5478928e-19)
(23.937155 -0.54972111 -6.1624461e-20)
(24.689493 -0.63591346 2.9498559e-20)
(25.422645 -0.10603962 3.9688157e-19)
(25.962696 0.67715565 -1.1056672e-24)
(26.330904 1.25733 0)
(26.596479 1.1975598 3.6778084e-19)
(26.818686 0.65410951 4.0092099e-23)
(27.085404 0.12419834 -3.8521443e-19)
(27.549877 -0.1792691 0)
(28.137103 -0.19665153 0)
(28.755869 -0.034203794 0)
(29.42021 0.028337524 -1.7449032e-19)
(30.099872 -0.081822074 1.0578591e-19)
(30.778473 -0.20274394 5.80109e-20)
(31.486092 -0.22249526 6.9384516e-25)
(32.195463 -0.23108076 2.4338499e-19)
(32.921571 -0.24964975 -1.4829928e-19)
(33.636649 -0.27215333 6.7702532e-20)
(34.359831 -0.27840536 -1.2401349e-19)
(35.055299 -0.28627827 2.2758279e-19)
(35.761905 -0.27116008 1.0465222e-19)
(36.404965 -0.28017706 -1.9281997e-19)
(37.114145 -0.26900099 5.4427991e-21)
(37.72302 -0.24473491 1.146171e-21)
(38.396905 -0.23766188 -3.8451456e-20)
(38.85587 -0.25363385 0)
(39.64558 -0.223733 0)
(39.972995 -0.22497013 -2.5015714e-19)
(40.931428 -0.16392428 0)
(3.6196011 -1.3206203 3.454232e-18)
(4.3625732 -1.0384686 -1.7670612e-18)
(5.2254395 -0.65389011 0)
(6.1913182 -0.10070705 0)
(7.3145087 0.49585787 -3.8521257e-18)
(8.5225308 1.124453 3.0075085e-21)
(9.7663469 1.7591407 6.64553e-18)
(10.99266 2.348912 -3.0799123e-18)
(12.129426 2.8325722 2.8449408e-18)
(13.137329 3.17125 -2.6261549e-18)
(13.988694 3.3264568 -9.4168901e-21)
(14.703059 3.2806707 8.6459399e-21)
(15.310871 3.0132397 7.9331598e-21)
(15.870073 2.5491967 2.1853538e-20)
(16.449394 1.9679005 1.7235038e-18)
(17.115396 1.3668674 -1.5877821e-18)
(17.936114 0.86507145 1.4624858e-18)
(18.942713 0.61683185 2.1017662e-22)
(20.08409 0.77436989 1.0278142e-20)
(21.325923 1.4047519 -1.2233549e-18)
(22.54903 2.3489098 1.1256315e-18)
(23.581268 3.3676532 1.6882762e-20)
(24.274669 4.2601413 -9.6448616e-19)
(24.568477 4.859157 -2.733849e-20)
(24.513327 5.0971918 -2.490195e-20)
(24.175643 4.9773053 2.3249439e-20)
(23.635639 4.4474449 -6.9292683e-19)
(23.120257 3.4859186 6.3937862e-19)
(22.776461 2.1891037 -5.5567031e-19)
(22.609958 0.87953349 3.4184805e-20)
(22.669291 -0.061894689 5.4280337e-19)
(23.082075 -0.64304665 -3.0416015e-20)
(23.882343 -0.71173355 2.9136226e-25)
(24.668445 -0.14645301 2.7847626e-20)
(25.327588 0.65679301 5.2832686e-20)
(25.864114 1.2295239 3.9280557e-19)
(26.301928 1.1553353 5.5005576e-23)
(26.650876 0.60736976 -6.5121282e-19)
(27.019166 0.077036201 7.4835843e-20)
(27.561609 -0.22667138 2.8096074e-19)
(28.195893 -0.23919796 -2.6492471e-19)
(28.874419 -0.075530479 5.5279825e-19)
(29.599936 -0.014791555 -2.8088306e-19)
(30.326065 -0.12358645 -5.1100272e-20)
(31.035524 -0.23987012 -6.4940285e-20)
(31.761247 -0.25698425 4.274241e-19)
(32.483693 -0.26303503 -3.9244326e-19)
(33.215459 -0.27892655 7.1834408e-20)
(33.931198 -0.29878731 -6.5693043e-20)
(34.648973 -0.30232175 0)
(35.338079 -0.307958 0)
(36.032964 -0.29065554 5.0946851e-20)
(36.668839 -0.29896965 4.6964834e-20)
(37.359285 -0.28512563 4.0698764e-21)
(37.956179 -0.25946295 -1.6686748e-21)
(38.615015 -0.25250204 -9.3822525e-20)
(39.062978 -0.26952819 3.4921538e-20)
(39.832972 -0.2377493 -1.6352516e-20)
(40.153817 -0.23937148 -3.8192841e-21)
(41.092237 -0.17373239 5.2881772e-23)
(0.90031755 -1.9018081 -4.8603641e-18)
(1.1953183 -1.6396057 9.1172055e-18)
(1.5433836 -1.3055569 0)
(1.9171455 -0.96003005 -3.2709109e-18)
(2.3833107 -0.51587898 0)
(2.9907715 0.009203829 0)
(3.7173665 0.59205468 -3.2482778e-21)
(4.5520509 1.205124 3.0494195e-21)
(5.4898326 1.803705 2.845451e-21)
(6.447642 2.3116555 0)
(7.3887501 2.682395 2.5064675e-18)
(8.2874167 2.8706269 5.3666076e-21)
(9.1388086 2.8435931 -4.2456907e-18)
(9.9511133 2.5817027 3.9089837e-18)
(10.7458 2.1160801 -9.9242435e-21)
(11.565022 1.529193 -3.3356082e-18)
(12.464091 0.9207466 1.546268e-18)
(13.502549 0.42527281 -5.6285508e-21)
(14.702527 0.21002889 -1.0524055e-20)
(16.040426 0.42427471 -4.9336135e-21)
(17.507645 1.1170169 0)
(18.999548 2.126361 0)
(20.349288 3.2199197 -1.6034729e-20)
(21.387632 4.1853856 -7.3992919e-21)
(22.029425 4.8335687 0)
(22.289762 5.1156079 0)
(22.254559 5.0035178 0)
(22.017541 4.4603507 0)
(21.765716 3.4542139 1.9635484e-20)
(21.636382 2.1262479 0)
(21.616342 0.80616783 0)
(21.786309 -0.14676441 0)
(22.330723 -0.74744046 -4.5067328e-19)
(23.15707 -0.79621362 -2.8727785e-20)
(24.000371 -0.20207245 -1.3753077e-20)
(24.781149 0.61573158 4.1377719e-19)
(25.484043 1.1821566 -3.8342194e-19)
(26.087192 1.099433 3.4913968e-19)
(26.561646 0.55263602 3.1729652e-19)
(27.032179 0.022977382 -5.8265423e-19)
(27.646097 -0.27930982 2.3796765e-19)
(28.32402 -0.28657988 0)
(29.052112 -0.12193529 -8.9067555e-20)
(29.827572 -0.061920714 -2.6920215e-20)
(30.589987 -0.1674937 -4.9464869e-20)
(31.322536 -0.27860218 0)
(32.060624 -0.29278883 0)
(32.79145 -0.29590213 7.6109614e-20)
(33.524863 -0.3087276 -3.4868058e-20)
(34.238284 -0.32567367 9.5802116e-20)
(34.948424 -0.32632822 -5.8648834e-20)
(35.629335 -0.32960133 0)
(36.311348 -0.31007162 -4.9704191e-20)
(36.938604 -0.31756468 6.0737158e-24)
(37.60955 -0.30090752 -2.4666328e-21)
(38.193876 -0.27407702 1.0679467e-21)
(38.836942 -0.26709047 5.157143e-24)
(39.27325 -0.28511909 -6.8280778e-20)
(40.022833 -0.25149236 -7.9934752e-21)
(40.336783 -0.25350313 -7.4717434e-21)
(41.254635 -0.18336165 0)
(-0.77446537 -2.2569619 3.2533224e-18)
(-0.6699946 -1.9774975 -7.6412055e-18)
(-0.5901434 -1.7001621 -1.0531067e-21)
(-0.51158358 -1.3999229 -5.2519099e-23)
(-0.41167148 -1.0641807 3.8100979e-18)
(-0.25174555 -0.66468728 0)
(-0.0017120394 -0.19844473 -3.3858609e-18)
(0.3624987 0.32075305 3.1707149e-18)
(0.84232212 0.86649574 2.9540507e-18)
(1.4718754 1.4040785 -5.5173607e-18)
(2.1757003 1.8787348 -7.2664186e-22)
(2.9324602 2.2270271 -5.4172775e-21)
(3.7347071 2.3999898 2.1974134e-18)
(4.5688581 2.3571733 -2.0398386e-18)
(5.4312266 2.0848268 1.8834658e-18)
(6.3106961 1.614387 -1.7449977e-18)
(7.2331901 1.0238828 3.2478333e-18)
(8.2480129 0.41369269 -3.028724e-18)
(9.392758 -0.072772299 1.4234158e-18)
(10.706568 -0.25845045 -1.326063e-18)
(12.184323 0.0010262119 2.4822406e-18)
(13.826367 0.74030521 -2.3300186e-18)
(15.546932 1.8043931 1.0825695e-18)
(17.187157 2.9697825 -3.9382314e-21)
(18.553668 4.0155601 -9.2326893e-19)
(19.53689 4.7326326 8.5554577e-19)
(20.12555 5.0649582 6.1490004e-21)
(20.409314 4.9662966 0)
(20.474935 4.4290018 0)
(20.504209 3.3906162 -6.1851179e-19)
(20.5908 2.0250258 -9.0034767e-21)
(20.723954 0.74159942 5.2998806e-19)
(21.042295 -0.2476087 7.8218859e-21)
(21.708376 -0.86133824 4.8181794e-19)
(22.549084 -0.88883969 -9.0242445e-19)
(23.446442 -0.2738123 8.4644309e-19)
(24.343275 0.55354711 -4.0532404e-19)
(25.203786 1.1153144 -3.7464746e-19)
(25.961249 1.0302958 3.4089373e-19)
(26.557199 0.48944328 9.6563546e-21)
(27.125237 -0.037436661 -1.4181281e-19)
(27.801944 -0.3365573 1.6451018e-20)
(28.518276 -0.338296 1.2378717e-19)
(29.285221 -0.17265846 2.8743532e-20)
(30.099489 -0.11242813 2.4662954e-20)
(30.888618 -0.21354168 1.1994388e-19)
(31.636936 -0.31857718 -5.667702e-20)
(32.381967 -0.32960527 -2.0089313e-20)
(33.116862 -0.32943617 7.3957185e-20)
(33.848323 -0.3388559 -1.6971833e-20)
(34.55666 -0.35265823 3.1113759e-20)
(35.257237 -0.35030815 -2.8593744e-20)
(35.928241 -0.35111659 5.2656562e-20)
(36.596314 -0.32933062 2.4290779e-20)
(37.213646 -0.33589563 -2.2418036e-20)
(37.864467 -0.31633563 1.7618859e-21)
(38.435667 -0.28852884 0)
(39.06231 -0.28139789 5.3869658e-20)
(39.486396 -0.30038775 1.671889e-20)
(40.214942 -0.26495461 0)
(40.5217 -0.26732055 -5.8564611e-20)
(41.418497 -0.1927999 0)
(-1.8724756 -2.1284802 5.5576995e-22)
(-1.969109 -1.8416181 -4.3029307e-18)
(-2.0711974 -1.5633649 4.0589126e-18)
(-2.1686492 -1.2778587 -3.8355767e-18)
(-2.2435278 -0.96848247 0)
(-2.2734103 -0.61691025 -3.4252318e-18)
(-2.2363355 -0.21434701 6.4550941e-18)
(-2.1015016 0.23081484 -3.0176142e-18)
(-1.8697278 0.69317799 6.8499919e-22)
(-1.5472289 1.147055 -1.2822411e-21)
(-1.0946762 1.5541378 2.4496197e-18)
(-0.5435674 1.8460769 -2.2817205e-18)
(0.099367734 1.9646604 -2.1206158e-18)
(0.82866521 1.8756703 3.942814e-18)
(1.6613665 1.5796122 -1.8314891e-18)
(2.5238119 1.0992008 0)
(3.4550115 0.50317405 0)
(4.5082842 -0.11767074 -1.4877698e-18)
(5.6852636 -0.60217145 2.7828216e-18)
(7.0579868 -0.77185116 -1.3074157e-18)
(8.6333206 -0.48492129 -2.3950495e-21)
(10.406241 0.28352017 0)
(12.307719 1.3886329 4.177717e-21)
(14.198607 2.6201284 -4.9197197e-19)
(15.861595 3.7509022 4.5734688e-19)
(17.162579 4.548073 -4.2449842e-19)
(18.073537 4.9419329 7.6885707e-19)
(18.672238 4.8870418 -3.5978599e-19)
(19.056976 4.3376559 0)
(19.365911 3.291668 3.0120439e-19)
(19.667823 1.9417763 -5.6028258e-19)
(19.984023 0.62875185 2.6934313e-19)
(20.480021 -0.36894749 -1.1612846e-20)
(21.236969 -0.98098168 -7.2777537e-21)
(22.091026 -0.98948531 -6.9160491e-21)
(23.032494 -0.3614674 -6.5899016e-21)
(24.031261 0.47085699 6.2049686e-21)
(25.033892 1.0300077 5.723128e-21)
(25.930498 0.94844889 -1.6100763e-19)
(26.639324 0.41871196 1.3190908e-19)
(27.29637 -0.10338494 1.3812701e-19)
(28.025247 -0.39771025 -2.4771295e-19)
(28.773557 -0.39369642 1.198582e-19)
(29.569099 -0.22690051 -6.9680597e-21)
(30.4115 -0.16546474 0)
(31.218698 -0.26107777 -2.3313881e-20)
(31.976071 -0.35944287 4.985599e-20)
(32.723027 -0.36713124 -6.8398814e-20)
(33.45807 -0.36339939 8.102682e-20)
(34.184374 -0.36912325 -8.2704431e-20)
(34.885087 -0.37959769 4.5545815e-20)
(35.574421 -0.37415324 -1.3974604e-19)
(36.233944 -0.37241936 5.1497735e-20)
(36.8871 -0.34836365 -2.3776599e-20)
(37.493335 -0.35390442 -2.0789785e-24)
(38.123525 -0.33140336 -2.2194573e-21)
(38.681087 -0.3027716 0)
(39.290738 -0.2953938 1.7602227e-20)
(39.702127 -0.31531046 5.7365788e-20)
(40.409082 -0.27812179 -3.0717333e-20)
(40.708387 -0.28082262 2.5130376e-20)
(41.583698 -0.20203989 -4.6068732e-23)
(-2.7768368 -1.7916874 4.3827293e-18)
(-3.006643 -1.5248738 -2.0612516e-18)
(-3.2361132 -1.272433 -2.377469e-22)
(-3.4585485 -1.0190925 1.8441741e-18)
(-3.6625209 -0.74968507 -1.7461571e-18)
(-3.8328993 -0.44948594 0)
(-3.9518259 -0.10874837 1.541886e-18)
(-3.9949345 0.24191897 -1.4505838e-18)
(-3.9431208 0.64094064 -6.7059561e-22)
(-3.7903094 1.0172772 0)
(-3.5201303 1.3447852 1.1982366e-18)
(-3.1479863 1.5648961 -1.1148142e-18)
(-2.6791434 1.6158201 0)
(-2.1201389 1.4667071 -9.6370248e-19)
(-1.4593329 1.1161906 8.989518e-19)
(-0.66415849 0.60793227 -8.4220685e-19)
(0.26759603 -0.023102291 7.871002e-19)
(1.3383963 -0.64862519 7.3295277e-19)
(2.5296049 -1.1345918 -1.3659255e-18)
(3.8878765 -1.3124176 6.4222841e-19)
(5.5049444 -1.0232285 6.0761783e-19)
(7.3632172 -0.24163832 -5.6553857e-19)
(9.3911042 0.88996846 5.2583229e-19)
(11.47706 2.1789945 2.5340851e-22)
(13.39113 3.3966771 -9.0171063e-19)
(14.975427 4.2811665 4.1841762e-19)
(16.19537 4.7472942 -1.4938435e-21)
(17.099391 4.7346914 2.7569206e-21)
(17.79535 4.2036525 0)
(18.382626 3.1609912 -2.9832235e-19)
(18.916208 1.8141761 2.8158043e-19)
(19.439569 0.50641536 -4.0895956e-21)
(20.110765 -0.49703918 -2.3948983e-19)
(20.945322 -1.106734 2.2592895e-19)
(21.81128 -1.0972885 6.7585466e-21)
(22.779561 -0.46337354 9.6751192e-21)
(23.857837 0.3694375 -6.0767247e-21)
(24.980865 0.92749426 -1.8429169e-19)
(25.99625 0.85655293 1.5739479e-19)
(26.808057 0.3405083 9.2138536e-21)
(27.541183 -0.17389772 4.2073128e-21)
(28.310722 -0.4619593 7.7677058e-21)
(29.083651 -0.45207086 0)
(29.89858 -0.283895 6.7682429e-21)
(30.759364 -0.22036285 0)
(31.576866 -0.30957942 0)
(32.33724 -0.40089475 9.8535429e-20)
(33.081578 -0.40506782 -6.6669532e-20)
(33.813238 -0.39755952 -8.7854029e-21)
(34.531535 -0.39934534 0)
(35.222345 -0.40635302 4.4536611e-20)
(35.898925 -0.39775551 -2.7359589e-20)
(36.545562 -0.39342548 0)
(37.182924 -0.36710267 0)
(37.77702 -0.37153586 1.0766314e-20)
(38.386171 -0.34608752 6.7555612e-22)
(38.929654 -0.31676503 2.4761935e-21)
(39.521836 -0.30904869 1.7278764e-20)
(39.920147 -0.3298641 -1.6086324e-20)
(40.605045 -0.29097797 7.540573e-21)
(40.896664 -0.29400278 2.64334e-20)
(41.750098 -0.21107115 -2.3943588e-22)
(-3.1325211 -1.5785111 -3.2098155e-22)
(-3.4804246 -1.3221363 2.12292e-18)
(-3.8097818 -1.0947146 -2.4424324e-22)
(-4.1334195 -0.88025288 1.8944717e-18)
(-4.4490268 -0.6659361 3.8835962e-23)
(-4.7503636 -0.43979027 5.7188228e-23)
(-5.0270984 -0.1920438 -1.6114641e-18)
(-5.2638562 0.081143219 0)
(-5.4468739 0.37815239 -1.4286633e-18)
(-5.5521182 0.68990852 1.3251421e-18)
(-5.5660796 0.96793973 1.5228904e-22)
(-5.4727267 1.2191223 -1.1818907e-18)
(-5.2721918 1.3604601 -5.6039826e-22)
(-4.9518972 1.3377334 2.0574026e-18)
(-4.4979649 1.1277857 -9.5736682e-19)
(-3.9378784 0.72021793 0)
(-3.2275651 0.14691926 8.3689657e-19)
(-2.3378877 -0.5298167 2.7501754e-22)
(-1.3024513 -1.1789052 -7.2987339e-19)
(-0.030310598 -1.6743327 -6.6514891e-22)
(1.3660834 -1.8525259 -3.1087589e-22)
(2.9502567 -1.5849281 5.9243511e-19)
(4.7968079 -0.8192796 -5.5682833e-19)
(6.8902403 0.32478355 1.0148295e-21)
(9.1024145 1.6590505 0)
(11.211682 2.9615207 4.4591365e-19)
(13.036189 3.9360873 -8.2048642e-19)
(14.538695 4.481494 3.7985955e-19)
(15.738445 4.5225912 3.4912935e-19)
(16.727877 4.0206439 -3.2393031e-19)
(17.591962 2.9941242 0)
(18.371751 1.6608207 2.7873387e-19)
(19.113432 0.36365236 -2.5806898e-19)
(19.947258 -0.638505 -2.3907064e-19)
(20.846226 -1.2357995 2.2589283e-19)
(21.720142 -1.2094413 2.1270353e-19)
(22.697683 -0.57621875 -3.1192043e-21)
(23.829081 0.25193618 -1.9020139e-19)
(25.045285 0.81215381 0)
(26.159527 0.75419744 1.2455582e-21)
(27.058411 0.25658057 0)
(27.853489 -0.24779972 -4.1057515e-21)
(28.652256 -0.52845301 -6.0521108e-20)
(29.441995 -0.51269588 5.6443352e-20)
(30.268275 -0.34292221 0)
(31.138787 -0.27639951 0)
(31.959711 -0.35847488 4.4288404e-20)
(32.717687 -0.44274867 -5.0645014e-21)
(33.45543 -0.44312765 -3.720532e-20)
(34.180538 -0.43169562 -3.2199686e-20)
(34.888307 -0.42934882 3.1617765e-20)
(35.567204 -0.43279083 -2.544106e-20)
(36.229662 -0.42101271 6.9034226e-24)
(36.862188 -0.41405477 2.4738057e-20)
(37.482985 -0.38548261 0)
(38.064032 -0.38873859 -1.0572131e-20)
(38.651843 -0.36037152 -2.0074039e-21)
(39.180866 -0.33049372 -4.5671549e-22)
(39.755212 -0.32233528 8.4887736e-21)
(40.140155 -0.34402819 -3.9528125e-21)
(40.80263 -0.3035076 1.4816741e-20)
(41.086358 -0.30685057 0)
(41.917602 -0.21988469 3.5886584e-22)
(-3.5558284 -0.95092297 1.1059711e-18)
(-3.9778149 -0.75687429 1.0396265e-18)
(-4.379654 -0.58146669 -9.8196516e-19)
(-4.7712464 -0.41263329 9.3094318e-19)
(-5.1542213 -0.24101861 -1.7675371e-18)
(-5.5264273 -0.058564064 8.3849172e-19)
(-5.8815061 0.14032795 7.9428085e-19)
(-6.2085043 0.35648414 -7.5067621e-19)
(-6.4933262 0.58423965 0)
(-6.7155926 0.81727822 0)
(-6.8554395 1.0267344 -2.246449e-22)
(-6.8983544 1.1820076 0)
(-6.8388283 1.2462743 2.6750843e-22)
(-6.6583295 1.1360797 5.1219549e-19)
(-6.3218101 0.84637609 3.8830191e-22)
(-5.834453 0.36669769 -4.4613777e-19)
(-5.1691945 -0.27646514 -4.1645938e-19)
(-4.3124188 -1.0060619 3.8928567e-19)
(-3.2778973 -1.705796 0)
(-2.0258621 -2.2320554 0)
(-0.6282169 -2.4232541 1.5471959e-22)
(1.0287324 -2.1532826 -5.7420408e-22)
(2.8244968 -1.4159701 -2.7340697e-19)
(4.8773923 -0.28858477 5.1245647e-19)
(7.1403657 1.0773768 1.208801e-22)
(9.3842189 2.4567755 -2.208505e-19)
(11.39898 3.5197904 -2.0419452e-19)
(13.147981 4.148055 3.7578641e-19)
(14.620356 4.252134 7.4500728e-22)
(15.89028 3.7888575 -3.220408e-19)
(17.028114 2.7901406 1.491859e-19)
(18.059263 1.4807953 -1.3790186e-19)
(19.013786 0.19994296 1.2711547e-19)
(19.986458 -0.79211086 1.1753616e-19)
(20.936978 -1.3695567 -1.1062653e-19)
(21.814278 -1.3271576 1.0296832e-19)
(22.785425 -0.6983656 -1.9776491e-19)
(23.942994 0.12248064 9.3024225e-20)
(25.225263 0.68429381 8.5391661e-20)
(26.416356 0.64446859 -1.5744182e-19)
(27.383692 0.16837617 7.0541904e-20)
(28.226216 -0.32386164 6.4197724e-20)
(29.043334 -0.59635502 8.7295392e-24)
(29.842135 -0.57486092 -5.4929376e-20)
(30.672772 -0.40326259 0)
(31.545565 -0.33294282 -3.7895891e-20)
(32.363864 -0.40730684 8.6558372e-20)
(33.114783 -0.48446816 -2.0418589e-20)
(33.842438 -0.48103939 -1.8200494e-20)
(34.55815 -0.46560019 -1.5764905e-21)
(35.253177 -0.4589741 9.6812273e-22)
(35.918404 -0.45878646 -1.7822827e-20)
(36.565525 -0.44382984 3.3824216e-24)
(37.182888 -0.4342332 1.2147378e-20)
(37.786468 -0.40344304 0)
(38.353687 -0.40546602 -9.0930332e-21)
(38.919958 -0.37423497 2.3444775e-21)
(39.434182 -0.34400267 -4.7078513e-22)
(39.990465 -0.33522994 1.043734e-21)
(40.361844 -0.3577839 4.8603804e-21)
(41.001635 -0.3156963 0)
(41.277295 -0.31935608 8.5177757e-22)
(42.08612 -0.22847267 -2.7503653e-23)
(-3.8090996 -0.24669332 -2.7301116e-19)
(-4.2715355 -0.12949367 -2.3940129e-28)
(-4.7144221 -0.014529824 -2.4309544e-19)
(-5.1460407 0.10431092 6.9209688e-19)
(-5.5701255 0.23189302 -1.869036e-23)
(-5.9871795 0.37171783 -4.162395e-19)
(-6.3935649 0.52489352 1.9736121e-19)
(-6.7810984 0.68858358 -1.8666638e-19)
(-7.1364526 0.85502997 0)
(-7.4394878 1.0130832 1.6583448e-19)
(-7.6728295 1.1442339 -3.0900739e-19)
(-7.8102069 1.2233975 2.8544038e-19)
(-7.8538204 1.2059995 -1.3475703e-19)
(-7.7661605 1.0051075 -1.2792369e-19)
(-7.5037082 0.62163885 -3.6434567e-23)
(-7.0656543 0.054397625 -1.4710982e-22)
(-6.4240783 -0.67193953 1.0372872e-19)
(-5.5761215 -1.4699173 -9.4249595e-23)
(-4.5379164 -2.2203456 0)
(-3.3052855 -2.7780148 -6.2539141e-28)
(-1.9105753 -2.9907905 1.5722104e-19)
(-0.32902926 -2.7540625 -1.4639422e-19)
(1.4927742 -2.0101935 1.3564296e-19)
(3.4434485 -0.91491027 -1.8928043e-19)
(5.6441141 0.45296516 -2.9680269e-23)
(7.9617104 1.8957565 5.4673599e-20)
(10.112155 3.041971 -1.9748658e-22)
(12.064313 3.7530453 -4.6896582e-20)
(13.780613 3.9262827 8.6491731e-20)
(15.313827 3.510398 1.05513e-23)
(16.715546 2.5494337 -3.7032083e-20)
(17.988181 1.2727241 3.4000067e-20)
(19.134383 0.018930866 -3.1299513e-20)
(20.219249 -0.95211522 -2.8844436e-20)
(21.20645 -1.5038699 2.6998284e-20)
(22.082095 -1.4465028 2.5309e-20)
(23.032687 -0.8257107 -2.4129562e-20)
(24.192359 -0.016401901 2.7124988e-27)
(25.513941 0.54798124 3.2818295e-22)
(26.758807 0.52963396 -2.2811646e-27)
(27.776 0.077513721 4.1212906e-27)
(28.651953 -0.40085593 1.5707341e-20)
(29.477529 -0.66474778 -2.8850985e-20)
(30.277902 -0.63786925 2.678203e-20)
(31.106805 -0.46425127 -2.5066266e-20)
(31.97559 -0.38943507 8.7232498e-21)
(32.786032 -0.45568014 1.0590671e-20)
(33.525836 -0.52575022 6.0536388e-22)
(34.240507 -0.5185554 -1.0187568e-24)
(34.944253 -0.49907993 -8.7601163e-21)
(35.624619 -0.48807577 -9.5000563e-22)
(36.274663 -0.48422597 -7.0006079e-21)
(36.905394 -0.46611945 6.4661949e-21)
(37.50671 -0.45389341 0)
(38.09254 -0.42092897 0)
(38.645285 -0.42167663 -1.2784168e-21)
(39.18993 -0.3876696 -2.7031182e-22)
(39.689118 -0.35723941 2.0084778e-22)
(40.227191 -0.34771248 -1.0275737e-21)
(40.5849 -0.37111375 -1.914273e-21)
(41.201861 -0.32753128 -2.9428289e-25)
(41.469303 -0.33151044 8.3829051e-22)
(42.255562 -0.23682829 0)
(-3.8811365 0.48594313 -5.4425248e-19)
(-4.3533089 0.52481786 2.3821493e-28)
(-4.8066466 0.57964389 -2.420059e-19)
(-5.2497655 0.6488539 4.5948642e-19)
(-5.6877371 0.73366714 -2.3287835e-23)
(-6.1224703 0.83340105 5.5431367e-23)
(-6.5518719 0.94478172 6.4579826e-24)
(-6.9695958 1.0611071 -1.8606617e-19)
(-7.3636804 1.171625 0)
(-7.7150739 1.2624359 1.6548744e-19)
(-8.0046658 1.3178936 -3.1003213e-19)
(-8.1994436 1.3271016 2.8635492e-19)
(-8.2976323 1.2292725 -1.3467455e-19)
(-8.2602229 0.9055993 -1.2807047e-19)
(-8.0344216 0.42797465 -3.429836e-23)
(-7.6114192 -0.22672814 -1.4657849e-22)
(-6.9543149 -1.0374919 2.074852e-19)
(-6.0826288 -1.9014519 -9.6219654e-20)
(-5.0303216 -2.706896 0)
(-3.8185189 -3.3036009 8.061847e-23)
(-2.4807733 -3.5459828 -1.5145009e-22)
(-0.97287322 -3.3346295 7.2531683e-20)
(0.73728908 -2.6248006 3.1640514e-23)
(2.6354778 -1.5233984 -1.2497459e-19)
(4.6738955 -0.18901056 -2.9156503e-23)
(6.9886213 1.2938884 5.431461e-20)
(9.2176012 2.5143904 0)
(11.323743 3.3045663 -4.6548859e-20)
(13.249528 3.5497842 8.6212626e-20)
(15.020487 3.1887568 9.6119819e-24)
(16.663848 2.2720225 -7.3136836e-20)
(18.14889 1.0442769 -4.700571e-24)
(19.458155 -0.1746364 -4.6331165e-24)
(20.626786 -1.1153147 2.1622097e-22)
(21.634351 -1.6378666 -5.1257009e-24)
(22.501853 -1.5665211 4.937026e-20)
(23.421626 -0.9558914 3.7283532e-22)
(24.563305 -0.16077546 -2.1895613e-20)
(25.899075 0.40630564 0)
(27.177342 0.41196168 2.2370898e-27)
(28.226998 -0.01439074 -1.6966711e-20)
(29.123283 -0.47762027 3.0792161e-20)
(29.948572 -0.73275458 -2.7803202e-20)
(30.743493 -0.7010528 1.3081205e-20)
(31.565371 -0.52532024 2.9220254e-27)
(32.424853 -0.4453858 0)
(33.223008 -0.50320548 1.103101e-20)
(33.948201 -0.5663597 -9.5068291e-21)
(34.647548 -0.55544924 5.4703953e-22)
(35.337034 -0.53195679 -8.0934548e-21)
(36.001099 -0.51652298 7.4677144e-21)
(36.634682 -0.5090067 -6.8823571e-21)
(37.248137 -0.48780231 6.3605894e-21)
(37.83269 -0.472975 0)
(38.400363 -0.43789111 6.8030934e-22)
(38.93812 -0.43733393 -1.2591595e-21)
(39.461157 -0.40065824 3.0889014e-22)
(39.945158 -0.37018883 6.8076678e-26)
(40.464983 -0.3597662 -3.0372618e-21)
(40.809007 -0.38400247 -9.4331301e-22)
(41.403104 -0.33900154 1.7663713e-21)
(41.66221 -0.34330554 8.2577338e-22)
(42.425838 -0.24494525 0)
(-3.7703872 1.2056978 0)
(-4.2230954 1.1658452 0)
(-4.6581666 1.1566869 -9.7147848e-19)
(-5.0857974 1.1769994 9.2199461e-19)
(-5.5112035 1.221556 2.6745031e-23)
(-5.9363836 1.2848685 -5.080997e-23)
(-6.3600204 1.3595568 -1.9273767e-22)
(-6.7769244 1.4351947 0)
(-7.1762584 1.497523 7.0545191e-19)
(-7.5401566 1.5282289 -1.1783135e-22)
(-7.8570598 1.5007303 -6.1456457e-19)
(-8.061946 1.4277774 2.0776125e-22)
(-8.1775939 1.2616253 -2.6411439e-22)
(-8.1473758 0.86625215 2.5130178e-22)
(-7.9267793 0.29096486 0)
(-7.4924836 -0.48653067 1.0972007e-22)
(-6.8075128 -1.393298 5.0985319e-22)
(-5.9063907 -2.3252567 -4.7309628e-22)
(-4.8393106 -3.1646778 0)
(-3.633073 -3.7845786 3.2985381e-19)
(-2.343104 -4.0577983 -3.0766298e-19)
(-0.92177536 -3.8868711 -5.6128154e-22)
(0.63572026 -3.2143332 -2.6774586e-19)
(2.407777 -2.130116 2.4890746e-19)
(4.2882481 -0.8131028 4.5209555e-22)
(6.4997627 0.67021898 0)
(8.7473214 1.950236 -7.8306482e-22)
(10.953455 2.8121246 0)
(13.046597 3.1225618 6.6649981e-22)
(15.017671 2.8247836 0)
(16.858873 1.9742403 0)
(18.527704 0.79595147 0)
(19.961387 -0.37534568 9.5022578e-22)
(21.186194 -1.2782562 -2.1755132e-22)
(22.198239 -1.7698363 -1.0204526e-19)
(23.049517 -1.6858347 7.3208858e-22)
(23.931374 -1.0866691 9.1555816e-20)
(25.039239 -0.30775075 8.8034307e-20)
(26.367641 0.26175477 -8.0726861e-20)
(27.660772 0.29311839 7.4841168e-20)
(28.728202 -0.10587706 -6.5646571e-20)
(29.632977 -0.55308892 6.0465867e-20)
(30.450356 -0.79961441 -5.4086579e-20)
(31.233467 -0.76379161 0)
(32.043736 -0.58595808 4.9507878e-20)
(32.889474 -0.50037286 -3.5829386e-20)
(33.671669 -0.54954694 -3.8854385e-20)
(34.379339 -0.60603016 3.7340422e-20)
(35.06145 -0.59151607 -2.687836e-21)
(35.734681 -0.56406847 1.9890335e-21)
(36.381082 -0.54419978 0)
(36.997153 -0.53303787 0)
(37.592618 -0.50880808 3.1307714e-21)
(38.159857 -0.49142488 0)
(38.709095 -0.45428675 -6.7033379e-22)
(39.23148 -0.45240713 1.1168934e-20)
(39.733041 -0.41319778 -2.1036331e-21)
(40.201773 -0.38287625 0)
(40.703431 -0.37137767 7.9868808e-21)
(41.033845 -0.39643698 -2.7887488e-21)
(41.605158 -0.35009915 -3.4830148e-21)
(41.855843 -0.35473391 -1.6280354e-21)
(42.596858 -0.25281719 3.3141418e-22)
(-3.4912961 1.8764937 -2.6521156e-22)
(-3.889764 1.7648537 0)
(-4.2739286 1.7021786 0)
(-4.6573079 1.6784224 1.8670364e-18)
(-5.0424824 1.6861327 -1.7735537e-18)
(-5.4304234 1.7168275 -1.6848526e-18)
(-5.8199392 1.759654 1.5985959e-18)
(-6.2065382 1.8006735 -1.5139132e-18)
(-6.5801932 1.8222745 1.4300747e-18)
(-6.9239756 1.8036559 -1.6458542e-22)
(-7.2278774 1.7194874 0)
(-7.4405494 1.5696992 -2.8400627e-22)
(-7.535719 1.3171142 2.6845822e-22)
(-7.4721543 0.82056428 1.0436128e-18)
(-7.2130541 0.14270032 -1.9508203e-18)
(-6.7358811 -0.72703985 9.0756416e-19)
(-5.9996948 -1.7302004 -4.1125384e-22)
(-5.0551893 -2.731759 3.8059584e-22)
(-3.9554872 -3.6231681 0)
(-2.7489882 -4.2732712 -6.4185546e-22)
(-1.5335415 -4.5500709 0)
(-0.21542268 -4.4004403 -5.7155602e-19)
(1.1855957 -3.7610443 5.3078116e-19)
(2.7712359 -2.7028685 -4.9481601e-19)
(4.4691885 -1.4185233 4.5942105e-19)
(6.5180131 0.047511205 0)
(8.7174991 1.3610932 -3.9755708e-19)
(10.964889 2.2816857 7.3693188e-19)
(13.167365 2.6746608 -3.3746545e-19)
(15.284449 2.4451516 0)
(17.293224 1.6505173 0)
(19.099114 0.53743949 0)
(20.617926 -0.57777041 -9.3833797e-22)
(21.87377 -1.4377045 0)
(22.87597 -1.8979558 -2.366916e-21)
(23.702176 -1.8031558 -7.3666103e-22)
(24.540948 -1.2162158 -2.805482e-21)
(25.602812 -0.45481004 -1.3299727e-21)
(26.906293 0.11664458 0)
(28.198058 0.1746794 -1.1315833e-21)
(29.271018 -0.19567299 -5.1260737e-21)
(30.174067 -0.62631955 0)
(30.977016 -0.86462871 -1.6996245e-21)
(31.742727 -0.82552333 0)
(32.537393 -0.6457049 -1.4708895e-21)
(33.365719 -0.5540388 0)
(34.128979 -0.59442627 -2.5039289e-21)
(34.816798 -0.64449185 -3.6705817e-20)
(35.480093 -0.62657458 3.5959673e-20)
(36.135397 -0.59527071 -1.9569748e-21)
(36.76304 -0.57100551 -2.8913287e-20)
(37.36077 -0.55624117 6.0040451e-20)
(37.937706 -0.52907576 -2.7765922e-20)
(38.487243 -0.50919751 0)
(39.017896 -0.47008001 -2.114804e-20)
(39.524656 -0.46687479 1.9587015e-20)
(40.004985 -0.42529014 -2.3763265e-21)
(40.458464 -0.39526344 2.6249074e-21)
(40.942127 -0.38253634 -3.9385487e-21)
(41.25909 -0.40840651 0)
(41.80781 -0.3608114 -1.0307917e-20)
(42.050028 -0.36578845 -1.6061812e-21)
(42.768533 -0.26043739 -2.7448327e-22)
(-3.3601769 2.2788253 0)
(-3.6655668 2.173082 0)
(-3.976096 2.1124828 -1.8978906e-18)
(-4.2926166 2.08899 -8.3812037e-24)
(-4.6142508 2.0926661 1.7111654e-18)
(-4.9392983 2.1102763 -1.6227494e-18)
(-5.2635729 2.1250096 1.5368803e-18)
(-5.5785219 2.1154421 1.45362e-18)
(-5.8686611 2.0569607 -1.3705099e-18)
(-6.1249467 1.9180321 -1.2752475e-18)
(-6.292616 1.7119706 2.3984344e-18)
(-6.3527791 1.3598771 -1.1375665e-18)
(-6.2382855 0.79245068 -1.0638701e-18)
(-5.9247665 0.016733332 1.9849346e-18)
(-5.3859768 -0.95379546 -9.238236e-19)
(-4.5740975 -2.0670056 0)
(-3.5838163 -3.1218022 0)
(-2.4703135 -4.0355408 -1.3926459e-21)
(-1.3683848 -4.6869864 -6.5831752e-19)
(-0.12117801 -5.0037476 1.2270246e-18)
(1.0904217 -4.8706219 -5.6764224e-19)
(2.3322001 -4.2554167 2.0576202e-21)
(3.695181 -3.2326458 4.9041708e-19)
(5.1927348 -1.9863942 -9.1373668e-19)
(7.0350636 -0.55523311 -1.9669957e-22)
(9.1134503 0.7787474 3.9652219e-19)
(11.335955 1.7496743 2.8680868e-21)
(13.592818 2.202753 -3.9813817e-21)
(15.82091 2.0368156 0)
(17.940963 1.316249 4.5082382e-21)
(19.833879 0.27616643 0)
(21.40249 -0.77709004 0)
(22.666902 -1.5908693 2.1973334e-19)
(23.646757 -2.0204933 -3.9584588e-19)
(24.438803 -1.917027 1.7900468e-19)
(25.230535 -1.3430035 2.7424247e-21)
(26.23721 -0.59985326 0)
(27.502074 -0.027006686 1.5560593e-19)
(28.779048 0.058225378 -2.8503859e-19)
(29.84697 -0.28270516 1.2518851e-19)
(30.739868 -0.69650692 0)
(31.522948 -0.92718174 1.002648e-19)
(32.266469 -0.8857105 -9.8553799e-20)
(33.042065 -0.70415581 -5.7746674e-21)
(33.849997 -0.60608592 -7.9719263e-20)
(34.591997 -0.63761719 7.8816532e-20)
(35.258189 -0.6815546 7.223678e-20)
(35.901359 -0.66046535 -5.8308875e-20)
(36.537404 -0.62543866 5.3947797e-20)
(37.145458 -0.59685488 -5.697716e-20)
(37.724238 -0.5785509 -3.2870063e-20)
(38.28228 -0.5485538 2.4333337e-20)
(38.813888 -0.5262549 0)
(39.325935 -0.48524108 0)
(39.81694 -0.48072297 -2.8989656e-20)
(40.276396 -0.43693903 3.5628694e-21)
(40.714733 -0.40732147 8.7771246e-21)
(41.180664 -0.39323399 -7.7777581e-21)
(41.48442 -0.41990241 0)
(42.01084 -0.37113174 4.0694249e-20)
(42.244591 -0.3764617 -2.3773922e-20)
(42.940773 -0.26779854 -1.0011118e-22)
(-2.6526294 2.6834859 -4.3500732e-18)
(-2.8588694 2.5435644 0)
(-3.0738718 2.4529546 3.8808711e-18)
(-3.2974289 2.4033616 -3.6767685e-18)
(-3.5264562 2.3848443 3.4865477e-18)
(-3.7594362 2.3827342 -6.6138976e-18)
(-3.9914463 2.3790836 3.1332674e-18)
(-4.2157397 2.3492934 -2.9628077e-18)
(-4.4224823 2.2606896 2.7716024e-18)
(-4.5841099 2.0975424 -1.2761944e-21)
(-4.6892654 1.8225424 2.4203781e-21)
(-4.6746861 1.4056004 0)
(-4.4915102 0.76215225 2.1757442e-18)
(-4.0975495 -0.11199473 -2.0208177e-18)
(-3.4786946 -1.1721881 -1.8612886e-18)
(-2.632722 -2.3315334 1.7248584e-18)
(-1.6872974 -3.4613549 -1.5922908e-18)
(-0.5339389 -4.4193752 1.461765e-18)
(0.70796204 -5.1109521 0)
(1.8611747 -5.4235961 2.4212674e-21)
(2.9372965 -5.292137 -1.1403487e-18)
(3.9949891 -4.7012073 1.0468085e-18)
(5.1403191 -3.706093 3.8142326e-21)
(6.4143312 -2.5049223 -4.5489291e-19)
(8.0170465 -1.1228195 8.5347533e-19)
(9.9251648 0.20207406 1.5546432e-22)
(12.066603 1.2041218 -7.3348849e-19)
(14.325615 1.7145299 3.4910798e-19)
(16.595014 1.6232063 -4.9077499e-21)
(18.768824 0.9808357 2.828047e-19)
(20.7049 0.018510503 -2.526311e-19)
(22.291633 -0.96912818 0)
(23.544641 -1.7354039 -3.3401943e-21)
(24.491374 -2.1359167 0)
(25.240926 -2.0261745 5.6701518e-21)
(25.982121 -1.4657661 1.8250505e-19)
(26.926903 -0.7411809 3.164219e-23)
(28.143124 -0.16752206 -1.5286152e-19)
(29.394084 -0.055063272 0)
(30.447886 -0.36611523 7.9605054e-21)
(31.324004 -0.76300948 0)
(32.082794 -0.98674305 9.8671746e-20)
(32.800167 -0.94386623 -8.474263e-20)
(33.553724 -0.76096257 -8.5093955e-20)
(34.338864 -0.65627228 8.8599646e-20)
(35.057884 -0.67893926 -1.9396411e-20)
(35.701185 -0.71705787 -7.1133511e-20)
(36.323166 -0.69305004 5.7437888e-20)
(36.938958 -0.65446685 5.3150295e-20)
(37.526852 -0.62167803 -4.2119786e-20)
(38.086284 -0.59991516 0)
(38.625243 -0.5672013 4.7990793e-20)
(39.138849 -0.54256769 -4.4416624e-20)
(39.632395 -0.49974078 0)
(40.107631 -0.49389415 1.6754101e-24)
(40.546693 -0.44815501 3.9841214e-21)
(40.970088 -0.4190255 7.9330307e-25)
(41.418639 -0.40346705 1.5364135e-20)
(41.709514 -0.43091865 0)
(42.214029 -0.3810651 -3.3486861e-20)
(42.439359 -0.38674677 7.8244112e-20)
(43.113489 -0.27489033 2.1467301e-22)
(-1.8127093 2.9496106 4.5459771e-18)
(-1.8951093 2.7905428 -2.0978351e-21)
(-1.9913417 2.6782772 -3.988433e-18)
(-2.0973557 2.6062166 0)
(-2.2071554 2.5703294 0)
(-2.3202644 2.5553211 -3.390147e-18)
(-2.4324425 2.5408015 4.9561224e-24)
(-2.5285605 2.5017031 3.0233261e-18)
(-2.6083612 2.4010128 -2.8662064e-18)
(-2.6527161 2.2131648 2.7038434e-18)
(-2.6400876 1.9075178 -2.4838875e-21)
(-2.5242718 1.4377648 0)
(-2.2509872 0.72591716 -2.2291092e-18)
(-1.792668 -0.19813017 -2.4403718e-21)
(-1.1251689 -1.3462546 1.9273207e-18)
(-0.21184192 -2.6020369 -5.2821958e-25)
(0.94532899 -3.8035275 -1.6509053e-18)
(2.1417037 -4.8042156 1.5011686e-18)
(3.3110696 -5.4896139 -5.3801565e-21)
(4.3479229 -5.7890918 1.2562358e-18)
(5.263508 -5.6569732 -1.1479699e-18)
(6.1186074 -5.0873432 1.2373271e-20)
(7.0341924 -4.1246432 -1.1435214e-20)
(8.0701521 -2.9673411 7.0869663e-21)
(9.4102571 -1.6428268 -3.3075677e-21)
(11.107836 -0.34398983 0)
(13.117558 0.6729992 -5.7465759e-21)
(15.316617 1.2352407 -5.3240174e-21)
(17.568436 1.2151352 4.8983825e-21)
(19.746733 0.65207498 5.7282143e-19)
(21.68699 -0.22986408 -1.0548066e-18)
(23.263787 -1.1503094 4.8262897e-19)
(24.48773 -1.8693162 0)
(25.392204 -2.2429326 1.207604e-20)
(26.092538 -2.1296498 0)
(26.779558 -1.5835039 -1.0516127e-20)
(27.657911 -0.87754353 -1.9996792e-20)
(28.819102 -0.30395285 -3.0050611e-19)
(30.03387 -0.16422494 5.5331077e-19)
(31.065993 -0.44519861 -2.5121184e-19)
(31.920422 -0.82532005 0)
(32.651461 -1.042894 -1.1660531e-19)
(33.339625 -0.99968273 -1.192073e-20)
(34.068566 -0.81583199 8.920876e-20)
(34.829028 -0.70441474 6.2171518e-20)
(35.523907 -0.71826853 -5.7306389e-20)
(36.143516 -0.75087969 0)
(36.743502 -0.72422153 3.2342519e-20)
(37.338364 -0.68227321 1.4968519e-20)
(37.905771 -0.64541909 1.384108e-20)
(38.445669 -0.62029051 2.5577127e-20)
(38.965525 -0.58498302 -9.470803e-20)
(39.46121 -0.55810969 4.3838246e-20)
(39.936482 -0.51352195 0)
(40.396079 -0.50639747 0)
(40.815312 -0.45895262 8.8512184e-21)
(41.224049 -0.43034657 6.8153583e-21)
(41.655657 -0.41322715 -1.0623442e-19)
(41.934056 -0.44144745 -4.240476e-20)
(42.41715 -0.39060446 -6.6125885e-21)
(42.634156 -0.39665351 -5.5648427e-20)
(43.286588 -0.28177087 -7.1036132e-21)
(-0.81031805 2.8976766 4.3539604e-21)
(-0.77342125 2.7710008 -2.0397591e-21)
(-0.74465963 2.6794246 0)
(-0.71068373 2.6230643 -3.7014651e-18)
(-0.65465477 2.5937998 3.4703123e-18)
(-0.60988038 2.5736936 -3.2791415e-18)
(-0.54556872 2.5323213 3.0944566e-18)
(-0.45882072 2.4359371 -2.928401e-18)
(-0.33517762 2.2470054 -4.2234932e-25)
(-0.15907776 1.9323585 5.0507508e-21)
(0.10065376 1.4419853 2.4494515e-18)
(0.49037626 0.69712851 0)
(1.0612485 -0.30100852 0)
(1.9173829 -1.5265072 -2.0012673e-18)
(2.9562654 -2.8549844 1.8498602e-18)
(4.1475372 -4.1173669 0)
(5.3369951 -5.134465 6.0858718e-21)
(6.4108173 -5.8081467 5.5231161e-21)
(7.2893559 -6.089662 1.0009978e-20)
(8.0060544 -5.9562369 0)
(8.6341256 -5.4092751 -8.3077525e-21)
(9.3065821 -4.482143 7.6410939e-21)
(10.090589 -3.3699459 7.0753908e-21)
(11.151964 -2.1070789 -1.3186813e-20)
(12.605274 -0.84874289 0)
(14.436897 0.16811235 0)
(16.52437 0.77257946 0)
(18.708225 0.82096268 0)
(20.845493 0.33731516 -1.7869524e-20)
(22.756231 -0.46415489 8.0900751e-21)
(24.298872 -1.3176516 4.5119782e-19)
(25.478387 -1.9909733 -1.3022169e-20)
(26.332911 -2.3405003 -3.9366196e-19)
(26.978936 -2.2265061 -2.1963362e-20)
(27.60851 -1.6953956 -2.062002e-20)
(28.417857 -1.0081106 1.9599158e-20)
(29.519363 -0.43532026 3.1375962e-19)
(30.689326 -0.26845101 -2.7266432e-19)
(31.694164 -0.51947407 0)
(32.523271 -0.88307295 2.244479e-19)
(33.224124 -1.0953288 -1.7867456e-19)
(33.880831 -1.0528536 2.109117e-19)
(34.582979 -0.86850648 -2.1929194e-19)
(35.317359 -0.75036409 0)
(35.987463 -0.7555027 -3.7633028e-20)
(36.582984 -0.78290528 0)
(37.160463 -0.75388175 -3.1876927e-20)
(37.734014 -0.70878939 5.9020321e-20)
(38.280848 -0.66804091 -2.7291327e-20)
(38.801228 -0.63965639 2.524383e-20)
(39.302128 -0.60188258 9.3470489e-20)
(39.78012 -0.57287194 0)
(40.237495 -0.52662312 0)
(40.681693 -0.51828631 -3.7220676e-20)
(41.081699 -0.46934419 9.7698711e-25)
(41.476161 -0.44123934 -7.1398626e-21)
(41.891316 -0.42252479 5.9986889e-20)
(42.157715 -0.45148985 1.676377e-19)
(42.619957 -0.39973916 1.3073635e-20)
(42.828806 -0.40616417 0)
(43.459977 -0.28845733 7.1173433e-21)
(33.796265 -1.1437843 2.0120735e-19)
(34.419948 -1.1030524 -2.3061347e-20)
(35.093613 -0.91878352 -1.293791e-19)
(35.800911 -0.79404221 1.4347219e-19)
(36.446072 -0.79060549 -3.7066459e-20)
(37.017456 -0.81308724 6.8053936e-20)
(37.572214 -0.78197351 6.2829865e-20)
(38.124341 -0.7339713 -5.8179566e-20)
(38.650733 -0.68951317 -5.3844373e-20)
(39.151806 -0.65799089 -4.9790346e-20)
(39.634062 -0.61788273 9.2217729e-20)
(40.094736 -0.58684238 -4.2717093e-20)
(40.534723 -0.53905615 -3.9642998e-20)
(40.963836 -0.5295424 3.6774216e-20)
(41.345312 -0.47934424 -4.2613418e-20)
(41.725979 -0.4516684 1.4686267e-20)
(42.125243 -0.43135091 -1.4818746e-20)
(42.380186 -0.46104348 -2.7620603e-20)
(42.822222 -0.408467 1.2923924e-20)
(43.023143 -0.41528046 3.0204489e-21)
(43.633561 -0.29491658 -2.1812505e-22)
(57.712143 2.3205753 -6.633979e-19)
(58.606605 1.9290941 3.9881933e-19)
(46.114055 3.578621 -9.0777399e-19)
(48.676479 3.5978143 0)
(50.993447 3.5444961 0)
(53.041077 3.3209927 -1.0724788e-18)
(54.77469 2.9795916 1.0578173e-18)
(56.18407 2.5768377 1.1374008e-18)
(57.294714 2.1727619 0)
(58.153097 1.8066633 -3.9011156e-19)
(43.361518 3.3814219 -5.6167861e-19)
(46.199029 3.4461239 8.6934367e-19)
(48.672485 3.462033 9.2640525e-21)
(50.888255 3.3541212 -8.9888186e-21)
(52.82869 3.1262649 1.0453492e-18)
(54.472902 2.7963091 -2.0246071e-21)
(55.813899 2.4144222 -1.1131484e-18)
(56.874677 2.0341041 -6.368308e-19)
(57.697638 1.6909078 3.7855604e-19)
(43.499608 3.321289 5.3902229e-19)
(46.238506 3.3499399 -1.1412151e-20)
(48.633323 3.3362343 0)
(50.747217 3.1952881 0)
(52.593674 2.9575827 0)
(54.157728 2.6327511 3.9519238e-21)
(55.43541 2.2665869 -2.1281921e-21)
(56.449173 1.9063403 6.2062698e-19)
(57.238553 1.5833891 -1.4420788e-21)
(43.562484 3.3106856 0)
(46.216453 3.3130088 0)
(48.534028 3.237082 0)
(50.564007 3.0665416 8.3162897e-21)
(52.330221 2.8121712 9.7551532e-19)
(53.824079 2.4876334 0)
(55.044882 2.1330883 0)
(56.015704 1.7897363 0)
(56.774052 1.4845708 -3.5744646e-19)
(43.535665 3.3311593 0)
(46.125061 3.2964793 6.8630788e-19)
(48.370048 3.1676526 1.1751351e-18)
(50.333334 2.9613469 7.9682875e-21)
(52.033336 2.6864107 -9.4868388e-19)
(53.467728 2.3584151 -3.7240441e-21)
(54.639329 2.012353 1.0240477e-18)
(55.572102 1.6833691 0)
(56.302443 1.3939207 3.4506071e-19)
(43.421647 3.3600766 3.7801718e-19)
(45.929094 3.2831068 -6.6846898e-19)
(48.131555 3.1085382 -1.1310653e-18)
(50.048737 2.8672965 -9.5986414e-19)
(51.698481 2.5723441 7.1318192e-21)
(53.084953 2.2399192 -9.2779892e-19)
(54.215849 1.9011037 -9.932772e-19)
(55.116379 1.584726 -5.6454282e-19)
(55.822352 1.3094098 0)
(43.180767 3.3810681 -7.7814385e-19)
(45.643493 3.2574834 0)
(47.820259 3.04461 -1.647221e-20)
(49.708929 2.7726799 9.4444925e-19)
(51.32414 2.460694 0)
(52.674817 2.125596 8.8579841e-19)
(53.773766 1.7942205 -9.57273e-19)
(54.648008 1.4899426 5.4332831e-19)
(55.333278 1.2281344 0)
(42.827607 3.3686868 3.3828647e-19)
(45.266983 3.2043455 0)
(47.43772 2.9599391 -9.9670229e-19)
(49.316124 2.6642027 0)
(50.912325 2.34086 0)
(52.239156 2.0070037 -6.6434002e-21)
(53.314692 1.6849735 9.268397e-19)
(54.168597 1.3939493 0)
(54.83679 1.1461574 3.065203e-19)
(42.370146 3.2982054 0)
(44.806991 3.101737 -5.5006738e-19)
(46.991627 2.8361692 9.2625673e-19)
(48.877674 2.5270516 2.6301136e-20)
(50.469586 2.200999 -6.253128e-21)
(51.783709 1.8745839 -6.3606836e-21)
(52.843436 1.566187 0)
(53.682243 1.2913242 -5.0002757e-19)
(54.336922 1.0592128 -2.9334473e-19)
(41.822955 3.1539777 0)
(44.279007 2.9338814 1.0298488e-18)
(46.496931 2.6586284 0)
(48.407191 2.3485186 0)
(50.007783 2.0305869 7.6292452e-19)
(51.318687 1.7199714 -7.7175971e-19)
(52.369148 1.4314106 -6.5838493e-21)
(53.197045 1.1769281 4.7788547e-19)
(53.840963 0.96332455 0)
(41.208095 2.9274618 2.8825026e-19)
(43.703792 2.6937686 -2.9963701e-20)
(45.97349 2.4206501 2.6169811e-20)
(47.923094 2.1223165 -7.6923114e-19)
(49.543443 1.8240937 -7.1424987e-19)
(50.858689 1.5386378 7.4129567e-19)
(51.904884 1.2769972 0)
(52.724989 1.0479854 1.781421e-21)
(53.36013 0.85648816 -2.6958615e-19)
(40.556042 2.6129804 -2.0068233e-19)
(43.107768 2.3790056 -9.5926869e-19)
(45.445327 2.1215531 2.466878e-20)
(47.447376 1.8486509 7.2823423e-19)
(49.096368 1.5820393 -2.3590689e-25)
(50.421348 1.3311458 -1.1023448e-20)
(51.4664 1.1033886 -5.9816747e-21)
(52.280396 0.90485967 6.7871309e-21)
(52.907626 0.73901923 2.5472058e-19)
(39.907132 2.2271941 -2.4860919e-19)
(42.524012 2.0089723 4.2262888e-19)
(44.940876 1.7796721 0)
(47.004872 1.5433947 -6.5738535e-19)
(48.688192 1.3176029 -2.0433844e-20)
(50.02561 1.10825 0)
(51.07066 0.91937369 -5.6866182e-21)
(51.878987 0.75480364 3.2271828e-21)
(52.498554 0.61699302 2.4613534e-19)
(39.319938 1.8204698 2.3101595e-19)
(41.989836 1.6346149 -4.2062944e-19)
(44.483568 1.4416108 2.1893866e-20)
(46.612363 1.2459416 6.4132301e-19)
(48.332743 1.0624599 -6.1955392e-19)
(49.683685 0.89467462 0)
(50.728698 0.74398696 6.9102204e-19)
(51.530764 0.61243496 0)
(52.141894 0.50178171 -2.3015669e-19)
(38.841766 1.4568601 -6.7005145e-25)
(41.534671 1.315525 3.2429812e-19)
(44.087016 1.1631739 -2.0610374e-20)
(46.273739 1.0066756 1.8931764e-20)
(48.029507 0.86000277 5.8617428e-19)
(49.39365 0.72646063 6.0241503e-19)
(50.438553 0.60651632 -6.4980913e-19)
(51.234456 0.50131073 -2.9063877e-21)
(51.837514 0.41234792 -2.2187144e-19)
(38.498472 1.2256998 0)
(41.170253 1.1347432 3.4693517e-19)
(43.7444 1.0186131 0)
(45.969581 0.88989592 -5.7168359e-19)
(47.75423 0.76452607 -1.7318642e-20)
(49.130685 0.64836114 -1.1312071e-18)
(50.176178 0.54326502 1.9385273e-20)
(50.966715 0.45067877 3.4433008e-19)
(51.562205 0.37226691 2.0391995e-19)
(38.281715 1.2092046 -2.3259018e-19)
(40.869785 1.1607383 -5.6819239e-19)
(43.420638 1.0721992 -7.2892966e-20)
(45.658188 0.95171591 5.7249712e-19)
(47.459789 0.82167589 1.6355958e-20)
(48.845811 0.69575431 5.2208013e-19)
(49.893093 0.5803428 5.8706225e-19)
(50.680507 0.47898239 -6.6776091e-19)
(51.270516 0.39423225 0)
(38.159908 1.51834 1.7356633e-19)
(40.614858 1.497302 3.0394253e-19)
(43.072463 1.4047978 3.423663e-20)
(45.267634 1.2598058 -3.1718285e-20)
(47.061383 1.0898706 0)
(48.451677 0.91876377 -4.9345467e-19)
(49.504155 0.76092265 -5.7256919e-19)
(50.294748 0.62343248 3.162415e-19)
(50.885957 0.50987337 0)
(37.965361 2.1376378 2.429573e-19)
(40.234253 2.1042798 -2.844973e-19)
(42.548061 1.9718655 4.8203507e-19)
(44.666107 1.7644352 5.9684238e-20)
(46.437584 1.5204024 -1.4549561e-20)
(47.832812 1.2732786 9.4690621e-19)
(48.89681 1.0449268 0)
(49.695941 0.84680472 0)
(50.290065 0.68432838 0)
(37.555061 2.8649211 -7.5363815e-20)
(39.610881 2.7889585 5.315565e-19)
(41.753922 2.5989128 -5.9998765e-20)
(43.770797 2.3231544 0)
(45.505061 2.001696 0)
(46.900604 1.6742998 -4.5391932e-19)
(47.978403 1.3704976 0)
(48.792241 1.1072248 -2.8418934e-19)
(49.398469 0.89240774 0)
(36.860716 3.548927 0)
(38.711261 3.4164568 -1.8585274e-19)
(40.681516 3.1721985 -5.0751604e-19)
(42.587939 2.8365487 2.6352083e-20)
(44.27515 2.4498572 -2.5820647e-20)
(45.66569 2.0564103 0)
(46.757451 1.6906273 0)
(47.589168 1.3733676 5.3933857e-19)
(48.210987 1.114206 1.6042974e-19)
(35.857327 4.0382404 2.5968563e-19)
(37.525872 3.8554114 -2.8889994e-19)
(39.338417 3.565827 -4.2260157e-19)
(41.137654 3.1827249 0)
(42.772869 2.7462499 2.4316557e-20)
(44.151819 2.3016026 -4.2993068e-19)
(45.252827 1.8861243 -4.5882687e-19)
(46.099809 1.5241945 -2.4790312e-19)
(46.735547 1.227543 -2.9612676e-19)
(34.591334 4.2648964 -1.8065807e-19)
(36.0998 4.0449319 3.2320661e-19)
(37.77012 3.7282249 -4.9711301e-20)
(39.465254 3.3225225 0)
(41.040518 2.8656368 0)
(42.395233 2.4011315 -2.2113177e-22)
(43.492587 1.9672634 4.2079675e-19)
(44.345028 1.589522 2.5067704e-19)
(44.989893 1.2801916 1.3655479e-19)
(33.147756 4.207365 -1.0441885e-24)
(34.525042 3.9664974 -1.0069505e-19)
(36.077778 3.6429612 4.173942e-19)
(37.685317 3.2401612 -3.936154e-19)
(39.209541 2.7927139 -3.4523309e-19)
(40.544844 2.3416123 7.2075631e-19)
(41.643184 1.9231903 -1.244259e-20)
(42.506779 1.5609844 -2.1612393e-19)
(43.165954 1.2654411 1.3887329e-19)
(31.597067 3.8668064 0)
(32.868387 3.6219997 0)
(34.329215 3.3092262 0)
(35.873422 2.9275431 6.5762298e-19)
(37.367574 2.5079574 2.8429038e-19)
(38.698958 2.0885486 4.2639451e-20)
(39.808146 1.7024555 -1.8814702e-19)
(40.688057 1.3700927 6.8265629e-21)
(41.363368 1.0995306 -1.4017305e-19)
(30.082135 3.2157233 0)
(31.257039 2.9929163 -1.7510614e-19)
(32.635101 2.719447 -1.6250447e-19)
(34.126644 2.3889776 -3.4626474e-19)
(35.603933 2.0270068 3.4307257e-19)
(36.945171 1.6672716 -2.9941229e-19)
(38.075167 1.3392954 -2.2199435e-20)
(38.975051 1.06014 2.0611064e-19)
(39.665213 0.83513644 -1.2480164e-19)
(28.832092 2.2228978 -8.8889126e-20)
(29.916073 2.0496185 -3.6524991e-23)
(31.210944 1.8458955 1.5047238e-19)
(32.644235 1.6017258 -2.5027407e-19)
(34.099489 1.3349543 -7.0901634e-20)
(35.452932 1.0720214 -2.6061039e-19)
(36.616798 0.83690292 3.3052122e-19)
(37.558459 0.64266884 -3.8486861e-19)
(38.289704 0.49143565 1.1656171e-19)
(28.003664 1.0966161 -9.9789498e-24)
(29.022581 0.99228376 1.4885434e-19)
(30.257595 0.87668534 0)
(31.651139 0.74044449 2.6478725e-19)
(33.099986 0.59353514 -2.6304167e-19)
(34.483924 0.45222315 2.4150142e-19)
(35.706882 0.3311631 -1.1480057e-19)
(36.721999 0.23702889 -2.7848205e-23)
(37.527993 0.16870567 -1.0761254e-19)
(27.674402 0.20047655 1.508492e-19)
(28.670498 0.16240497 6.8375591e-20)
(29.889914 0.12591128 6.3797279e-20)
(31.281975 0.085074761 0)
(32.74869 0.044055342 -2.405796e-19)
(34.170933 0.0086936422 -3.1505984e-20)
(35.446842 -0.017000524 1.7443536e-19)
(36.518779 -0.032710927 1.6191288e-19)
(37.376161 -0.040825501 1.9531875e-19)
(27.72354 -0.2927539 -1.4086015e-19)
(28.708207 -0.27372347 0)
(29.919143 -0.25116088 -1.1820851e-19)
(31.306853 -0.22806918 0)
(32.774309 -0.20566788 2.2193115e-19)
(34.20349 -0.18422103 2.3228218e-19)
(35.493223 -0.1634775 -1.6060932e-20)
(36.584836 -0.1435705 1.5850688e-19)
(37.46546 -0.125085 -7.872931e-20)
(28.196063 -0.41954721 6.7664114e-20)
(29.137601 -0.36918856 0)
(30.30561 -0.31586073 1.1282499e-19)
(31.656847 -0.26370501 1.6020792e-19)
(33.099257 -0.21619773 5.2823238e-20)
(34.516287 -0.17470855 -2.4854873e-19)
(35.805566 -0.13993291 3.0549209e-20)
(36.906761 -0.11239742 -1.4159329e-19)
(37.803372 -0.09079973 0)
(28.763238 -0.049472486 9.8738611e-25)
(29.644663 -0.0061625596 -1.1812994e-19)
(30.732395 0.038910173 -1.0774482e-19)
(31.988648 0.064093544 -2.0305242e-19)
(33.338679 0.081579628 0)
(34.680087 0.088932355 5.2282269e-20)
(35.915068 0.086936699 -2.02128e-19)
(36.979622 0.080033574 1.5054589e-19)
(37.851485 0.071483018 9.42139e-20)
(28.932013 0.60647135 0)
(29.723561 0.61888154 2.2727995e-19)
(30.723471 0.60109395 -2.05769e-19)
(31.907493 0.57482914 1.9339784e-19)
(33.196359 0.52870196 -9.5305522e-20)
(34.486425 0.46744293 -1.9917967e-19)
(35.679011 0.39949236 1.1033546e-19)
(36.709342 0.33272737 -2.4099407e-19)
(37.554263 0.27323368 -9.7582555e-20)
(28.755982 1.1940749 2.4522678e-19)
(29.427174 1.1739403 -3.251298e-19)
(30.275672 1.1306544 1.9771712e-19)
(31.286252 1.0578444 0)
(32.4055 0.95502895 -4.5810455e-20)
(33.545498 0.83001581 2.8766914e-19)
(34.617963 0.69595733 -2.9309583e-19)
(35.561621 0.56787274 3.11623e-20)
(36.349627 0.45618246 0)
(28.325602 1.2286975 5.6855572e-20)
(28.823099 1.1989283 -1.0110429e-19)
(29.471759 1.1453388 9.2685597e-20)
(30.265333 1.0635876 0)
(31.167358 0.95516094 0)
(32.115917 0.82706799 -4.5099763e-20)
(33.04119 0.69178609 1.5052026e-19)
(33.885503 0.56382995 1.1764018e-19)
(34.617334 0.45309176 7.2101223e-20)
(28.035266 0.75242776 -2.5810959e-19)
(28.413953 0.73134356 3.6913794e-19)
(28.918674 0.70119098 1.1933405e-23)
(29.552678 0.65588715 -8.0449985e-20)
(30.293204 0.59469107 -7.9617928e-20)
(31.092252 0.52135599 -2.0879088e-19)
(31.891323 0.44309147 4.6465113e-20)
(32.639695 0.36786602 1.3611801e-20)
(33.306156 0.3016846 -8.3344008e-20)
(27.987303 0.24418356 4.7357642e-20)
(28.309398 0.24331726 8.4738601e-20)
(28.74631 0.24037484 -7.8357508e-20)
(29.303262 0.23122209 7.4076774e-20)
(29.961204 0.21604635 -1.4663928e-19)
(30.677737 0.1953953 -1.9564291e-23)
(31.400992 0.17405394 8.6217318e-20)
(32.085731 0.1510763 0)
(32.70189 0.12918051 0)
(28.152888 -0.046564105 -2.2647818e-19)
(28.435905 -0.030179021 0)
(28.83685 -0.014555299 1.4791875e-19)
(29.362862 -0.00073657655 -1.3913217e-19)
(29.993934 0.010356951 -1.371427e-19)
(30.684725 0.018798682 1.431442e-19)
(31.380307 0.021896574 -7.9949014e-20)
(32.034832 0.023296407 0)
(32.621549 0.02306994 0)
(28.550774 -0.080971173 -3.5140355e-19)
(28.785257 -0.058938984 -1.5536297e-19)
(29.128859 -0.038364489 7.1087849e-20)
(29.593929 -0.021844399 1.3340638e-19)
(30.166131 -0.0071317818 1.3037873e-19)
(30.804515 -0.0010188671 0)
(31.460465 0.0020644883 1.8831136e-19)
(32.088711 0.0028403444 -1.100115e-19)
(32.65768 0.0023264321 -2.6864132e-20)
(28.884215 0.069801351 4.1344421e-20)
(29.047476 0.088334783 0)
(29.30546 0.1038516 6.7080037e-20)
(29.679784 0.11463525 -1.252463e-19)
(30.170359 0.11213881 0)
(30.755148 0.10459942 0)
(31.378247 0.09091203 -3.5829739e-20)
(31.988627 0.074348168 4.2044964e-20)
(32.550358 0.058416349 0)
(29.220963 0.14725743 -3.7976678e-20)
(29.293399 0.16439474 0)
(29.435308 0.17959905 -3.114435e-19)
(29.673925 0.18559916 2.321263e-19)
(30.013498 0.18725921 0)
(30.445917 0.17600724 6.0708543e-20)
(30.941178 0.15637697 -1.3539937e-19)
(31.459137 0.1326841 7.9631466e-20)
(31.963822 0.10920083 0)
(29.630305 0.042856474 2.0384272e-20)
(29.625377 0.059960144 -3.3858914e-20)
(29.66639 0.077299943 -6.8979612e-20)
(29.78179 0.093866565 7.7418598e-20)
(29.999309 0.09814004 0)
(30.300146 0.098595564 0)
(30.669953 0.095942632 0)
(31.080745 0.08694218 -8.2304222e-22)
(31.499536 0.076188945 0)
(30.114281 -0.077340093 -7.5804465e-25)
(30.051063 -0.055470986 2.3136318e-20)
(30.012878 -0.03414965 0)
(30.030098 -0.013843773 -4.5784285e-20)
(30.134508 0.0052942153 2.5460422e-20)
(30.349151 0.017090841 5.1822087e-20)
(30.647669 0.020603939 -2.0610652e-20)
(30.993414 0.022064401 -2.290491e-20)
(31.360233 0.021695003 0)
(30.693758 -0.10540614 -2.9351273e-20)
(30.590463 -0.08500893 0)
(30.497536 -0.061562765 -4.9847293e-20)
(30.442769 -0.037315704 4.7576903e-20)
(30.457237 -0.015867531 -9.4796697e-20)
(30.563319 -0.00019829306 2.4949358e-19)
(30.767392 0.0088338105 -1.6716038e-19)
(31.04949 0.012667354 3.2915859e-20)
(31.37212 0.013461169 0)
(31.30168 -0.1191462 -4.295198e-19)
(31.16482 -0.099365613 4.1465863e-19)
(31.023529 -0.076033293 -1.3814688e-19)
(30.902793 -0.051093388 -4.4137568e-20)
(30.834462 -0.027872633 1.7646934e-19)
(30.846892 -0.0094693179 0)
(30.952888 0.0025175661 6.3307041e-24)
(31.143742 0.0087976967 3.2581952e-24)
(31.394375 0.01109118 -3.8326101e-20)
(31.961308 -0.14369665 0)
(31.800079 -0.1245759 -4.0146143e-19)
(31.62178 -0.1015048 6.7824116e-19)
(31.447162 -0.076088961 -3.2645181e-19)
(31.305581 -0.051311035 0)
(31.227341 -0.030052838 0)
(31.232956 -0.014324657 1.4615173e-19)
(31.326217 -0.0044710719 -1.1555802e-19)
(31.494735 0.00092182615 0)
(32.640375 -0.17320793 -3.5456665e-19)
(32.464485 -0.15471356 2.0322316e-20)
(32.26285 -0.13200167 3.1115526e-19)
(32.052479 -0.10630263 -3.0098964e-19)
(31.859267 -0.080203695 -1.1352131e-19)
(31.712484 -0.056338593 1.6071164e-19)
(31.636411 -0.036769142 9.0423631e-20)
(31.642827 -0.022438251 -1.6096957e-19)
(31.728179 -0.012922617 6.6784788e-20)
(33.359833 -0.18798928 3.230501e-19)
(33.178843 -0.17074928 1.8570079e-20)
(32.967326 -0.14932191 -2.860881e-19)
(32.739546 -0.12458811 2.7781196e-19)
(32.518393 -0.098732227 -3.5008495e-20)
(32.330811 -0.074178739 -1.8605033e-19)
(32.200654 -0.052940726 1.6759652e-19)
(32.142347 -0.036122037 0)
(32.157989 -0.023956569 0)
(34.060871 -0.20290977 -5.8090957e-19)
(33.878614 -0.18677679 2.5502457e-19)
(33.663085 -0.16654483 3.234872e-25)
(33.426639 -0.14286073 2.8857907e-19)
(33.189964 -0.11757534 -3.2374381e-20)
(32.978108 -0.092851973 9.6023825e-24)
(32.81411 -0.070625488 -1.93793e-20)
(32.713294 -0.052177334 4.5962107e-20)
(32.680543 -0.038064344 -4.2883885e-20)
(34.800203 -0.19571117 -8.4553686e-21)
(34.623605 -0.18113372 0)
(34.41341 -0.16279647 0)
(34.180508 -0.14123116 2.0764331e-19)
(33.943643 -0.11801106 3.0002594e-20)
(33.725851 -0.095017826 -2.5531696e-19)
(33.548673 -0.073989211 3.5891058e-20)
(33.426894 -0.056167583 -2.1230248e-20)
(33.365978 -0.042230969 -1.3176464e-20)
(35.457333 -0.20648983 0)
(35.283285 -0.19212573 -4.6038417e-19)
(35.074995 -0.17404339 9.1274642e-19)
(34.842368 -0.15270706 -4.2642769e-19)
(34.602939 -0.12951556 -2.7852043e-20)
(34.378597 -0.10624154 4.4459715e-20)
(34.190107 -0.084616537 -1.6651032e-20)
(34.052055 -0.065972461 7.8625206e-20)
(33.970295 -0.051085251 -4.8646998e-20)
(36.229916 -0.20433983 0)
(36.06889 -0.19098726 0)
(35.875654 -0.17453401 -1.0284163e-25)
(35.659061 -0.15541612 -5.7981404e-22)
(35.435021 -0.13460999 6.6853097e-22)
(35.223448 -0.11350436 6.6060939e-21)
(35.043215 -0.093595462 -1.5217198e-20)
(34.907568 -0.076106474 6.1608331e-21)
(34.821855 -0.061692001 0)
(36.87932 -0.18759272 7.1074856e-21)
(36.727462 -0.17611691 -1.0746174e-20)
(36.545105 -0.16188073 1.3853005e-20)
(36.340377 -0.14519454 -1.6876746e-20)
(36.127982 -0.1268587 0)
(35.926629 -0.10808294 -1.1441769e-20)
(35.754271 -0.090221664 1.4932468e-20)
(35.623532 -0.074374073 -6.7904985e-22)
(35.539358 -0.06116076 -1.1288182e-21)
(37.604801 -0.17987113 8.0587309e-19)
(37.463836 -0.16797682 -3.7084753e-19)
(37.294247 -0.15360446 -7.2878939e-19)
(37.103451 -0.13700263 -1.1204025e-20)
(36.904928 -0.11885149 5.3419039e-19)
(36.715788 -0.10038396 -2.0561521e-19)
(36.552496 -0.082969966 0)
(36.426783 -0.067661273 0)
(36.343418 -0.05486559 4.8979063e-21)
(38.099736 -0.19157755 0)
(37.967141 -0.17897136 6.9441466e-19)
(37.807402 -0.16381238 -6.8329899e-19)
(37.627372 -0.14633375 1.0510894e-20)
(37.43972 -0.12723747 1.0668777e-20)
(37.260731 -0.10781312 1.7032389e-20)
(37.106207 -0.089468138 6.3652496e-21)
(36.987433 -0.073239658 0)
(36.90893 -0.059469697 4.5902788e-21)
(38.958526 -0.16907187 7.1831862e-19)
(38.839958 -0.15814112 -6.5561023e-19)
(38.697141 -0.14499996 -6.4474023e-19)
(38.536204 -0.1298318 3.1727463e-19)
(38.368487 -0.11322219 -4.320261e-25)
(38.208523 -0.096291061 3.3172571e-19)
(38.07033 -0.080301532 -5.9926179e-21)
(37.96375 -0.066148746 0)
(37.892535 -0.054049584 2.159093e-21)
(39.307951 -0.16837547 -1.3225046e-21)
(39.195308 -0.15759189 0)
(39.059537 -0.14451243 -6.0691289e-19)
(38.906434 -0.12939024 8.9610913e-19)
(38.746802 -0.11288459 -3.0545258e-19)
(38.594561 -0.096116268 3.2491405e-19)
(38.46322 -0.08030397 -3.611237e-19)
(38.362358 -0.066295193 -1.6546536e-21)
(38.295716 -0.054337042 -1.0153558e-21)
(40.338786 -0.1249137 0)
(40.2403 -0.11738993 0)
(40.121898 -0.10834156 -2.438083e-20)
(39.988733 -0.098236255 2.6051174e-20)
(39.85026 -0.087262098 1.1368351e-22)
(39.718646 -0.076024762 1.2765894e-22)
(39.605697 -0.065213391 0)
(39.519747 -0.05546313 4.7624753e-21)
(39.4639 -0.047147954 -4.8264634e-21)
(59.351701 1.6061724 0)
(60.055731 1.2927078 0)
(60.73732 0.98887561 0)
(61.417611 0.69869045 0)
(62.111685 0.41049814 0)
(62.56036 0.15671962 0)
(58.870019 1.5048139 0)
(59.548511 1.2113069 0)
(60.206991 0.92689411 0)
(60.866138 0.65506783 0)
(61.541616 0.38478097 0)
(61.988036 0.14913284 0)
(58.386862 1.4084867 0)
(59.040163 1.1335768 0)
(59.675747 0.86756845 0)
(60.313399 0.61334587 0)
(60.969299 0.36042255 0)
(61.413919 0.14145728 0)
(57.901419 1.3184531 0)
(58.530451 1.0605633 0)
(59.143586 0.81154586 0)
(59.760034 0.57376672 0)
(60.396135 0.33735074 0)
(60.838874 0.13382044 0)
(57.412278 1.2353811 0)
(58.018446 0.99282454 0)
(58.610068 0.75922009 0)
(59.205579 0.53665857 0)
(59.821829 0.31568232 0)
(60.262711 0.12636775 0)
(56.918128 1.1588951 0)
(57.502993 0.93017638 0)
(58.074137 0.71071564 0)
(58.649289 0.50211149 0)
(59.245909 0.29545001 0)
(59.685254 0.11910528 0)
(56.417848 1.0873809 0)
(56.98311 0.87154922 0)
(57.534946 0.66522147 0)
(58.090554 0.46958323 0)
(58.668014 0.27633367 0)
(59.106611 0.11195525 0)
(55.911049 1.0186567 0)
(56.458548 0.81525302 0)
(56.992462 0.62146298 0)
(57.529513 0.43822206 0)
(58.08863 0.25779415 0)
(58.527729 0.10473613 0)
(55.399152 0.94960146 0)
(55.930584 0.75887629 0)
(56.447852 0.57771457 0)
(56.967361 0.40687349 0)
(57.509083 0.2392017 0)
(57.95083 0.097248796 0)
(54.886097 0.87679308 0)
(55.403033 0.69980987 0)
(55.904923 0.53207859 0)
(56.408025 0.37425723 0)
(56.933634 0.21979526 0)
(57.380234 0.089266014 0)
(54.378633 0.79705333 0)
(54.882181 0.63557225 0)
(55.369537 0.48273624 0)
(55.857004 0.33917817 0)
(56.367576 0.19901126 0)
(56.822444 0.080671911 0)
(53.887548 0.70886992 0)
(54.37865 0.56505142 0)
(54.852423 0.42892699 0)
(55.325346 0.30115779 0)
(55.82224 0.1765625 0)
(56.286622 0.071477611 0)
(53.425113 0.61244888 0)
(53.903825 0.48836856 0)
(54.364042 0.37078573 0)
(54.822545 0.26040355 0)
(55.306342 0.15281165 0)
(55.78266 0.062016408 0)
(53.006356 0.51281935 0)
(53.473109 0.40951697 0)
(53.920507 0.31136151 0)
(54.365612 0.21905904 0)
(54.837022 0.12895645 0)
(55.320427 0.052908973 0)
(52.639295 0.41890048 0)
(53.093421 0.33527707 0)
(53.527282 0.2556748 0)
(53.958228 0.18068131 0)
(54.416489 0.10729959 0)
(54.903591 0.045245812 0)
(52.325527 0.34600121 0)
(52.768651 0.27748354 0)
(53.190709 0.212428 0)
(53.608937 0.15117046 0)
(54.053146 0.091173134 0)
(54.527183 0.040336918 0)
(52.041697 0.31334364 0)
(52.475046 0.25130894 0)
(52.886227 0.19291751 0)
(53.292193 0.13817575 0)
(53.72151 0.084662888 0)
(54.168148 0.03924708 0)
(51.744078 0.32962264 0)
(52.170562 0.26210733 0)
(52.572881 0.20000682 0)
(52.967165 0.14285322 0)
(53.378565 0.088451869 0)
(53.781549 0.040750063 0)
(51.361246 0.42157919 0)
(51.78982 0.33110652 0)
(52.192023 0.24841086 0)
(52.581815 0.1723112 0)
(52.977678 0.097776955 0)
(53.342786 0.040626501 0)
(50.766084 0.55727207 0)
(51.193007 0.43048005 0)
(51.587937 0.3158767 0)
(51.966934 0.21285314 0)
(52.363671 0.1158182 0)
(52.888328 0.040582644 0)
(49.887867 0.7248215 0)
(50.331811 0.56016959 0)
(50.747725 0.41214426 0)
(51.158284 0.28072813 0)
(51.612738 0.16225677 0)
(52.240535 0.058120889 0)
(48.715401 0.91218071 0)
(49.175278 0.71487356 0)
(49.606286 0.53586044 0)
(50.032278 0.37469996 0)
(50.504521 0.22628071 0)
(51.152341 0.093373447 0)
(47.252465 0.99618425 0)
(47.723539 0.77211559 0)
(48.160285 0.56850685 0)
(48.58198 0.38594955 0)
(49.026456 0.21944211 0)
(49.574903 0.071978439 0)
(45.519198 1.0395633 0)
(46.009025 0.80739341 0)
(46.476729 0.59628608 0)
(46.957919 0.40690824 0)
(47.54559 0.23266671 0)
(48.588259 0.089040403 0)
(43.708727 1.0367384 0)
(44.210362 0.81710398 0)
(44.686176 0.61642982 0)
(45.162676 0.43501307 0)
(45.696372 0.26658716 0)
(46.391134 0.11053487 0)
(41.919048 0.89062987 0)
(42.430536 0.69166734 0)
(42.914102 0.50931481 0)
(43.39524 0.34399241 0)
(43.932705 0.18722198 0)
(44.653662 0.059749522 0)
(40.229923 0.66352 0)
(40.747243 0.50276207 0)
(41.241819 0.35693629 0)
(41.753662 0.22705183 0)
(42.399539 0.10468691 0)
(43.746736 0.023735256 0)
(38.890569 0.38103289 0)
(39.442746 0.28213768 0)
(39.981762 0.19569481 0)
(40.561535 0.12197059 0)
(41.345778 0.056461174 0)
(43.157396 0.012745204 0)
(38.197524 0.1243436 0)
(38.816843 0.087222084 0)
(39.428615 0.057388996 0)
(40.089499 0.032460018 0)
(40.969562 0.015385504 0)
(42.852886 0.0043159125 0)
(38.087976 -0.040967833 0)
(38.743942 -0.039168877 0)
(39.389759 -0.034763832 0)
(40.082486 -0.026232078 0)
(40.991839 -0.017844757 0)
(42.911711 -0.0069334602 0)
(38.202563 -0.10627228 0)
(38.888473 -0.088234776 0)
(39.571437 -0.06950292 0)
(40.309365 -0.050309657 0)
(41.271486 -0.029457595 0)
(43.207381 -0.0089114187 0)
(38.559907 -0.072211877 0)
(39.268658 -0.056690834 0)
(39.974893 -0.042237431 0)
(40.733788 -0.027189055 0)
(41.702783 -0.012511587 0)
(43.510499 -0.0032683299 0)
(38.591135 0.062517354 0)
(39.288414 0.050901769 0)
(39.98585 0.040254823 0)
(40.737359 0.028914797 0)
(41.697615 0.01882761 0)
(43.487217 0.006587901 0)
(38.275314 0.22387473 0)
(38.959739 0.17262698 0)
(39.645056 0.12530562 0)
(40.384976 0.082322029 0)
(41.338386 0.042793581 0)
(43.103398 0.0069574127 0)
(37.037562 0.36435626 0)
(37.707409 0.27380191 0)
(38.394824 0.19142622 0)
(39.165411 0.11852627 0)
(40.227661 0.05347972 0)
(42.493069 0.0035617893 0)
(35.281189 0.36149351 0)
(35.956431 0.27319052 0)
(36.688551 0.19219848 0)
(37.568306 0.11993383 0)
(38.876069 0.055527459 0)
(41.788081 0.005614072 0)
(33.926233 0.24637244 0)
(34.575666 0.19219944 0)
(35.307971 0.14091764 0)
(36.230966 0.093306139 0)
(37.675906 0.048556708 0)
(41.03855 0.010744164 0)
(33.279288 0.11125557 0)
(33.888876 0.091888716 0)
(34.585001 0.072462824 0)
(35.476517 0.053046538 0)
(36.899689 0.032701738 0)
(40.327368 0.013292811 0)
(33.169858 0.023586566 0)
(33.747684 0.021568471 0)
(34.406895 0.018884276 0)
(35.250102 0.016047765 0)
(36.594029 0.011646893 0)
(39.836131 0.0067528511 0)
(33.193077 0.0029757918 0)
(33.76013 0.0016887659 0)
(34.408441 0.0010205904 0)
(35.239421 0.00011079873 0)
(36.56796 -8.4513924e-05 0)
(39.766211 -0.00088491414 0)
(33.086052 0.045562643 0)
(33.660041 0.031606405 0)
(34.321176 0.01935123 0)
(35.173505 0.009170979 0)
(36.544124 0.0022465078 0)
(39.848673 -0.0025214874 0)
(32.470288 0.088335867 0)
(33.041571 0.066230917 0)
(33.731907 0.04529634 0)
(34.660998 0.026361573 0)
(36.186084 0.010174106 0)
(39.723668 -0.0012662575 0)
(31.935987 0.065303367 0)
(32.448509 0.053134858 0)
(33.096767 0.040135883 0)
(34.016173 0.026807937 0)
(35.607436 0.013385535 0)
(39.473919 0.001401372 0)
(31.755017 0.020199638 0)
(32.230598 0.017692976 0)
(32.845946 0.014364204 0)
(33.740599 0.01044902 0)
(35.326374 0.0060632555 0)
(39.251174 0.0013876095 0)
(31.732871 0.011550948 0)
(32.183194 0.0098544149 0)
(32.782814 0.0070485615 0)
(33.674706 0.0038503637 0)
(35.277707 0.0013788935 0)
(39.232143 -0.00063641977 0)
(31.696803 0.0095582058 0)
(32.101246 0.008629848 0)
(32.675368 0.0059917732 0)
(33.570735 0.002759419 0)
(35.221283 0.00026547793 0)
(39.279864 -0.0012216355 0)
(31.736857 0.0018302432 0)
(32.092649 0.0029058387 0)
(32.627442 0.0022203762 0)
(33.511837 0.00061149788 0)
(35.203024 -0.00062775828 0)
(39.357973 -0.0013925721 0)
(31.89208 -0.0081479955 0)
(32.182006 -0.0036361578 0)
(32.673565 -0.0018003518 0)
(33.539046 -0.0014165262 0)
(35.244853 -0.0012952672 0)
(39.47134 -0.001346015 0)
(32.245566 -0.016278701 0)
(32.447042 -0.0088174159 0)
(32.8499 -0.0042100845 0)
(33.651617 -0.0019238311 0)
(35.349457 -0.00098173126 0)
(39.61484 -0.00097001997 0)
(32.713292 -0.027979851 0)
(32.84709 -0.017807471 0)
(33.165996 -0.010130106 0)
(33.873781 -0.0048491373 0)
(35.502957 -0.0017062955 0)
(39.768776 -0.00064049181 0)
(33.361708 -0.031639917 0)
(33.441482 -0.020914936 0)
(33.680977 -0.0122921 0)
(34.27658 -0.0058611968 0)
(35.775944 -0.0018045384 0)
(39.945212 -0.00031787232 0)
(33.938983 -0.039023744 0)
(33.979104 -0.027041648 0)
(34.156515 -0.016810199 0)
(34.651455 -0.0085314352 0)
(36.016706 -0.0024579138 0)
(40.100519 -0.00034686238 0)
(34.779361 -0.049156879 0)
(34.795181 -0.037163098 0)
(34.922026 -0.025853435 0)
(35.30673 -0.015380673 0)
(36.451498 -0.0059724748 0)
(40.325631 -0.00060206066 0)
(35.494763 -0.049453773 0)
(35.502707 -0.038150863 0)
(35.609433 -0.027267299 0)
(35.943614 -0.016813136 0)
(36.965663 -0.0070482877 0)
(40.631327 -0.00060953164 0)
(36.295206 -0.043578083 0)
(36.292457 -0.033616771 0)
(36.374788 -0.024150599 0)
(36.651474 -0.015441473 0)
(37.535653 -0.0073779581 0)
(40.956162 -0.0010333456 0)
(36.863826 -0.047335286 0)
(36.862512 -0.036758023 0)
(36.943111 -0.026562321 0)
(37.210411 -0.017005662 0)
(38.062747 -0.0083473118 0)
(41.319164 -0.0011801701 0)
(37.84996 -0.043434631 0)
(37.844157 -0.03416873 0)
(37.907063 -0.025171361 0)
(38.125413 -0.016665508 0)
(38.834912 -0.0086304508 0)
(41.810453 -0.0016063138 0)
(38.257122 -0.043818059 0)
(38.256059 -0.034288575 0)
(38.326019 -0.025160827 0)
(38.558248 -0.016600752 0)
(39.315392 -0.0086610804 0)
(42.247168 -0.001481303 0)
(39.432208 -0.039379401 0)
(39.434371 -0.031556806 0)
(39.498827 -0.02450107 0)
(39.702768 -0.018016527 0)
(40.336701 -0.011129226 0)
(43.026323 -0.0038754562 0)
)
;

boundaryField
{
    Side1
    {
        type            empty;
    }
    Inlet
    {
        type            freestreamVelocity;
        freestreamValue nonuniform List<vector> 0();
        value           nonuniform List<vector> 0();
    }
    Side2
    {
        type            empty;
    }
    Outlet
    {
        type            zeroGradient;
    }
    Botwall
    {
        type            movingWallVelocity;
        value           uniform (51.471881 0 0);
    }
    Cyli
    {
        type            noSlip;
    }
    procBoundary1to0
    {
        type            processor;
        value           nonuniform List<vector> 
44
(
(38.693492 3.4631714 5.0497711e-18)
(43.179568 3.4934955 -5.8414899e-19)
(30.606133 2.6238193 0)
(30.606133 2.6238193 0)
(17.129271 0.88456008 5.7976258e-21)
(17.129271 0.88456008 5.7976258e-21)
(6.7295511 -0.73549265 0)
(2.9640178 -1.5368349 -4.8180319e-18)
(2.9640178 -1.5368349 -4.8180319e-18)
(0.5913549 -2.1533532 0)
(0.5913549 -2.1533532 0)
(-0.86380071 -2.56421 -2.6641931e-18)
(-1.7643161 -2.4454358 -4.9217925e-18)
(-2.5297297 -2.0933252 2.3318648e-18)
(-2.5297297 -2.0933252 2.3318648e-18)
(-2.8304658 -1.8279324 2.537656e-18)
(-3.1471437 -1.143466 1.5630422e-18)
(-3.3447036 -0.35947959 -6.2046649e-19)
(-3.4055765 0.4574286 -9.2610063e-19)
(-3.3233309 1.2488051 -1.239944e-18)
(-3.0510827 2.4357865 -1.9190598e-18)
(-3.1251292 1.9932375 0)
(-3.0510827 2.4357865 -1.9190598e-18)
(-2.4516967 2.8739272 -3.51277e-18)
(-1.7337642 3.1612892 -3.0396021e-18)
(-0.86530664 3.0587201 -4.7935507e-18)
(-0.86530664 3.0587201 -4.7935507e-18)
(58.129559 2.4740314 -1.4833064e-21)
(59.059733 2.0552422 4.0637698e-19)
(45.994879 3.7790569 0)
(48.652699 3.8568325 -1.4879084e-18)
(51.083641 3.7807394 1.2193525e-18)
(53.244027 3.5464325 -1.0871031e-18)
(55.070763 3.1826816 2.1455695e-18)
(56.550446 2.752386 1.1541012e-18)
(56.550446 2.752386 1.1541012e-18)
(43.179568 3.4934955 -5.8414899e-19)
(43.179568 3.4934955 -5.8414899e-19)
(59.832682 1.7099636 0)
(60.561754 1.3755759 0)
(61.265369 1.0518812 0)
(61.964913 0.74320815 0)
(62.675223 0.43666191 0)
(63.127366 0.16386988 0)
)
;
    }
    procBoundary1to3
    {
        type            processor;
        value           nonuniform List<vector> 
62
(
(0.39609521 2.8333395 4.7208082e-18)
(0.5762647 2.715475 -4.4001365e-18)
(0.74104587 2.6166787 -3.9995084e-21)
(0.89303768 2.547554 3.7360306e-21)
(1.0469044 2.5061112 0)
(1.2485153 2.47515 0)
(1.4867219 2.4292638 -9.2812323e-21)
(1.7667918 2.3372503 -2.9929092e-18)
(2.1075172 2.1517367 2.6309555e-18)
(2.5194539 1.8453781 5.2141844e-21)
(3.019061 1.3565511 -4.9243037e-21)
(3.6511309 0.61689793 0)
(4.4630335 -0.42272556 8.7466084e-21)
(5.5016381 -1.7056055 0)
(6.6850249 -3.0902114 1.9394612e-18)
(7.9069379 -4.3822526 -1.7735763e-18)
(9.0367665 -5.4028545 -1.2623642e-20)
(9.9608966 -6.0538077 1.140592e-20)
(10.631107 -6.3126935 1.0276405e-20)
(11.104219 -6.1787509 0)
(11.464837 -5.6603678 -1.6810217e-20)
(11.8792 -4.7658163 9.7876448e-19)
(12.400566 -3.7130403 4.662293e-22)
(13.175434 -2.511771 -8.5349538e-19)
(14.356324 -1.3030543 0)
(15.973166 -0.3013535 0)
(17.907533 0.33552046 0)
(19.981284 0.44873313 -6.0684221e-19)
(22.038332 0.042412174 -7.299506e-23)
(23.89023 -0.68053043 5.1687592e-19)
(25.379153 -1.4689291 -4.6418996e-19)
(26.50104 -2.0990692 7.9421933e-19)
(27.298751 -2.4277947 -4.0104897e-19)
(27.88656 -2.3159378 3.2467386e-19)
(28.45547 -1.8007509 -7.0769259e-19)
(29.194365 -1.1322194 3.4549704e-19)
(30.231213 -0.5603425 1.8123443e-20)
(31.352086 -0.36720778 0)
(32.326117 -0.58863816 -2.1410918e-19)
(33.127169 -0.93601376 4.9833514e-19)
(33.127169 -0.93601376 4.9833514e-19)
(34.363759 -1.1880067 4.9561736e-20)
(34.953446 -1.1500798 -1.8152596e-19)
(35.597189 -0.96649298 1.6949649e-19)
(36.276871 -0.83540687 0)
(36.897421 -0.82355726 -7.2990869e-20)
(37.444955 -0.84138722 5.8061025e-25)
(37.977055 -0.80844925 1.8568657e-19)
(38.507895 -0.75778977 -1.7197184e-19)
(39.014193 -0.70982878 1.1781972e-23)
(39.496354 -0.67529602 1.4727952e-19)
(39.960426 -0.63298275 -1.1619891e-23)
(40.404293 -0.60002369 4.2149687e-20)
(40.827487 -0.55081144 1.5658472e-19)
(41.241904 -0.54011685 -1.4527921e-19)
(41.605647 -0.48894668 6.0521815e-25)
(41.973081 -0.46160122 -1.4840524e-20)
(42.357058 -0.4397164 -8.7933876e-20)
(42.601149 -0.47011033 1.0924077e-19)
(43.023692 -0.41679026 -2.0450809e-19)
(43.216985 -0.4240107 -1.9711059e-19)
(43.807255 -0.30113598 4.1928703e-22)
)
;
    }
}


// ************************************************************************* //
