/*--------------------------------*- C++ -*----------------------------------*\
| =========                 |                                                 |
| \\      /  F ield         | OpenFOAM: The Open Source CFD Toolbox           |
|  \\    /   O peration     | Version:  2406                                  |
|   \\  /    A nd           | Website:  www.openfoam.com                      |
|    \\/     M anipulation  |                                                 |
\*---------------------------------------------------------------------------*/
FoamFile
{
    version     2.0;
    format      ascii;
    arch        "LSB;label=32;scalar=64";
    class       surfaceScalarField;
    location    "0.08";
    object      phi;
}
// * * * * * * * * * * * * * * * * * * * * * * * * * * * * * * * * * * * * * //

dimensions      [1 0 -1 0 0 0 0];

oriented        oriented;

internalField   nonuniform List<scalar> 
4031
(
0.0001086523
0.69649879
-3.0825341e-05
0.78176106
0.85512961
0.0019428882
0.083356514
0.0021996286
0.096929061
0.002447134
0.11241654
0.0026731114
0.13000614
0.0028711948
0.14985457
0.002991785
0.17184788
0.0029960764
0.19571283
0.0028057669
0.22030884
0.0024424147
0.24449054
0.0021377037
0.27150611
0.0018729491
0.30366767
0.0016114214
0.34072852
0.0013542446
0.38295545
0.001095849
0.43051975
0.00084528875
0.48497225
0.0005939986
0.54628872
0.00035059023
0.61684392
0.00011643994
0.69674774
-3.1024922e-05
0.78194871
0.85537415
0.00057058675
0.0090488487
-0.00048058814
0.00068948383
0.013506738
0.00075262424
0.01779109
0.00078688291
0.02207563
0.00081950128
0.026672051
0.00087080428
0.031803645
0.00095370655
0.037642071
0.0010732573
0.044341098
0.0012332236
0.05206416
0.0014340719
0.060981271
0.0016701241
0.071266152
0.0019301554
0.08309601
0.0022005167
0.09665811
0.002467194
0.11214908
0.0027163163
0.12975593
0.00294028
0.14962907
0.0030857577
0.17170027
0.0031120618
0.19568361
0.0029394614
0.22047752
0.0025687077
0.24485608
0.0022510793
0.27181702
0.0019761876
0.30393434
0.0017038482
0.3409914
0.0014344471
0.38321479
0.0011623561
0.4307823
0.00089725874
0.48523041
0.00063084821
0.54655363
0.0003726341
0.61710906
0.00012427224
0.69701188
-3.1793314e-05
0.78214996
0.85560422
0.00057552528
0.0089989365
-0.00052579816
0.00068803945
0.013394013
0.00075785559
0.017721036
0.00079249138
0.022040732
0.00082005542
0.026644197
0.00086265008
0.031760732
0.00093497534
0.037569403
0.001044747
0.044230963
0.001197167
0.051911359
0.0013940403
0.060783996
0.0016313887
0.071028367
0.0018992131
0.082827684
0.0021839899
0.096372711
0.002470956
0.11186129
0.0027448095
0.12948093
0.0029943003
0.14937796
0.0031696957
0.1715226
0.0032250942
0.19562509
0.0030718995
0.22062651
0.0026965009
0.2452259
0.0023661566
0.27214016
0.0020817543
0.30420994
0.0017990449
0.34126397
0.0015175267
0.38348553
0.0012315444
0.43105803
0.00095145819
0.48550303
0.00066932952
0.54683421
0.00039569485
0.61739011
0.00013236772
0.69729213
-3.3206715e-05
0.78236587
0.85584204
0.00054507275
0.0089980061
-0.00054438044
0.00064397576
0.013294833
0.00071662572
0.017648085
0.0007531167
0.022003914
0.00077864418
0.026618315
0.0008160283
0.031722967
0.00088147179
0.037503559
0.00098492434
0.044127098
0.0011329408
0.051762921
0.0013285085
0.060587996
0.0015691754
0.070787238
0.0018462837
0.082550049
0.0021467683
0.096071577
0.0024554212
0.11155177
0.00275568
0.12917946
0.003032579
0.14909934
0.0032444897
0.17130828
0.0033343316
0.19553192
0.0032010388
0.2207553
0.0028246494
0.24559631
0.0024821638
0.27247493
0.0021890939
0.30449357
0.0018966642
0.34154553
0.00160332
0.38376732
0.0013033585
0.43134696
0.001007899
0.48579045
0.00070950209
0.54713097
0.00041981481
0.6176877
0.0001406081
0.69758949
-3.2694648e-05
0.78259449
0.85575878
0.00051541595
0.009036
-0.00055374423
0.00058346805
0.01322642
0.00063544652
0.01759573
0.00066332698
0.021975631
0.0006848872
0.026596325
0.00071935383
0.031688051
0.00078222673
0.037440226
0.00088416941
0.044024694
0.001032431
0.051614203
0.0012307637
0.060389205
0.0014780029
0.070539519
0.0017668766
0.082260633
0.0020850578
0.095752725
0.002417222
0.11121871
0.002745831
0.12884958
0.0030526951
0.14879067
0.0032970684
0.17106135
0.0034215136
0.19540393
0.0033211329
0.22085086
0.0029517389
0.24595929
0.0025981155
0.27282028
0.0022974791
0.30478409
0.0019962367
0.34183512
0.001691527
0.38405964
0.0013776102
0.43164902
0.0010664729
0.48609291
0.00075133656
0.54744437
0.00044499881
0.61800243
0.00014871319
0.69790527
-3.6680443e-05
0.7828402
0.85599742
0.00037524401
0.0091512667
-0.00049095111
0.00039202864
0.013209178
0.00044680816
0.017540466
0.00048519962
0.02193674
0.00051417272
0.02656684
0.00055458221
0.031647123
0.00062290036
0.037371392
0.00073069707
0.043916396
0.00088590489
0.051458512
0.0010928635
0.060181775
0.0013514893
0.070280408
0.0016558517
0.081955725
0.0019946122
0.095413284
0.0023526661
0.11085973
0.0027118564
0.12848907
0.0030513329
0.14844929
0.0033308551
0.17077913
0.0034829119
0.1952481
0.0034185428
0.22091008
0.0030755978
0.24629537
0.0027126821
0.27317434
0.0024059643
0.30507995
0.0020970513
0.34213154
0.0017816848
0.38436172
0.0014540049
0.43196394
0.0011269708
0.48641056
0.00079473693
0.5477747
0.00047122494
0.6183348
0.00015636926
0.69824108
-4.0867764e-05
0.78310336
0.85622558
0.00019603398
0.0093335753
-0.00037888804
0.000173554
0.013231094
0.00020369865
0.017509797
0.00022548153
0.021914423
0.00025604348
0.026535724
0.00030660217
0.031596003
0.00038841289
0.037289031
0.00051121706
0.043793069
0.00068226859
0.051286972
0.00090583049
0.05995775
0.0011824863
0.070003284
0.0015075187
0.081630163
0.0018707816
0.095049344
0.0022577824
0.11047178
0.0026501559
0.12809533
0.0030250159
0.14807244
0.003342775
0.17045851
0.0035427778
0.19504409
0.0035232357
0.22092413
0.0031953617
0.24661588
0.0028244712
0.27353573
0.0025135314
0.30537926
0.00219845
0.34243323
0.0018733076
0.38467261
0.0015321707
0.43229134
0.0011891314
0.48674342
0.00083957765
0.54812211
0.0004984212
0.61868523
0.00016332912
0.69859863
-4.6706673e-05
0.78338511
0.85648205
-0.00014788309
0.0095890183
-0.00010821506
-0.00025453895
0.01333708
-0.00026000094
0.017514647
-0.00020387097
0.021857704
-0.00013698487
0.026468261
-5.4190361e-05
0.031512642
5.8100509e-05
0.037176198
0.00021023252
0.043640434
0.00040944483
0.051087304
0.00066014438
0.059706632
0.0009634488
0.06969956
0.0013158616
0.081277263
0.0017086769
0.094655879
0.0021284418
0.11005107
0.0025570454
0.12766532
0.0029703153
0.14765709
0.0033297029
0.17009611
0.0035809854
0.19478855
0.0036126648
0.22088661
0.00330859
0.24691207
0.0029321077
0.27390205
0.0026187472
0.30568016
0.0022992035
0.34273843
0.0019655955
0.38499094
0.0016115919
0.43263056
0.0012525757
0.48709138
0.00088565103
0.54848652
0.00052646445
0.61905404
0.00016959243
0.69897952
-5.6212982e-05
0.78368823
0.8563016
-0.00062110263
0.0098875393
0.0003218155
-0.00075260796
0.013467749
-0.00076474415
0.017526093
-0.00073052024
0.021823082
-0.00065336306
0.026390702
-0.00053663931
0.031395482
-0.00038167893
0.037020799
-0.00018549318
0.043443838
5.6176566e-05
0.050845274
0.00034664156
0.059415845
0.00068701052
0.069358865
0.0010749911
0.080888875
0.0015035207
0.094226755
0.0019605991
0.10959307
0.0024289382
0.12719555
0.002883904
0.14719995
0.0032880556
0.16968879
0.0035921374
0.19447996
0.003680679
0.22079186
0.0034125773
0.24717175
0.0030336416
0.27427009
0.002720431
0.30598002
0.0023987084
0.34304478
0.0020579258
0.38531533
0.0016917273
0.43298085
0.001316892
0.48745416
0.00093272477
0.54886765
0.00055526073
0.61944137
0.00017505529
0.69938528
-6.3402721e-05
0.78400913
0.85659299
-0.0014465214
0.01023249
0.0011010908
-0.0016206035
0.013641482
-0.0016226755
0.017527659
-0.001527755
0.021727499
-0.0013722944
0.02623485
-0.0011793692
0.031202256
-0.00095266481
0.036793814
-0.00068979341
0.043180727
-0.00038739681
0.050542697
-4.2358867e-05
0.05907066
0.00034704125
0.068969296
0.0007799232
0.080455715
0.0012511495
0.093755027
0.001750653
0.10909269
0.0022626562
0.12668211
0.0027628843
0.14669748
0.0032140497
0.16923429
0.0035716472
0.19411758
0.0037235769
0.22063333
0.0035048472
0.2473815
0.003126874
0.27463642
0.0028162905
0.30627632
0.0024946899
0.34334993
0.0021489529
0.3856435
0.0017716294
0.43334108
0.0013815226
0.48783111
0.00098041831
0.54926502
0.00058469029
0.61984706
0.00017904934
0.69981794
-6.671186e-05
0.78434268
0.85694058
-0.0025543655
0.010563147
0.0022233824
-0.0027175901
0.013804538
-0.0026860287
0.017496205
-0.0025081182
0.021549777
-0.0022610638
0.025987882
-0.0019732006
0.030914464
-0.0016537027
0.036474415
-0.0013044442
0.042831604
-0.00092409232
0.0501625
-0.00050990026
0.058656609
-5.9460507e-05
0.068518926
0.00042775189
0.079968414
0.00094878414
0.093233629
0.001496007
0.10854467
0.0020558806
0.12612081
0.0026058745
0.14614518
0.0031120399
0.16872461
0.0035302483
0.19369427
0.0037460442
0.22041052
0.0035822738
0.24753571
0.0032087087
0.27499753
0.0029055048
0.30656425
0.0025871019
0.34365073
0.0022377447
0.38597401
0.0018505583
0.43370991
0.0014459539
0.48822136
0.0010282301
0.54967808
0.00061427702
0.62027088
0.00018032678
0.70028023
-8.3528922e-05
0.78469855
0.85685387
-0.0039530224
0.010800035
0.0037163216
-0.0039988561
0.013850532
-0.0038791883
0.017376846
-0.0036245146
0.021295755
-0.0032835387
0.025647548
-0.0028909602
0.030522494
-0.0024661992
0.036050273
-0.0020174353
0.04238347
-0.0015464728
0.049692142
-0.0010517237
0.058162389
-0.0005304988
0.06799809
1.8950882e-05
0.079419126
0.0005959975
0.092656397
0.0011957133
0.10794427
0.0018075015
0.12550762
0.002412664
0.14553764
0.002988795
0.16814479
0.0034876695
0.19319003
0.0037640224
0.22012674
0.0036414134
0.24764816
0.0032778892
0.27534776
0.0029839544
0.30684188
0.0026717672
0.34394408
0.002322676
0.38630287
0.0019267999
0.43408606
0.0015096171
0.48862285
0.0010754285
0.55010645
0.00064330066
0.6207126
0.0001797838
0.70077312
-9.9343154e-05
0.78507123
0.85686265
-0.0055110742
0.01091047
0.0054014595
-0.0054505238
0.013791064
-0.0052114872
0.017139024
-0.0048431991
0.020928556
-0.00438974
0.025195192
-0.0038853706
0.030019324
-0.0033517631
0.035517926
-0.0027999173
0.041832869
-0.0022340216
0.049127402
-0.0016539285
0.057583298
-0.0010571397
0.067402077
-0.0004409893
0.078803439
0.00019580218
0.09201964
0.00085107619
0.10728844
0.0015175228
0.12483982
0.002180999
0.14487174
0.0028222897
0.16749967
0.003380275
0.19262645
0.0036909659
0.21980816
0.003628888
0.24769942
0.0033292832
0.27563322
0.0030525853
0.30710122
0.0027496569
0.34422688
0.0024008071
0.38662994
0.0019994491
0.43446613
0.0015714818
0.48903361
0.0011212849
0.55054941
0.00067135321
0.62117167
0.00017572301
0.70129873
-0.00013143066
0.78547015
0.85691747
-0.0069998219
0.010878985
0.0070326858
-0.0068197223
0.013612569
-0.0064817449
0.016802792
-0.0060204099
0.020468993
-0.0054740381
0.024650661
-0.0048757624
0.029422963
-0.0042481704
0.034892267
-0.0036046173
0.041191187
-0.0029517644
0.048476279
-0.0022913977
0.056924436
-0.0016218936
0.066733769
-0.00094034995
0.078122688
-0.00024430634
0.09132387
0.0004663601
0.10657737
0.0011874158
0.12411747
0.0019080216
0.14414867
0.0026075911
0.16679613
0.0032263965
0.19200175
0.0036402083
0.21938599
0.0036652055
0.24766294
0.0033657123
0.27591769
0.0031015364
0.30734698
0.0028143026
0.3444926
0.0024739418
0.38694675
0.0020667104
0.43485024
0.0016309421
0.48945035
0.001165673
0.55100568
0.00069826029
0.62164749
0.00016925527
0.70185767
-0.00016346184
0.78588985
0.85699048
-0.0082772756
0.010732517
0.0084254287
-0.0079905747
0.013327789
-0.0075718979
0.01638619
-0.0070435384
0.019942876
-0.0064354339
0.024044941
-0.0057748256
0.028764821
-0.0050824517
0.034202366
-0.004372478
0.04048361
-0.0036533544
0.047759383
-0.0029288262
0.056201869
-0.0021987248
0.066005259
-0.0014606873
0.077385765
-0.00071182992
0.090575522
4.9531182e-05
0.10581575
0.00082153385
0.12334422
0.0015957856
0.14337192
0.002351532
0.16603625
0.0030342585
0.19131282
0.0035396587
0.21887177
0.0036647019
0.24752577
0.003384906
0.27618162
0.003140631
0.30757185
0.0028680469
0.34474222
0.0025300614
0.38725907
0.0021265895
0.43522833
0.0016855628
0.48987011
0.0012085517
0.55147153
0.00072317972
0.62214011
0.00016280665
0.70244701
-0.00018815597
0.7863188
0.85708508
-0.0092704822
0.010485116
0.009520089
-0.0089020883
0.012961692
-0.0084239176
0.01591047
-0.0078523029
0.019373874
-0.0072092594
0.023404639
-0.0065162214
0.028074602
-0.0057907129
0.033479688
-0.0050455291
0.039741186
-0.0042889424
0.047005386
-0.0035253581
0.055440593
-0.0027555944
0.065237405
-0.0019779174
0.076609469
-0.0011893886
0.089787702
-0.00038749668
0.10501372
0.00042749372
0.12252803
0.0012490486
0.14254779
0.0020570689
0.16522393
0.0028001697
0.19056323
0.0033727727
0.21828989
0.003584616
0.24730116
0.0033692887
0.27638026
0.0031476417
0.30777314
0.0029015915
0.34496372
0.0025865302
0.38754595
0.0021806385
0.43560612
0.0017358862
0.49029081
0.0012483868
0.5519453
0.00074540958
0.62264846
0.00015459134
0.70306459
-0.00021426213
0.78675495
0.85721684
-0.0099293678
0.010171255
0.010245426
-0.0095123729
0.012547061
-0.0089999328
0.015400561
-0.0084066775
0.018783311
-0.0077513815
0.022752175
-0.0070520529
0.027378203
-0.0063229794
0.032753581
-0.0055742438
0.038995372
-0.0048121705
0.046246087
-0.0040399663
0.054670896
-0.0032580345
0.064457576
-0.0024644509
0.075817438
-0.0016559705
0.088980057
-0.00082946466
0.10418714
1.5918839e-05
0.12168143
0.00087468259
0.14168635
0.0017279237
0.16436619
0.0025262802
0.18975806
0.0031639051
0.21764252
0.003485944
0.24696571
0.0033616609
0.27648706
0.003148559
0.30796491
0.0029234342
0.34516262
0.0026059459
0.38783237
0.0022187124
0.43596194
0.0017766436
0.49070536
0.0012831639
0.55242195
0.00076272062
0.62317137
0.00014484074
0.70370528
-0.00024008255
0.78719759
0.85745302
-0.010275235
0.0098280711
0.010620465
-0.009836949
0.012110986
-0.0093107393
0.014876726
-0.00871086
0.018185968
-0.0080565457
0.022100546
-0.0073663571
0.026690817
-0.0066538211
0.032043913
-0.0059267475
0.038271156
-0.0051882681
0.045510353
-0.004438237
0.053923372
-0.0036744863
0.06369595
-0.00289315
0.075037677
-0.0020895576
0.088177307
-0.0012594517
0.10335693
-0.00040102087
0.12082169
0.00048151366
0.140801
0.0013701648
0.16347282
0.0022185644
0.18890254
0.0029276409
0.21692328
0.0032643884
0.24661496
0.0032166601
0.27651653
0.0030926522
0.30806643
0.0029074368
0.34531974
0.0026390848
0.38806649
0.0022552795
0.43631047
0.0018105923
0.49111843
0.0013079937
0.55290391
0.00077594473
0.62370176
0.00014408352
0.7043539
-0.00025042184
0.78764158
0.85778097
-0.01022327
0.009503429
0.010549842
-0.0098083133
0.0116981
-0.0093075384
0.014378148
-0.0087332698
0.017614017
-0.008105245
0.021474945
-0.0074447187
0.026032801
-0.0067684587
0.031370219
-0.0060852281
0.037590491
-0.005395995
0.044823599
-0.0046968144
0.053226463
-0.0039813311
0.062982386
-0.0032418447
0.074299589
-0.0024706214
0.087406765
-0.0016611784
0.10254721
-0.00081010426
0.11996913
7.9556037e-05
0.13990831
0.00099115346
0.16255623
0.001883683
0.18800255
0.0026874564
0.21610889
0.0031636464
0.24612411
0.0031620421
0.27649898
0.0030432297
0.30816092
0.0028943104
0.34543818
0.0026088284
0.38831479
0.0022566191
0.43662319
0.0018286756
0.49150984
0.0013223874
0.55338472
0.00078413965
0.62423297
0.00014206769
0.7050049
-0.0002614303
0.78809072
0.85806464
-0.0097018319
0.0092468028
0.0099600229
-0.009362611
0.011360568
-0.0089399131
0.013957257
-0.0084407988
0.017116813
-0.0078818408
0.020917973
-0.0072850937
0.025438087
-0.0066715642
0.03075874
-0.0060543657
0.036975322
-0.005436115
0.044207293
-0.0048114336
0.052603543
-0.0041700413
0.06234244
-0.0034993731
0.073629895
-0.0027870793
0.086694777
-0.0020229992
0.10178253
-0.0012011511
0.11914548
-0.00032285691
0.13902666
0.00059762873
0.16163042
0.0015254766
0.18706681
0.0023923235
0.21523085
0.0029843406
0.24551683
0.0030709639
0.27639218
0.0029506288
0.30825536
0.0028255143
0.34553006
0.0026068296
0.38849215
0.0022677584
0.43691772
0.0018318609
0.4919036
0.0013213288
0.55386365
0.00078699767
0.62475349
0.00013798729
0.70565352
-0.0002838874
0.78855433
0.85830128
-0.008655086
0.0090978528
0.0088054022
-0.0084368046
0.011143849
-0.0081441206
0.013666248
-0.0077772384
0.016751673
-0.007345369
0.020487829
-0.0068658616
0.024960224
-0.0063591624
0.030253577
-0.0058418998
0.036459474
-0.0053214598
0.043688116
-0.0047945589
0.052077696
-0.0042495273
0.061798159
-0.0036700673
0.073050752
-0.0030391086
0.086063535
-0.0023420469
0.10108436
-0.0015693824
0.11837056
-0.00071972298
0.13817324
0.00019555449
0.1607094
0.0011440248
0.18610999
0.0020476235
0.21431547
0.0027165885
0.24483182
0.0028662847
0.27622092
0.0027498599
0.30834365
0.0026729479
0.34556997
0.0025020569
0.38861701
0.0022185552
0.43715151
0.0018199788
0.49225315
0.0013158151
0.55432841
0.00078311841
0.62526415
0.00012709982
0.70629903
-0.00030938743
0.78903026
0.85863871
-0.0070834082
0.0090818473
0.0070991722
-0.0070225116
0.011082834
-0.0069051049
0.013548891
-0.006723388
0.016570405
-0.0064765594
0.020241606
-0.0061727982
0.024657066
-0.0058282702
0.029909554
-0.0054588723
0.036090426
-0.0050743492
0.043303794
-0.0046739881
0.051677376
-0.0042472476
0.061371228
-0.0037768566
0.07257982
-0.0032431456
0.085528768
-0.0026281474
0.10046757
-0.0019192097
0.1176588
-0.0011123281
0.1373621
-0.0002169952
0.15980785
0.00073485703
0.18514929
0.0016698115
0.21336812
0.0024234856
0.24406112
0.0027463156
0.27587508
0.0026644884
0.30839392
0.0026158962
0.34557728
0.0025021513
0.38868066
0.0021864442
0.43741123
0.0017742072
0.49260778
0.0012882074
0.55476535
0.00076231961
0.62575879
9.0705951e-05
0.70695237
-0.00034918745
0.78951008
0.85898489
-0.0053832858
0.0092050976
0.0052597548
-0.0054700882
0.011168972
-0.0055138598
0.013591598
-0.0055107604
0.016565587
-0.0054597862
0.020188542
-0.0053604152
0.02455553
-0.0052117135
0.02975877
-0.0050198322
0.035896596
-0.0047928201
0.043075013
-0.0045329203
0.051415889
-0.0042316205
0.061068413
-0.0038733073
0.07221987
-0.003438592
0.085092077
-0.0029081626
0.099934583
-0.0022673261
0.11701451
-0.0015098987
0.13659986
-0.00064315612
0.15893438
0.00030339497
0.18419334
0.0012591134
0.21239928
0.0020659114
0.24323614
0.0023953029
0.27552078
0.0023569428
0.3083982
0.0023669452
0.34552112
0.0022470236
0.38874517
0.0020884828
0.43750617
0.001737973
0.49288945
0.0012623823
0.55518095
0.00072853713
0.62625259
3.3274861e-05
0.70762746
-0.00041852049
0.7900058
0.85922316
-0.0038703516
0.0095158861
0.0035584301
-0.0041557269
0.011453104
-0.0044000482
0.013834462
-0.0045895689
0.016753421
-0.0047147057
0.020311724
-0.0047763217
0.024614868
-0.0047834132
0.029763285
-0.0047427779
0.035853131
-0.0046544805
0.042983751
-0.0045136907
0.051272165
-0.004314587
0.060866422
-0.0040454041
0.071947808
-0.0036892878
0.084732954
-0.0032275376
0.099469451
-0.0026441614
0.11642701
-0.0019308152
0.13588117
-0.0010921671
0.15808848
-0.00015515733
0.18324631
0.00081023544
0.21141996
0.0016438106
0.24238323
0.0020900805
0.27504738
0.0021617244
0.30828706
0.0021962862
0.345435
0.0021591212
0.38872322
0.0019881607
0.43760568
0.0016264998
0.49316831
0.0011908696
0.55554474
0.00067168703
0.62672463
-4.6978579e-05
0.70832998
-0.00050067749
0.79052152
0.85948373
-0.0026680513
0.0099746853
0.0022069015
-0.003126336
0.011908747
-0.003563478
0.014268667
-0.0039591381
0.01714589
-0.0042934125
0.020642672
-0.0045497585
0.024867836
-0.0047207326
0.029930902
-0.004806789
0.035935913
-0.0048123216
0.042985895
-0.0047432642
0.051199534
-0.0046014366
0.060721055
-0.0043791766
0.071722045
-0.0040630674
0.084413244
-0.0036370897
0.099039541
-0.0030853987
0.11587072
-0.0023978354
0.1351878
-0.0015760104
0.1572589
-0.00064183212
0.18230142
0.00034631719
0.2104168
0.0012636704
0.24144462
0.0018034257
0.27447671
0.0019574864
0.30808998
0.0020283646
0.34530995
0.0019762946
0.38870771
0.0018189471
0.43767778
0.0015458237
0.49334558
0.0011244975
0.55588339
0.00060757851
0.6271903
-0.00013258209
0.7090648
-0.00057371111
0.79105397
0.85986208
-0.0025062602
0.010480366
0.0019984295
-0.0030229786
0.012423055
-0.0035337354
0.014776717
-0.0040192286
0.017628361
-0.0044563588
0.021076476
-0.0048198581
0.025227758
-0.0050878363
0.030195162
-0.0052499048
0.036094233
-0.0053103114
0.043042692
-0.005278372
0.051164096
-0.0051534387
0.060592577
-0.0049324899
0.071497473
-0.0046103787
0.084087336
-0.0041775522
0.098602544
-0.0036217332
0.11531001
-0.0029324131
0.13449231
-0.0021077175
0.15642593
-0.0011628904
0.18134506
-0.00014310157
0.20938061
0.00084936254
0.24042862
0.0014836224
0.27380899
0.0016443052
0.3078836
0.0017217911
0.34517222
0.0017414433
0.38860767
0.0016693343
0.43765176
0.0013882484
0.49351956
0.00100411
0.55617592
0.00052625607
0.62761715
-0.00021939755
0.70982783
-0.00061501416
0.79158748
0.86031245
-0.0037189979
0.010958287
0.0032393897
-0.0042064107
0.012908585
-0.0046870773
0.015255294
-0.0051426598
0.018081649
-0.0055519195
0.021483259
-0.0058930934
0.025566303
-0.006145642
0.03044492
-0.0062931652
0.036238796
-0.0063241651
0.043070603
-0.0062370499
0.051074169
-0.0060418428
0.06039479
-0.0057494703
0.071202261
-0.0053608902
0.08369547
-0.0048706134
0.098108343
-0.0042695558
0.11470403
-0.0035473179
0.13376359
-0.0026985344
0.15556825
-0.0017325784
0.18036654
-0.00068849885
0.20831847
0.00033288966
0.23938118
0.0010878909
0.27301726
0.0013084426
0.30761224
0.0014590184
0.34495188
0.0015662814
0.38840957
0.0014791723
0.43762699
0.001220533
0.49365676
0.00089243892
0.55640658
0.00041453917
0.62805023
-0.00028841771
0.71058574
-0.00060583476
0.79210768
0.86052848
-0.0058733616
0.011344272
0.0054866046
-0.0062623838
0.013296716
-0.0066399266
0.01563182
-0.0069885904
0.018429158
-0.0072879895
0.021781354
-0.0075165673
0.025793409
-0.0076541396
0.030580829
-0.007685538
0.036268405
-0.0076058843
0.042989534
-0.0074161947
0.05088322
-0.007122439
0.060099214
-0.0067315669
0.070809103
-0.0062491535
0.083210205
-0.0056753855
0.097530834
-0.0050049625
0.1140285
-0.0042293859
0.13298096
-0.0033418214
0.15467082
-0.002346681
0.17935736
-0.0012744259
0.20722594
-0.0002086174
0.23828595
0.000640068
0.27212637
0.00094494295
0.30724894
0.0011326795
0.34468399
0.0012366875
0.38820117
0.001228388
0.43750903
0.0010747297
0.49368018
0.00072136384
0.55666191
0.00027966678
0.62845973
-0.00040048426
0.71136421
-0.00067466395
0.79264528
0.8606366
-0.0083626564
0.011613375
0.0080939491
-0.0086257967
0.013560244
-0.0088709985
0.015877408
-0.0090827186
0.018641275
-0.0092426928
0.021941708
-0.0093311377
0.025882169
-0.0093308541
0.030580884
-0.0092299299
0.03616804
-0.0090231293
0.042782924
-0.0087063698
0.05056566
-0.0082876118
0.059678986
-0.0077781914
0.070297601
-0.0071879609
0.08261704
-0.0065208516
0.09685954
-0.005773922
0.11327566
-0.0049396935
0.13213848
-0.0040100206
0.15372963
-0.0029844758
0.1783155
-0.0018842674
0.20610234
-0.00077953349
0.23714755
0.00015409369
0.27114462
0.00057077334
0.30676614
0.00080894638
0.34435553
0.0010132278
0.38787648
0.00097784567
0.43740515
0.00081944278
0.4937067
0.00056259616
0.55682599
0.00015553616
0.62885241
-0.00045429373
0.71209734
-0.00074783042
0.79328868
0.85969501
-0.010593374
0.011781791
0.010426101
-0.010748822
0.013716816
-0.010881629
0.016011406
-0.010978353
0.018739206
-0.011023067
0.021987657
-0.010998821
0.025859306
-0.010889852
0.030473455
-0.010680056
0.035959562
-0.010356162
0.042459692
-0.009922774
0.05013226
-0.0093891011
0.059144577
-0.0087693711
0.069676088
-0.0080779206
0.081922378
-0.0073239914
0.096100574
-0.0065084309
0.11245276
-0.0056247529
0.13124449
-0.0046628434
0.15275342
-0.0036170924
0.17724986
-0.0024997417
0.20495715
-0.0013664869
0.23597521
-0.00036102045
0.27008471
0.00016359245
0.30616733
0.00043338131
0.34398719
0.00063989582
0.38754235
0.00067367908
0.43722557
0.00061171419
0.49363542
0.00039276242
0.55696387
5.5064739e-05
0.62919667
-0.00031963627
0.71259316
-0.00059647805
0.79394244
0.85974934
-0.011836731
0.011890626
0.011729518
-0.011931481
0.013813438
-0.012004904
0.016086918
-0.012045602
0.018782186
-0.012039778
0.021983734
-0.011970377
0.025791069
-0.011815851
0.030319769
-0.011561458
0.035705842
-0.011199754
0.042098535
-0.010728776
0.049661379
-0.010155659
0.058570617
-0.0094940371
0.069012213
-0.0087601681
0.081184332
-0.007967495
0.095301264
-0.0071220614
0.11159761
-0.006220556
0.13032937
-0.0052532562
0.1517675
-0.0042111557
0.17618258
-0.0030987454
0.20381075
-0.0019577529
0.23478825
-0.00090524253
0.26897035
-0.00029087531
0.30547134
1.2348554e-05
0.34358136
0.00019622872
0.38722933
0.00031036221
0.43697186
0.00036587725
0.49345326
0.00019136038
0.55707214
-7.075476e-05
0.62948833
-0.00023140539
0.71284989
-0.00044484827
0.7944763
0.86051727
-0.011294156
0.01199412
0.011190956
-0.011389192
0.013908712
-0.01146934
0.016167221
-0.011525825
0.018838878
-0.011548107
0.022006768
-0.011524482
0.025768723
-0.01144126
0.030237656
-0.011279887
0.035545161
-0.01102503
0.04184375
-0.010668536
0.049304023
-0.010208475
0.058108399
-0.0096505282
0.06845023
-0.0090056697
0.080532908
-0.0082860201
0.094571883
-0.0075002722
0.11079825
-0.0066498867
0.12946055
-0.0057297005
0.15082278
-0.0047319289
0.1751527
-0.0036571694
0.20269437
-0.0025361393
0.2336134
-0.0014716251
0.26783678
-0.00078163043
0.30469409
-0.00044519019
0.34313998
-0.00014693713
0.38680442
1.858296e-06
0.43670573
4.2616386e-05
0.49330108
4.9212199e-07
0.55706319
-0.00022295415
0.62973193
-0.0002289271
0.71293593
-0.00040338431
0.79482344
0.86111515
-0.0094675022
0.012156279
0.0093043758
-0.0096299461
0.014069987
-0.0097854246
0.016321269
-0.0099256633
0.01897725
-0.010040919
0.022119544
-0.010121653
0.025846201
-0.010159552
0.030271508
-0.010146239
0.035527468
-0.010069013
0.041761939
-0.0099090197
0.049138947
-0.0096500259
0.057843975
-0.0092873391
0.068080138
-0.008825267
0.080060179
-0.0082694645
0.094001361
-0.007625308
0.11013461
-0.0068955659
0.12870568
-0.0060783783
0.14997363
-0.0051681983
0.1742023
-0.0041648783
0.20164101
-0.0030922471
0.23247912
-0.002040671
0.26671053
-0.001283861
0.3038496
-0.00092935783
0.34268728
-0.00057128154
0.38634186
-0.00035290328
0.43639319
-0.00020708545
0.49307314
-9.8630375e-05
0.55689606
-0.00031210878
0.62995316
-0.00022304163
0.71287874
-0.0003604365
0.79503621
0.86170885
-0.007098654
0.012413287
0.0068391475
-0.0073715112
0.014340115
-0.0076528921
0.01659964
-0.0079353573
0.019256381
-0.0082082034
0.022388666
-0.0084570838
0.026090943
-0.0086668486
0.030476419
-0.0088228155
0.035676905
-0.0089140728
0.041844352
-0.0089352801
0.049148713
-0.0088813321
0.05777502
-0.0087374166
0.067918391
-0.0084877254
0.079789995
-0.0081271209
0.093616934
-0.0076541985
0.10963349
-0.0070702541
0.12808799
-0.0063755282
0.14923833
-0.0055681351
0.17334617
-0.0046489869
0.20066382
-0.0036379372
0.23140016
-0.0026161296
0.26561175
-0.0018134456
0.30296504
-0.0014303301
0.34222169
-0.0010378583
0.38587637
-0.00069446797
0.43599386
-0.00044436779
0.49278205
-0.00036160437
0.55676989
-0.00048498518
0.63001929
-0.00030505096
0.71266395
-0.00040032609
0.795157
0.86259693
-0.0052738176
0.012718256
0.0049626722
-0.0056091496
0.014668451
-0.0059667647
0.016949339
-0.0063428902
0.019623539
-0.0067308951
0.022766557
-0.007119916
0.026468705
-0.0074943632
0.030838554
-0.0078351866
0.036004345
-0.0081208981
0.042115174
-0.0083314286
0.049342188
-0.0084491945
0.057872961
-0.0084650232
0.067911016
-0.0083727403
0.079670769
-0.0081626716
0.093375766
-0.0078276438
0.10926241
-0.0073618876
0.12758033
-0.0067626436
0.14859054
-0.0060319769
0.17255956
-0.0051760472
0.19974409
-0.0042143703
0.23036767
-0.0032199368
0.26454278
-0.0023813495
0.30205554
-0.0019675859
0.34174947
-0.0015565075
0.38543007
-0.0011262514
0.43555316
-0.00080969353
0.49246944
-0.0006548582
0.55659283
-0.0005786731
0.62984937
-0.00048120154
0.71240805
-0.00058126155
0.7952027
0.86206641
-0.0054926369
0.012993882
0.0052098146
-0.0057975127
0.014964965
-0.0061230049
0.017265024
-0.0064665502
0.019955733
-0.006824028
0.023111115
-0.00718969
0.026819707
-0.0075545346
0.031186791
-0.0079054097
0.036336457
-0.0082243994
0.042413011
-0.0084871208
0.049581198
-0.0086688902
0.058028385
-0.0087501459
0.067963011
-0.0087212135
0.07960897
-0.0085723895
0.09318973
-0.0082954094
0.10894329
-0.0078824833
0.12711972
-0.0073266215
0.14798081
-0.0066270804
0.17179972
-0.0057937125
0.19884482
-0.0048488093
0.22935388
-0.0038561856
0.26348375
-0.0029659846
0.30111087
-0.0024963309
0.34124958
-0.0020629523
0.38500166
-0.0015763249
0.43510507
-0.0011644099
0.4921113
-0.00086262554
0.55631394
-0.00064364738
0.62955665
-0.0006585353
0.71218415
-0.00087112308
0.79519778
0.86126866
-0.0074316179
0.013214554
0.007203131
-0.0076762518
0.015200623
-0.007934996
0.017513452
-0.0082046061
0.020213484
-0.008480355
0.023373236
-0.008755688
0.027079391
-0.0090219294
0.031435093
-0.0092680382
0.03656205
-0.0094806099
0.042602204
-0.0096443778
0.049718455
-0.0097406761
0.058094771
-0.0097499131
0.067938713
-0.0096512368
0.079472929
-0.0094351478
0.092932169
-0.009096473
0.10855865
-0.0086327698
0.12660526
-0.008041596
0.14733405
-0.0073197263
0.17101792
-0.006470972
0.19793354
-0.0055147809
0.2283365
-0.0045031004
0.26241928
-0.0035537563
0.30012799
-0.0030021466
0.34069743
-0.0025158059
0.38455861
-0.0019927328
0.43466851
-0.0014648782
0.49169297
-0.0010789
0.55602119
-0.00083009391
0.62930987
-0.00075203839
0.71191545
-0.00097235269
0.79513252
0.86024348
-0.009565063
0.013395207
0.0093771249
-0.0097644782
0.015391568
-0.0099729014
0.017711967
-0.01018632
0.020415394
-0.010398906
0.02357262
-0.010602952
0.027268323
-0.010788653
0.031603486
-0.01094402
0.036697637
-0.011055393
0.042691001
-0.011108533
0.049745802
-0.011089695
0.058046619
-0.010985854
0.067801778
-0.010778128
0.079227947
-0.010454144
0.092566496
-0.010011237
0.10806965
-0.0094520464
0.12599592
-0.0087815787
0.14661014
-0.0080027914
0.17018389
-0.0071172012
0.19699365
-0.0061370762
0.22730795
-0.0050998005
0.26134735
-0.0041091679
0.29912785
-0.0034793692
0.34009737
-0.002935995
0.38409553
-0.0023501461
0.43421589
-0.0017627445
0.49127492
-0.0012851975
0.55571519
-0.00096849567
0.62909299
-0.00075902326
0.71161762
-0.00087274627
0.79495966
0.85936154
-0.010553595
0.013568203
0.010372988
-0.010745487
0.015574823
-0.010946262
0.017902892
-0.011152026
0.02060994
-0.01135711
0.023764912
-0.011553688
0.027450328
-0.011731571
0.031764765
-0.0118782
0.036825352
-0.011979119
0.042770393
-0.012019194
0.049761399
-0.011979983
0.057979566
-0.011836898
0.067627184
-0.01157995
0.078935744
-0.011203155
0.092150615
-0.010705316
0.10752904
-0.01009045
0.12533527
-0.0093663365
0.14583863
-0.008541531
0.16931244
-0.0076236745
0.19603362
-0.0066226261
0.22627499
-0.0055640774
0.26027583
-0.0045424111
0.29812415
-0.0038379326
0.33945658
-0.0032987985
0.38367725
-0.0026784296
0.4337773
-0.0020492941
0.49087295
-0.0014670261
0.55536538
-0.0010189006
0.62881469
-0.00072891489
0.7113321
-0.00074705552
0.79477336
0.85883366
-0.010162298
0.013758867
0.0099629522
-0.01037642
0.015779175
-0.010603641
0.018119132
-0.010840989
0.020834963
-0.011083785
0.023993889
-0.011325149
0.027676211
-0.011555462
0.031977745
-0.01176189
0.037012401
-0.011927894
0.042914759
-0.012033213
0.049842488
-0.012060065
0.057979334
-0.011992212
0.067529364
-0.011808767
0.078719491
-0.011495311
0.091801631
-0.011044327
0.10704026
-0.010456859
0.12470875
-0.009741591
0.1450849
-0.0089123933
0.16844836
-0.0079841758
0.19507871
-0.0069710434
0.2252501
-0.0058976409
0.25921535
-0.0048513519
0.29712866
-0.0040774543
0.33878462
-0.0035736259
0.38334054
-0.0029628097
0.43339657
-0.0023076216
0.49048733
-0.0016929014
0.55501233
-0.0011368641
0.62845578
-0.00076789203
0.71102243
-0.00065145893
0.79455262
0.85857719
-0.0095177604
0.013956619
0.0093102827
-0.0097425327
0.015993
-0.0099836563
0.018347993
-0.010239121
0.02107674
-0.010505464
0.024244996
-0.010777288
0.027931129
-0.011046718
0.032228487
-0.011302816
0.037247929
-0.01153104
0.043120448
-0.011712756
0.049999714
-0.011826809
0.058066862
-0.011853691
0.067527567
-0.011773661
0.078608862
-0.011565237
0.09156125
-0.011211964
0.10665454
-0.010706072
0.12417136
-0.010049361
0.14439998
-0.0092540407
0.1676318
-0.0083385245
0.19415451
-0.0073228689
0.22424642
-0.0062359284
0.25817217
-0.0051579
0.29613974
-0.0042921217
0.33806717
-0.0037836169
0.3830473
-0.0031983715
0.43308262
-0.0025378074
0.49011909
-0.0018967163
0.55463523
-0.0012979941
0.62805284
-0.00084189507
0.71064348
-0.00062158223
0.79427563
0.85847729
-0.0096577728
0.014136717
0.0094670499
-0.0098644715
0.016187799
-0.010086465
0.01855669
-0.010322223
0.021297677
-0.010569054
0.024475362
-0.01082275
0.028166614
-0.011077192
0.032462886
-0.011323966
0.037472722
-0.011551998
0.043324479
-0.011747281
0.050169175
-0.011890072
0.058182449
-0.011956816
0.067566081
-0.011926553
0.078549738
-0.011778512
0.091384524
-0.011493711
0.10634253
-0.011058046
0.12371198
-0.010465095
0.14378983
-0.0097158193
0.16687641
-0.0088223693
0.19327271
-0.0078071813
0.22327001
-0.0067017668
0.25714473
-0.0055748173
0.2951436
-0.0045798235
0.33726694
-0.0039816624
0.38270822
-0.0033659778
0.43276896
-0.0027027722
0.4897559
-0.0020939563
0.55427515
-0.0014954433
0.62762345
-0.0010057648
0.71021465
-0.00073983758
0.79395248
0.85833587
-0.010468529
0.014299841
0.010295466
-0.01065589
0.016364008
-0.01085685
0.01874517
-0.011069921
0.021496815
-0.011292537
0.024682475
-0.011520743
0.028377643
-0.01174884
0.032672051
-0.011969021
0.037672183
-0.012171019
0.043503998
-0.012341594
0.050315647
-0.012464472
0.058279915
-0.012520768
0.06759618
-0.012488294
0.078491111
-0.012345646
0.091217057
-0.012073696
0.10604898
-0.011657002
0.12327967
-0.011086091
0.14321326
-0.010357058
0.16615731
-0.0094726083
0.19242156
-0.0084482383
0.2223126
-0.0073141467
0.25612379
-0.0061257564
0.29412732
-0.0050075388
0.33638668
-0.0042643893
0.38226068
-0.0035771044
0.43240423
-0.0028702141
0.48934548
-0.0022203272
0.55384581
-0.0016338277
0.62715795
-0.0011436504
0.7097292
-0.00091533109
0.79361711
0.85816497
-0.011122966
0.014459052
0.010955007
-0.011305071
0.016536307
-0.011500715
0.018929855
-0.011708512
0.021692397
-0.011926014
0.02488641
-0.01214938
0.028586012
-0.012372998
0.032879195
-0.012589076
0.037870309
-0.012787235
0.043682806
-0.012954206
0.050462076
-0.013073766
0.058378131
-0.013126884
0.067627815
-0.013092305
0.078435976
-0.012948223
0.091054975
-0.012674348
0.10576209
-0.012254014
0.12285481
-0.011676058
0.14264422
-0.010937386
0.16544777
-0.010039905
0.19158233
-0.008992568
0.22136369
-0.0078186781
0.25510073
-0.0065610011
0.29308331
-0.005349264
0.33545316
-0.004495142
0.38173257
-0.0037473034
0.43198959
-0.0029868247
0.48886426
-0.002258969
0.55329076
-0.0016271011
0.62658454
-0.0011358554
0.70916201
-0.00092270012
0.79318571
0.85795578
-0.01152764
0.014616747
0.011362811
-0.01170671
0.016707436
-0.011899575
0.019113916
-0.01210507
0.021888174
-0.012321036
0.025091706
-0.012543986
0.028797335
-0.012768725
0.033091385
-0.012987906
0.03807612
-0.013191579
0.043872491
-0.013366797
0.050623037
-0.013497353
0.058494729
-0.013563831
0.067681522
-0.013544121
0.078406042
-0.01341444
0.090919618
-0.013152069
0.1055015
-0.012737011
0.12245315
-0.012154789
0.14209282
-0.011398783
0.16474769
-0.01047189
0.1907462
-0.0093853359
0.22041397
-0.0081609374
0.25407021
-0.0068385643
0.29201836
-0.005533982
0.33446398
-0.0045550419
0.38109874
-0.0037924735
0.43155134
-0.0030462046
0.4883555
-0.0023269028
0.55267369
-0.0016879942
0.62591927
-0.0011660044
0.70847015
-0.00082595003
0.79249379
0.85762151
-0.011746425
0.014767195
0.011590691
-0.011915772
0.016871007
-0.012098408
0.019290294
-0.01229336
0.022076408
-0.012498755
0.025289984
-0.012711523
0.029002694
-0.012927031
0.033299367
-0.01313866
0.038280373
-0.013337366
0.044064358
-0.013511238
0.05079117
-0.013645155
0.058624827
-0.013720691
0.067756349
-0.013716467
0.078405983
-0.013607084
0.090821915
-0.013367867
0.10528463
-0.012975643
0.12209892
-0.012411565
0.14158914
-0.011664582
0.16409168
-0.010733868
0.1899465
-0.0096302603
0.21949138
-0.0083776059
0.25305647
-0.0070199059
0.29095809
-0.0056718759
0.33345722
-0.0046292663
0.38040275
-0.0038578805
0.43107674
-0.0031192151
0.48780538
-0.0025108783
0.55210417
-0.0019159762
0.62522772
-0.0014022394
0.7077083
-0.0010353741
0.79168264
0.85731784
-0.012074067
0.01491317
0.011924791
-0.012236571
0.017030029
-0.012412062
0.019462181
-0.01259971
0.022260418
-0.012797854
0.025484595
-0.013003716
0.029205333
-0.013213047
0.03350609
-0.013419711
0.038485485
-0.013615211
0.044259996
-0.013788207
0.050966894
-0.013924095
0.058767281
-0.014004731
0.067849139
-0.014008349
0.078429877
-0.013912254
0.090757211
-0.013690059
0.10510902
-0.013316125
0.12179163
-0.012768545
0.14113429
-0.012031996
0.16348152
-0.011101585
0.1891845
-0.0099859908
0.21859369
-0.0087110934
0.25205275
-0.0073243831
0.28989147
-0.0059378423
0.33242191
-0.0047991141
0.37961364
-0.0039839421
0.43056657
-0.0031941912
0.48724038
-0.0026672959
0.55168435
-0.0022024701
0.62474638
-0.00180181
0.70715226
-0.001324088
0.79088842
0.85689389
-0.012293707
0.015052142
0.012153183
-0.012446625
0.017181501
-0.012611716
0.019626044
-0.012788193
0.022436046
-0.012974498
0.025670651
-0.013168034
0.029399531
-0.013364838
0.033704896
-0.013559199
0.038683774
-0.01374322
0.044450668
-0.013906353
0.051140482
-0.014034943
0.05891158
-0.014111767
0.067948814
-0.014115613
0.078465961
-0.014023766
0.090710144
-0.013810356
0.10495734
-0.013449886
0.12151503
-0.012919846
0.14071628
-0.012204255
0.16291282
-0.011297182
0.18846587
-0.010203812
0.2177359
-0.0089477452
0.25108255
-0.0075709609
0.28885081
-0.0061548774
0.33138877
-0.0049013181
0.37878249
-0.0040497232
0.43015739
-0.0032305334
0.48682478
-0.0025095432
0.55120636
-0.0019966463
0.62420219
-0.0015528916
0.70638496
-0.00091248739
0.7895039
0.85630985
-0.012624134
0.015184153
0.012490684
-0.012769301
0.017325372
-0.01292594
0.019781659
-0.013093266
0.0226028
-0.013269738
0.025847257
-0.013452802
0.029583784
-0.013638573
0.033893391
-0.013821453
0.038871574
-0.013993706
0.044630925
-0.014144995
0.051304059
-0.014261969
0.059046716
-0.014327987
0.06804099
-0.014323487
0.07849834
-0.014224032
0.090661744
-0.014003975
0.10480683
-0.013636703
0.12124106
-0.013098818
0.14030181
-0.012373344
0.16234824
-0.011453654
0.18775267
-0.010344383
0.21688675
-0.009063756
0.25012208
-0.0076494158
0.28782101
-0.006162
0.33035105
-0.0047749034
0.37790011
-0.0038106064
0.42972037
-0.0029831011
0.48645909
-0.0022822001
0.55076477
-0.0018408827
0.6236979
-0.0016634831
0.70570435
-0.0014655302
0.78809007
0.85540125
-0.012584826
0.015310037
0.012460261
-0.012720376
0.017462687
-0.012866698
0.019930353
-0.013023085
0.022762372
-0.013188127
0.026016579
-0.013359465
0.02976088
-0.013533482
0.034075165
-0.013704934
0.039053481
-0.013866513
0.044806612
-0.014008397
0.051464993
-0.014117807
0.059181847
-0.014178728
0.068136569
-0.014172027
0.078538259
-0.014075961
0.090628155
-0.013865795
0.10467949
-0.01351641
0.12100002
-0.013002398
0.13992774
-0.012300939
0.16182661
-0.01139592
0.18707899
-0.010285063
0.21607274
-0.0089812662
0.24919087
-0.007530988
0.2868142
-0.0060102762
0.32931739
-0.0045939083
0.37696451
-0.0036605708
0.42919498
-0.0029668846
0.48602418
-0.0024339055
0.5502649
-0.0021446398
0.6232042
-0.0018872388
0.70491555
-0.0019534201
0.78704202
0.85518331
-0.01235944
0.01543385
0.01224524
-0.012483563
0.017597829
-0.012617388
0.020076838
-0.012760245
0.022919809
-0.012910842
0.026184018
-0.013067061
0.02993662
-0.013225702
0.034256514
-0.013382178
0.039236463
-0.013530152
0.044985603
-0.013661099
0.051632291
-0.013763758
0.059327242
-0.013823537
0.068247025
-0.013822407
0.078597743
-0.013738704
0.090617591
-0.013549
0.10457964
-0.013226949
0.12078961
-0.012746997
0.13958604
-0.012087234
0.16133647
-0.011229994
0.1864304
-0.01016785
0.21526856
-0.0089156816
0.24825013
-0.0075177901
0.28577067
-0.0060416625
0.32821127
-0.0046468872
0.37591007
-0.0037132642
0.42850975
-0.0031154175
0.48552945
-0.0026350295
0.54969142
-0.0021987789
0.62247042
-0.0019648783
0.70408666
-0.001762759
0.78540429
0.85421359
-0.012028041
0.015552748
0.011919917
-0.012145658
0.017727664
-0.012272595
0.020217634
-0.012408264
0.023071199
-0.012551496
0.026345088
-0.012700337
0.030105716
-0.012851805
0.034430998
-0.013001602
0.039412433
-0.013143779
0.045157563
-0.0132704
0.051792818
-0.013371163
0.05946663
-0.013432874
0.068352824
-0.013438583
0.078654148
-0.013366962
0.090605459
-0.013191796
0.10447695
-0.012884048
0.12057319
-0.012418019
0.13923433
-0.011778069
0.1608315
-0.010960077
0.18576138
-0.0099653824
0.21443629
-0.0088021048
0.24726828
-0.0074990499
0.28466291
-0.0061211169
0.32701725
-0.004810719
0.37473066
-0.0039317563
0.4276568
-0.0034194168
0.48489067
-0.0028207852
0.54878062
-0.0022835452
0.62145311
-0.0014444095
0.70250463
-0.001198903
0.78409196
0.8545718
-0.012124981
0.015666676
0.012023579
-0.012235023
0.01785188
-0.012353482
0.020352116
-0.012479733
0.023215535
-0.012612602
0.026498331
-0.012750196
0.030266199
-0.012889683
0.034596109
-0.013027028
0.039578329
-0.013156684
0.045318836
-0.013271248
0.051942113
-0.013361139
0.059594249
-0.013414316
0.068446344
-0.013415973
0.078698138
-0.013347927
0.090581367
-0.013187346
0.10436282
-0.012908757
0.12034654
-0.012486634
0.13887264
-0.01190354
0.1603146
-0.011153032
0.18507364
-0.010235183
0.21357099
-0.0091582254
0.24623591
-0.0079421117
0.28349274
-0.00662805
0.3257634
-0.0052965476
0.37348565
-0.0042436079
0.42671395
-0.0036489971
0.48437746
-0.0031186268
0.54820878
-0.0027018646
0.620817
-0.0025184123
0.70202049
-0.0023215912
0.78308252
0.85364922
-0.011458306
0.015767359
0.011373645
-0.011550443
0.017961467
-0.011649729
0.020470518
-0.011755499
0.023342306
-0.011866682
0.026632538
-0.011981598
0.030406258
-0.012097739
0.034739583
-0.012211545
0.039721689
-0.012318149
0.045457185
-0.012411113
0.052068882
-0.012482166
0.05970087
-0.012520853
0.068521874
-0.012514122
0.078728661
-0.012446358
0.09054924
-0.012300831
0.10424829
-0.012059267
0.12012796
-0.011704675
0.13852765
-0.01122108
0.15982246
-0.010593511
0.18441847
-0.009809388
0.21274486
-0.0088650061
0.24524523
-0.0077731848
0.28236621
-0.0065655295
0.3245538
-0.0053036343
0.37227483
-0.0042240936
0.42574961
-0.0036567821
0.48396655
-0.0033184012
0.54795596
-0.0031597999
0.62052666
-0.0027476673
0.7012927
-0.0022966392
0.78220838
0.85322998
-0.011115419
0.015867499
0.011025798
-0.011213117
0.018070625
-0.011318825
0.020588641
-0.011432164
0.023468998
-0.011552309
0.026766915
-0.011677835
0.030546773
-0.011806505
0.034883798
-0.011935024
0.039865995
-0.012058736
0.045596458
-0.01217131
0.052196073
-0.012264457
0.059806563
-0.012327824
0.068593951
-0.012349559
0.078752405
-0.012317717
0.090508001
-0.012219827
0.10412158
-0.012044299
0.11989286
-0.011777578
0.13816107
-0.011397932
0.15930417
-0.010870231
0.18373512
-0.010156254
0.21189449
-0.0092390695
0.24424039
-0.008139318
0.28123667
-0.0069110947
0.32334658
-0.0056306925
0.3710462
-0.0044843134
0.42465762
-0.0038818901
0.4833867
-0.0034895982
0.54747597
-0.0030357168
0.61981507
-0.002064744
0.69986786
-0.0018597539
0.7808636
0.85242872
-0.01014979
0.015959683
0.010074717
-0.010231693
0.018171251
-0.010320384
0.020697758
-0.010415562
0.023586341
-0.010516562
0.026891795
-0.01062222
0.030677915
-0.010730681
0.035019141
-0.010839175
0.040002439
-0.010943733
0.045729557
-0.011038867
0.05231967
-0.011117294
0.059912424
-0.011169788
0.06867133
-0.011185157
0.078787685
-0.011150167
0.090484488
-0.011049193
0.10401842
-0.010866521
0.11968669
-0.010588751
0.1378295
-0.010201029
0.15882545
-0.0096845021
0.18308982
-0.0090205831
0.21106999
-0.0082013934
0.24323368
-0.0072434296
0.28005754
-0.0061875545
0.32202369
-0.0050898814
0.36964171
-0.0041245904
0.42336392
-0.0036139494
0.48252297
-0.0032095178
0.5466448
-0.002779936
0.61874723
-0.0023357857
0.69848835
-0.0023699812
0.77978801
0.85156048
-0.010410693
0.016059169
0.010341205
-0.010486335
0.018280026
-0.010567642
0.020815896
-0.010654242
0.023713669
-0.01074559
0.02702774
-0.010840776
0.030821347
-0.010938284
0.035168159
-0.011035629
0.040154138
-0.011128987
0.045879777
-0.011212817
0.052462695
-0.011279439
0.060040563
-0.011318544
0.068774398
-0.011316654
0.078852311
-0.011257143
0.090493552
-0.011123363
0.10395226
-0.01090052
0.11952081
-0.010578146
0.13753289
-0.010153493
0.15836735
-0.0096298614
0.18244226
-0.0090024275
0.2102113
-0.0082471313
0.24215628
-0.0073460677
0.27877219
-0.0063301441
0.32056061
-0.0052571692
0.36804354
-0.0042595822
0.42174788
-0.0038474325
0.48141087
-0.0038649066
0.54596664
-0.0037722484
0.61807891
-0.0029786276
0.69718362
-0.0014218379
0.7780782
0.85044048
-0.0081577803
0.0081286927
-0.008183313
-0.0082048754
-0.0082272435
-0.0082552798
-0.0082924869
-0.0083408784
-0.0083993898
-0.0084655141
-0.0085337468
-0.0085966038
-0.0086437545
-0.0086637543
-0.0086444298
-0.0085756711
-0.008447585
-0.0082502591
-0.0079789198
-0.0076336279
-0.0072152443
-0.0067104506
-0.0061339794
-0.0055427692
-0.0050105063
-0.0046307061
-0.0046253087
-0.0049763076
-0.0051790715
-0.0041267835
-0.0028619546
0.0010127323
0.001069728
0.0011807246
0.001125324
0.0012409562
0.0011906906
0.0013151969
0.0012746845
0.0014068552
0.0013741487
0.0015146027
0.001486048
0.0016252887
0.0016079974
0.0017196257
0.0017371655
0.0017607902
0.0018711881
0.0016979142
0.0020184087
0.0014538241
0.0021748209
0.00095025009
0.0023671221
3.0135238e-05
0.0026089193
-0.0013209225
0.0029151509
-0.0030452029
0.0032665454
-0.0049701697
0.0036278387
-0.0068476973
0.0039611246
-0.0084642779
0.0042487709
-0.0096877527
0.0045197945
-0.010466273
0.0048307442
-0.010675187
0.0052330097
-0.01016079
0.0057549259
-0.0089558377
0.0064348569
-0.0071349103
0.0073210937
-0.0047740471
0.0083893135
-0.0022319849
0.0095339639
3.4044451e-05
0.010619881
0.0013541588
0.011561789
0.0010454161
0.012316886
-0.00087057198
0.012879969
-0.0038018479
0.013302653
-0.0069058157
0.013653192
-0.0094315726
0.014011984
-0.010583541
0.014460495
-0.0096293497
0.015038132
-0.0072330499
0.015704922
-0.0043900173
0.016310425
-0.002685899
0.016770969
-0.0034904766
-0.0058593899
0.001765891
0.0018992912
0.0011075194
0.0020431119
0.0011712908
0.002203831
0.001245996
0.002384309
0.0013339203
0.0025849977
0.0014243193
0.0028050417
0.0014992188
0.0030418615
0.0015235223
0.0032917379
0.0014475276
0.003559373
0.0011856386
0.0038233374
0.00068579933
0.0040817091
-0.00022839463
0.0043445502
-0.0015836828
0.0046234531
-0.0033234612
0.004903341
-0.0052487103
0.0051570139
-0.0070993524
0.0053617396
-0.0086664021
0.0055164606
-0.0098400511
0.0056448612
-0.010591812
0.0058177902
-0.010845527
0.0060961413
-0.010436863
0.0065101145
-0.0093682854
0.0070678512
-0.0076921418
0.0078175409
-0.0055231905
0.008766739
-0.0031813396
0.0098210367
-0.001021973
0.010831939
0.00034077255
0.011703655
0.00017139284
0.012395521
-0.0015641201
0.012902315
-0.0043090898
0.013274625
-0.0072772564
0.013585108
-0.0097404505
0.013915483
-0.010911966
0.014340547
-0.010054142
0.014893379
-0.0077875688
0.015535992
-0.0050372461
0.016121903
-0.003280403
0.016563637
-0.00394286
0.016913894
-0.0062196036
0.017253036
-0.0084142856
0.017634788
-0.0092482909
0.018062298
-0.0086663806
0.018483268
-0.0080065218
0.018862772
-0.0082733406
0.019221205
-0.0091556592
0.019586766
-0.009780951
0.019959976
-0.010151814
0.020329524
-0.010377006
0.020699821
-0.010697618
0.021069175
-0.010916358
0.021439392
-0.011231377
0.021812846
-0.011181143
0.022196123
-0.010954318
0.02258276
-0.01060324
0.022977401
-0.010670489
0.023366209
-0.010032241
0.023768958
-0.0095914684
0.024173384
-0.0086373166
0.024608851
-0.0088618125
-0.0067759435
0.0027762468
0.0030092672
0.00093818538
0.0032542063
0.001000911
0.0035182051
0.0010697049
0.0038069696
0.0011352558
0.0041204487
0.0011853462
0.0044563979
0.0011870801
0.0048050294
0.0010983117
0.0051611282
0.00082889395
0.0055049698
0.00034135934
0.0058127024
-0.00053651365
0.00608088
-0.0018519437
0.0063155298
-0.00355761
0.0065049103
-0.00543681
0.0066314571
-0.00722394
0.0066913937
-0.0087236417
0.0067065655
-0.0098529835
0.0067041813
-0.010586564
0.0067411904
-0.010880006
0.0068888694
-0.010582129
0.0071940765
-0.0096717837
0.0076535224
-0.0081509498
0.0082724641
-0.0061419617
0.0090915758
-0.0040003512
0.010044842
-0.0019769999
0.010973947
-0.00059093407
0.011769617
-0.00062668095
0.012393714
-0.0021900143
0.012842366
-0.004758312
0.01316383
-0.0075979368
0.013433754
-0.01000871
0.013735722
-0.01121204
0.014137224
-0.010455324
0.014665155
-0.0083169989
0.015284057
-0.0056602739
0.015851772
-0.0038564736
0.016277131
-0.0043786072
0.01660952
-0.0065618023
0.016933489
-0.0087482237
0.017305662
-0.0096310953
0.017728684
-0.009101498
0.018148438
-0.0084402905
0.018528241
-0.0086681014
0.018888919
-0.0095302758
0.019259679
-0.010164077
0.019641302
-0.010543784
0.02002251
-0.010766344
0.020407465
-0.011088191
0.020794492
-0.011306875
0.021185574
-0.011625921
0.021583464
-0.011578137
0.021994166
-0.011351402
0.022411684
-0.011004923
0.022840463
-0.01108054
0.023267812
-0.010432542
0.023713219
-0.010018548
0.024165251
-0.0090595779
0.024652366
-0.0092885487
-0.0071407302
0.0043102311
0.00063795196
0.0046103198
0.00070068265
0.004922335
0.00075747862
0.0052585424
0.00079875328
0.0056184944
0.00082499476
0.0060049848
0.00080008265
0.0064026365
0.00070004394
0.006797624
0.00043318135
0.007170207
-3.1889649e-05
0.0074932456
-0.00086010511
0.0077301053
-0.002089068
0.0078808935
-0.0037080568
0.0079445614
-0.0054993203
0.0079279866
-0.0072055435
0.0078458279
-0.0086393259
0.0077353766
-0.0097400404
0.0076167291
-0.01046515
0.0075334056
-0.010794192
0.0075664479
-0.010612802
0.0077603723
-0.0098638439
0.0081320293
-0.0085217706
0.0086489134
-0.0066590072
0.0093356144
-0.0046867759
0.010180034
-0.0028230617
0.011025786
-0.0014393153
0.011744779
-0.0013480976
0.012300154
-0.002747252
0.012691091
-0.0051499492
0.012963127
-0.0078693088
0.013192974
-0.010236885
0.013467186
-0.011484489
0.013846114
-0.010833943
0.014349876
-0.0088220894
0.014946123
-0.0062601746
0.015497711
-0.0044160888
0.015909448
-0.004799786
0.01622673
-0.0068887331
0.016537463
-0.0090685146
0.016901632
-0.010005438
0.017321705
-0.0095331222
0.017742343
-0.0088740817
0.018124997
-0.0090650829
0.018490589
-0.0099092893
0.018869139
-0.010554542
0.019261948
-0.010946508
0.019657829
-0.011169896
0.020060657
-0.011496171
0.020468809
-0.011718003
0.020884442
-0.01204447
0.021310714
-0.012003212
0.021753095
-0.011780314
0.022206048
-0.011442322
0.02267387
-0.01152997
0.023145
-0.010878026
0.023638595
-0.010494872
0.024144145
-0.0095367543
0.024689232
-0.0097804625
-0.007593201
0.0066195449
0.0068395026
0.0070709835
0.0073250843
0.0075959531
0.0079045903
0.008225139
0.0085493757
0.0088384668
0.0090788306
0.0092127657
0.0092212595
0.0091243667
0.0089531045
0.0087409486
0.0085236879
0.0083065361
0.008135186
0.0080744652
0.0081724633
0.0084573117
0.0088971774
0.0094703049
0.01020431
0.010969325
0.011617294
0.012107564
0.012443406
0.012668564
0.012859276
0.013105972
0.013463253
0.013944348
0.014520122
0.015059171
0.015460506
0.015765434
0.016065015
0.016422923
0.016841743
0.017265543
0.017653834
0.018027136
0.018416162
0.018822993
0.019236583
0.019660513
0.020093224
0.020537061
0.020995616
0.021473857
0.021966718
0.022478371
0.022998383
0.023545562
0.024110347
0.024719606
)
;

boundaryField
{
    Side1
    {
        type            empty;
    }
    Inlet
    {
        type            calculated;
        value           nonuniform List<scalar> 
59
(
8.70685e-07
-0.000271844
-0.00030061924
-0.00033260172
-5.7441351e-07
-0.00040756503
-0.00044793772
-0.00049148878
2.9187408e-06
-0.00057952124
-0.00063086816
7.0625582e-07
-3.9923479e-06
-2.0076283e-05
-2.6764903e-05
-3.5351061e-05
-2.8490963e-05
-3.2074307e-05
-3.0766249e-05
-3.7163859e-05
-5.468107e-05
-4.7772618e-05
-3.8004189e-05
-5.728031e-05
-5.8819013e-05
-4.7908122e-05
-3.9083615e-05
-3.7061618e-05
-2.2249889e-05
-7.310526e-05
-0.00013404208
-0.00011872831
-9.1264275e-05
-5.8702859e-05
-0.00011007356
-8.596656e-05
-0.00013628988
-0.00037420966
-0.00061207369
-0.00072394086
-0.00069307575
-0.00069643405
-0.00076340429
-0.000910407
-0.00095797942
-0.0008825341
-0.0010674291
-0.0012579287
-0.0011279555
-0.0018081455
-0.0025916612
-0.0022142873
-0.0022694102
-0.0027898792
-0.0025059069
-0.0025272613
-0.0029167682
-0.001341037
-0.0014152977
)
;
    }
    Side2
    {
        type            empty;
    }
    Outlet
    {
        type            calculated;
        value           nonuniform List<scalar> 
35
(
0.016133668
0.018361636
0.020904747
0.023809679
0.027130524
0.030930105
0.03528149
0.040269927
0.045995027
0.052573363
0.060141647
0.068859749
0.078914584
0.090524573
0.10394523
0.11946667
0.13741915
0.1581798
0.18216794
0.20983587
0.24164562
0.2781097
0.3197557
0.36710669
0.42072618
0.48061714
0.54554467
0.61765878
0.69570172
0.77670468
0.84832068
0.02502006
0.025121754
0.025223325
0.025324713
)
;
    }
    Botwall
    {
        type            calculated;
        value           nonuniform List<scalar> 0();
    }
    Cyli
    {
        type            calculated;
        value           nonuniform List<scalar> 0();
    }
    procBoundary3to0
    {
        type            processor;
        value           nonuniform List<scalar> 7(-0.00094862668 0.0011315898 -0.0016338441 0.0010486763 -0.0025445493 0.00087578508 -0.0040100763);
    }
    procBoundary3to1
    {
        type            processor;
        value           nonuniform List<scalar> 
62
(
-0.0011956684
-0.0012377143
-0.0012965793
-0.0013806293
-0.0014909617
-0.0016142368
-0.001737429
-0.0018418865
-0.0018903333
-0.0018323499
-0.001601466
-0.0011070017
-0.00022259032
0.00107934
0.0027397227
0.0046201542
0.0064884174
0.0081334866
0.0094026623
0.010197986
0.010366803
0.0097606052
0.0084353553
0.0064555643
0.0038883802
0.0011634916
-0.0011802759
-0.0024423557
-0.0019894708
0.00011393549
0.0032384175
0.0064840495
0.0090824992
0.010226589
0.0091810213
0.006653453
0.003718144
0.0020715384
0.0030196619
0.005479094
0.017141253
0.008064962
0.0088555315
0.0082262385
0.0075708107
0.0078782731
0.0087828014
0.0094025944
0.0097678354
0.009998873
0.010321233
0.010542991
0.01085715
0.010808284
0.010584793
0.01023271
0.010294901
0.0096719931
0.0092081459
0.0082636905
0.0084964396
0.0065019537
)
;
    }
    procBoundary3to2
    {
        type            processor;
        value           nonuniform List<scalar> 
35
(
-0.69626402
-0.78158609
-0.8550956
-0.083609899
-0.097186356
-0.11266478
-0.13023314
-0.1500541
-0.17197048
-0.19571985
-0.22012221
-0.24413206
-0.27120766
-0.30341057
-0.34047582
-0.38270765
-0.43027025
-0.48472815
-0.54603887
-0.00032959164
-0.61659403
-0.0091389772
0.00043052245
-0.013625785
-0.017854407
-0.02211009
-0.026704898
-0.031855207
-0.037725261
-0.044460964
-0.052224466
-0.061182487
-0.0016899456
-0.071502611
-0.0064121921
)
;
    }
}


// ************************************************************************* //
