/*--------------------------------*- C++ -*----------------------------------*\
| =========                 |                                                 |
| \\      /  F ield         | OpenFOAM: The Open Source CFD Toolbox           |
|  \\    /   O peration     | Version:  2406                                  |
|   \\  /    A nd           | Website:  www.openfoam.com                      |
|    \\/     M anipulation  |                                                 |
\*---------------------------------------------------------------------------*/
FoamFile
{
    version     2.0;
    format      ascii;
    arch        "LSB;label=32;scalar=64";
    class       volScalarField;
    location    "0.01";
    object      T;
}
// * * * * * * * * * * * * * * * * * * * * * * * * * * * * * * * * * * * * * //

dimensions      [0 0 0 1 0 0 0];

internalField   nonuniform List<scalar> 
8260
(
292.60626
292.60791
292.61108
292.62083
292.63563
292.65338
292.67195
292.68944
292.70377
292.71328
292.71657
292.71251
292.70046
292.6811
292.65625
292.63211
292.63765
292.71819
292.79264
292.82685
292.84965
292.87023
292.89204
292.91089
292.92699
292.94144
292.95787
292.96944
292.98458
293.00317
293.14727
292.68646
292.68035
292.67795
292.68086
292.68757
292.69689
292.70757
292.71796
292.72626
292.73076
292.73005
292.72285
292.70843
292.68715
292.66163
292.63798
292.64752
292.73248
292.80119
292.83207
292.85368
292.87347
292.89464
292.91293
292.92863
292.94277
292.95901
292.97028
292.98523
293.00436
293.14541
292.77251
292.76082
292.75204
292.74751
292.74605
292.74698
292.74949
292.75225
292.75378
292.75265
292.7472
292.73619
292.71882
292.69511
292.66842
292.64505
292.66036
292.7482
292.80978
292.83753
292.85795
292.87689
292.89736
292.91509
292.93039
292.94421
292.96027
292.97122
292.98661
293.00562
293.1428
292.86008
292.84362
292.82902
292.81759
292.80861
292.80166
292.79624
292.79141
292.78595
292.77858
292.76783
292.75244
292.73159
292.70507
292.67688
292.65418
292.67739
292.76574
292.81925
292.84385
292.86298
292.88095
292.90059
292.91765
292.93246
292.94592
292.96174
292.97234
292.98859
293.0069
293.13978
292.94682
292.9265
292.90708
292.88972
292.87404
292.85985
292.84691
292.83464
292.82211
292.80822
292.79174
292.77152
292.74672
292.71708
292.68721
292.66611
292.69923
292.78493
292.82957
292.85102
292.86869
292.88555
292.90423
292.92054
292.93479
292.94786
292.96337
292.97361
292.99036
293.00816
293.13684
293.03141
293.00839
292.98528
292.96306
292.94162
292.92097
292.9011
292.88169
292.86215
292.84163
292.81914
292.79367
292.7645
292.73144
292.69987
292.68198
292.7261
292.80538
292.84088
292.85915
292.87521
292.89084
292.9084
292.92386
292.93745
292.95009
292.96519
292.97511
292.9917
293.00938
293.13338
293.11251
293.08777
293.06214
293.03624
293.01016
292.98405
292.95805
292.93209
292.90585
292.87878
292.85014
292.81915
292.78526
292.74857
292.7156
292.70359
292.75876
292.82662
292.85326
292.86835
292.88261
292.89686
292.9131
292.92761
292.94044
292.95263
292.9672
292.97677
292.99266
293.01049
293.12939
293.18839
293.16286
293.13571
293.10735
293.07791
293.04756
293.01651
292.98486
292.95253
292.91926
292.88459
292.84802
292.80924
292.76894
292.73556
292.73348
292.79682
292.84829
292.86685
292.87878
292.89101
292.90374
292.91846
292.93188
292.94384
292.95555
292.96943
292.9786
292.99304
293.01139
293.1247
293.25741
293.23197
293.2043
293.17463
293.14305
293.10971
293.07483
293.03859
293.0011
292.96231
292.92206
292.88013
292.83658
292.79325
292.76195
292.77532
292.83814
292.87037
292.88178
292.89056
292.90052
292.91155
292.92453
292.93671
292.94767
292.95887
292.97192
292.98066
292.99331
293.01206
293.11898
293.31837
293.29349
293.26612
293.23614
293.20352
293.16842
293.13101
293.0915
293.05006
293.0068
292.96179
292.91512
292.8674
292.82289
292.79919
292.83075
292.87866
292.89286
292.89825
292.90384
292.91127
292.92038
292.93142
292.94219
292.95204
292.96262
292.97471
292.98299
292.9944
293.01256
293.11269
293.37017
293.34581
293.31884
293.28921
293.25668
293.22118
293.18273
293.14148
293.09758
293.05125
293.00275
292.95253
292.90227
292.86132
292.85548
292.89422
292.91541
292.91618
292.91639
292.9187
292.92338
292.93032
292.93919
292.94839
292.95701
292.96685
292.97788
292.98561
292.99588
293.01297
293.10614
293.41004
293.38717
293.36166
293.33315
293.30149
293.26654
293.22823
293.18658
293.14173
293.09396
293.04381
292.9926
292.94527
292.91844
292.93368
292.95216
292.94892
292.94032
292.93594
292.9352
292.93697
292.94144
292.94788
292.95539
292.96271
292.9716
292.98146
292.98857
292.99776
293.01312
293.09926
293.43801
293.41703
293.39322
293.3664
293.33634
293.30283
293.26575
293.22509
293.1811
293.13444
293.0866
293.04122
293.00894
293.00494
293.00963
292.99709
292.97964
292.96582
292.95708
292.95293
292.95208
292.95379
292.95749
292.96319
292.9692
292.97691
292.98553
292.99193
292.99996
293.01301
293.09378
293.45045
293.43129
293.41007
293.38656
293.35994
293.32966
293.2958
293.25883
293.21961
293.17975
293.14267
293.11415
293.09885
293.0873
293.06198
293.03451
293.01112
292.992
292.97921
292.97207
292.96826
292.96734
292.96816
292.97179
292.97648
292.9828
292.99005
292.99566
293.00258
293.01281
293.09158
293.46011
293.44292
293.42301
293.40098
293.37771
293.35332
293.32732
293.29986
293.27152
293.2435
293.21731
293.19305
293.16662
293.13226
293.0985
293.06808
293.0413
293.01862
293.00227
292.99184
292.98543
292.98189
292.97981
292.98113
292.9844
292.98921
292.99496
292.99967
293.00566
293.01263
293.09491
293.47233
293.4634
293.45335
293.44066
293.42379
293.40255
293.37723
293.3497
293.32263
293.29473
293.26496
293.23257
293.19671
293.16276
293.12985
293.09892
293.0703
293.04447
293.02523
293.01221
293.00289
292.997
292.99221
292.99118
292.99276
292.99606
293.0001
293.00376
293.00917
293.01279
293.11216
293.43865
293.42976
293.42022
293.41035
293.40076
293.39214
293.38432
293.37234
293.35066
293.32163
293.28805
293.2552
293.22262
293.18894
293.15563
293.12441
293.09535
293.0686
293.04702
293.03182
293.02052
293.0118
293.00505
293.00153
293.00135
293.00313
293.00527
293.00765
293.01293
293.01326
293.10143
293.4227
293.41596
293.40799
293.39839
293.38656
293.37186
293.35463
293.33751
293.32198
293.30859
293.29532
293.2701
293.2397
293.20852
293.17651
293.14588
293.11762
293.09081
293.06652
293.04956
293.03715
293.02578
293.01719
293.01203
293.01
293.00991
293.01026
293.01104
293.01658
293.01356
293.09415
293.38173
293.37641
293.3705
293.36394
293.35673
293.34887
293.34007
293.32968
293.31673
293.29895
293.27805
293.26359
293.24747
293.22011
293.19097
293.16144
293.13413
293.11017
293.08417
293.06427
293.05124
293.03796
293.02825
293.02178
293.0181
293.01584
293.01467
293.01359
293.01966
293.01359
293.10597
293.35316
293.34926
293.34469
293.33924
293.33269
293.3248
293.31546
293.30477
293.29311
293.28146
293.26909
293.25073
293.23162
293.21873
293.19629
293.17061
293.14527
293.12314
293.09961
293.07665
293.061
293.04723
293.03681
293.02975
293.02481
293.02032
293.01779
293.01493
293.02188
293.01308
293.09178
293.30737
293.30415
293.30052
293.29643
293.29182
293.2867
293.281
293.27449
293.26666
293.2567
293.24468
293.23329
293.2205
293.20353
293.19204
293.17081
293.14776
293.12592
293.10732
293.08573
293.06544
293.05162
293.04183
293.03401
293.0291
293.02253
293.01858
293.01433
293.02322
293.00954
293.06578
293.26962
293.26743
293.26484
293.26176
293.25805
293.25361
293.2483
293.24205
293.23496
293.22725
293.21875
293.20794
293.19568
293.1838
293.16901
293.16113
293.14117
293.12056
293.10251
293.08533
293.06476
293.05003
293.04136
293.03317
293.02893
293.02141
293.01598
293.01064
293.02168
293.00508
293.08081
293.21481
293.21293
293.21079
293.20839
293.2057
293.20273
293.19947
293.19585
293.19168
293.18665
293.18057
293.17394
293.16618
293.15616
293.14567
293.13174
293.1248
293.1059
293.08881
293.07305
293.05744
293.04304
293.03325
293.02635
293.02249
293.01605
293.00922
293.00265
293.01346
292.99755
293.06865
293.16912
293.16799
293.16663
293.16497
293.16296
293.16054
293.15766
293.15424
293.15026
293.14575
293.14065
293.13458
293.12754
293.1198
293.11063
293.10171
293.09011
293.08442
293.06818
293.05366
293.04128
293.03072
293.01955
293.01376
293.00998
293.00616
292.99866
292.99058
292.99921
292.98661
293.03053
293.11208
293.11109
293.10997
293.1087
293.1073
293.10573
293.104
293.10209
293.09995
293.09747
293.09455
293.09116
293.08712
293.0822
293.07631
293.06805
293.06044
293.05111
293.0442
293.03138
293.02142
293.01353
293.00521
292.99876
292.9956
292.99303
292.98585
292.9772
292.9822
292.97327
293.00022
293.07463
293.07424
293.07374
293.07311
293.07232
293.07132
293.07008
293.06852
293.06659
293.0642
293.06133
293.05796
293.05413
293.04981
293.04503
293.0405
293.03401
293.02723
293.01755
293.01048
293.00329
292.99839
292.99295
292.98762
292.9844
292.98115
292.97509
292.96811
292.96641
292.95803
293.00596
293.03659
293.03629
293.03595
293.03555
293.0351
293.03456
293.03394
293.03322
293.03237
293.03143
293.03038
293.02922
293.02789
293.02627
293.02387
293.02027
293.01661
293.01221
293.00812
293.00014
292.99296
292.9894
292.9868
292.98362
292.98009
292.97683
292.97254
292.96689
292.96055
292.94998
292.99903
293.01782
293.01784
293.01784
293.01782
293.01778
293.01769
293.01754
293.01732
293.01698
293.01648
293.01574
293.01466
293.01319
293.01142
293.00964
293.00787
293.00601
293.00384
293.0019
293.00183
292.99792
292.99341
292.99052
292.98828
292.98633
292.98343
292.982
292.97554
292.96689
292.95101
293.02776
293.00243
293.00259
293.00275
293.00293
293.00311
293.0033
293.00349
293.00368
293.00387
293.00404
293.00416
293.00423
293.00427
293.00426
293.00426
293.00427
293.0045
293.00474
293.00431
293.00549
293.00534
293.00258
293.00111
292.9999
292.99958
292.99856
292.99803
292.99046
292.98601
292.97414
293.01658
292.99666
292.99678
292.99693
292.99712
292.99736
292.99767
292.99807
292.99856
292.99919
292.99996
293.00091
293.00204
293.00329
293.00457
293.00569
293.00648
293.0071
293.00789
293.00879
293.01121
293.013
293.01204
293.01242
293.01376
293.0142
293.01613
293.01477
293.00768
293.01142
292.99949
293.01888
293.00835
293.00841
293.00848
293.00857
293.00868
293.00883
293.009
293.00922
293.00947
293.00975
293.01008
293.01046
293.01088
293.01128
293.01156
293.01163
293.01109
293.01084
293.01354
293.0108
293.01228
293.01764
293.01839
293.02493
293.02631
293.03204
293.03035
293.03028
293.0315
293.02931
293.00915
293.9527
293.80458
293.65392
293.51521
293.39452
293.28827
293.19189
293.10485
293.02464
292.95245
292.88812
292.831
292.77964
292.73224
292.68691
292.64034
292.59456
292.55471
292.56424
292.64402
292.72583
292.77686
292.81505
292.84693
292.87432
292.89745
292.92101
292.93484
292.94441
292.96221
292.97829
293.74434
293.60805
293.49491
293.39484
293.3007
293.21053
293.12563
293.04744
292.97543
292.91103
292.85391
292.80305
292.75683
292.71355
292.67133
292.62751
292.58407
292.55117
292.56981
292.6577
292.73532
292.78258
292.81934
292.85039
292.87707
292.8997
292.92304
292.93656
292.94626
292.96558
292.98823
293.66431
293.54684
293.43968
293.33827
293.24217
293.15302
293.07195
292.9989
292.93358
292.87588
292.8249
292.77932
292.73742
292.69761
292.65793
292.61664
292.57526
292.54888
292.57737
292.67072
292.74314
292.7873
292.82302
292.85339
292.87948
292.9017
292.92487
292.93815
292.94788
292.96855
292.9969
293.57743
293.46377
293.35988
293.26315
293.17353
293.09176
293.01827
292.95277
292.89485
292.8439
292.79883
292.75818
292.72025
292.68355
292.64604
292.6072
292.56814
292.54789
292.58637
292.68328
292.7506
292.79212
292.8269
292.85655
292.88201
292.90379
292.92673
292.9398
292.94965
292.97146
293.00593
293.48035
293.37305
293.2765
293.18732
293.1055
293.03181
292.9664
292.90883
292.8584
292.81416
292.77482
292.73886
292.70465
292.67081
292.6353
292.59879
292.56246
292.54796
292.59674
292.69541
292.75748
292.79673
292.83066
292.85962
292.88448
292.90584
292.92853
292.94143
292.95146
292.97425
293.016
293.36967
293.27458
293.18828
293.10864
293.03644
292.97231
292.91605
292.867
292.82424
292.78662
292.75281
292.72129
292.69056
292.65937
292.62574
292.59145
292.55835
292.54928
292.60867
292.707
292.76392
292.80127
292.83441
292.86268
292.88695
292.90789
292.9303
292.94306
292.95339
292.97692
293.02791
293.25277
293.1708
293.09612
293.02805
292.96737
292.91411
292.86777
292.82759
292.79253
292.76139
292.73285
292.70551
292.67801
292.64926
292.61751
292.58534
292.55574
292.55191
292.62181
292.71787
292.76992
292.80569
292.83809
292.86569
292.88938
292.90991
292.93204
292.9447
292.95545
292.97947
293.04224
293.12538
293.0598
293.00029
292.9467
292.8993
292.85789
292.82198
292.79081
292.76335
292.73846
292.71493
292.69149
292.667
292.64048
292.61065
292.58058
292.55397
292.55572
292.63582
292.72793
292.7756
292.81003
292.84172
292.86867
292.89179
292.91192
292.93374
292.94634
292.95761
292.98188
293.05695
292.99169
292.94588
292.90438
292.86688
292.83352
292.80438
292.77908
292.75685
292.73678
292.71786
292.69903
292.67922
292.65748
292.63297
292.60508
292.5768
292.55255
292.56103
292.65026
292.73713
292.78099
292.81428
292.84529
292.87159
292.89418
292.91391
292.93541
292.94797
292.95977
292.98414
293.07141
292.85966
292.83449
292.81156
292.79026
292.77099
292.75422
292.73944
292.72589
292.71288
292.69959
292.68516
292.66868
292.6494
292.62664
292.60068
292.57386
292.55191
292.56828
292.66458
292.74554
292.78618
292.81844
292.84879
292.87448
292.89653
292.91588
292.93704
292.9496
292.96189
292.98615
293.07818
292.73296
292.72862
292.72337
292.7179
292.71271
292.70807
292.70335
292.69806
292.69172
292.68368
292.67329
292.65982
292.64271
292.62171
292.59741
292.57167
292.55238
292.57737
292.6783
292.75322
292.79119
292.82253
292.85221
292.87731
292.89885
292.91782
292.93863
292.95121
292.96394
292.98773
293.08939
292.61436
292.62924
292.64145
292.65167
292.66008
292.66654
292.67105
292.67348
292.67333
292.6701
292.66337
292.65258
292.63747
292.61819
292.59538
292.57055
292.55403
292.58788
292.69116
292.76029
292.79605
292.82652
292.85557
292.8801
292.90113
292.91973
292.94017
292.9528
292.96584
292.98879
293.09943
292.5082
292.54021
292.56832
292.59266
292.61323
292.62998
292.64297
292.65223
292.65765
292.65879
292.65536
292.64709
292.63421
292.61628
292.59415
292.57033
292.55673
292.59901
292.70308
292.76685
292.8008
292.83043
292.85884
292.88282
292.90337
292.92161
292.94166
292.95434
292.96758
292.98956
293.10819
292.41896
292.46461
292.50581
292.54203
292.57301
292.59868
292.61909
292.6344
292.64477
292.64991
292.64962
292.64394
292.63261
292.61538
292.59373
292.57108
292.56037
292.61058
292.71409
292.77301
292.80543
292.83424
292.86203
292.88549
292.90557
292.92345
292.9431
292.95585
292.96919
292.99032
293.11579
292.3512
292.4066
292.45684
292.5016
292.54053
292.57338
292.60005
292.62082
292.63559
292.64427
292.64674
292.64264
292.63202
292.61562
292.59444
292.57285
292.56489
292.62236
292.72419
292.77882
292.80996
292.83796
292.86514
292.8881
292.90772
292.92525
292.94448
292.9573
292.97068
292.99106
293.12259
292.30011
292.36506
292.42215
292.4727
292.51718
292.55542
292.58709
292.61234
292.6307
292.64164
292.64536
292.64235
292.63273
292.61707
292.59627
292.57552
292.57019
292.63404
292.73339
292.78438
292.81437
292.84158
292.86818
292.89065
292.90984
292.92703
292.94583
292.9587
292.97214
292.99193
293.12869
292.25202
292.32749
292.39369
292.45135
292.50127
292.54397
292.57962
292.60749
292.62746
292.64016
292.64551
292.64361
292.63479
292.61972
292.59919
292.57888
292.57621
292.64538
292.74191
292.78975
292.8187
292.84513
292.87115
292.89315
292.91192
292.92876
292.94716
292.96004
292.97364
292.99284
293.13398
292.22287
292.29774
292.36786
292.43108
292.48641
292.5336
292.57274
292.60361
292.62618
292.64076
292.64752
292.64655
292.63826
292.62358
292.60324
292.58316
292.58286
292.65627
292.74982
292.79495
292.82293
292.84859
292.87404
292.8956
292.91396
292.93047
292.94848
292.96134
292.97521
292.99381
293.13847
292.22745
292.29561
292.36164
292.42363
292.47979
292.52886
292.57015
292.60316
292.62758
292.64369
292.65151
292.65116
292.64313
292.62862
292.60833
292.58845
292.59007
292.66663
292.75718
292.79999
292.82708
292.85197
292.87686
292.89798
292.91596
292.93214
292.94981
292.96259
292.97683
292.99493
293.14219
292.24887
292.31109
292.37182
292.42978
292.48355
292.53176
292.57323
292.6068
292.63205
292.64905
292.65749
292.65746
292.64944
292.63485
292.6144
292.59451
292.59776
292.67642
292.76407
292.80489
292.83114
292.85527
292.87961
292.9003
292.91792
292.93378
292.95114
292.9638
292.97848
292.99616
293.14511
292.28505
292.33987
292.3943
292.44692
292.49654
292.54201
292.58184
292.61457
292.63972
292.65681
292.66543
292.66543
292.65718
292.64225
292.6214
292.60133
292.6058
292.68569
292.77052
292.80963
292.83508
292.85846
292.88226
292.90255
292.91982
292.93538
292.95248
292.96498
292.98015
292.9975
293.14719
292.33598
292.38096
292.42722
292.47311
292.51726
292.55852
292.59522
292.62612
292.65036
292.66686
292.67519
292.67494
292.66624
292.65075
292.6293
292.60892
292.61407
292.69445
292.77651
292.81413
292.83885
292.8615
292.88478
292.9047
292.92165
292.93693
292.95381
292.96613
292.9816
292.99891
293.14822
292.40145
292.43331
292.46836
292.50567
292.54313
292.57905
292.61204
292.64056
292.6632
292.6787
292.68641
292.6857
292.67643
292.66018
292.63798
292.617
292.62242
292.70252
292.78186
292.81831
292.8424
292.86437
292.88718
292.90676
292.92342
292.93844
292.95513
292.96724
292.98266
293.00032
293.14841
292.48741
292.50467
292.52439
292.5489
292.57691
292.60601
292.63392
292.65883
292.6789
292.69291
292.69956
292.69807
292.68803
292.67075
292.64748
292.62504
292.62996
292.70923
292.78649
292.8222
292.84579
292.86714
292.8895
292.90877
292.92518
292.93993
292.9565
292.96836
292.98363
293.00169
293.14802
293.95429
293.83245
293.6848
293.54379
293.41949
293.31111
293.21402
293.12437
293.0433
292.96991
292.90385
292.84474
292.79141
292.74226
292.69554
292.64804
292.60128
292.55896
292.5631
292.63724
292.72115
292.77385
292.81267
292.84497
292.87272
292.89613
292.91974
292.93379
292.94342
292.95992
292.9739
293.92645
293.80752
293.66732
293.53385
293.4151
293.31066
293.21699
293.13061
293.05149
292.97908
292.91315
292.85347
292.79923
292.74901
292.70121
292.65292
292.60521
292.56211
292.56225
292.633
292.71838
292.77199
292.81104
292.84351
292.87145
292.89503
292.91858
292.93276
292.94238
292.95778
292.96851
293.902
293.79099
293.65592
293.5289
293.41549
293.31458
293.22344
293.13916
293.06123
292.98937
292.92333
292.863
292.80776
292.7564
292.70744
292.65828
292.60945
292.56518
292.56123
292.62798
292.71504
292.76982
292.8092
292.84189
292.87004
292.8938
292.91729
292.93168
292.94135
292.95563
292.96375
293.87991
293.77944
293.6497
293.52712
293.41705
293.31871
293.22958
293.14691
293.07015
292.99901
292.93314
292.87241
292.81639
292.76405
292.71401
292.66405
292.61421
292.56852
292.56069
292.62277
292.71126
292.76735
292.80713
292.84007
292.86847
292.89245
292.91585
292.93054
292.94039
292.95345
292.96078
293.85764
293.77
293.64551
293.52596
293.41835
293.32212
293.2348
293.15376
293.07834
293.00814
292.94269
292.88181
292.82522
292.77203
292.72101
292.67033
292.61947
292.57231
292.56061
292.61758
292.70721
292.76469
292.80489
292.83809
292.86675
292.89095
292.91426
292.92927
292.93943
292.95123
292.95909
293.83387
293.75943
293.64122
293.52453
293.41919
293.32491
293.23933
293.15998
293.08602
293.01691
292.95209
292.89132
292.83435
292.78044
292.72854
292.67716
292.62526
292.57664
292.56098
292.61247
292.70295
292.76188
292.80254
292.83603
292.86499
292.88942
292.91263
292.92803
292.93802
292.94849
292.95531
293.8087
293.74704
293.63632
293.52297
293.41981
293.32735
293.24345
293.16579
293.09335
293.02545
292.96143
292.90101
292.84383
292.78935
292.73664
292.68455
292.63168
292.5817
292.56178
292.60747
292.69852
292.759
292.80011
292.83388
292.86311
292.88777
292.91081
292.92651
292.93623
292.94576
292.951
293.78338
293.73357
293.63143
293.52189
293.42078
293.32992
293.24754
293.17149
293.10056
293.0339
292.9708
292.91081
292.85359
292.79868
292.74528
292.69243
292.6387
292.58755
292.56303
292.6026
292.69388
292.75602
292.7976
292.83163
292.86113
292.88603
292.9089
292.92483
292.93417
292.94305
292.94661
293.7588
293.71918
293.62626
293.52106
293.42203
293.3326
293.25159
293.17705
293.1076
293.04225
292.98015
292.92075
292.86365
292.80844
292.75445
292.70084
292.64635
292.59415
292.56487
292.59796
292.68901
292.75292
292.79499
292.82927
292.85906
292.88419
292.90687
292.92293
292.93184
292.94034
292.94243
293.73555
293.70404
293.62055
293.52022
293.42347
293.33546
293.25575
293.18263
293.11462
293.05058
292.98956
292.93086
292.87403
292.81866
292.76416
292.70983
292.65458
292.60133
292.56781
292.59362
292.68391
292.7497
292.79229
292.82682
292.85687
292.88224
292.90473
292.92081
292.92925
292.93781
292.93843
293.71384
293.68834
293.61422
293.51931
293.42514
293.33862
293.26018
293.18842
293.1218
293.05907
292.99914
292.94122
292.88476
292.82935
292.77445
292.71943
292.6634
292.60905
292.57183
292.58985
292.67857
292.74637
292.78951
292.82426
292.85458
292.88017
292.90248
292.91851
292.92644
292.93546
292.93358
293.69349
293.67207
293.60704
293.51811
293.42698
293.34218
293.26508
293.19465
293.12936
293.06789
293.00906
292.95195
292.89593
292.84055
292.78531
292.72966
292.67285
292.61725
292.57658
292.58715
292.67306
292.74295
292.78665
292.8216
292.85216
292.87799
292.9001
292.91601
292.92344
292.93339
292.92884
293.67553
293.65592
293.59902
293.51666
293.42916
293.34641
293.27076
293.20163
293.13761
293.07731
293.01951
292.96318
292.90762
292.85232
292.79681
292.74056
292.68298
292.62613
292.58207
292.58546
292.6674
292.73943
292.78372
292.81884
292.84964
292.87567
292.89761
292.91333
292.92033
292.93156
292.92431
293.66052
293.64175
293.59169
293.51545
293.43194
293.35162
293.27761
293.20977
293.14691
293.08766
293.03074
292.97511
292.91996
292.86474
292.80898
292.75215
292.69383
292.63592
292.58851
292.58484
292.6617
292.73583
292.78073
292.81599
292.84698
292.87321
292.89498
292.91043
292.91715
292.92995
292.91892
293.64816
293.62922
293.5847
293.51595
293.43696
293.35903
293.28647
293.2197
293.15775
293.0993
293.04307
292.98796
292.93311
292.87792
292.82189
292.76452
292.70547
292.64658
292.59605
292.58536
292.65606
292.73217
292.77769
292.81306
292.8442
292.87059
292.89221
292.90727
292.91389
292.9285
292.91391
293.64113
293.62132
293.58009
293.51748
293.4436
293.36871
293.29779
293.23198
293.17065
293.11266
293.05681
293.00197
292.94724
292.89197
292.83563
292.77774
292.71804
292.65825
292.60502
292.58699
292.65062
292.72846
292.77462
292.81003
292.84129
292.86781
292.88928
292.90389
292.91057
292.92709
292.90873
293.64225
293.62084
293.58088
293.52162
293.45217
293.38078
293.31192
293.24708
293.18611
293.1282
293.07228
293.01736
292.96252
292.90701
292.8503
292.79192
292.73178
292.67126
292.6155
292.58962
292.64543
292.72474
292.77152
292.80693
292.83823
292.86485
292.88618
292.90026
292.90717
292.92555
292.90344
293.65022
293.62693
293.58802
293.53294
293.46722
293.3982
293.33052
293.26597
293.20475
293.14632
293.08983
293.03436
292.97906
292.92314
292.86598
292.80715
292.74668
292.68555
292.62664
292.59304
292.64101
292.72101
292.7684
292.80375
292.83503
292.8617
292.8829
292.89632
292.90372
292.92393
292.89904
293.66787
293.64174
293.60236
293.54955
293.48686
293.42005
293.35325
293.28855
293.22655
293.16709
293.10953
293.05309
292.99695
292.94038
292.88267
292.82335
292.7624
292.70031
292.63878
292.59845
292.63741
292.71732
292.76529
292.80053
292.83168
292.85834
292.87941
292.89214
292.90007
292.92218
292.89626
293.68886
293.66089
293.62045
293.56831
293.50834
293.44398
293.37836
293.31363
293.25078
293.19005
293.13113
293.07341
293.01616
292.95868
292.90031
292.84042
292.77881
292.71559
292.65238
292.60571
292.63421
292.71358
292.76218
292.79721
292.82821
292.85476
292.87572
292.88767
292.89623
292.92035
292.8965
293.70644
293.67717
293.63684
293.5871
293.52998
293.46805
293.40389
293.33953
293.27614
293.21428
293.154
293.09491
293.03642
292.97792
292.91875
292.85824
292.79593
292.73171
292.66701
292.61488
292.63167
292.70986
292.75905
292.79387
292.82453
292.85091
292.87177
292.88295
292.89209
292.91843
292.89895
293.71489
293.68635
293.64874
293.6024
293.54866
293.48967
293.42762
293.36432
293.30102
293.23854
293.17722
293.11693
293.0573
292.99778
292.93778
292.87664
292.81367
292.74853
292.68232
292.62584
292.63111
292.70599
292.75597
292.79041
292.82071
292.84678
292.86754
292.87802
292.88763
292.91649
292.90179
293.71317
293.68789
293.65411
293.612
293.5625
293.50721
293.44798
293.38647
293.32401
293.26158
293.19976
293.1387
293.07819
293.01785
292.95712
292.89538
292.83186
292.76597
292.69846
292.63788
292.63273
292.70222
292.75273
292.78688
292.81668
292.8423
292.8628
292.87284
292.88288
292.91447
292.90502
293.70226
293.68118
293.65235
293.61548
293.571
293.52006
293.46424
293.40515
293.34418
293.28246
293.22076
293.15942
293.09846
293.0376
292.97639
292.9142
292.8503
292.78393
292.71561
292.6514
292.63503
292.69888
292.74973
292.78321
292.8123
292.8374
292.8577
292.86739
292.87776
292.91237
292.90897
293.68398
293.66735
293.6439
293.61292
293.57419
293.52831
293.47651
293.42034
293.36132
293.30077
293.23966
293.17852
293.11752
293.05653
292.99514
292.93279
292.86871
292.80219
292.73336
292.66639
292.63832
292.69523
292.74617
292.77934
292.80785
292.83211
292.85196
292.86162
292.87245
292.91023
292.91336
293.66037
293.64782
293.62962
293.60468
293.57221
293.53208
293.48498
293.43228
293.37562
293.31656
293.25633
293.1957
293.13501
293.07421
293.01298
292.95076
292.8868
292.82036
292.75128
292.68245
292.64283
292.69144
292.74315
292.77539
292.80286
292.82619
292.8457
292.8554
292.86708
292.90808
292.91796
293.63516
293.62548
293.61136
293.59164
293.56513
293.53107
293.48941
293.44098
293.38729
293.3301
293.27096
293.211
293.15078
293.0904
293.02959
292.96778
292.9042
292.83804
292.76884
292.69862
292.64978
292.68749
292.73906
292.77109
292.79736
292.81976
292.83872
292.84865
292.86123
292.90469
292.92177
293.6115
293.6032
293.59162
293.57562
293.55391
293.52532
293.48921
293.44568
293.39578
293.34114
293.28355
293.22447
293.16485
293.10502
293.04479
292.98359
292.92061
292.85493
292.78588
292.71469
292.6579
292.68315
292.73532
292.76672
292.7921
292.81285
292.83087
292.84128
292.85504
292.90045
292.92207
293.59511
293.58736
293.57661
293.56211
293.54293
293.51797
293.48627
293.44727
293.40134
293.34971
293.29411
293.23623
293.17736
293.11813
293.05853
292.99805
292.93581
292.87079
292.80208
292.73025
292.6677
292.68011
292.73167
292.76223
292.785
292.80483
292.82244
292.83323
292.84765
292.8956
292.91783
293.58212
293.57496
293.56559
293.55306
293.53615
293.51368
293.48468
293.44872
293.40593
293.357
293.30337
293.24675
293.18865
293.13
293.07098
293.01119
292.94974
292.8855
292.81738
292.74546
292.67863
292.6771
292.72719
292.75663
292.77797
292.79686
292.81288
292.82441
292.83929
292.88799
292.91178
293.57652
293.56887
293.55926
293.54703
293.53126
293.51076
293.48439
293.45124
293.41095
293.36418
293.31221
293.2567
293.19927
293.14106
293.08248
293.02323
292.96247
292.89903
292.83171
292.7602
292.69041
292.67522
292.72105
292.75104
292.77104
292.78787
292.8029
292.81471
292.82929
292.87676
292.9078
293.57446
293.56708
293.5578
293.54597
293.53073
293.51109
293.48592
293.45429
293.41591
293.37113
293.32081
293.26636
293.2095
293.15158
293.09323
293.03433
292.97411
292.91139
292.84486
292.77386
292.70159
292.6741
292.71562
292.74447
292.76262
292.77773
292.79224
292.80422
292.81822
292.86319
292.90379
293.56812
293.56137
293.55274
293.5416
293.52716
293.50856
293.4849
293.45533
293.41922
293.37651
293.32799
293.27496
293.219
293.16148
293.1033
293.04458
292.98471
292.92255
292.85672
292.78622
292.71292
292.67379
292.70931
292.73677
292.75425
292.7681
292.7806
292.7925
292.80595
292.84909
292.8966
293.5542
293.54843
293.54094
293.53113
293.51823
293.50138
293.47968
293.45233
293.41877
293.37886
293.33282
293.28164
293.227
293.17028
293.11245
293.05392
292.99431
292.93259
292.86736
292.79739
292.72372
292.67406
292.70177
292.72982
292.74487
292.75695
292.76938
292.78025
292.79176
292.8354
292.88526
293.53011
293.52545
293.51934
293.51121
293.50039
293.48605
293.46726
293.44311
293.41283
293.37588
293.33269
293.28445
293.23214
293.17701
293.12013
293.0621
293.00285
292.94155
292.87691
292.80759
292.73404
292.67546
292.69479
292.72156
292.73492
292.74702
292.75775
292.76697
292.77643
292.82228
292.86958
293.49389
293.4902
293.48537
293.47895
293.47035
293.45884
293.44351
293.42333
293.39735
293.36532
293.32723
293.28324
293.23422
293.18143
293.12608
293.06896
293.01026
292.94948
292.88549
292.81695
292.74376
292.67847
292.68802
292.71347
292.72582
292.73631
292.74524
292.75255
292.75893
292.81133
292.85153
293.45001
293.4467
293.44256
293.43727
293.43043
293.42143
293.40953
293.3938
293.3734
293.34739
293.31515
293.27659
293.23219
293.18293
293.12998
293.07436
293.01658
292.9565
292.89326
292.82561
292.75298
292.68376
292.6806
292.70602
292.71664
292.72499
292.73361
292.73854
292.74085
292.80143
292.8389
293.40639
293.40289
293.39878
293.39382
293.3877
293.37996
293.37008
293.35747
293.34134
293.32072
293.29461
293.2624
293.22398
293.17977
293.13064
293.0776
293.0215
292.96256
292.90027
292.83365
292.76173
292.68911
292.67382
292.69758
292.70728
292.71524
292.72166
292.72381
292.72468
292.78981
292.8273
293.37143
293.36719
293.3625
293.3572
293.35113
293.34402
293.3354
293.32459
293.31087
293.29352
293.27176
293.24469
293.21169
293.17266
293.12798
293.07841
293.02476
292.96747
292.90645
292.84099
292.76993
292.69504
292.66771
292.68873
292.69869
292.70472
292.70914
292.70917
292.70954
292.77558
292.8163
293.35313
293.3475
293.34142
293.33485
293.3277
293.3198
293.3109
293.30054
293.28805
293.27259
293.25325
293.22931
293.20011
293.16514
293.12435
293.07806
293.02688
292.97138
292.91171
292.8474
292.77732
292.70198
292.66252
292.67948
292.68875
292.69298
292.6956
292.69349
292.69474
292.75817
292.80472
293.35882
293.35158
293.34369
293.33513
293.32586
293.31577
293.30472
293.29247
293.27862
293.26256
293.24362
293.22092
293.19353
293.16079
293.12241
293.0784
293.02904
292.97484
292.91616
292.85273
292.78354
292.70844
292.65685
292.66885
292.67751
292.68002
292.67968
292.67704
292.68071
292.74283
292.80674
293.37617
293.36839
293.35976
293.35022
293.33965
293.32795
293.31497
293.30052
293.28436
293.26617
293.2454
293.22134
293.19332
293.16068
293.12291
293.07985
293.03152
292.97808
292.91987
292.85686
292.78824
292.71331
292.65013
292.6561
292.66459
292.66525
292.66242
292.6609
292.66761
292.73083
292.81877
293.38654
293.37933
293.37122
293.36211
293.35186
293.3403
293.32723
293.31239
293.29548
293.27614
293.25393
293.22843
293.19908
293.16522
293.12652
293.08284
293.03428
292.98096
292.92285
292.85989
292.79151
292.71652
292.64591
292.64169
292.6491
292.64867
292.64553
292.64643
292.65593
292.71568
292.81906
293.38215
293.37584
293.36872
293.36068
293.35157
293.3412
293.32932
293.31565
293.29981
293.28137
293.25979
293.23454
293.20508
293.171
293.13194
293.08774
293.0385
292.98452
292.92596
292.86271
292.79423
292.71906
292.64363
292.62605
292.63222
292.6325
292.63179
292.63564
292.64531
292.69807
292.8001
293.36912
293.36322
293.35665
293.34928
293.34101
293.33165
293.321
293.30877
293.29458
293.27792
293.25821
293.23489
293.20737
293.17495
293.13712
293.09365
293.04461
292.99031
292.93117
292.8673
292.79826
292.72255
292.64308
292.61087
292.61737
292.61982
292.62196
292.62913
292.63803
292.67961
292.77675
293.36002
293.35401
293.34735
293.33997
293.33176
293.32261
293.31235
293.30075
293.28751
293.27222
293.25435
293.2332
293.20801
293.17806
293.14263
293.10122
293.05362
293.00001
292.94079
292.87627
292.80631
292.72957
292.64675
292.60511
292.60856
292.61395
292.62039
292.62829
292.63361
292.67005
292.78496
293.36522
293.359
293.3521
293.34446
293.33599
293.32658
293.3161
293.30435
293.2911
293.27601
293.25865
293.23845
293.21469
293.18652
293.15314
293.11385
293.06817
293.01592
292.95727
292.89256
292.82188
292.74419
292.65918
292.60875
292.61143
292.62018
292.62883
292.63255
292.63471
292.67728
292.81093
293.38054
293.37468
293.36812
293.36079
293.3526
293.34343
293.33314
293.32153
293.30838
293.29338
293.27613
293.25616
293.23283
293.20544
293.17317
293.13525
293.09105
293.04018
292.98249
292.91817
292.84746
292.76981
292.68469
292.62242
292.62663
292.63958
292.64745
292.64698
292.64701
292.69249
292.81458
293.39104
293.38628
293.38091
293.37485
293.368
293.36024
293.3514
293.34128
293.32961
293.31607
293.30024
293.28161
293.25958
293.23346
293.20251
293.16597
293.12316
293.07364
293.01723
292.95403
292.88433
292.80809
292.72492
292.65464
292.6546
292.66898
292.67693
292.67435
292.67666
292.72147
292.85704
293.38842
293.38514
293.38141
293.37717
293.37233
293.36675
293.36028
293.3527
293.34376
293.3331
293.32028
293.30475
293.28586
293.26285
293.23489
293.20117
293.16098
293.11382
293.05958
292.99844
292.93082
292.85704
292.77668
292.70168
292.69332
292.70582
292.71398
292.71388
292.72131
292.76271
292.90898
293.37462
293.37284
293.3708
293.36845
293.36571
293.36249
293.35864
293.35397
293.34823
293.34108
293.33209
293.3207
293.30621
293.2878
293.26453
293.23547
293.19978
293.15685
293.10643
293.04873
292.9843
292.91367
292.83629
292.7581
292.73922
292.74788
292.75425
292.75662
292.77142
292.8227
292.93488
293.35438
293.35394
293.35341
293.35275
293.35192
293.35084
293.3494
293.34745
293.34477
293.34106
293.3359
293.32877
293.31898
293.30567
293.2879
293.26459
293.23476
293.19757
293.15258
293.09978
293.03962
292.97266
292.89817
292.81819
292.78784
292.79361
292.79966
292.80353
292.81616
292.85012
292.98661
293.32908
293.32977
293.33052
293.33132
293.33215
293.33296
293.33368
293.33418
293.33429
293.33377
293.33225
293.32929
293.32423
293.31626
293.30438
293.28752
293.26449
293.23425
293.19602
293.14948
293.09484
293.03253
292.96188
292.88278
292.84014
292.8418
292.84551
292.84992
292.86606
292.90355
292.9978
293.29972
293.30117
293.30281
293.30464
293.30667
293.30888
293.31124
293.31367
293.31605
293.3182
293.31981
293.32044
293.31953
293.31646
293.31036
293.29992
293.28392
293.26109
293.23032
293.1909
293.14259
293.08555
293.01936
292.9429
292.89067
292.88916
292.89228
292.89712
292.91442
292.95007
293.03008
293.26285
293.26471
293.26683
293.26926
293.272
293.27508
293.2785
293.28225
293.28624
293.29039
293.29447
293.2982
293.30113
293.30252
293.30138
293.29676
293.28776
293.27256
293.24985
293.21848
293.17778
293.12757
293.06762
292.99674
292.93756
292.93181
292.93859
292.94649
292.968
293.00497
293.05042
293.22385
293.22535
293.2271
293.22916
293.23156
293.23434
293.23754
293.24118
293.24526
293.24975
293.25453
293.25942
293.26409
293.26804
293.27054
293.27068
293.26688
293.25812
293.24287
293.21977
293.18764
293.14582
293.09395
293.03096
292.97084
292.95958
292.96705
292.97946
293.00265
293.02621
293.02906
293.1786
293.17928
293.18015
293.18123
293.18257
293.18422
293.18623
293.18865
293.1915
293.19481
293.19855
293.20264
293.20689
293.21099
293.21443
293.21646
293.21601
293.21178
293.20225
293.18587
293.16136
293.12775
293.08426
293.02956
292.97095
292.95366
292.95916
292.97092
292.99188
293.00381
292.9724
293.14738
293.14646
293.14551
293.14456
293.14361
293.14272
293.14191
293.14123
293.14071
293.1404
293.14029
293.14034
293.14046
293.14049
293.14015
293.13898
293.13628
293.13101
293.12188
293.10741
293.08611
293.05659
293.01752
292.96664
292.90681
292.88787
292.89072
292.89505
292.908
292.91175
292.91881
293.12762
293.12521
293.12256
293.11964
293.11645
293.11299
293.10925
293.10527
293.10107
293.09671
293.09219
293.08746
293.08237
293.07681
293.07059
293.06332
293.05446
293.04323
293.02861
293.00937
292.98415
292.95147
292.90966
292.85536
292.78542
292.74531
292.74579
292.75136
292.7571
292.77482
292.83456
293.13686
293.13349
293.12974
293.12554
293.12085
293.11563
293.10982
293.10334
293.09612
293.08804
293.07902
293.06903
293.05803
293.0459
293.03242
293.01735
293.00031
292.98073
292.95784
292.9306
292.89772
292.85767
292.8085
292.74636
292.66595
292.60246
292.60136
292.61011
292.63101
292.65996
292.82371
293.13493
293.13128
293.12716
293.12251
293.11725
293.11133
293.10466
293.09719
293.08884
293.07952
293.06913
293.05752
293.04451
293.0299
293.01342
292.9947
292.97334
292.94877
292.92038
292.88752
292.84934
292.80486
292.75265
292.68942
292.60999
292.54742
292.53937
292.54436
292.56331
292.61199
292.83423
293.18552
293.18136
293.17666
293.17133
293.16527
293.15839
293.15056
293.14165
293.1315
293.11994
293.10681
293.09193
293.07509
293.05604
293.03449
293.01009
292.98248
292.95118
292.91554
292.875
292.82876
292.77605
292.71602
292.64673
292.56603
292.51281
292.50422
292.50511
292.51712
292.56882
292.81797
293.21467
293.2122
293.20935
293.20607
293.20227
293.19789
293.1928
293.18689
293.18001
293.17195
293.1625
293.15137
293.13824
293.12268
293.10423
293.08237
293.05657
293.02632
292.99101
292.95002
292.90303
292.84951
292.78882
292.7194
292.63805
292.56235
292.54563
292.55467
292.58834
292.66845
292.89506
293.63904
293.59463
293.55191
293.51471
293.47959
293.44654
293.41598
293.38864
293.36468
293.34544
293.3329
293.32905
293.33422
293.3474
293.3693
293.39901
293.43449
293.4733
293.51373
293.554
293.59177
293.62605
293.65842
293.69101
293.72513
293.7614
293.79656
293.82614
293.84248
293.84412
293.8339
293.81518
293.79444
293.77808
293.76905
293.76878
293.7908
293.81901
293.83676
293.82305
293.79756
293.78166
293.77892
293.79414
293.80892
293.8012
293.77219
293.73417
293.68473
293.61696
293.53123
293.44543
293.37071
293.3171
293.27231
293.25342
293.23635
293.25239
293.25929
293.28987
293.27305
293.33326
293.28163
293.81709
293.77214
293.71773
293.66366
293.613
293.56635
293.52498
293.48831
293.45667
293.43114
293.41302
293.40351
293.4043
293.41462
293.43251
293.45878
293.49014
293.52424
293.55936
293.59356
293.62487
293.6537
293.68203
293.71154
293.74345
293.77781
293.80978
293.8356
293.84694
293.84359
293.82922
293.8074
293.78468
293.76713
293.75706
293.75477
293.77464
293.79998
293.81597
293.80358
293.77992
293.76426
293.75856
293.76799
293.77837
293.77056
293.74421
293.70852
293.66074
293.59563
293.51426
293.43306
293.36186
293.31006
293.26615
293.24699
293.22955
293.24437
293.2513
293.28168
293.26676
293.32712
293.27968
293.79311
293.77314
293.74283
293.70391
293.66221
293.62152
293.58261
293.54704
293.51562
293.48974
293.47119
293.46119
293.46077
293.46955
293.48614
293.50891
293.53582
293.56494
293.59453
293.62283
293.64879
293.67397
293.69976
293.72709
293.75764
293.78946
293.81821
293.8397
293.84615
293.83921
293.82093
293.79684
293.77277
293.75439
293.74318
293.73811
293.75562
293.77811
293.79296
293.78226
293.76081
293.7453
293.7367
293.74067
293.7473
293.73996
293.71666
293.68373
293.63802
293.57576
293.49869
293.42188
293.35398
293.30383
293.26068
293.24111
293.22317
293.23672
293.24358
293.27369
293.26055
293.32102
293.27765
293.69826
293.68658
293.67135
293.65281
293.63145
293.60774
293.58182
293.5565
293.53272
293.51235
293.49803
293.49125
293.4929
293.50285
293.51936
293.54094
293.5654
293.59055
293.61636
293.64088
293.6641
293.68792
293.71225
293.73853
293.76725
293.796
293.82107
293.83808
293.84078
293.83061
293.80965
293.78399
293.75917
293.74013
293.72731
293.71912
293.73378
293.75345
293.76774
293.75921
293.74033
293.72502
293.71378
293.71288
293.71631
293.70983
293.68982
293.65994
293.61664
293.55737
293.48449
293.41183
293.34703
293.29838
293.25586
293.23579
293.2172
293.2294
293.23611
293.26589
293.25439
293.31493
293.27553
293.65128
293.64496
293.6364
293.62562
293.61242
293.59676
293.5788
293.55943
293.53962
293.52214
293.50969
293.50422
293.50671
293.51709
293.53395
293.55515
293.57864
293.60261
293.62688
293.65068
293.6738
293.69735
293.72123
293.74625
293.77232
293.79729
293.81842
293.83112
293.83084
293.8182
293.79574
293.76924
293.74427
293.72466
293.70936
293.69827
293.70938
293.72628
293.74045
293.73456
293.71862
293.70371
293.69023
293.68524
293.68594
293.68054
293.66391
293.63727
293.59661
293.54042
293.4716
293.40287
293.34097
293.29368
293.25169
293.231
293.21164
293.22242
293.22886
293.25826
293.24827
293.30886
293.2733
293.63282
293.62793
293.62141
293.61311
293.60284
293.59052
293.57625
293.56044
293.54412
293.5291
293.51755
293.51197
293.51355
293.52278
293.5388
293.55956
293.58277
293.60711
293.63184
293.65657
293.68072
293.70431
293.72756
293.75045
293.77284
293.79349
293.81048
293.81954
293.81683
293.80263
293.7796
293.75321
293.72854
293.7082
293.68959
293.67603
293.68295
293.69705
293.71138
293.70854
293.6959
293.68174
293.66651
293.65824
293.65663
293.65236
293.63909
293.61579
293.57794
293.52486
293.45995
293.39493
293.33575
293.28971
293.24814
293.22675
293.20647
293.21577
293.22185
293.25079
293.24217
293.30278
293.27098
293.62364
293.61937
293.61371
293.6065
293.59763
293.5871
293.57503
293.56179
293.54796
293.53481
293.52488
293.51932
293.51993
293.52764
293.54221
293.56198
293.58492
293.60994
293.63571
293.66153
293.68633
293.70968
293.73131
293.75097
293.76897
293.78501
293.79797
293.80398
293.79964
293.7848
293.76209
293.73654
293.71246
293.69074
293.66888
293.65299
293.65526
293.66641
293.68099
293.68147
293.67245
293.65947
293.64309
293.63226
293.6287
293.62549
293.61545
293.5955
293.56058
293.51064
293.44946
293.38796
293.33132
293.28643
293.2452
293.22301
293.20169
293.20946
293.21504
293.24348
293.23608
293.29667
293.26856
293.61907
293.61521
293.6101
293.60362
293.59572
293.58645
293.57593
293.56447
293.55301
293.54233
293.53369
293.52859
293.52865
293.53498
293.54794
293.56624
293.58858
293.61375
293.64015
293.66637
293.69093
293.71311
293.73205
293.74769
293.76097
293.77257
293.78189
293.78554
293.78032
293.76574
293.74404
293.71981
293.69613
293.67272
293.6483
293.62985
293.62731
293.63522
293.6499
293.65377
293.64858
293.63728
293.62034
293.60756
293.60238
293.60005
293.59305
293.57641
293.54449
293.49767
293.44008
293.38188
293.32765
293.2838
293.24284
293.21978
293.19731
293.20348
293.20845
293.23631
293.23002
293.29054
293.26606
293.61796
293.6144
293.60971
293.60384
293.59677
293.58863
293.57959
293.56995
293.56036
293.55151
293.54431
293.53993
293.53989
293.54537
293.55674
293.57347
293.5943
293.61854
293.64486
293.67048
293.69385
293.71394
293.72945
293.74072
293.74943
293.75713
293.76341
293.76542
293.75999
293.74636
293.72614
293.70329
293.67986
293.6551
293.62862
293.60737
293.60013
293.60448
293.61885
293.6259
293.62464
293.61545
293.59854
293.58431
293.57776
293.57609
293.57188
293.55848
293.52961
293.48588
293.43171
293.37664
293.32467
293.2818
293.24106
293.21704
293.19332
293.19783
293.20207
293.22928
293.22397
293.28436
293.26348
293.61957
293.61623
293.61193
293.60665
293.6004
293.59329
293.5856
293.57754
293.56959
293.56229
293.55645
293.55291
293.55301
293.5578
293.5676
293.58241
293.6016
293.62439
293.64899
293.67287
293.69434
293.71168
293.72358
293.73062
293.73531
293.73979
293.74379
293.74476
293.73965
293.72739
293.70893
293.68741
293.66424
293.63855
293.61033
293.58633
293.57462
293.57511
293.58856
293.59832
293.60095
293.59424
293.57787
293.56261
293.55487
293.55365
293.55192
293.54167
293.51585
293.47516
293.42428
293.37217
293.32234
293.28038
293.23981
293.21478
293.18974
293.19251
293.19589
293.2224
293.21795
293.27815
293.26081
293.62324
293.62011
293.61619
293.61148
293.60601
293.59992
293.59342
293.58673
293.5802
293.57428
293.56953
293.56682
293.56714
293.57116
293.57956
293.59246
293.60967
293.63028
293.6524
293.67362
293.69207
293.70664
293.71522
293.71857
293.72
293.72181
293.72412
293.72455
293.7201
293.70943
293.69285
293.67261
293.64983
293.62353
293.5939
293.56732
293.55145
293.54786
293.55966
293.57144
293.5778
293.57381
293.55843
293.54248
293.53371
293.53269
293.53315
293.52592
293.50314
293.46544
293.4177
293.3684
293.32061
293.2795
293.23908
293.21299
293.18657
293.1875
293.18992
293.21565
293.21195
293.2719
293.25807
293.62834
293.62543
293.62189
293.61774
293.61302
293.60785
293.60241
293.5969
293.59159
293.58678
293.58299
293.58095
293.5814
293.58474
293.59182
293.60282
293.61776
293.63574
293.65498
293.67323
293.6884
293.69995
293.70589
293.70617
293.705
293.70445
293.70534
293.70552
293.7019
293.69291
293.67824
293.65926
293.63701
293.61039
293.57967
293.55069
293.53099
293.52323
293.53266
293.54562
293.55539
293.55425
293.54023
293.5239
293.51421
293.51318
293.51552
293.51115
293.49138
293.45662
293.4119
293.36527
293.31941
293.27913
293.23883
293.21165
293.18382
293.18278
293.18416
293.20904
293.206
293.26564
293.25526
293.63423
293.63157
293.62842
293.62481
293.62079
293.61644
293.61193
293.60742
293.60311
293.59925
293.59625
293.59467
293.59511
293.59799
293.60374
293.61286
293.62546
293.64073
293.6571
293.67258
293.68501
293.69391
293.69741
293.69509
293.69145
293.68879
293.68827
293.6882
293.68538
293.67807
293.6653
293.64768
293.62601
293.59934
293.5678
293.53661
293.51335
293.50147
293.50786
293.52116
293.53388
293.53563
293.52325
293.50682
293.4963
293.49506
293.49897
293.49729
293.48049
293.44861
293.40679
293.3627
293.3187
293.27922
293.23903
293.21073
293.18149
293.17834
293.1786
293.20258
293.20011
293.25936
293.25238
293.64042
293.63806
293.63533
293.63224
293.62883
293.62519
293.62145
293.61775
293.61426
293.61121
293.60889
293.60762
293.60793
293.61023
293.6149
293.62235
293.63281
293.64572
293.65971
293.67291
293.6836
293.69047
293.69149
293.68672
293.68051
293.6757
293.67347
293.67286
293.67068
293.66494
293.65407
293.63786
293.6169
293.59039
293.55827
293.52507
293.49849
293.4826
293.48544
293.49825
293.51334
293.51795
293.50744
293.49115
293.47988
293.47827
293.48345
293.48428
293.47037
293.44131
293.4023
293.36063
293.31842
293.27972
293.23964
293.21022
293.17958
293.17417
293.17324
293.19625
293.19428
293.25308
293.24945
293.64654
293.64455
293.64225
293.63965
293.63678
293.63374
293.63063
293.62759
293.62477
293.62236
293.62056
293.61956
293.61984
293.62165
293.62524
293.63138
293.64017
293.65141
293.66393
293.67601
293.68556
293.69078
293.68921
293.68199
293.67313
293.66577
293.66134
293.65971
293.65777
293.65338
293.64438
293.62968
293.60955
293.58339
293.5509
293.51591
293.48625
293.46651
293.46543
293.47698
293.49382
293.50121
293.49271
293.4768
293.46486
293.46272
293.46889
293.47204
293.46095
293.43466
293.39834
293.35899
293.31851
293.28059
293.24064
293.21009
293.17806
293.17029
293.16809
293.19006
293.18851
293.2468
293.24647
293.65252
293.65092
293.64902
293.64688
293.64449
293.64195
293.63935
293.63682
293.63449
293.63252
293.63106
293.63026
293.63051
293.63188
293.63484
293.64009
293.6479
293.65837
293.67042
293.68253
293.69184
293.69512
293.69111
293.6813
293.66955
293.65922
293.65209
293.64884
293.64656
293.64316
293.63596
293.62288
293.60374
293.57808
293.54544
293.50892
293.47642
293.45303
293.4478
293.45743
293.47537
293.48536
293.47897
293.46365
293.45112
293.44835
293.45523
293.4605
293.45214
293.42856
293.39485
293.35773
293.31892
293.28178
293.24198
293.21032
293.17689
293.16671
293.16313
293.184
293.18281
293.24051
293.24345
293.65855
293.65726
293.65574
293.65399
293.652
293.64985
293.64763
293.64544
293.64342
293.64169
293.64038
293.63968
293.63984
293.64092
293.64355
293.64837
293.65592
293.66659
293.67944
293.69261
293.70175
293.70342
293.69714
293.6846
293.66967
293.65599
293.64573
293.64024
293.63698
293.6341
293.62852
293.61713
293.59912
293.57414
293.54157
293.50381
293.46876
293.44192
293.43248
293.43961
293.45803
293.47035
293.46612
293.4516
293.43857
293.43508
293.44243
293.44961
293.44388
293.42295
293.39175
293.35677
293.3196
293.28326
293.24363
293.21089
293.17605
293.16343
293.15838
293.17809
293.17716
293.2342
293.2404
293.66489
293.66389
293.66265
293.66118
293.65947
293.65759
293.6556
293.6536
293.65171
293.65002
293.64863
293.64778
293.64773
293.64865
293.65106
293.65579
293.66369
293.67555
293.69044
293.70495
293.71434
293.71503
293.70669
293.69136
293.67307
293.65578
293.64205
293.63384
293.62896
293.62599
293.62174
293.61204
293.59532
293.5712
293.53895
293.50027
293.46296
293.43294
293.41933
293.42352
293.44181
293.45614
293.45408
293.44053
293.42709
293.42282
293.43042
293.4393
293.43608
293.41774
293.38898
293.35608
293.3205
293.28496
293.24555
293.21177
293.17551
293.16047
293.15381
293.17231
293.17156
293.22786
293.23731
293.67222
293.67128
293.67017
293.6688
293.66722
293.66544
293.6635
293.66149
293.65949
293.65763
293.65596
293.65468
293.65416
293.65473
293.65692
293.66182
293.67046
293.68388
293.70124
293.7179
293.72827
293.72852
293.71844
293.70051
293.67891
293.65797
293.64067
293.6294
293.62238
293.61867
293.61537
293.60729
293.59201
293.56895
293.53724
293.49796
293.45872
293.42581
293.40819
293.40914
293.42674
293.44272
293.44276
293.43033
293.41658
293.4115
293.41915
293.42954
293.42871
293.41287
293.38648
293.35558
293.32158
293.28687
293.2477
293.21294
293.17525
293.1578
293.14943
293.16667
293.16598
293.22151
293.23418
293.68168
293.68051
293.67918
293.67767
293.67595
293.67402
293.67187
293.66954
293.66712
293.66472
293.66249
293.66053
293.65908
293.65878
293.66044
293.66526
293.67464
293.68985
293.70999
293.7294
293.74137
293.74171
293.73044
293.71029
293.68569
293.66135
293.64066
293.62622
293.61678
293.61188
293.60923
293.60274
293.58905
293.56724
293.53625
293.49665
293.45573
293.42017
293.39876
293.3963
293.41273
293.42991
293.43208
293.42087
293.40693
293.40105
293.40859
293.42027
293.42169
293.40829
293.38419
293.35524
293.32278
293.28892
293.25006
293.21438
293.17527
293.15542
293.14523
293.16115
293.16044
293.21517
293.23097
293.69635
293.69411
293.69188
293.68963
293.68724
293.6846
293.68169
293.67852
293.67513
293.67161
293.66815
293.66491
293.66211
293.6605
293.66115
293.66552
293.67522
293.69184
293.71448
293.7367
293.75065
293.7517
293.74018
293.71878
293.692
293.6649
293.64137
293.62393
293.61203
293.60549
293.6031
293.5981
293.58608
293.56569
293.53565
293.49604
293.45375
293.41584
293.39087
293.38497
293.39976
293.41764
293.42194
293.41206
293.39806
293.39138
293.39863
293.4114
293.41497
293.40394
293.38208
293.35502
293.32407
293.29109
293.25255
293.21602
293.17554
293.15329
293.14125
293.15583
293.15502
293.20891
293.22775
293.72746
293.72119
293.71539
293.71031
293.70555
293.70077
293.69585
293.69074
293.68543
293.67991
293.67435
293.66904
293.66416
293.66047
293.65925
293.66242
293.67172
293.68862
293.71271
293.73697
293.75362
293.75517
293.74501
293.72387
293.6966
293.66786
293.64213
293.62214
293.60807
293.59946
293.59682
293.59302
293.58265
293.56386
293.53503
293.49581
293.45252
293.4126
293.38441
293.37509
293.38786
293.40603
293.41226
293.4038
293.38987
293.38244
293.38923
293.40291
293.40849
293.39978
293.3801
293.35486
293.3254
293.29331
293.25513
293.21783
293.17606
293.15143
293.1375
293.1507
293.14971
293.20276
293.22448
293.81068
293.79154
293.77334
293.75773
293.74443
293.7327
293.72197
293.71189
293.70227
293.69285
293.6836
293.67486
293.66688
293.66021
293.65611
293.65694
293.66465
293.68008
293.70374
293.72835
293.74665
293.7507
293.74261
293.72367
293.69792
293.66917
293.64216
293.62003
293.6045
293.59371
293.59027
293.58734
293.57856
293.56149
293.53418
293.49573
293.45187
293.41027
293.37925
293.36653
293.37696
293.3951
293.40304
293.39602
293.3823
293.37417
293.38042
293.39481
293.40226
293.39578
293.3782
293.35475
293.32674
293.29559
293.25782
293.21984
293.17679
293.1498
293.13389
293.1457
293.14445
293.19664
293.2211
293.94131
293.91462
293.88432
293.8538
293.82512
293.79884
293.77488
293.75346
293.73427
293.71683
293.7007
293.68588
293.67289
293.66186
293.65354
293.65039
293.65481
293.66666
293.68776
293.71105
293.72951
293.73654
293.73185
293.7167
293.69439
293.66755
293.64065
293.61703
293.60067
293.58813
293.58348
293.58108
293.57376
293.55847
293.53292
293.4956
293.45156
293.40864
293.37518
293.35917
293.367
293.38483
293.39425
293.38869
293.37527
293.36653
293.37216
293.3871
293.39626
293.39189
293.37636
293.35464
293.32807
293.29787
293.26056
293.22199
293.17771
293.14841
293.13043
293.14083
293.13923
293.19056
293.21761
293.42929
293.26807
293.12085
292.99069
292.88333
292.80137
292.74266
292.70198
292.67404
293.4051
293.24599
293.10762
292.98862
292.89171
292.81764
292.76428
292.72712
292.70148
293.38129
293.23054
293.10158
292.99245
292.90392
292.83647
292.78786
292.75397
292.73057
293.36045
293.21931
293.09794
292.99703
292.91625
292.8551
292.81114
292.78056
292.75938
293.33904
293.20796
293.09449
293.00159
292.92836
292.87337
292.83404
292.80673
292.78774
293.31822
293.19747
293.09218
293.00692
292.94076
292.8916
292.85657
292.83218
292.81533
293.29931
293.18869
293.09147
293.01333
292.95363
292.90983
292.87886
292.85744
292.84263
293.28284
293.18233
293.09302
293.02145
292.96766
292.92872
292.90145
292.88273
292.86981
293.269
293.17817
293.09689
293.032
292.98345
292.94872
292.92471
292.90837
292.89715
293.2588
293.17771
293.10442
293.04549
293.00149
292.97033
292.94906
292.93476
292.92501
293.25484
293.18273
293.11644
293.06247
293.02229
292.99407
292.97502
292.96237
292.95384
293.25849
293.19351
293.13307
293.08346
293.04639
293.02045
293.00309
292.9917
292.98414
293.2691
293.21071
293.15523
293.10911
293.07434
293.04998
293.03377
293.02324
293.01636
293.28757
293.23457
293.18323
293.1397
293.10644
293.08301
293.06743
293.05739
293.05092
293.31364
293.26512
293.21695
293.1752
293.14276
293.11965
293.10424
293.09433
293.08802
293.34683
293.30173
293.25588
293.21523
293.183
293.15973
293.14408
293.134
293.12761
293.38549
293.34315
293.29904
293.25896
293.22652
293.2027
293.18651
293.17602
293.16938
293.42754
293.3877
293.34505
293.30525
293.2723
293.24769
293.23073
293.21965
293.21262
293.47145
293.43401
293.39267
293.35295
293.31929
293.29367
293.27578
293.26398
293.25647
293.5158
293.48091
293.44087
293.40105
293.36638
293.33946
293.32032
293.30751
293.29922
293.55839
293.52666
293.48841
293.44863
293.41279
293.38424
293.36354
293.34944
293.34017
293.59754
293.56946
293.53378
293.49467
293.45785
293.42751
293.40491
293.38915
293.37854
293.63412
293.60963
293.57689
293.53895
293.50142
293.46924
293.44452
293.4269
293.41488
293.67011
293.64888
293.61915
293.58285
293.54505
293.51115
293.48414
293.4643
293.45042
293.70697
293.68854
293.66166
293.6272
293.58947
293.55409
293.52482
293.50267
293.48681
293.74498
293.72841
293.7039
293.6716
293.63491
293.59913
293.56849
293.54462
293.52716
293.78266
293.76804
293.74582
293.71594
293.68119
293.64632
293.61552
293.59078
293.57211
293.81464
293.80176
293.78211
293.7554
293.72379
293.69136
293.66205
293.63802
293.61962
293.83488
293.82504
293.80931
293.78725
293.76048
293.73239
293.70639
293.68455
293.66739
293.84105
293.83495
293.82399
293.80762
293.78688
293.76429
293.74266
293.72388
293.70864
293.8344
293.83175
293.82559
293.81506
293.80052
293.78369
293.76683
293.75168
293.73909
293.81905
293.82002
293.81859
293.81371
293.8051
293.79378
293.78151
293.76993
293.75999
293.80071
293.80479
293.80767
293.80806
293.80503
293.79873
293.79033
293.78136
293.77296
293.78612
293.79281
293.79927
293.8041
293.80592
293.80408
293.79904
293.79207
293.7845
293.77846
293.78709
293.79597
293.8036
293.80834
293.80905
293.80585
293.79983
293.79241
293.78008
293.79119
293.80278
293.81322
293.8206
293.82373
293.82246
293.8178
293.81125
293.80442
293.81836
293.83323
293.84719
293.85821
293.86476
293.86651
293.86432
293.85962
293.83521
293.85156
293.86949
293.8873
293.9031
293.91534
293.92302
293.926
293.92528
293.8544
293.87144
293.89034
293.90917
293.92553
293.9374
293.94434
293.94752
293.94826
293.83897
293.85345
293.86939
293.88542
293.89986
293.91131
293.9192
293.92372
293.92539
293.81209
293.82558
293.84099
293.85711
293.87234
293.88515
293.89456
293.9004
293.90321
293.7961
293.80994
293.82586
293.84266
293.85867
293.87228
293.88251
293.88923
293.89285
293.79628
293.81353
293.83352
293.85468
293.87476
293.8916
293.90398
293.91189
293.9161
293.81703
293.8401
293.8673
293.89662
293.92513
293.95007
293.96968
293.98364
293.99268
293.83603
293.86324
293.89592
293.93207
293.96834
294.00126
294.02855
294.04964
294.06523
293.82847
293.85548
293.88843
293.92563
293.964
293.99996
294.03068
294.05492
294.07275
293.7972
293.8219
293.85265
293.88844
293.92679
293.9643
293.99798
294.02601
294.04791
293.75734
293.78032
293.8097
293.84512
293.88472
293.92529
293.96332
293.99619
294.02284
293.70665
293.72844
293.757
293.79259
293.83408
293.8786
293.92215
293.96131
293.99421
293.63656
293.65584
293.68151
293.71423
293.7536
293.79769
293.84321
293.88642
293.92448
293.54685
293.56199
293.58241
293.60891
293.64157
293.67934
293.71998
293.76067
293.79872
293.45685
293.4678
293.48273
293.5024
293.52712
293.55648
293.58916
293.62313
293.65623
293.37897
293.38689
293.39781
293.41236
293.43089
293.45327
293.4787
293.50586
293.53311
293.3237
293.33006
293.33884
293.35054
293.36542
293.38336
293.40375
293.42562
293.4478
293.27809
293.28371
293.2914
293.30157
293.31437
293.32966
293.34688
293.36524
293.38382
293.25934
293.26507
293.27275
293.28267
293.29488
293.30911
293.32479
293.34117
293.35747
293.24245
293.2483
293.25603
293.2658
293.27761
293.29108
293.30567
293.32064
293.33534
293.25941
293.26602
293.27453
293.28498
293.29719
293.31072
293.32492
293.3391
293.35262
293.26614
293.27245
293.2805
293.29032
293.30172
293.31423
293.32722
293.34004
293.35212
293.29674
293.3029
293.31072
293.32013
293.33087
293.34245
293.35426
293.3657
293.37627
293.27819
293.28271
293.28835
293.29508
293.30274
293.31101
293.31945
293.32764
293.33522
293.33818
293.34238
293.34758
293.35364
293.36025
293.367
293.37348
293.37937
293.38454
293.28312
293.28433
293.28578
293.28742
293.28915
293.29088
293.29255
293.2941
293.29547
292.65181
292.63067
292.61033
292.58854
292.55971
292.50334
292.68097
292.66136
292.64248
292.62217
292.59483
292.54154
292.71169
292.69343
292.6757
292.65639
292.6301
292.57966
292.74212
292.72531
292.70879
292.69054
292.66551
292.61801
292.7722
292.75695
292.74188
292.72509
292.70183
292.65709
292.80146
292.78776
292.77413
292.75883
292.73743
292.69557
292.83036
292.81813
292.8059
292.79207
292.77254
292.7336
292.85902
292.84818
292.83729
292.82489
292.80722
292.77127
292.8877
292.87814
292.8685
292.85748
292.84164
292.80871
292.91675
292.90833
292.89985
292.89013
292.87605
292.84612
292.94659
292.93915
292.9317
292.92317
292.91078
292.88376
292.97769
292.97107
292.96451
292.95706
292.94622
292.92198
293.01052
293.00454
292.99871
292.99219
292.98275
292.96112
293.04547
293.03994
293.03469
293.02895
293.02075
293.00149
293.08277
293.07753
293.07269
293.06755
293.06039
293.04333
293.12238
293.11727
293.11266
293.10793
293.10154
293.08632
293.16404
293.15895
293.15447
293.15005
293.14441
293.13139
293.20708
293.20192
293.19746
293.19313
293.18758
293.17346
293.25066
293.24539
293.24087
293.23645
293.23049
293.21427
293.29285
293.28714
293.28213
293.27708
293.27052
293.2571
293.33313
293.32697
293.32165
293.31663
293.31098
293.30212
293.37049
293.36349
293.35744
293.35177
293.3457
293.33679
293.40584
293.39822
293.39182
293.38623
293.38077
293.37341
293.43985
293.43087
293.42323
293.4164
293.40953
293.39998
293.47461
293.46423
293.45534
293.44745
293.43964
293.42946
293.51358
293.50194
293.49197
293.48321
293.47462
293.46339
293.55711
293.54377
293.53176
293.52045
293.50893
293.4954
293.60478
293.5916
293.57977
293.56874
293.55655
293.53691
293.65316
293.64007
293.62778
293.61555
293.60196
293.58463
293.69564
293.68329
293.67108
293.65799
293.64118
293.61717
293.72824
293.71793
293.70787
293.69756
293.68541
293.66817
293.75123
293.74269
293.73397
293.72419
293.71067
293.68474
293.76506
293.75693
293.74805
293.73746
293.72215
293.69416
293.77669
293.76811
293.75831
293.74633
293.72952
293.70154
293.78424
293.77487
293.76396
293.75084
293.73336
293.70828
293.80352
293.79422
293.78312
293.76938
293.7506
293.72249
293.85313
293.84453
293.8336
293.81921
293.79802
293.76042
293.92205
293.91638
293.9079
293.89544
293.87453
293.8317
293.94731
293.94444
293.93919
293.93005
293.9131
293.8727
293.92515
293.92326
293.91923
293.91191
293.89768
293.864
293.904
293.90303
293.8998
293.89318
293.87959
293.84698
293.89413
293.89295
293.88931
293.88229
293.86941
293.8464
293.91775
293.91748
293.91484
293.90867
293.8959
293.8685
293.99826
294.00118
294.00139
293.99769
293.98676
293.95966
294.07692
294.08597
294.09231
294.09491
294.09027
294.06872
294.0866
294.09833
294.10826
294.11631
294.12174
294.11709
294.06574
294.08153
294.09556
294.10782
294.11736
294.1214
294.04533
294.06608
294.0855
294.10384
294.12066
294.13215
294.02284
294.0501
294.07646
294.10234
294.12776
294.1498
293.95915
293.99386
294.02919
294.06621
294.10547
294.14174
293.83544
293.87451
293.91684
293.96433
294.01963
294.08247
293.68966
293.72732
293.77062
293.82219
293.88484
293.95806
293.56151
293.59467
293.63447
293.68396
293.74607
293.81812
293.47134
293.49961
293.53461
293.58003
293.63851
293.70498
293.40359
293.42763
293.45833
293.49995
293.5575
293.62544
293.37462
293.39537
293.42156
293.45803
293.51196
293.58213
293.35069
293.36898
293.39206
293.42407
293.47458
293.54823
293.36641
293.38242
293.40194
293.4281
293.46938
293.53693
293.36439
293.37859
293.39569
293.41863
293.45453
293.5151
293.38683
293.39884
293.4129
293.4311
293.45865
293.50399
293.34286
293.35163
293.36204
293.37574
293.39752
293.43891
293.38954
293.39506
293.40126
293.4091
293.42083
293.4386
293.29676
293.2981
293.29952
293.30101
293.303
293.3077
293.06532
293.06596
293.06696
293.06865
293.07319
293.08797
292.95951
292.9595
292.95976
292.96121
292.96752
292.98696
292.84615
292.84523
292.84441
292.84462
292.84953
292.87118
292.72706
292.72549
292.72424
292.72471
292.73132
292.74952
292.60467
292.6022
292.59978
292.59789
292.59757
292.60023
292.48005
292.47551
292.47056
292.46581
292.46351
292.47486
292.35808
292.35101
292.34308
292.33505
292.33021
292.34643
292.24474
292.23551
292.22523
292.21473
292.20747
292.22299
292.14467
292.13333
292.12077
292.10773
292.09729
292.10843
292.06284
292.04965
292.03528
292.02028
292.00702
292.01076
292.00284
291.98712
291.97001
291.9518
291.93404
291.92938
291.96963
291.95167
291.93272
291.91313
291.89365
291.87989
291.96472
291.94333
291.92001
291.89495
291.87057
291.83902
291.97909
291.95998
291.93897
291.91521
291.88521
291.84632
292.00953
291.9906
291.9703
291.94771
291.92015
291.87561
292.05551
292.03431
292.01187
291.98687
291.95683
291.90991
292.11707
292.09466
292.07173
292.04665
292.01481
291.96312
292.18794
292.1646
292.14103
292.1157
292.08409
292.02793
292.26389
292.23974
292.21541
292.18914
292.15626
292.09834
292.34122
292.31678
292.29252
292.26663
292.2342
292.17411
292.41644
292.39182
292.36732
292.34081
292.30709
292.24743
292.48817
292.46408
292.4406
292.41572
292.38407
292.32296
292.55288
292.52892
292.50533
292.47982
292.44709
292.38826
292.61769
292.59505
292.57313
292.54973
292.51929
292.45929
292.95349
292.96123
292.9733
292.98956
293.00691
293.02316
293.03752
293.04985
293.06031
292.81437
292.83311
292.85581
292.87918
292.9007
292.91901
292.9339
292.94579
292.95524
292.67839
292.70667
292.73693
292.76559
292.79019
292.80971
292.82437
292.83516
292.84309
292.54131
292.57776
292.61443
292.64785
292.67522
292.69558
292.70965
292.71902
292.72524
292.40675
292.45027
292.4928
292.52997
292.55902
292.57945
292.59237
292.59991
292.60419
292.28026
292.32908
292.37565
292.41526
292.44494
292.4644
292.47535
292.48035
292.48189
292.16666
292.21857
292.26701
292.30729
292.33639
292.35407
292.36241
292.36434
292.36268
292.07058
292.12302
292.1711
292.21026
292.23755
292.25274
292.25806
292.25675
292.25194
291.99799
292.04713
292.09249
292.12891
292.1532
292.16516
292.16707
292.16237
292.1544
291.94023
291.98911
292.034
292.06802
292.08862
292.09652
292.09441
292.08606
292.07495
291.95044
291.98979
292.01955
292.04096
292.0524
292.05322
292.0455
292.03262
292.01786
291.97263
292.00567
292.032
292.04683
292.04844
292.03937
292.02418
292.00607
291.9875
292.02477
292.04306
292.05431
292.057
292.05261
292.04237
292.02676
292.00697
291.9856
292.10296
292.10465
292.10149
292.09234
292.07823
292.05997
292.03876
292.01755
291.99777
292.22408
292.20541
292.18266
292.15718
292.12968
292.10164
292.07474
292.05023
292.02875
292.37021
292.32998
292.2867
292.24327
292.2021
292.16452
292.13114
292.10207
292.07728
292.53138
292.46859
292.40388
292.34207
292.2869
292.23967
292.20012
292.16734
292.14038
292.69863
292.61374
292.52803
292.44823
292.37928
292.32251
292.27698
292.2409
292.21231
292.86079
292.75565
292.65122
292.55524
292.47383
292.40856
292.35783
292.31895
292.28909
293.0076
292.88597
292.76652
292.65735
292.5656
292.49333
292.43841
292.39742
292.36678
293.13356
292.99935
292.869
292.75025
292.65079
292.57331
292.51539
292.47303
292.44208
293.23613
293.09473
292.95763
292.83255
292.72773
292.64662
292.58692
292.54404
292.51335
293.32019
293.16861
293.02742
292.90046
292.79378
292.71114
292.65071
292.60785
292.57768
293.43167
293.27795
293.12256
292.98163
292.86556
292.7775
292.71457
292.67109
292.64145
292.33285
292.52096
292.65789
292.7619
292.84689
292.91915
292.152
292.35057
292.49477
292.60491
292.69505
292.77206
291.97639
292.18092
292.33199
292.44816
292.54401
292.6269
291.80853
292.01901
292.17495
292.2956
292.39578
292.48294
291.65434
291.86984
292.02865
292.15188
292.25444
292.34369
291.51994
291.73869
291.89946
292.02288
292.12545
292.2145
291.41523
291.63238
291.79167
291.91339
292.01387
292.10045
291.33947
291.56175
291.71439
291.83025
291.92543
292.00657
291.30618
291.51471
291.66949
291.78078
291.868
291.94031
291.32795
291.55665
291.67909
291.76277
291.82885
291.88799
291.41679
291.55615
291.65071
291.74935
291.83326
291.89987
291.43176
291.58641
291.73094
291.81673
291.88312
291.93417
291.53071
291.73071
291.85589
291.92307
291.96793
292.00097
291.71357
291.91793
292.00536
292.0511
292.07872
292.09574
292.07238
292.16718
292.20783
292.22604
292.23396
292.23465
292.4054
292.43135
292.44238
292.43434
292.41955
292.40085
292.73473
292.70561
292.69198
292.66034
292.62255
292.58307
293.07
293.03385
292.97481
292.90344
292.83537
292.77167
293.3775
293.32405
293.24041
293.14014
293.04357
292.955
293.7099
293.65852
293.50697
293.36341
293.23435
293.12048
293.8467
293.8595
293.72188
293.55419
293.39921
293.26199
294.09786
294.00926
293.84281
293.68632
293.52269
293.3732
293.89085
294.02683
293.93542
293.7689
293.62812
293.47141
293.62628
293.84048
293.97311
293.88608
293.69528
293.55533
293.66306
293.70624
293.82296
293.92763
293.88388
293.70623
293.6266
293.66315
293.70246
293.7842
293.84927
293.85197
293.64063
293.64983
293.66574
293.69159
293.73772
293.79048
293.63546
293.6405
293.64834
293.65918
293.67561
293.70055
293.63185
293.63482
293.63804
293.64204
293.64685
293.6521
293.62598
293.62882
293.63072
293.63232
293.63368
293.63454
293.62163
293.6242
293.6256
293.62624
293.62636
293.6258
293.61934
293.62159
293.62276
293.62309
293.62263
293.62141
293.61877
293.62154
293.62261
293.62269
293.62195
293.62038
293.62324
293.62428
293.62479
293.62458
293.62365
293.62197
293.62893
293.62898
293.62891
293.62837
293.62728
293.62557
293.6363
293.63499
293.63425
293.63342
293.63221
293.63054
293.64231
293.64075
293.63981
293.63889
293.63773
293.63623
293.64591
293.64577
293.64496
293.64419
293.64327
293.6421
293.64934
293.64928
293.64919
293.64895
293.64846
293.64775
293.65137
293.65255
293.65322
293.65347
293.65343
293.65322
293.65362
293.65596
293.65723
293.65797
293.65845
293.65882
293.65695
293.65997
293.66169
293.66292
293.66392
293.6648
293.66149
293.6649
293.66704
293.66871
293.67029
293.67178
293.66677
293.67076
293.67327
293.67561
293.67809
293.68076
293.67359
293.67673
293.68037
293.68444
293.68919
293.6947
293.67811
293.68357
293.69013
293.69876
293.7106
293.72603
293.68331
293.69233
293.70523
293.7264
293.76336
293.81678
293.69017
293.6997
293.72057
293.77349
293.87282
293.95017
291.84103
292.06517
292.22764
292.35322
292.4585
292.54867
291.99628
292.20129
292.35064
292.46565
292.56142
292.64396
292.16358
292.34815
292.48332
292.58751
292.67418
292.74898
292.33462
292.49943
292.62073
292.71427
292.79206
292.85921
292.5063
292.65233
292.75985
292.84271
292.91162
292.97121
292.67509
292.80459
292.89828
292.97025
293.03
293.08182
292.83789
292.95406
293.03357
293.09418
293.14452
293.18839
292.98835
293.09313
293.15953
293.20948
293.25144
293.28827
293.13911
293.21719
293.27039
293.31181
293.34704
293.37881
293.26718
293.32692
293.36922
293.40322
293.43296
293.45975
293.37643
293.42178
293.45477
293.48249
293.50696
293.52928
293.4668
293.49806
293.52391
293.54653
293.56685
293.58567
293.53243
293.5561
293.57627
293.59436
293.61127
293.6275
293.56872
293.59457
293.60968
293.62422
293.63896
293.65378
293.5789
293.5967
293.61379
293.63031
293.64637
293.66217
293.54232
293.56994
293.59313
293.61414
293.63366
293.65226
293.48432
293.52382
293.5539
293.57994
293.60362
293.62582
293.40241
293.45755
293.49608
293.52791
293.55673
293.58352
293.29758
293.36948
293.41902
293.45876
293.49372
293.52606
293.173
293.2637
293.32571
293.37473
293.41713
293.45547
293.02212
293.14145
293.21795
293.27678
293.32727
293.37227
292.86579
293.00164
293.0925
293.16276
293.22284
293.27649
292.69311
292.8426
292.95108
293.03556
293.10735
293.17085
292.51018
292.68659
292.81217
292.90933
292.99138
293.06253
293.69536
293.70813
293.78243
293.92154
294.02682
294.0533
293.69307
293.82372
293.98728
294.08842
294.04304
293.90989
293.89311
294.05722
294.13345
294.03329
293.90705
293.79171
294.12027
294.17084
294.0348
293.92109
293.8147
293.69634
294.12031
294.04436
293.95593
293.84241
293.71531
293.59468
293.93438
293.9508
293.82505
293.69233
293.57291
293.4692
293.73457
293.6758
293.59872
293.50678
293.41632
293.33548
293.46507
293.44045
293.38728
293.31603
293.24868
293.18966
293.18115
293.14089
293.13365
293.10631
293.07083
293.03522
292.88156
292.88441
292.9052
292.90311
292.89348
292.88124
292.58423
292.61219
292.67223
292.70541
292.72295
292.73256
292.27148
292.382
292.47032
292.52767
292.56673
292.59479
291.91475
292.1794
292.30106
292.3739
292.42904
292.47215
291.71011
292.00209
292.15954
292.24977
292.31645
292.37041
291.52874
291.83441
292.03428
292.14784
292.22734
292.29222
291.48381
291.71121
291.89615
292.03623
292.14191
292.22695
291.45374
291.68226
291.81136
291.9417
292.06435
292.16594
291.37714
291.65681
291.83601
291.95632
292.05374
292.14227
291.35191
291.61772
291.80713
291.94617
292.0566
292.14995
291.35082
291.63366
291.82184
291.9632
292.07707
292.173
291.39614
291.66596
291.85672
292.0004
292.11592
292.21279
291.47529
291.73347
291.91943
292.06055
292.17439
292.26983
291.57329
291.8251
292.00424
292.14043
292.25063
292.34334
291.69981
291.93941
292.11017
292.2404
292.34654
292.43688
293.13649
293.23735
293.33454
293.42145
293.49719
293.56088
293.6118
293.64857
293.6707
293.67743
293.66783
293.64284
293.60381
293.55152
293.48722
293.41223
293.32808
293.23572
293.13679
293.03366
292.92865
292.82455
292.72379
292.63148
293.21743
293.31593
293.40315
293.47958
293.54565
293.60026
293.64283
293.67262
293.68937
293.69241
293.6816
293.65788
293.62201
293.5746
293.51663
293.44911
293.37302
293.28933
293.19938
293.10499
293.00784
292.91022
292.81343
292.71691
293.30233
293.39188
293.46817
293.53456
293.59115
293.63721
293.67207
293.69557
293.70754
293.70751
293.69583
293.67323
293.64017
293.59712
293.54483
293.48403
293.41544
293.34001
293.2586
293.17263
293.08334
292.99257
292.90153
292.80738
293.38622
293.46406
293.52967
293.58635
293.63388
293.67167
293.69948
293.7173
293.72496
293.72239
293.71005
293.68847
293.65793
293.61884
293.57173
293.51715
293.45563
293.38782
293.31475
293.23688
293.15548
293.07185
292.98697
292.89796
293.46592
293.53165
293.58714
293.63449
293.67333
293.70342
293.72477
293.73743
293.74129
293.7366
293.72378
293.70314
293.67489
293.63938
293.59699
293.54814
293.49322
293.43272
293.36715
293.2972
293.22366
293.14748
293.06919
292.98639
293.53974
293.59411
293.63985
293.6782
293.70889
293.73193
293.74744
293.75544
293.75609
293.74967
293.7365
293.71674
293.69059
293.65831
293.6202
293.57653
293.52762
293.47381
293.41545
293.35301
293.28708
293.21844
293.14726
293.07143
293.60619
293.65021
293.6869
293.71673
293.73989
293.75655
293.76681
293.77081
293.76878
293.76099
293.74758
293.72868
293.70445
293.67512
293.64087
293.60191
293.55848
293.51081
293.45917
293.40384
293.3452
293.28382
293.21997
293.1518
293.66439
293.69875
293.72672
293.74881
293.76533
293.7764
293.78218
293.78287
293.77869
293.76981
293.7563
293.73826
293.71584
293.68918
293.65843
293.62374
293.58528
293.54322
293.49776
293.44907
293.3974
293.34307
293.28629
293.2259
293.71316
293.73827
293.75836
293.77373
293.78452
293.7908
293.79279
293.79082
293.78499
293.77531
293.76183
293.74467
293.72394
293.69973
293.67216
293.64134
293.60738
293.57042
293.53059
293.48802
293.44289
293.39536
293.3455
293.29251
293.75082
293.76798
293.78123
293.79072
293.79651
293.79859
293.79767
293.79375
293.78663
293.77638
293.76307
293.74683
293.72771
293.70578
293.68113
293.65383
293.62397
293.59164
293.55694
293.51998
293.48087
293.43975
293.39661
293.35078
293.77578
293.78606
293.7934
293.79785
293.79971
293.79923
293.79613
293.79029
293.78201
293.77136
293.75838
293.7431
293.72557
293.70582
293.6839
293.65987
293.63378
293.60571
293.57573
293.54391
293.51035
293.47514
293.4383
293.39944
293.78545
293.79007
293.79297
293.79406
293.79272
293.78931
293.78393
293.77675
293.76781
293.75711
293.74469
293.73054
293.71469
293.69715
293.67795
293.6571
293.63465
293.61062
293.58507
293.55808
293.52971
293.5
293.46886
293.43613
293.77777
293.77761
293.77584
293.77295
293.76875
293.76328
293.75658
293.74868
293.73961
293.72937
293.71795
293.70534
293.69152
293.67648
293.6602
293.64268
293.6239
293.60388
293.58265
293.56026
293.53679
293.51231
293.48679
293.46019
293.7453
293.74073
293.73567
293.7301
293.724
293.7174
293.71033
293.70279
293.69473
293.6861
293.67681
293.66678
293.65594
293.64423
293.6316
293.61796
293.60328
293.58748
293.57056
293.55251
293.53339
293.51329
293.4922
293.46999
293.68282
293.67736
293.67168
293.66591
293.66011
293.65429
293.64842
293.64244
293.6363
293.62994
293.6233
293.61633
293.60897
293.60116
293.59283
293.58389
293.57426
293.56379
293.55237
293.53984
293.5261
293.51114
293.49494
293.47715
293.61961
293.61484
293.61023
293.60567
293.60106
293.59634
293.59146
293.58637
293.58107
293.57553
293.56978
293.56382
293.55767
293.55134
293.54488
293.53832
293.53168
293.52499
293.51825
293.51143
293.50445
293.49718
293.48923
293.48072
293.57667
293.57171
293.56678
293.56178
293.55672
293.55162
293.54653
293.54146
293.53642
293.53139
293.52634
293.52124
293.51605
293.51073
293.5052
293.49941
293.49332
293.48693
293.48026
293.47342
293.46657
293.45982
293.45316
293.44652
293.52872
293.52327
293.51796
293.51277
293.50771
293.50276
293.49789
293.49309
293.48833
293.48363
293.47899
293.47443
293.46999
293.46569
293.46156
293.45762
293.45389
293.45032
293.44684
293.44334
293.43974
293.43596
293.43202
293.42792
293.48272
293.47758
293.47257
293.46763
293.46276
293.45795
293.4532
293.44853
293.44394
293.43943
293.43501
293.43066
293.42637
293.42211
293.41789
293.41371
293.40959
293.4056
293.40179
293.3982
293.39483
293.39164
293.38861
293.38569
293.43022
293.42505
293.42009
293.4153
293.41069
293.40628
293.40207
293.39804
293.39418
293.3905
293.38698
293.38362
293.38043
293.37743
293.37462
293.37201
293.36957
293.36727
293.36508
293.36298
293.36097
293.35907
293.3573
293.35566
293.37701
293.37253
293.36823
293.36409
293.36008
293.3562
293.35244
293.3488
293.34527
293.34186
293.33857
293.3354
293.33235
293.32942
293.32663
293.32398
293.32148
293.31917
293.31706
293.31516
293.31345
293.31191
293.31056
293.30939
293.31821
293.31406
293.31011
293.30636
293.3028
293.29944
293.29628
293.29331
293.29055
293.28797
293.28558
293.28339
293.28138
293.27956
293.27793
293.27648
293.2752
293.27408
293.27312
293.27231
293.27164
293.27113
293.27078
293.27061
293.25836
293.25497
293.25176
293.2487
293.24578
293.24299
293.24032
293.23778
293.23535
293.23304
293.23085
293.22878
293.22684
293.22503
293.22336
293.22183
293.22045
293.21924
293.2182
293.21734
293.21665
293.21612
293.21579
293.21566
293.19642
293.1935
293.19075
293.18816
293.18571
293.18342
293.18129
293.17933
293.17752
293.17589
293.17442
293.17313
293.172
293.17103
293.17022
293.16956
293.16905
293.16868
293.16845
293.16835
293.16838
293.16853
293.16883
293.1693
293.13812
293.13603
293.13406
293.13217
293.13037
293.12865
293.12701
293.12544
293.12393
293.1225
293.12115
293.11987
293.11867
293.11755
293.11653
293.1156
293.11478
293.11406
293.11346
293.11299
293.11263
293.11238
293.1123
293.11239
293.08652
293.085
293.08358
293.08225
293.081
293.07984
293.07876
293.07778
293.07689
293.0761
293.07541
293.07482
293.07433
293.07394
293.07364
293.07343
293.07331
293.07328
293.07332
293.07343
293.07359
293.0738
293.0741
293.0745
293.04644
293.04577
293.04514
293.04453
293.04395
293.04338
293.04283
293.04229
293.04175
293.0412
293.04065
293.0401
293.03954
293.03899
293.03846
293.03797
293.03754
293.03717
293.03689
293.03668
293.03655
293.03646
293.03646
293.03658
293.01681
293.01643
293.01611
293.01582
293.01558
293.01537
293.01519
293.01507
293.01499
293.01496
293.01499
293.01508
293.01522
293.0154
293.01561
293.01583
293.01605
293.01626
293.01647
293.01669
293.01692
293.01713
293.01736
293.01763
292.99771
292.99771
292.99774
292.99777
292.99782
292.99791
292.99802
292.99816
292.99832
292.9985
292.99871
292.99893
292.99917
292.99942
292.99967
292.99993
293.00019
293.00045
293.00071
293.00098
293.00126
293.00156
293.00186
293.00216
292.99388
292.99394
292.994
292.99408
292.9942
292.99435
292.99451
292.99465
292.99481
292.99496
292.99511
292.99526
292.9954
292.99554
292.99567
292.99579
292.99589
292.99597
292.99601
292.99603
292.99611
292.99625
292.99639
292.99654
293.00929
293.0092
293.00914
293.00908
293.00901
293.00894
293.00887
293.0088
293.00872
293.00864
293.00856
293.00848
293.00839
293.00831
293.00823
293.00815
293.00809
293.00805
293.00808
293.00817
293.00822
293.00825
293.00827
293.00829
293.14608
293.13556
293.12424
293.1124
293.10065
293.09013
293.0834
293.08456
293.09231
293.20907
293.20019
293.19096
293.18208
293.17439
293.16877
293.16657
293.16998
293.17911
293.27441
293.26708
293.25997
293.25402
293.25011
293.24888
293.25077
293.25653
293.26591
293.34076
293.33505
293.33003
293.32675
293.32613
293.32853
293.33385
293.34186
293.35173
293.40712
293.40298
293.3999
293.399
293.40112
293.40641
293.41431
293.42393
293.43411
293.47203
293.46945
293.46818
293.46933
293.47365
293.48106
293.49069
293.50119
293.51127
293.53363
293.53263
293.53307
293.53597
293.54191
293.5506
293.56094
293.5715
293.58113
293.58954
293.59028
293.59245
293.59685
293.60383
293.61289
293.62286
293.63287
293.64249
293.63795
293.64057
293.64432
293.64987
293.65745
293.66684
293.6774
293.68757
293.69603
293.67438
293.68056
293.68674
293.69405
293.70305
293.71318
293.72286
293.7312
293.73806
293.69049
293.70455
293.71516
293.72517
293.73512
293.74465
293.75348
293.76108
293.76708
293.66563
293.69731
293.71993
293.73494
293.74684
293.75738
293.76655
293.77408
293.77987
293.63157
293.65036
293.68469
293.7157
293.73691
293.75135
293.76178
293.76932
293.77465
293.62769
293.62628
293.63395
293.65675
293.68598
293.70984
293.72631
293.7371
293.74421
293.61465
293.62146
293.62119
293.62034
293.62755
293.64282
293.65898
293.67195
293.68109
293.59385
293.59337
293.59711
293.60284
293.60625
293.6081
293.61115
293.61539
293.61964
293.56256
293.56532
293.56613
293.56648
293.56859
293.57201
293.57499
293.57706
293.57849
293.52696
293.52665
293.52779
293.52964
293.53068
293.53099
293.53117
293.53134
293.53146
293.48098
293.48251
293.4831
293.48329
293.48386
293.48468
293.48528
293.4855
293.48546
293.43497
293.4345
293.43459
293.43493
293.43496
293.43468
293.43425
293.43374
293.4332
293.37702
293.37831
293.37908
293.3795
293.37985
293.38008
293.3801
293.3799
293.37959
293.32354
293.32287
293.32249
293.32232
293.32214
293.32188
293.32154
293.32113
293.32069
293.25605
293.25754
293.25873
293.25959
293.26017
293.26051
293.26061
293.26053
293.26035
293.20102
293.2004
293.19992
293.1996
293.19936
293.19913
293.19886
293.19856
293.19824
293.13615
293.13716
293.13804
293.13873
293.13921
293.13948
293.13958
293.13954
293.13942
293.08942
293.08922
293.08897
293.08872
293.08848
293.08825
293.08803
293.0878
293.08757
293.04372
293.0442
293.04475
293.04533
293.04588
293.04631
293.04662
293.04679
293.04688
293.01788
293.01779
293.01767
293.01755
293.01744
293.01735
293.01728
293.01721
293.01715
292.99735
292.99742
292.99748
292.99754
292.99759
292.99764
292.99768
292.99771
292.99773
292.99412
292.99408
292.99403
292.99399
292.99394
292.99389
292.99385
292.99383
292.99384
293.01021
293.01013
293.01003
293.00991
293.00979
293.00967
293.00956
293.00947
293.00939
293.15163
293.21363
293.2782
293.3436
293.40902
293.47292
293.53345
293.58804
293.63453
293.66595
293.66828
293.63538
293.62685
293.6282
293.61011
293.59468
293.55983
293.5278
293.4792
293.43589
293.3755
293.32453
293.25444
293.20177
293.13509
293.08953
293.04332
293.01793
292.99728
292.99417
293.01029
293.15368
293.21499
293.27918
293.34402
293.40896
293.47212
293.53187
293.58535
293.62899
293.65032
293.63407
293.62145
293.62664
293.62554
293.60869
293.59365
293.55872
293.52798
293.47798
293.43685
293.37414
293.32568
293.25313
293.20266
293.1342
293.08965
293.04311
293.01798
292.99718
292.99419
293.01037
293.15668
293.21685
293.28071
293.34484
293.4094
293.47143
293.53015
293.58151
293.617
293.61644
293.60663
293.61995
293.62312
293.62092
293.60702
293.59126
293.55734
293.52675
293.47684
293.43672
293.37316
293.32571
293.25255
293.20263
293.13381
293.08933
293.04303
293.01789
292.99701
292.99419
293.01047
293.16097
293.21879
293.28222
293.34503
293.40955
293.4695
293.52589
293.56744
293.57828
293.58151
293.60059
293.61072
293.61412
293.61396
293.59974
293.58549
293.5521
293.52231
293.47427
293.43306
293.37338
293.32241
293.25339
293.19913
293.13513
293.08746
293.0434
293.01736
292.99659
292.99412
293.01058
293.16762
293.2197
293.28181
293.34006
293.40478
293.45867
293.49271
293.50273
293.52228
293.54611
293.56576
293.58029
293.58464
293.5877
293.57744
293.55891
293.53961
293.49927
293.47106
293.41236
293.37557
293.30512
293.25727
293.18629
293.13722
293.0815
293.04492
293.01544
292.99541
292.99381
293.01056
293.18091
293.21585
293.27
293.29762
293.33319
293.33809
293.3909
293.4136
293.44825
293.47246
293.49282
293.5069
293.51226
293.51877
293.51281
293.50177
293.4833
293.45638
293.42274
293.38011
293.33556
293.28152
293.22896
293.17477
293.12349
293.07763
293.03565
293.01153
292.99319
292.99147
293.00889
)
;

boundaryField
{
    Side1
    {
        type            empty;
    }
    Inlet
    {
        type            totalTemperature;
        gamma           1.4;
        T0              uniform 294.31799;
        value           nonuniform List<scalar> 
188
(
292.9977
292.99782
292.99798
292.9981
292.99826
292.99845
292.99861
292.99881
292.99902
292.99924
292.99949
292.99975
293.00006
293.00041
293.00076
293.00172
293.00277
293.00943
293.0048
294.31799
293.00548
293.00663
293.00843
293.01012
293.01159
293.01353
294.31799
293.01704
293.01852
293.01941
293.00245
293.00245
293.00245
293.00245
293.00245
293.00245
293.00245
293.00245
293.00245
293.00245
293.00245
293.00245
293.00245
293.00245
293.00245
293.00245
293.00245
293.00245
293.00245
293.00245
293.00245
293.00245
293.00245
293.00245
293.00245
293.00245
293.00245
293.00245
293.00245
293.00245
293.01894
293.00245
292.98335
292.98469
292.98563
292.98658
292.98752
292.98802
292.989
292.99027
294.31799
292.99273
292.99365
292.9944
292.99497
292.99539
292.99575
292.99604
292.99629
292.99653
292.99675
292.99694
292.99711
292.99727
292.99741
292.99755
292.98263
292.98169
292.98097
292.98055
292.98066
292.98017
292.97986
292.97965
292.97946
292.97943
292.97933
292.97918
292.97897
292.97872
292.97842
292.97805
292.97758
292.977
292.97633
292.97562
292.97491
292.97423
292.97356
292.97289
292.97222
292.97156
292.97089
292.97021
292.96944
292.96841
292.96751
292.9669
292.96634
292.96566
292.96492
292.96453
292.96463
292.96441
292.96347
292.96137
292.96193
292.9616
292.96105
292.96144
292.96137
292.96284
292.96204
292.96082
292.96131
292.96499
292.96459
292.96571
292.96639
292.96736
292.96812
292.96647
292.96752
292.96927
292.97225
292.97642
292.98156
292.9877
292.99201
293.00245
293.00245
293.00245
293.00245
293.00245
293.00245
293.00245
293.00245
293.00245
293.00245
293.00245
293.00245
293.00245
293.00245
293.00245
293.00245
293.00245
293.00245
293.00245
293.00245
293.00245
293.00245
293.00245
293.00245
293.00245
293.00245
293.00245
293.00245
293.00245
293.00245
293.00245
293.00245
293.00245
293.00245
293.00245
293.00245
293.00245
293.00245
293.00245
)
;
    }
    Side2
    {
        type            empty;
    }
    Outlet
    {
        type            zeroGradient;
    }
    Botwall
    {
        type            zeroGradient;
    }
    Cyli
    {
        type            zeroGradient;
    }
}


// ************************************************************************* //
