/*--------------------------------*- C++ -*----------------------------------*\
| =========                 |                                                 |
| \\      /  F ield         | OpenFOAM: The Open Source CFD Toolbox           |
|  \\    /   O peration     | Version:  2406                                  |
|   \\  /    A nd           | Website:  www.openfoam.com                      |
|    \\/     M anipulation  |                                                 |
\*---------------------------------------------------------------------------*/
FoamFile
{
    version     2.0;
    format      ascii;
    arch        "LSB;label=32;scalar=64";
    class       volVectorField;
    location    "0.09";
    object      U;
}
// * * * * * * * * * * * * * * * * * * * * * * * * * * * * * * * * * * * * * //

dimensions      [0 1 -1 0 0 0 0];

internalField   nonuniform List<vector> 
2065
(
(55.283082 0.99825253 -3.9965795e-19)
(54.062702 0.41162841 -8.5965096e-24)
(52.189318 0.13828336 -8.0046624e-25)
(55.4067 0.64537363 5.2296715e-20)
(55.869672 1.3393822 1.2642507e-21)
(56.184193 1.9752168 -1.9476979e-21)
(56.376552 2.5290488 -4.7176274e-20)
(56.479772 2.9882881 -3.6831518e-20)
(56.526878 3.3476001 2.7901848e-20)
(56.544284 3.6095146 -4.3439616e-20)
(56.554196 3.7777174 -2.6587011e-22)
(56.574866 3.8630723 2.0841707e-22)
(56.612546 3.8721994 -1.6203772e-22)
(56.671807 3.8137515 -3.4236431e-20)
(56.748346 3.6936376 0)
(56.822605 3.5144252 0)
(56.860868 3.2720679 0)
(56.82044 2.9536146 8.9198476e-20)
(56.596074 2.5008824 -4.9198722e-23)
(56.043561 1.8590158 1.3837125e-19)
(55.310937 1.0050698 -1.0049851e-22)
(54.077574 0.420517 5.8768192e-23)
(52.195404 0.13056808 1.813422e-20)
(41.406324 -3.0199589 6.9778311e-20)
(43.268281 -3.0768835 -5.7027e-20)
(44.85713 -3.1094606 1.9927572e-20)
(46.319936 -3.0789412 -9.7361753e-21)
(47.716204 -2.9793629 -2.403695e-20)
(49.066533 -2.7817644 -6.5593841e-20)
(50.360247 -2.4719633 5.3345965e-21)
(51.570871 -2.0486236 4.3043185e-21)
(52.674245 -1.5223378 -3.4457396e-20)
(53.648941 -0.9111693 4.6545323e-20)
(54.475422 -0.24214933 -3.4556007e-20)
(55.141992 0.45042356 0)
(55.649103 1.1300965 -1.3182595e-21)
(56.009653 1.7643791 3.4738235e-20)
(56.245508 2.3270922 4.9743509e-20)
(56.386731 2.8018052 0)
(56.465113 3.1805871 -1.4826481e-25)
(56.507091 3.4634877 4.6979485e-20)
(56.535401 3.6526899 -2.8335434e-22)
(56.569128 3.7574314 2.2259845e-22)
(56.615907 3.7853016 -1.7557609e-22)
(56.68108 3.7403729 0)
(56.7615 3.6340608 1.1909829e-22)
(56.838486 3.4668208 5.238472e-20)
(56.879082 3.235381 9.3299853e-23)
(56.842653 2.9250772 -4.7862648e-23)
(56.623951 2.4843017 -5.1652147e-23)
(56.077611 1.8580532 -2.8674388e-19)
(55.340524 1.012448 4.223935e-19)
(54.092637 0.4299229 5.1810868e-23)
(52.201865 0.12632204 -7.0920841e-25)
(41.540393 -3.0030348 -1.616691e-20)
(43.332749 -3.0538925 -2.6652681e-20)
(44.859631 -3.0752415 1.899243e-20)
(46.256569 -3.0329699 -9.2742596e-21)
(47.581907 -2.9354286 2.3119958e-20)
(48.862779 -2.7533962 3.187197e-20)
(50.097626 -2.473049 -5.2395237e-21)
(51.267583 -2.0892466 -7.0748356e-25)
(52.350553 -1.6069834 3.4543615e-21)
(53.324666 -1.0392278 -2.7725115e-21)
(54.168683 -0.40798736 2.2061798e-21)
(54.867384 0.25663757 0)
(55.415952 0.92051751 0)
(55.821669 1.5510961 2.623918e-24)
(56.10171 2.1205467 0)
(56.282629 2.6092963 0)
(56.394369 3.0067501 -3.2397384e-20)
(56.463034 3.3104082 3.8677946e-22)
(56.511673 3.5208092 3.8924256e-20)
(56.560038 3.6454725 -4.7436299e-22)
(56.617296 3.6913881 1.8866701e-22)
(56.689367 3.6619495 0)
(56.774256 3.570262 -6.4825429e-20)
(56.85448 3.4156944 -2.1943263e-22)
(56.897854 3.1957579 9.8963092e-23)
(56.86579 2.8939337 -9.948448e-20)
(56.652977 2.4662455 -5.4118186e-23)
(56.113366 1.8564349 2.2664916e-24)
(55.371908 1.0203508 -4.31657e-19)
(54.10861 0.44028365 0)
(52.209279 0.12226939 0)
(41.653732 -3.0659211 0)
(43.37751 -3.1026609 -1.8678621e-24)
(44.846419 -3.1012773 0)
(46.179394 -3.0502097 -1.7615544e-20)
(47.441117 -2.9456283 -2.2593292e-24)
(48.659859 -2.768238 -3.7020049e-20)
(49.84008 -2.5052865 0)
(50.96968 -2.1495943 -3.3737648e-20)
(52.029737 -1.7020094 0)
(52.999196 -1.1710003 0)
(53.856212 -0.57379994 4.485144e-21)
(54.582981 0.063933408 -6.0751988e-20)
(55.170236 0.71112994 -4.5225147e-20)
(55.619985 1.3361086 -3.6648492e-20)
(55.944608 1.9101738 8.6811022e-22)
(56.166718 2.4113346 0)
(56.313842 2.8264328 -3.422465e-20)
(56.411351 3.1504115 8.2008904e-22)
(56.482354 3.382046 -4.1349326e-20)
(56.547104 3.5270637 -2.5241126e-22)
(56.616301 3.5916511 -5.123785e-20)
(56.696362 3.5782043 0)
(56.786346 3.501998 6.911006e-20)
(56.87041 3.3608232 -5.925218e-20)
(56.917084 3.1529355 3.1705952e-26)
(56.889751 2.8599524 -1.0197154e-22)
(56.683085 2.4466307 5.6607227e-23)
(56.15084 1.8540288 1.5273722e-19)
(55.405157 1.0287892 -4.3939799e-19)
(54.126121 0.45158578 2.0706496e-23)
(52.218105 0.11854822 1.5193557e-20)
(41.731134 -3.2192667 2.759893e-20)
(43.377809 -3.2585446 2.14799e-20)
(44.798318 -3.2031335 0)
(46.076288 -3.1331852 -1.6677772e-20)
(47.283184 -3.0102486 4.2340687e-20)
(48.447909 -2.8265857 1.1890294e-20)
(49.579454 -2.5698504 1.9927961e-20)
(50.671338 -2.2314679 2.4848603e-20)
(51.708191 -1.809277 0)
(52.670656 -1.307985 0)
(53.537253 -0.74043191 -3.6250405e-20)
(54.288575 -0.12778603 5.8274709e-20)
(54.911848 0.50242459 9.0044756e-20)
(55.404326 1.120215 2.2990861e-21)
(55.773671 1.6968348 0)
(56.038257 2.2086236 4.5388944e-20)
(56.22271 2.6401071 1.1086019e-21)
(56.351239 2.9837416 5.4601693e-20)
(56.44673 3.2364556 -4.3477985e-20)
(56.529747 3.4021301 3.4560857e-20)
(56.612415 3.4859671 5.4456597e-20)
(56.701577 3.492572 4.2923946e-20)
(56.797624 3.4290172 7.3276913e-20)
(56.886149 3.3019799 -6.2973101e-20)
(56.936727 3.1066182 0)
(56.914393 2.8231823 -1.0900416e-19)
(56.714221 2.4253942 0)
(56.190043 1.8506985 1.5718632e-19)
(55.440326 1.0377312 4.4543315e-19)
(54.144725 0.46390486 0)
(52.228557 0.11513339 -1.6384119e-20)
(41.748216 -3.4704307 -4.7420654e-20)
(43.331045 -3.4330948 -1.9647036e-20)
(44.693658 -3.3745821 -1.7923183e-24)
(45.930574 -3.2699067 4.7224385e-20)
(47.094742 -3.1228753 0)
(48.215767 -2.9253421 1.1418641e-20)
(49.306656 -2.6656778 -9.6495975e-21)
(50.365742 -2.3350966 -8.0974979e-21)
(51.381312 -1.9296413 6.7389492e-21)
(52.336336 -1.4510873 0)
(53.210451 -0.90841111 3.6412402e-20)
(53.983641 -0.3184969 0)
(54.640562 0.2949497 -9.203891e-20)
(55.174426 0.90428989 -4.0274207e-20)
(55.588419 1.4814963 0)
(55.896557 2.0019995 -4.7367876e-20)
(56.120172 2.4483797 3.8383027e-20)
(56.28189 2.810759 -5.9342556e-20)
(56.404053 3.0841831 4.5228544e-20)
(56.507323 3.2706421 -3.5754636e-20)
(56.604948 3.3741849 0)
(56.704812 3.4016419 3.5933886e-22)
(56.807931 3.3510205 -1.560389e-19)
(56.901471 3.2389394 6.6817985e-20)
(56.956635 3.0565328 -1.170937e-22)
(56.939483 2.7839168 1.1328959e-19)
(56.746284 2.402462 1.2300274e-22)
(56.230964 1.8462914 -1.6127105e-19)
(55.47746 1.0471261 -4.4972336e-19)
(54.164926 0.47728464 1.0693152e-23)
(52.240885 0.11184786 0)
(41.688374 -3.7163187 2.1460771e-20)
(43.206999 -3.6835568 -3.8945569e-20)
(44.528517 -3.5885216 1.7162272e-20)
(45.732834 -3.4492461 -5.9248632e-20)
(46.864587 -3.2754032 0)
(47.952797 -3.0588046 2.1842403e-20)
(49.012506 -2.7892894 0)
(50.045626 -2.4588098 -7.8769994e-21)
(51.043883 -2.0625887 6.6133093e-21)
(51.99289 -1.6003119 0)
(52.873989 -1.0777753 4.5481367e-21)
(53.667322 -0.5079115 -3.7202018e-21)
(54.356007 0.089390678 5.1299278e-20)
(54.93 0.68931753 3.6406649e-20)
(55.388422 1.2652466 -1.938392e-21)
(55.740984 1.7924404 -8.9175277e-25)
(56.005455 2.2520054 1.2147649e-21)
(56.202489 2.6319578 9.5851307e-22)
(56.353547 2.9254809 4.764565e-20)
(56.479154 3.132634 5.9959484e-22)
(56.593388 3.2561595 2.4502867e-25)
(56.705606 3.3018043 -4.9704184e-20)
(56.816929 3.2677007 1.6451831e-19)
(56.91614 3.1714809 -2.7537434e-22)
(56.976662 3.0024459 -6.3067399e-20)
(56.96491 2.7424408 1.1459061e-22)
(56.779192 2.3777047 -1.2773905e-22)
(56.273575 1.8406389 1.6073767e-22)
(55.516591 1.0568966 4.5187356e-19)
(54.186898 0.49166567 0)
(52.255372 0.10836509 0)
(41.535556 -4.0199477 -2.0929648e-20)
(42.998635 -3.9616101 9.3068593e-25)
(44.292647 -3.8282508 -2.7797394e-24)
(45.473544 -3.658487 2.7790205e-20)
(46.583326 -3.4572058 2.4105059e-20)
(47.649764 -3.2185915 -1.0402988e-20)
(48.68849 -2.9347627 -8.9379649e-21)
(49.703844 -2.5988523 -2.2884149e-20)
(50.690465 -2.2059812 1.9379382e-20)
(51.63658 -1.7545443 5.4257777e-21)
(52.525605 -1.2477936 -4.5170871e-21)
(53.338486 -0.69529189 0)
(54.057682 -0.11333225 0)
(54.670758 0.47642848 2.473586e-21)
(55.173319 1.0493118 -1.9889532e-21)
(55.570978 1.5810813 -1.5901646e-21)
(55.877839 2.0518988 1.2634391e-21)
(56.112237 2.4479797 6.4112795e-20)
(56.294424 2.7607251 -1.0082242e-19)
(56.444529 2.9882516 3.4123295e-25)
(56.577275 3.1318851 -5.0553694e-22)
(56.703462 3.1960957 0)
(56.82422 3.1787816 -8.5245623e-20)
(56.929862 3.0994153 0)
(56.99661 2.9441352 6.6190482e-20)
(56.990631 2.6987374 1.1899478e-22)
(56.812861 2.3509706 1.3227934e-22)
(56.317825 1.8335548 0)
(55.557736 1.0669374 -4.5213618e-19)
(54.210786 0.50694169 0)
(52.272345 0.10427195 0)
(41.281415 -4.3597039 -1.9463717e-20)
(42.703811 -4.257057 -1.6849986e-20)
(43.975212 -4.089671 2.9645333e-20)
(45.142581 -3.8875973 -2.6002434e-20)
(46.241988 -3.6571075 -2.2715975e-20)
(47.298386 -3.3946842 -1.1691556e-24)
(48.32705 -3.0940851 1.711086e-20)
(49.333892 -2.7493809 2.941285e-20)
(50.315891 -2.3558753 -2.5104556e-20)
(51.263676 -1.911225 -3.1897298e-20)
(52.162869 -1.4167809 2.6787664e-20)
(52.995831 -0.87937821 -7.4314547e-21)
(53.745008 -0.31197914 4.9030822e-20)
(54.396418 0.26695253 5.0093377e-21)
(54.942817 0.83507662 2.0316454e-21)
(55.386082 1.3692237 -1.6343754e-21)
(55.736682 1.8491446 0)
(56.010378 2.2596277 -6.6727699e-20)
(56.2259 2.5904316 5.3954974e-20)
(56.402719 2.8377582 -6.6212347e-22)
(56.556002 3.0014592 -5.3202587e-22)
(56.697786 3.084702 4.3220349e-22)
(56.829175 3.0889991 8.7466917e-20)
(56.942475 3.022578 -1.1127443e-25)
(57.016203 2.8814605 5.4457283e-22)
(57.016586 2.652297 6.1679667e-26)
(56.847188 2.3221008 -4.0986009e-22)
(56.36363 1.8248327 1.6610294e-22)
(55.600896 1.0771121 7.1515214e-24)
(54.236773 0.52290814 0)
(52.292147 0.099106428 0)
(40.915743 -4.6626367 -1.7707505e-20)
(42.306127 -4.5309024 -3.6799111e-24)
(43.566587 -4.3384168 -2.7438367e-20)
(44.732903 -4.110383 2.42438e-20)
(45.834406 -3.8553928 2.1354813e-20)
(46.892839 -3.5721399 3.7416888e-20)
(47.922653 -3.2559872 -8.153431e-20)
(48.930727 -2.9021245 -2.8253951e-20)
(49.915894 -2.5064302 -1.2147571e-20)
(50.870917 -2.066368 5.1821048e-20)
(51.783629 -1.5820609 8.3482077e-24)
(52.63811 -1.0582133 0)
(53.417427 -0.50489692 -9.7955802e-20)
(54.106763 0.062484312 0)
(54.696729 0.62411713 7.0108414e-20)
(55.185964 1.1583419 -3.3430118e-21)
(55.58145 1.6450049 2.6944384e-21)
(55.896225 2.0678765 6.4802007e-20)
(56.147219 2.4152697 1.7278578e-21)
(56.352979 2.6815438 0)
(56.528886 2.8650403 5.5768131e-22)
(56.687745 2.9675805 -4.5380591e-22)
(56.831596 2.9945796 -1.8764054e-19)
(56.953918 2.9406955 -3.205166e-22)
(57.035245 2.8147316 -7.2928831e-20)
(57.042505 2.6027179 -2.6030177e-22)
(56.882034 2.2909571 2.8131762e-22)
(56.410879 1.814246 0)
(55.646057 1.0872482 8.9325975e-19)
(54.265058 0.53931085 -2.8469911e-20)
(52.315136 0.092445261 1.637383e-20)
(40.456576 -4.9182179 -3.2124679e-20)
(41.820556 -4.7637978 -3.1191827e-24)
(43.076596 -4.5530046 7.5973202e-20)
(44.249719 -4.3064978 -2.2568984e-20)
(45.362419 -4.0339633 -2.4375198e-25)
(46.432723 -3.7355136 -1.7655747e-20)
(47.473519 -3.4078409 -9.8393223e-24)
(48.491892 -3.0472205 2.7024177e-20)
(49.487919 -2.6502861 0)
(50.456093 -2.2147017 0)
(51.38631 -1.7399142 8.6829797e-24)
(52.264449 -1.229116 -5.8039796e-20)
(53.074563 -0.68994257 4.2561687e-20)
(53.80172 -0.13506695 -1.8877443e-24)
(54.435037 0.41823079 -6.2420657e-20)
(54.970451 0.95009676 -5.4406419e-20)
(55.411756 1.4409231 2.7592014e-21)
(55.769191 1.8738807 -7.3457015e-20)
(56.057677 2.2360747 -1.7913367e-21)
(56.294578 2.5201379 4.6112054e-20)
(56.495234 2.7228653 7.6850341e-20)
(56.6728 2.8446723 -9.4966703e-22)
(56.830952 2.8900892 1.9440919e-24)
(56.963775 2.8532934 0)
(57.053643 2.7445789 7.5107026e-20)
(57.068082 2.5498504 2.7252203e-22)
(56.917233 2.2574376 4.9175964e-26)
(56.459423 1.801548 -3.3853747e-22)
(55.693184 1.0971334 -2.2283502e-22)
(54.295768 0.55582755 2.8781844e-20)
(52.341692 0.08398081 -1.5441574e-20)
(39.913648 -5.1008757 1.4537011e-20)
(41.259449 -4.9318709 2.5825269e-20)
(42.516976 -4.7119365 -2.331686e-20)
(43.702654 -4.4564955 2.0949871e-20)
(44.833054 -4.1753386 1.8705024e-20)
(45.922521 -3.869472 -1.6621541e-20)
(46.98198 -3.5366403 2.9351332e-20)
(48.018139 -3.1740523 -2.5774748e-20)
(49.031771 -2.7791391 -1.1233146e-20)
(50.01861 -2.3499827 9.7198387e-21)
(50.970308 -1.8857884 -3.3389936e-20)
(51.874516 -1.3886633 6.4001149e-20)
(52.716423 -0.86440819 -6.0061914e-21)
(53.481495 -0.32343911 4.0242313e-20)
(54.157957 0.21945594 -6.6807918e-20)
(54.739604 0.74633946 5.4992539e-20)
(55.227398 1.2385216 2.8094522e-21)
(55.628829 1.678978 -2.2810909e-21)
(55.956655 2.0538566 0)
(56.226821 2.3542253 -4.9263973e-20)
(56.454359 2.5753297 -1.5376462e-19)
(56.652565 2.7161514 -6.3366116e-20)
(56.826755 2.7798734 1.8801476e-24)
(56.971385 2.7599037 -8.6681991e-20)
(57.070131 2.6729493 -2.9998e-22)
(57.093038 2.4937184 -1.4644557e-19)
(56.95257 2.2214232 0)
(56.509048 1.7864704 -3.3720876e-22)
(55.742225 1.1065153 -4.3344679e-19)
(54.328957 0.57208325 0)
(52.372243 0.073600891 -1.437116e-20)
(39.311227 -5.1983621 2.6280659e-20)
(40.642748 -5.0224595 0)
(41.90465 -4.802058 -1.071608e-20)
(43.105961 -4.5469144 -5.8206347e-20)
(44.257841 -4.2661654 1.7450526e-20)
(45.37104 -3.9612937 1.5599571e-20)
(46.454325 -3.630777 0)
(47.513607 -3.2725115 1.223921e-20)
(48.549955 -2.8845799 -1.0741336e-20)
(49.559903 -2.4654818 0)
(50.536464 -2.0144366 3.2358414e-20)
(51.468849 -1.5328392 0)
(52.343592 -1.0252214 -5.9033417e-21)
(53.146713 -0.50007949 -7.966711e-20)
(53.866037 0.030026205 7.078865e-20)
(54.493769 0.54909535 0)
(55.028412 1.039608 0)
(55.474875 1.4846872 7.4418277e-20)
(55.843657 1.8698047 0)
(56.149077 2.184657 1.5391682e-21)
(56.405593 2.4229807 -1.2531065e-21)
(56.626446 2.5823429 6.5770751e-20)
(56.818324 2.6645205 2.1956562e-19)
(56.975763 2.6671523 8.7873519e-20)
(57.084501 2.5970712 0)
(57.117279 2.4334304 1.5225231e-19)
(56.987855 2.1822465 0)
(56.559428 1.7687263 -3.2046762e-22)
(55.793103 1.1150979 6.2248218e-22)
(54.36476 0.5876358 -2.0965847e-23)
(52.407245 0.061540243 1.3213457e-20)
(38.677608 -5.1971083 -2.372149e-20)
(39.996026 -5.0236921 1.0705479e-20)
(41.262106 -4.8120567 -2.9506471e-20)
(42.478915 -4.5667964 3.5870827e-20)
(43.652836 -4.2958484 -1.6250639e-20)
(44.791203 -4.0008291 0)
(45.900554 -3.6807159 2.6135724e-20)
(46.985718 -3.3339095 -3.1068761e-24)
(48.047734 -2.9589658 0)
(49.083599 -2.55474 0)
(50.087294 -2.1205852 9.3344494e-24)
(51.04933 -1.6574962 0)
(51.957512 -1.169067 0)
(52.798587 -0.66224187 4.4116216e-20)
(53.560257 -0.14765854 -4.1293252e-21)
(54.23362 0.36053796 0)
(54.815126 0.84613891 0)
(55.307295 1.2926936 -7.3044414e-20)
(55.71835 1.6852826 -1.9302649e-21)
(56.060812 2.012453 -5.0491872e-20)
(56.348301 2.2665128 1.6520542e-19)
(56.59378 2.4436279 6.7955044e-20)
(56.804691 2.5440854 -1.4627056e-24)
(56.976841 2.5700267 0)
(57.097431 2.5119702 -8.5293921e-20)
(57.140327 2.3686418 1.5733308e-19)
(57.022815 2.1390335 0)
(56.610423 1.7480024 3.0641121e-22)
(55.845711 1.1225326 -4.0487919e-22)
(54.403406 0.60203298 0)
(52.447122 0.048260504 0)
(38.041988 -5.110171 -7.4892294e-20)
(39.345451 -4.944746 1.9453566e-20)
(40.612695 -4.7471936 4.3337629e-24)
(41.842074 -4.5178204 3.3128735e-20)
(43.035806 -4.2631351 1.5097565e-20)
(44.198009 -3.9846623 -2.733717e-20)
(45.33299 -3.6816416 7.3730221e-20)
(46.4443 -3.3527256 -2.1947184e-20)
(47.532683 -2.9966768 -1.9471278e-20)
(48.595376 -2.6125007 5.1454898e-20)
(49.627014 -2.1996129 -4.5000359e-20)
(50.619155 -1.7587081 -1.3029809e-20)
(51.560667 -1.2926669 1.1228051e-20)
(52.439044 -0.80713264 4.8020767e-20)
(53.242138 -0.31111606 5.7032955e-20)
(53.960269 0.18293264 6.8565653e-21)
(54.588216 0.66017848 -5.7236244e-21)
(55.126339 1.1048201 0)
(55.580609 1.5018144 -5.8723163e-20)
(55.961629 1.8387993 9.8142513e-20)
(56.281923 2.1067696 -8.330793e-20)
(56.553943 2.3004693 -6.9869975e-20)
(56.785415 2.4186122 -1.1660321e-19)
(56.97417 2.4616067 0)
(57.107989 2.421244 8.7017007e-20)
(57.161595 2.2989359 -1.6022683e-19)
(57.05703 2.0913923 1.5834548e-19)
(56.661754 1.7239634 0)
(55.899895 1.128412 3.935576e-22)
(54.445007 0.614838 -8.2691218e-23)
(52.492168 0.034563847 0)
(37.423797 -4.9406783 0)
(38.709748 -4.7886139 1.7669276e-20)
(39.974462 -4.6098132 -1.6508123e-20)
(41.212584 -4.4013838 -1.5273118e-20)
(42.422706 -4.1683606 -1.4019511e-20)
(43.605935 -3.9120254 -2.5520934e-20)
(44.764396 -3.6317341 2.3074317e-20)
(45.900271 -3.326265 4.1413863e-20)
(47.013853 -2.9944346 -2.7808428e-24)
(48.102505 -2.6352432 1.1192866e-23)
(49.161329 -2.2480554 2.8745028e-20)
(50.182724 -1.8332634 -1.2549532e-20)
(51.156509 -1.3930781 5.4397833e-20)
(52.070821 -0.93206548 8.629036e-24)
(52.913819 -0.45790882 -6.3932922e-20)
(53.675328 0.018550255 0)
(54.348769 0.48383972 -4.5549503e-20)
(54.93259 0.92297904 -7.6057963e-20)
(55.430565 1.3210563 6.3126155e-20)
(55.851304 1.6650365 2.2910668e-24)
(56.20601 1.9447521 -8.6234267e-20)
(56.506389 2.1535402 -6.9234436e-20)
(56.760287 2.2885376 -1.2141827e-19)
(56.967387 2.34837 1.0173183e-19)
(57.115595 2.3257196 0)
(57.180455 2.2238021 -1.6313459e-19)
(57.090069 2.0388243 -1.5894615e-19)
(56.71302 1.6962822 -5.6467808e-22)
(55.955434 1.132268 3.8124968e-22)
(54.489534 0.62593433 -1.1322193e-22)
(52.542514 0.021223206 9.2473997e-21)
(36.843801 -4.7050633 0)
(38.108439 -4.5693346 2.4070313e-20)
(39.365731 -4.4115609 -2.2662734e-20)
(40.607518 -4.2266144 -4.223556e-20)
(41.82929 -4.0182102 6.4976543e-20)
(43.029354 -3.7873657 -3.5687894e-20)
(44.207682 -3.5334864 -2.1614095e-20)
(45.365015 -3.2553902 4.3742525e-24)
(46.501068 -2.9518246 -3.4922429e-20)
(47.613253 -2.6216437 -3.1056403e-20)
(48.697034 -2.2640189 8.7526961e-24)
(49.745514 -1.8789633 4.8180891e-20)
(50.749353 -1.4680042 -8.3973324e-20)
(51.697399 -1.0348239 -2.7243969e-20)
(52.578083 -0.58585791 -7.8014753e-21)
(53.380946 -0.13048002 5.3222656e-20)
(54.098347 0.31918216 -6.3556197e-24)
(54.727006 0.74911742 7.5703692e-20)
(55.268647 1.1447571 3.9536163e-21)
(55.729837 1.4926372 4.0389056e-24)
(56.120252 1.7816117 8.4636939e-20)
(56.450639 2.0036793 1.4314231e-19)
(56.728791 2.1544676 3.8107836e-21)
(56.955896 2.2308553 -2.0933325e-19)
(57.119703 2.2257503 8.8273809e-20)
(57.196585 2.1425124 1.6475026e-19)
(57.121408 1.9806687 6.2555302e-22)
(56.763753 1.6646442 0)
(56.01203 1.1335605 -3.6815443e-22)
(54.53759 0.63510135 -1.5768406e-19)
(52.598072 0.0088524072 -7.9255735e-21)
(36.318757 -4.412429 0)
(37.556786 -4.2962357 0)
(38.800779 -4.1616942 6.9117205e-21)
(40.040362 -4.002361 1.2961545e-20)
(41.268309 -3.8207609 -1.2041714e-20)
(42.480279 -3.6176371 1.1082282e-20)
(43.674076 -3.3924606 -2.0231191e-20)
(44.848893 -3.1441328 1.8325042e-20)
(46.003727 -2.8713699 1.6480884e-20)
(47.13595 -2.5728844 0)
(48.24134 -2.2476068 -3.9201649e-20)
(49.313651 -1.8951239 -6.9127237e-20)
(50.344324 -1.5163076 9.0814194e-20)
(51.322955 -1.1139548 -2.6334571e-20)
(52.238324 -0.69329141 -6.0656085e-20)
(53.079808 -0.26234094 -5.2011281e-20)
(53.838955 0.16811264 3.321916e-20)
(54.510949 0.58513675 7.9619344e-20)
(55.095619 0.97470173 3.9377212e-21)
(55.597482 1.3231704 -5.6002048e-20)
(56.024523 1.6186305 -2.7506351e-21)
(56.386309 1.851865 -7.1256477e-20)
(56.690354 2.0171036 1.2373512e-19)
(56.938617 2.1095746 1.0549259e-19)
(57.11996 2.1302129 -8.8008325e-20)
(57.20994 2.0538746 1.6564206e-19)
(57.150377 1.9160357 -1.5976874e-19)
(56.813421 1.6288051 0)
(56.069323 1.1317024 3.6262264e-19)
(54.588793 0.64205861 1.9578923e-19)
(52.657943 -0.00063256584 6.7856755e-21)
(35.867452 -4.0890249 5.6723827e-20)
(37.072473 -3.9920031 -5.2937336e-20)
(38.295678 -3.8796074 9.4825101e-20)
(39.525445 -3.7449319 2.2414652e-25)
(40.752473 -3.5895155 -3.3442736e-20)
(41.970052 -3.413852 4.1241359e-20)
(43.173809 -3.217469 -5.672793e-20)
(44.361234 -2.9993432 3.4405541e-20)
(45.530377 -2.7581612 -3.1072175e-20)
(46.678388 -2.4924893 2.7868778e-20)
(47.801261 -2.2009907 -2.4829654e-20)
(48.893342 -1.8828101 -6.2844743e-24)
(49.946849 -1.5381659 -3.8666349e-20)
(50.952118 -1.1689327 3.3791974e-20)
(51.898412 -0.77921047 5.8675009e-20)
(52.775076 -0.37567339 0)
(53.573028 0.032244427 5.4183057e-21)
(54.286189 0.43278054 -8.2971804e-20)
(54.912605 0.81263595 7.7975321e-21)
(55.454788 1.1582508 -6.5628581e-21)
(55.918912 1.4571912 8.8130389e-20)
(56.313159 1.6991904 2.3117252e-21)
(56.644504 1.877125 -1.9512622e-21)
(56.91497 1.9846622 1.665327e-21)
(57.116297 2.0217606 0)
(57.220962 1.957881 1.2698452e-21)
(57.176193 1.8443919 -1.2204535e-21)
(56.861413 1.5887004 0)
(56.126914 1.1261549 -3.4926174e-19)
(54.642004 0.64623118 4.7514369e-22)
(52.716889 -0.012465546 -1.1557131e-20)
(35.482414 -3.7595511 -3.2041936e-21)
(36.650035 -3.6802428 0)
(37.847274 -3.5876885 5.7838222e-21)
(39.061834 -3.4749561 -4.3941179e-20)
(40.282782 -3.3429444 -4.894275e-26)
(41.501254 -3.1920586 -7.7546104e-26)
(42.710708 -3.0220049 5.2975425e-20)
(43.906793 -2.8319686 3.2260159e-20)
(45.0864 -2.6207388 -2.9243459e-20)
(46.24628 -2.3868306 2.6323281e-20)
(47.382562 -2.1286719 -2.3537995e-20)
(48.49017 -1.8449598 2.0912903e-20)
(49.562138 -1.5352261 0)
(50.589605 -1.2004401 -1.6211225e-20)
(51.562452 -0.84350179 -4.2421052e-20)
(52.470221 -0.4697497 6.1267647e-20)
(53.303396 -0.087243541 -2.1100488e-20)
(54.05487 0.29353403 9.0263474e-21)
(54.721087 0.66017586 0)
(55.302618 0.99947419 0)
(55.803755 1.2987384 -9.0481889e-20)
(56.231133 1.5468648 2.3120522e-21)
(56.59094 1.7354704 0)
(56.885063 1.8569419 0)
(57.108055 1.9092404 0)
(57.22814 1.8680928 -1.5832013e-19)
(57.198133 1.7693815 1.4977501e-19)
(56.907094 1.5445216 4.7113061e-22)
(56.18441 1.1165464 6.5225372e-22)
(54.697582 0.64702665 3.2178327e-22)
(52.774816 -0.028189646 9.0829623e-21)
(35.176304 -3.41273 -4.3457391e-20)
(36.298498 -3.3522674 4.9189423e-20)
(37.461794 -3.2803128 -4.7612523e-20)
(38.653735 -3.1899694 3.1999827e-26)
(39.862157 -3.081513 3.8169614e-20)
(41.076207 -2.9551849 0)
(42.287056 -2.8108199 -1.6482603e-20)
(43.488208 -2.6478444 3.0218578e-20)
(44.674988 -2.4652796 -2.7487892e-20)
(45.843392 -2.2617813 -2.9430247e-24)
(46.989466 -2.0357491 -4.4543778e-20)
(48.108606 -1.7856291 -7.8794494e-25)
(49.194679 -1.5104273 1.7597349e-20)
(50.239788 -1.2102801 1.5503863e-20)
(51.234531 -0.8869675 4.0725485e-20)
(52.168866 -0.54457488 -4.727059e-20)
(53.033145 -0.1897053 0)
(53.819461 0.16849387 8.7963802e-21)
(54.522881 0.51869747 -6.769955e-20)
(55.14215 0.84833898 -5.1212101e-20)
(55.679658 1.144726 -5.429479e-21)
(56.140371 1.396183 8.2786463e-20)
(56.529469 1.5932393 -1.9526988e-21)
(56.848551 1.7273324 1.0544971e-19)
(57.094071 1.7939451 0)
(57.230904 1.7772689 1.5766706e-19)
(57.216403 1.6931097 -1.4565367e-19)
(56.949948 1.4966117 -4.5538835e-22)
(56.241429 1.102657 -6.235851e-22)
(54.75424 0.64522638 3.0605892e-22)
(52.841322 -0.04260743 -7.4426915e-21)
(34.960665 -3.0758363 8.3909998e-20)
(36.031002 -3.0325517 -4.9694383e-21)
(37.152107 -2.9792313 -2.4146955e-27)
(38.312441 -2.9092861 -3.7201152e-20)
(39.499621 -2.8223094 0)
(40.701557 -2.7182761 8.2776641e-21)
(41.907492 -2.5970884 1.5367026e-20)
(43.108753 -2.4584271 2.8281154e-20)
(44.29875 -2.3016411 -5.161836e-20)
(45.472233 -2.1256832 7.0137538e-20)
(46.624733 -1.9291096 -4.2077288e-20)
(47.751794 -1.7103032 1.8814214e-20)
(48.847962 -1.4679056 -1.6727082e-20)
(49.906295 -1.201339 2.9571618e-20)
(50.918299 -0.91142977 -6.4985042e-20)
(51.874515 -0.60098905 4.5438442e-20)
(52.765438 -0.27518415 0)
(53.582654 0.058250806 6.8244756e-20)
(54.320084 0.38926944 1.1730235e-19)
(54.974854 0.70616858 5.6436542e-20)
(55.547496 0.9965541 -5.3436547e-21)
(56.041231 1.248476 -7.2766076e-20)
(56.460019 1.4516236 6.5918025e-20)
(56.804994 1.596828 -1.1318081e-19)
(57.073396 1.6769332 2.8987439e-21)
(57.228344 1.6866163 -1.6604585e-24)
(57.231549 1.6126041 1.44558e-19)
(56.989474 1.4455936 9.0644624e-22)
(56.297635 1.0843671 -1.1901377e-21)
(54.811937 0.64090006 0)
(52.90799 -0.062403298 1.0662705e-20)
(34.831056 -2.7560359 -3.5634488e-20)
(35.84374 -2.7285081 7.2347207e-20)
(36.915327 -2.6917642 -7.0853289e-20)
(38.035891 -2.6401067 3.4217469e-20)
(39.193636 -2.5725873 0)
(40.375982 -2.4887772 2.3051162e-20)
(41.570755 -2.3884843 -5.7290451e-20)
(42.767266 -2.2715342 -2.2110507e-26)
(43.956816 -2.1375834 4.8416244e-20)
(45.132476 -1.9859635 -2.1992464e-20)
(46.288767 -1.815561 0)
(47.420955 -1.6249247 1.7795119e-20)
(48.523981 -1.4125757 -1.5864674e-20)
(49.591735 -1.1774693 0)
(50.616722 -0.91962277 4.961121e-20)
(51.590281 -0.64067547 -4.3515869e-20)
(52.503294 -0.34442719 0)
(53.347163 -0.037137993 -1.2356522e-19)
(54.114969 0.27255427 -6.4008511e-20)
(54.802447 0.57402973 0)
(55.408399 0.85549653 -5.2344166e-21)
(55.934285 1.10505 4.4723618e-21)
(56.382669 1.3118471 -6.5058166e-20)
(56.753989 1.4664229 6.5853912e-21)
(57.045154 1.5593061 -2.8677721e-21)
(57.2201 1.594828 -1.5559194e-19)
(57.242755 1.5298101 1.1076628e-21)
(57.024873 1.3925827 9.3010912e-22)
(56.352784 1.0616719 2.8969029e-19)
(54.869354 0.63332319 2.8015035e-19)
(52.995892 -0.070891354 -2.3423795e-20)
(34.787413 -2.4570702 -6.8278336e-20)
(35.738393 -2.4454499 0)
(36.754093 -2.4234487 0)
(37.826959 -2.3879795 5.5067369e-20)
(38.946656 -2.3379152 -6.0277708e-20)
(40.101026 -2.2723916 0)
(41.277253 -2.1909309 0)
(42.463121 -2.0933345 -1.2354795e-20)
(43.647898 -1.979467 0)
(44.822673 -1.8490323 0)
(45.980451 -1.7013498 1.8693876e-20)
(47.115656 -1.5353286 5.0412588e-20)
(48.223163 -1.3496272 -3.0037828e-20)
(49.297413 -1.1430131 2.6704401e-20)
(50.331813 -0.91491016 -1.1807118e-20)
(51.318633 -0.66601059 -2.0780565e-20)
(52.249384 -0.39884288 -1.0648697e-24)
(53.115597 -0.11820727 7.1317594e-20)
(53.909869 0.16873477 5.4967744e-20)
(54.626814 0.45265382 -4.7443224e-20)
(55.263719 0.72262492 8.6700722e-20)
(55.820327 0.96711644 -4.3758954e-21)
(56.297678 1.1750925 3.7578081e-21)
(56.695253 1.3370173 -3.2397611e-21)
(57.008673 1.4416915 0)
(57.206142 1.5010275 1.509874e-19)
(57.2497 1.4447356 2.1651018e-21)
(57.055345 1.3369825 -1.0102935e-21)
(56.406743 1.0344641 -2.750346e-19)
(54.927137 0.62232456 -2.4999119e-19)
(53.105555 -0.045222209 5.4420447e-24)
(34.821482 -2.1908478 3.0538775e-25)
(35.709989 -2.1854995 -3.7141929e-21)
(36.665813 -2.1782493 0)
(37.68478 -2.1567585 -5.0640095e-20)
(38.7588 -2.1218414 5.5666884e-20)
(39.87703 -2.0725344 0)
(41.026925 -2.0079655 -4.9640796e-20)
(42.195495 -1.9276809 5.7657493e-20)
(43.370399 -1.8315624 0)
(44.540748 -1.7195671 0)
(45.697675 -1.591434 -1.7583067e-20)
(46.83421 -1.4465348 -3.1688066e-20)
(47.944576 -1.2838748 0)
(49.023307 -1.1023064 0)
(50.06445 -0.90096374 -4.486233e-20)
(51.061184 -0.67985461 0)
(52.005808 -0.44040531 -5.2147191e-20)
(52.890259 -0.18605833 1.5192781e-20)
(53.70701 0.077520604 -1.0577262e-19)
(54.449914 0.3423864 4.582477e-20)
(55.114972 0.59874034 -1.6322442e-19)
(55.700352 0.83572092 4.2605343e-21)
(56.205519 1.0424268 5.8729241e-20)
(56.628746 1.209334 1.0152576e-19)
(56.963762 1.3241973 8.5757759e-20)
(57.185953 1.4017317 -1.5185767e-19)
(57.251723 1.3579569 0)
(57.080267 1.2773601 0)
(56.45898 1.0027552 2.6125478e-19)
(54.992862 0.61070002 5.4284595e-20)
(53.14553 -0.046278498 4.1796854e-19)
(34.926792 -1.9501734 -5.8509443e-20)
(35.750727 -1.9562061 1.115358e-19)
(36.64607 -1.9537872 -1.0758367e-19)
(37.607274 -1.9462716 4.6570636e-20)
(38.629674 -1.9245302 -5.1395275e-20)
(39.70454 -1.8894172 -2.6142709e-25)
(40.820486 -1.8399855 -1.1540194e-20)
(41.964632 -1.7754161 3.2264811e-20)
(43.123733 -1.69536 9.9301489e-21)
(44.285277 -1.5998108 -1.8182345e-20)
(45.438469 -1.4887905 -1.6524186e-20)
(46.574557 -1.3621061 4.4756621e-20)
(47.686534 -1.2192137 7.4058462e-25)
(48.768444 -1.0592723 -2.3920199e-20)
(49.814522 -0.88144506 6.3769205e-20)
(50.818644 -0.68530601 -3.7607656e-20)
(51.773958 -0.47148836 8.2794473e-20)
(52.672998 -0.2422515 0)
(53.508397 -0.0018732179 -5.7486906e-24)
(54.273647 0.24314208 -3.3070372e-20)
(54.963766 0.48431726 6.6868618e-20)
(55.575539 0.7116862 0)
(56.106913 0.91476789 -5.3528132e-20)
(56.554842 1.0840171 -6.1801229e-21)
(56.91133 1.2068321 -1.72669e-19)
(57.157839 1.2907434 4.7748624e-21)
(57.247062 1.2726985 -4.0935101e-21)
(57.099965 1.2131782 1.3126793e-19)
(56.508808 0.96722805 -2.4980007e-19)
(55.063443 0.60135203 4.1125685e-20)
(53.145846 -0.082541444 -2.0509281e-19)
(35.094316 -1.73879 -5.0352653e-20)
(35.853995 -1.751275 5.2980929e-20)
(36.686402 -1.7595744 0)
(37.589626 -1.7559998 6.05115e-21)
(38.557041 -1.7471709 0)
(39.583162 -1.7242051 0)
(40.658582 -1.6878634 1.0721869e-20)
(41.771406 -1.6372513 -3.0070309e-20)
(42.90834 -1.571684 6.494552e-20)
(44.055892 -1.4909509 -1.5347137e-26)
(45.201629 -1.3951416 1.5506973e-20)
(46.334916 -1.2843576 2.8061594e-20)
(47.447102 -1.1584787 -5.0479474e-20)
(48.531176 -1.0170768 -1.7738209e-24)
(49.58109 -0.85953352 0)
(50.590938 -0.68532056 0)
(51.554503 -0.49459832 -4.7208581e-20)
(52.465074 -0.28868199 1.383355e-20)
(53.315689 -0.070638954 6.0566353e-20)
(54.099775 0.15446064 3.1701672e-20)
(54.811713 0.37949569 0)
(55.447195 0.59559407 -6.3768124e-20)
(56.002806 0.79293196 6.9092361e-21)
(56.474254 0.96202852 -9.5976769e-20)
(56.85247 1.0904989 7.5972423e-20)
(57.122305 1.1797546 -1.4819615e-19)
(57.235531 1.1924554 2.0322478e-21)
(57.113996 1.1428482 -1.2138635e-19)
(56.555903 0.92874665 -1.8419642e-21)
(55.136516 0.594749 -3.037151e-20)
(53.172974 -0.11729086 0)
(35.307247 -1.5562839 -2.9652292e-21)
(36.008395 -1.5721824 -5.7170034e-21)
(36.77994 -1.5851724 4.2762414e-20)
(37.623103 -1.5919749 -9.1729497e-20)
(38.535486 -1.5866701 4.329145e-20)
(39.51005 -1.5757646 0)
(40.540255 -1.550738 -9.9596382e-21)
(41.61601 -1.5123365 0)
(42.724804 -1.4597856 -3.464875e-20)
(43.852928 -1.3925556 1.5934185e-20)
(44.986858 -1.3105678 0)
(46.114308 -1.214012 1.3180702e-20)
(47.224845 -1.1030643 0)
(48.309994 -0.97769061 -2.1292248e-20)
(49.362842 -0.83760073 1.8991548e-20)
(50.377286 -0.68243432 0)
(51.347427 -0.51210573 0)
(52.267165 -0.32732515 1.3149368e-20)
(53.130077 -0.13016132 -1.1542377e-20)
(53.929777 0.075578932 -1.0098989e-20)
(54.660337 0.28411418 -6.1651022e-20)
(55.316687 0.48778772 1.225975e-19)
(55.894297 0.67761111 4.6618685e-20)
(56.387781 0.84432616 1.1590259e-20)
(56.787395 0.97601449 -8.6137403e-20)
(57.07869 1.0701068 2.2348708e-21)
(57.21566 1.0974236 -2.0092554e-21)
(57.121547 1.0618883 1.1521486e-19)
(56.59721 0.88724963 0)
(55.210225 0.59129942 2.3480671e-20)
(53.217071 -0.14391031 0)
(35.556335 -1.3978919 1.3554536e-21)
(36.203163 -1.4162415 -2.3339354e-25)
(36.918374 -1.4322312 -2.3629308e-25)
(37.703613 -1.4433793 2.5864785e-21)
(38.559421 -1.4478108 0)
(39.481963 -1.4404299 -4.8069211e-21)
(40.464251 -1.4269465 9.2473436e-21)
(41.498515 -1.3992997 -8.6902773e-21)
(42.573871 -1.3583585 6.4658973e-20)
(43.67719 -1.3034905 1.4899797e-20)
(44.794541 -1.2343068 -5.4486483e-20)
(45.912444 -1.1508426 -1.2367908e-20)
(47.018832 -1.0533748 2.2327078e-20)
(48.103568 -0.94215655 4.0086558e-20)
(49.158439 -0.8172494 -1.7910355e-20)
(50.176667 -0.67854872 0)
(51.152266 -0.52601658 0)
(52.079451 -0.3600217 6.2347702e-20)
(52.952306 -0.18191841 -2.1942348e-20)
(53.764803 0.0055257963 9.6210471e-21)
(54.510999 0.19777875 7.5718668e-20)
(55.185369 0.38839968 -7.3396745e-20)
(55.782566 0.56936366 -3.8372707e-20)
(56.296317 0.73182536 9.9954446e-25)
(56.716427 0.86453219 1.5131633e-19)
(57.028246 0.96259728 2.0677905e-19)
(57.188823 1.0017918 1.92854e-21)
(57.121182 0.99032173 -1.0899237e-19)
(56.631489 0.84379473 -2.0929461e-19)
(55.281939 0.59112026 -2.1745434e-20)
(53.274731 -0.1610822 0)
(35.834303 -1.2568093 1.2416205e-21)
(36.431054 -1.2768366 2.3997446e-21)
(37.093672 -1.2953056 2.4112361e-21)
(37.824755 -1.3097765 7.6467787e-20)
(38.62535 -1.3191674 -7.9133228e-20)
(39.495436 -1.3209391 4.4259151e-21)
(40.42893 -1.3116217 -8.4819817e-21)
(41.419347 -1.2953768 -5.661584e-20)
(42.457423 -1.2650567 6.7844614e-20)
(43.531159 -1.2215698 -1.3921632e-20)
(44.626999 -1.1644163 -1.2752424e-20)
(45.73097 -1.0933424 1.159789e-20)
(46.829805 -1.0085049 -2.0964446e-20)
(47.91182 -0.91026368 1.8850762e-20)
(48.967292 -0.79894012 -1.6866509e-20)
(49.988283 -0.67473534 3.0059417e-20)
(50.968339 -0.53775496 2.6683313e-20)
(51.901701 -0.38829276 -9.4406584e-20)
(52.782693 -0.22727764 0)
(53.605658 -0.05669224 -3.657755e-20)
(54.364846 0.11995603 0)
(55.054518 0.29739856 6.3080001e-20)
(55.668828 0.46862448 4.285003e-20)
(56.200849 0.62537651 -8.5565652e-20)
(56.64008 0.75721367 -7.4968909e-20)
(56.971288 0.85779389 -6.6139756e-20)
(57.153636 0.90645573 -1.2182008e-19)
(57.112653 0.91257852 2.203372e-21)
(56.657835 0.79822943 1.9920596e-19)
(55.352581 0.59176633 0)
(53.345106 -0.17046996 0)
(36.142569 -1.1327497 7.1771368e-20)
(36.693074 -1.154039 -1.4105355e-19)
(37.306484 -1.1744962 1.4204353e-19)
(37.986105 -1.1920155 -1.4328989e-19)
(38.733972 -1.205173 7.77546e-20)
(39.550348 -1.2131012 6.6397649e-20)
(40.434821 -1.2120381 -5.4652901e-20)
(41.37869 -1.2021791 6.7746503e-20)
(42.375712 -1.1815308 -1.1246978e-19)
(43.415445 -1.1484477 5.2020845e-20)
(44.485102 -1.1021341 1.1930809e-20)
(45.570701 -1.0422562 8.1656204e-25)
(46.658212 -0.96887464 0)
(47.734649 -0.88233932 0)
(48.78879 -0.78311589 0)
(49.811419 -0.67164059 -5.6630217e-20)
(50.795074 -0.54820407 2.0449149e-24)
(51.733562 -0.41320217 2.2295592e-20)
(52.621303 -0.26731283 5.9077606e-20)
(53.452866 -0.11199208 1.7337773e-20)
(54.222771 0.050067231 1.5228194e-20)
(54.925271 0.2146447 -9.3424838e-20)
(55.554277 0.37572656 -9.9285002e-20)
(56.102445 0.52576656 -3.1343114e-24)
(56.559084 0.65521976 6.2769002e-20)
(56.908274 0.75678422 -5.9320141e-20)
(57.110493 0.81271856 1.1628769e-19)
(57.094791 0.82840567 -9.4030861e-22)
(56.674121 0.74837793 -1.4682985e-21)
(55.423329 0.58763066 0)
(53.427097 -0.17732745 0)
(36.479063 -1.0199897 6.6992532e-20)
(36.986958 -1.0418313 0)
(37.554533 -1.0633992 0)
(38.185592 -1.0829511 -1.1801422e-25)
(38.882942 -1.0991957 -3.9966232e-21)
(39.647869 -1.1107882 0)
(40.47974 -1.1170558 0)
(41.377446 -1.1119549 4.2016766e-25)
(42.330487 -1.1010783 -6.5538248e-21)
(43.332142 -1.0775128 -4.8582564e-20)
(44.370986 -1.0416078 -1.1410069e-24)
(45.433558 -0.99277572 -5.7470605e-25)
(46.505547 -0.93073941 5.5338249e-20)
(47.573003 -0.85566122 0)
(48.623332 -0.76800738 2.9826909e-20)
(49.645898 -0.66833811 -2.3213472e-25)
(50.632008 -0.55718851 -4.7426673e-20)
(51.574669 -0.43506959 2.1036791e-20)
(52.468043 -0.30263361 -5.5811165e-20)
(53.306746 -0.16103884 0)
(54.085473 -0.0123738 0)
(54.79863 0.13997595 5.070205e-20)
(55.440045 0.29093284 8.8914376e-20)
(56.002197 0.43371231 1.5588428e-19)
(56.474318 0.55971698 -6.8434123e-20)
(56.839913 0.6610276 1.2072248e-19)
(57.060654 0.72279387 0)
(57.0674 0.74495413 1.0897753e-21)
(56.678081 0.68773029 -4.0591065e-21)
(55.491708 0.57253171 2.4789747e-22)
(53.518244 -0.18533907 0)
(36.8366 -0.92300403 0)
(37.305472 -0.94477367 1.8645885e-21)
(37.83073 -0.96666791 0)
(38.416506 -0.98729611 1.879974e-21)
(39.066205 -1.0055646 3.6991289e-21)
(39.782013 -1.0201876 0)
(40.564439 -1.0297977 5.5069775e-20)
(41.411944 -1.0337275 -5.1590868e-20)
(42.322145 -1.0259045 6.0376537e-21)
(43.283551 -1.0118774 0)
(44.287878 -0.98515461 0)
(45.322947 -0.94617892 5.261342e-25)
(46.374844 -0.89454108 -3.4572796e-20)
(47.429212 -0.83014421 0)
(48.472426 -0.75329631 2.8010139e-20)
(49.492477 -0.66455813 -5.0092976e-20)
(50.479356 -0.56458161 4.4629596e-20)
(51.425008 -0.45401444 1.9817894e-20)
(52.32293 -0.3335612 -3.5101619e-20)
(53.167519 -0.20423957 -4.6504412e-20)
(53.953499 -0.067716918 1.3657949e-20)
(54.67542 0.073267651 0)
(55.327144 0.21443693 -3.1646437e-20)
(55.901145 0.34983397 -9.2565311e-21)
(56.386665 0.47181417 6.5116299e-20)
(56.766787 0.57225629 -1.1487231e-19)
(57.004211 0.63954964 0)
(57.029954 0.67194962 6.3427945e-20)
(56.672656 0.64395195 1.6395578e-19)
(55.554639 0.5473616 -1.3643291e-22)
(53.617297 -0.1888142 -5.3959415e-22)
(37.210686 -0.84342006 0)
(37.644093 -0.86451827 1.0809449e-19)
(38.130601 -0.88601215 -2.224594e-19)
(38.674531 -0.90680525 -9.731213e-25)
(39.279695 -0.92598872 1.0612579e-19)
(39.948958 -0.94245479 1.0654574e-19)
(40.683795 -0.95487777 -9.9109077e-20)
(41.483789 -0.96185975 -6.0663818e-21)
(42.346342 -0.96254214 8.9991701e-20)
(43.266944 -0.95163625 -8.3653425e-20)
(44.234426 -0.93377247 6.824355e-20)
(45.23867 -0.90326034 -8.0214996e-20)
(46.266701 -0.86067675 -7.7212541e-25)
(47.304235 -0.80582405 0)
(48.337012 -0.73879501 0)
(49.351895 -0.66002944 0)
(50.337533 -0.57018683 -4.1959136e-20)
(51.284707 -0.46999769 5.5952775e-20)
(52.186028 -0.36022393 1.6533933e-20)
(53.035351 -0.24182746 2.9240965e-20)
(53.827258 -0.11619909 1.290139e-20)
(54.556301 0.014391321 -1.1360222e-20)
(55.216432 0.14636917 -9.9924493e-21)
(55.800197 0.27457357 -7.0260763e-20)
(56.296896 0.39229675 -5.4080666e-20)
(56.689261 0.49148483 5.4525661e-20)
(56.940732 0.56342645 3.0241384e-21)
(56.985629 0.60742099 -8.1800784e-20)
(56.657235 0.58884271 -1.5642638e-19)
(55.609442 0.51820116 3.8105097e-20)
(53.723756 -0.18285851 0)
(37.593063 -0.78004622 0)
(37.994432 -0.80005714 0)
(38.44571 -0.82064777 1.6022766e-21)
(38.95129 -0.84095554 1.0265508e-19)
(39.515239 -0.86022348 -1.0136964e-19)
(40.140905 -0.87750982 0)
(40.830528 -0.89165025 -5.9377401e-21)
(41.584739 -0.90128808 0)
(42.402092 -0.90508636 -5.2980443e-21)
(43.279133 -0.90164339 -9.7198687e-21)
(44.208137 -0.88723812 8.9975203e-21)
(45.179255 -0.86504967 0)
(46.180438 -0.83031519 1.5154375e-20)
(47.197867 -0.78372316 1.3699765e-20)
(48.217094 -0.7252878 -4.9295063e-20)
(49.224164 -0.6553027 4.4154825e-20)
(50.206546 -0.57439458 0)
(51.153748 -0.48331375 -1.7533505e-20)
(52.057305 -0.3829068 6.2237097e-20)
(52.910329 -0.2740959 -2.7543382e-20)
(53.706974 -0.15810576 3.6497027e-20)
(54.441716 -0.036857212 -4.2909921e-20)
(55.108552 0.086694217 1.8891003e-20)
(55.700079 0.2080999 -8.3113202e-21)
(56.205675 0.32149134 -5.854486e-20)
(56.607815 0.41889721 5.1658447e-20)
(56.870649 0.4943959 -9.1601948e-20)
(56.931863 0.54452816 2.5047525e-21)
(56.633808 0.53272958 -2.3074714e-21)
(55.655826 0.48926896 -3.9848241e-20)
(53.840017 -0.17035611 0)
(37.982068 -0.72831076 7.4941195e-22)
(38.354467 -0.747024 0)
(38.773708 -0.76644968 3.7484286e-26)
(39.244172 -0.78590063 0)
(39.770058 -0.80474782 0)
(40.355045 -0.82219339 0)
(41.001941 -0.83723248 -7.4619293e-26)
(41.71223 -0.8486457 0)
(42.485583 -0.85506194 7.9030029e-20)
(43.319419 -0.85530266 -5.5002712e-20)
(44.209686 -0.84692017 6.6568081e-20)
(45.144999 -0.82951781 -1.1683747e-19)
(46.116106 -0.80164724 5.6708441e-20)
(47.110088 -0.76246826 -1.2827205e-20)
(48.112623 -0.71174099 0)
(49.109206 -0.64966826 0)
(50.086299 -0.57678966 0)
(51.032032 -0.49385069 -3.2940576e-20)
(51.936644 -0.40171773 -2.9253355e-20)
(52.79236 -0.30131606 0)
(53.592717 -0.19379529 -4.5828163e-20)
(54.331913 -0.080794061 1.0112966e-19)
(55.003895 0.035183812 -1.7827301e-20)
(55.601287 0.15031493 0)
(56.113533 0.25941455 -2.8079242e-24)
(56.523001 0.35469922 -9.7696327e-20)
(56.795011 0.43297741 8.6557194e-20)
(56.86986 0.48502018 -7.7190522e-20)
(56.602489 0.48034923 0)
(55.692038 0.46100532 3.9119707e-20)
(53.960987 -0.15521655 -1.6716764e-20)
(38.373624 -0.6831523 -1.3805035e-21)
(38.719835 -0.70053885 1.33895e-21)
(39.109983 -0.71873417 -1.3632078e-21)
(39.548381 -0.73718276 -1.3693138e-21)
(40.039272 -0.75536275 -2.7134893e-21)
(40.586537 -0.77260078 0)
(41.193396 -0.78803433 2.5594994e-21)
(41.861988 -0.8005918 -4.8795464e-21)
(42.592898 -0.80900697 0)
(43.384683 -0.81193875 -7.7233577e-20)
(44.233424 -0.80853055 5.4980088e-20)
(45.133923 -0.79458871 -7.1967828e-21)
(46.07359 -0.77352983 0)
(47.041788 -0.74095425 -1.2004715e-20)
(48.024865 -0.69731009 5.4080705e-20)
(49.008199 -0.64260704 -3.8811319e-20)
(49.977504 -0.57716091 0)
(50.91981 -0.50162197 0)
(51.824087 -0.41685398 2.7473069e-20)
(52.681382 -0.32381969 0)
(53.484422 -0.22366407 4.3113681e-20)
(54.226912 -0.11785674 -7.6171806e-20)
(54.902587 -0.0085646975 6.7207323e-20)
(55.504014 0.10088877 -1.4811526e-20)
(56.020711 0.2058509 1.0447759e-19)
(56.43514 0.29919795 4.6114376e-20)
(56.714772 0.37872413 0)
(56.802756 0.43143115 -3.4513913e-24)
(56.562903 0.43282218 -6.5179028e-20)
(55.717382 0.43388839 2.9907412e-22)
(54.075609 -0.13702442 -3.7942667e-20)
(38.770755 -0.6420756 -8.0815912e-20)
(39.093162 -0.65824213 -8.0232933e-20)
(39.456767 -0.67528687 8.055132e-20)
(39.865768 -0.69276085 1.2661486e-21)
(40.324387 -0.7102327 8.292541e-20)
(40.836611 -0.72713699 -1.5744564e-19)
(41.405941 -0.74273771 7.6068829e-20)
(42.035023 -0.75610718 4.5378164e-21)
(42.725211 -0.76612365 0)
(43.476108 -0.7715066 6.7995082e-20)
(44.285087 -0.77096039 -5.920457e-20)
(45.147151 -0.76333867 0)
(46.054084 -0.74534686 0)
(46.994217 -0.71966075 -4.4920682e-20)
(47.95501 -0.68246315 7.0873669e-20)
(48.922122 -0.63441111 -5.4532937e-20)
(49.880914 -0.57570828 3.2518379e-20)
(50.81747 -0.50685144 -4.3488074e-20)
(51.719624 -0.4286351 -2.5784022e-20)
(52.577217 -0.34204062 2.2874258e-20)
(53.381855 -0.24823169 -2.0256919e-20)
(54.126514 -0.14862811 1.7910904e-20)
(54.804507 -0.045167106 -4.7439416e-20)
(55.408229 0.059184269 -1.3953041e-20)
(55.927274 0.16013502 -3.6924261e-20)
(56.344466 0.25133897 0)
(56.629896 0.3290494 0)
(56.728131 0.38378478 7.2694069e-20)
(56.513515 0.3895965 5.7356802e-20)
(55.731597 0.40509463 -3.7072102e-20)
(54.186117 -0.1163077 -2.6328476e-24)
(39.172727 -0.60500385 -1.5025988e-19)
(39.473464 -0.6200014 -5.6920075e-22)
(39.812827 -0.63591168 -1.1624804e-21)
(40.194875 -0.65237409 0)
(40.623757 -0.66903285 2.3277621e-21)
(41.103493 -0.68541617 -1.4605488e-19)
(41.637761 -0.70090009 1.4131996e-19)
(42.229572 -0.71468492 0)
(42.88088 -0.72578525 -1.3158476e-19)
(43.59213 -0.73303288 -7.4595414e-21)
(44.361787 -0.73513084 2.3484165e-19)
(45.18587 -0.73090255 -9.493013e-20)
(46.058694 -0.71853614 -9.1097945e-20)
(46.968237 -0.6970633 1.0501302e-19)
(47.903783 -0.6658171 4.7371687e-20)
(48.851613 -0.62399518 -1.7018573e-20)
(49.797009 -0.57156039 0)
(50.725417 -0.50892259 1.358753e-20)
(51.623508 -0.43675781 -2.4180917e-20)
(52.479813 -0.35602283 4.2930254e-20)
(53.284778 -0.26784775 0)
(54.030432 -0.17364126 -1.6826103e-20)
(54.709452 -0.075300955 2.4278089e-24)
(55.313898 0.024464196 2.0163284e-24)
(55.833422 0.12153991 -5.7926451e-20)
(56.251318 0.21003062 0)
(56.539723 0.28480666 0)
(56.644664 0.34137817 0)
(56.451924 0.34925762 0)
(55.730926 0.38643973 0)
(54.292814 -0.10273848 -2.8544288e-24)
(39.582252 -0.5715317 -5.4148545e-22)
(39.86309 -0.58531202 3.4750521e-27)
(40.180137 -0.60000772 1.0737754e-21)
(40.537294 -0.61534376 0)
(40.938604 -0.63103151 -2.1564103e-21)
(41.388059 -0.64668113 -1.3549282e-19)
(41.889424 -0.66176799 2.6049781e-19)
(42.445954 -0.6756051 -3.9226687e-21)
(43.060042 -0.68732752 -2.3389244e-19)
(43.732799 -0.69588525 3.4715627e-21)
(44.463609 -0.70006614 9.6648974e-20)
(45.249628 -0.69859287 -5.9250749e-21)
(46.08544 -0.69048337 5.3757284e-21)
(46.964573 -0.67249908 1.9392168e-26)
(47.87262 -0.64712187 -8.8621366e-21)
(48.798394 -0.61089563 -4.7789101e-20)
(49.727449 -0.56429839 5.7045648e-20)
(50.644903 -0.50753136 0)
(51.536497 -0.44109696 2.2663234e-20)
(52.389526 -0.3658236 -2.0129102e-20)
(53.193243 -0.28280037 -1.7845544e-20)
(53.938532 -0.19344193 6.318395e-20)
(54.617273 -0.099646008 0)
(55.221073 -0.0039990763 1.2335097e-20)
(55.739429 0.089304199 9.803201e-20)
(56.15606 0.17461296 9.62251e-21)
(56.444491 0.24619966 -6.810566e-20)
(56.552736 0.30238362 -1.1328975e-20)
(56.377545 0.30840065 3.364376e-21)
(55.721362 0.36689264 5.7635286e-22)
(54.397274 -0.10151629 2.9286104e-20)
(39.992058 -0.54751043 4.9946273e-22)
(40.25504 -0.56002503 9.6823258e-22)
(40.551993 -0.57341647 9.9159541e-22)
(40.886638 -0.58747278 -1.2725088e-19)
(41.262876 -0.60195385 -1.6943745e-24)
(41.684616 -0.61653157 -1.9424352e-24)
(42.155634 -0.63076084 1.2382238e-19)
(42.679331 -0.64405055 1.2410009e-19)
(43.258426 -0.65564653 -2.1773077e-19)
(43.894573 -0.66462227 1.0360871e-19)
(44.587934 -0.66988215 0)
(45.336686 -0.67020113 8.2957351e-20)
(46.13657 -0.66434403 -8.5894519e-20)
(46.980723 -0.65141191 -8.1746013e-20)
(47.860624 -0.62818546 -4.3638768e-24)
(48.762115 -0.59736091 5.9607571e-20)
(49.672119 -0.5557167 -5.3398859e-20)
(50.575799 -0.50398923 3.5757028e-20)
(51.458378 -0.4425527 -4.2461209e-20)
(52.306132 -0.37209719 -3.773304e-20)
(53.107016 -0.29366224 8.3660433e-20)
(53.850685 -0.20865715 -8.8904523e-20)
(54.528037 -0.11892387 -2.8381045e-24)
(55.130014 -0.027027229 -2.316404e-20)
(55.645654 0.062539999 -4.0924485e-20)
(56.059373 0.14423802 -3.6161409e-20)
(56.345496 0.21176366 7.1965034e-20)
(56.454468 0.26521874 -7.0894299e-21)
(56.292313 0.26387303 -3.1527983e-21)
(55.696984 0.32529428 -3.3371778e-20)
(54.49404 -0.11472861 -3.1723039e-22)
(40.402205 -0.52635584 -1.1796863e-19)
(40.648624 -0.53764176 1.1385059e-19)
(40.926918 -0.54975951 -1.1814025e-19)
(41.240636 -0.56254158 -9.2810393e-22)
(41.593537 -0.57578618 1.1746726e-19)
(41.989438 -0.58921783 1.1655655e-19)
(42.432102 -0.60246071 -1.1499167e-19)
(42.925024 -0.61500852 -3.393742e-21)
(43.471164 -0.62620519 -3.2169062e-21)
(44.072591 -0.63523243 0)
(44.730094 -0.64110715 0)
(45.442719 -0.64269868 5.1609218e-21)
(46.20731 -0.63877219 -7.077569e-20)
(47.018177 -0.62813717 6.8528911e-20)
(47.8673 -0.60966679 0)
(48.742578 -0.58181906 -6.9688949e-21)
(49.631068 -0.54468303 6.2451293e-20)
(50.518365 -0.49755473 -2.2311304e-20)
(51.389358 -0.44069485 -2.6921139e-24)
(52.229602 -0.3747089 3.5339679e-20)
(53.02595 -0.30054959 0)
(53.766716 -0.21957348 -2.7783994e-20)
(54.44163 -0.13366199 4.9162776e-20)
(55.04079 -0.045538293 0)
(55.552748 0.040292036 -9.6029416e-21)
(55.962338 0.11824604 5.091288e-20)
(56.244523 0.18104435 -3.7526616e-20)
(56.353121 0.23007159 6.6491593e-21)
(56.20277 0.21839 -8.862386e-21)
(55.660304 0.26943554 1.037383e-21)
(54.573673 -0.13659251 -1.4559473e-20)
(40.80823 -0.5085647 0)
(41.039589 -0.51874519 0)
(41.300896 -0.52971634 -1.0825387e-19)
(41.595522 -0.54134194 -1.3037569e-24)
(41.927072 -0.55344955 2.2014539e-19)
(42.299238 -0.56580586 1.7478947e-24)
(42.715717 -0.57809161 -1.0349079e-19)
(43.180024 -0.58987007 0)
(43.695258 -0.60056654 0)
(44.263792 -0.60945288 2.8100432e-21)
(44.886906 -0.61563846 7.8367617e-20)
(45.56436 -0.61807625 3.2920172e-24)
(46.293919 -0.61559766 -7.4881359e-20)
(47.070951 -0.60701854 6.4066223e-20)
(47.888215 -0.59131246 -5.0527602e-20)
(48.736757 -0.5660419 -6.4580169e-21)
(49.602144 -0.53319811 -2.3364003e-20)
(50.471231 -0.48991417 -1.0439252e-20)
(51.328844 -0.43697598 -1.8607084e-20)
(52.159811 -0.37488099 0)
(52.949821 -0.30447276 0)
(53.686168 -0.22705589 -2.6032187e-20)
(54.357535 -0.14465876 4.608123e-20)
(54.953081 -0.060111454 -2.0374361e-20)
(55.460865 0.022051211 0)
(55.865642 0.095937715 0)
(56.143062 0.15363649 -2.0107839e-24)
(56.251212 0.19786729 0)
(56.114822 0.17492482 2.7661909e-21)
(55.618542 0.21346372 2.7399775e-20)
(54.624003 -0.15578304 1.4020508e-20)
(41.21659 -0.49044793 0)
(41.433946 -0.49956657 0)
(41.67944 -0.50942359 1.9922175e-19)
(41.956268 -0.51991013 -2.021593e-19)
(42.267871 -0.53087831 0)
(42.617804 -0.54213081 -2.0051179e-19)
(43.009669 -0.55339743 3.9053695e-19)
(43.446964 -0.56430371 -1.8772402e-19)
(43.93287 -0.57435038 2.7861096e-21)
(44.469986 -0.58289683 -5.2352708e-21)
(45.059986 -0.58914986 -1.4611613e-19)
(45.703239 -0.59216388 1.4373864e-19)
(46.398342 -0.59085294 -1.3157946e-19)
(47.141689 -0.58402885 1.1966028e-19)
(47.927161 -0.57050048 -3.51464e-25)
(48.74587 -0.54950262 0)
(49.586492 -0.51888777 1.0923749e-20)
(50.4349 -0.47938571 0)
(51.276484 -0.430243 4.3527155e-20)
(52.095837 -0.37185589 -4.6454794e-20)
(52.877886 -0.30506341 0)
(53.608784 -0.2312842 -2.4376257e-20)
(54.275935 -0.15229782 2.1583411e-20)
(54.86751 -0.071159488 -1.9095142e-20)
(55.370694 0.0071636925 1.6878761e-20)
(55.769645 0.076955667 1.4922507e-20)
(56.041858 0.12875014 1.9792808e-20)
(56.149958 0.16912817 -5.8406375e-21)
(56.029674 0.13643094 -4.1436761e-20)
(55.570599 0.16609978 -1.3081308e-20)
(54.639075 -0.16494256 7.9968917e-25)
(41.615058 -0.47673989 -1.8584615e-19)
(41.819702 -0.48493539 1.7900357e-19)
(42.050821 -0.49381374 5.1867858e-26)
(42.311443 -0.50328508 1.8696727e-19)
(42.604844 -0.51322095 2.7279562e-24)
(42.93443 -0.5234519 -1.859394e-19)
(43.303695 -0.53374506 0)
(43.71608 -0.5437738 0)
(44.174797 -0.55309751 -2.5926896e-21)
(44.682588 -0.56114396 2.438053e-21)
(45.241425 -0.5671949 -6.8096604e-21)
(45.852146 -0.57037841 0)
(46.51402 -0.5696757 3.8372956e-21)
(47.224293 -0.56395888 6.9833014e-21)
(47.977854 -0.55208616 -1.0743094e-19)
(48.76701 -0.53298253 8.5298091e-20)
(49.581941 -0.50459171 8.1043487e-20)
(50.408196 -0.46868104 -8.2172842e-20)
(51.232116 -0.42261898 5.7000186e-20)
(52.037992 -0.36743867 -4.3460627e-20)
(52.810213 -0.30393636 0)
(53.533909 -0.23343466 2.2818987e-20)
(54.195188 -0.157767 -2.0209427e-20)
(54.781175 -0.079972683 -1.7881509e-20)
(55.279066 -0.0051204748 1.5810981e-20)
(55.673889 0.060630749 1.3978029e-20)
(55.941436 0.10517775 -2.0705449e-20)
(56.048652 0.1427482 3.9318819e-20)
(55.942967 0.10518001 3.3927686e-20)
(55.509933 0.12584731 1.3596705e-20)
(54.629569 -0.15703117 4.6303589e-22)
(42.019887 -0.46103865 3.3463361e-22)
(42.212379 -0.46825512 3.2326651e-22)
(42.429763 -0.47608185 -1.700073e-19)
(42.674901 -0.4844454 -6.8056732e-22)
(42.950907 -0.49323647 -2.5995651e-24)
(43.261036 -0.50231122 -3.0014181e-24)
(43.608661 -0.51147113 -3.4262975e-24)
(43.997146 -0.52043533 1.6350078e-19)
(44.429697 -0.52882174 1.544152e-19)
(44.909153 -0.53612966 -1.4532606e-19)
(45.43771 -0.54172441 4.2315158e-21)
(46.016592 -0.54482735 -1.2505346e-19)
(46.645647 -0.54451749 1.1459355e-19)
(47.322899 -0.539742 -3.2604287e-21)
(48.044167 -0.52935512 9.4441095e-20)
(48.802742 -0.5122264 -7.9762034e-20)
(49.589209 -0.48775472 0)
(50.39198 -0.4536302 5.249617e-25)
(51.196197 -0.41103279 0)
(51.986571 -0.35939599 -1.3551352e-20)
(52.74713 -0.29934444 0)
(53.462185 -0.2322394 3.203375e-20)
(54.116863 -0.16012071 -1.8908241e-20)
(54.697151 -0.086218162 2.3793042e-24)
(55.188996 -0.015419396 -2.9610667e-20)
(55.57622 0.045366708 2.6179499e-20)
(55.838457 0.089660236 2.0425211e-21)
(55.945772 0.11242636 -3.6901404e-20)
(55.852506 0.078071709 0)
(55.438153 0.098528581 -7.2763808e-22)
(54.615476 -0.13822338 -1.5817379e-20)
(42.405393 -0.45030988 1.3840351e-24)
(42.587116 -0.45671894 -1.5267173e-19)
(42.792302 -0.46367151 -1.5764889e-19)
(43.02366 -0.47110276 1.6062464e-19)
(43.284144 -0.47891986 -1.6141171e-19)
(43.576862 -0.48699772 1.5994716e-19)
(43.905051 -0.49516189 -1.5633679e-19)
(44.27198 -0.50316396 3.0042106e-19)
(44.680814 -0.51066409 -1.4366974e-19)
(45.13443 -0.51721371 -1.3533996e-19)
(45.635174 -0.52223929 1.2422074e-19)
(46.184557 -0.52502938 -1.1662e-19)
(46.782888 -0.52473085 1.0358261e-19)
(47.428838 -0.52035636 -1.0043282e-19)
(48.119025 -0.5108267 1.7638446e-19)
(48.847662 -0.49506163 -7.9479948e-20)
(49.606337 -0.47209289 -8.9115643e-21)
(50.384379 -0.4400946 6.337453e-20)
(51.167325 -0.40081001 8.3621681e-24)
(51.940548 -0.35194076 1.2681302e-20)
(52.687756 -0.29485871 8.6587048e-24)
(53.392561 -0.23075595 -2.9957064e-20)
(54.03923 -0.16168678 -1.7696633e-20)
(54.612766 -0.090992075 0)
(55.098314 -0.023595853 1.3855708e-20)
(55.479544 0.032071567 -1.2251499e-20)
(55.734192 0.07025116 -2.350284e-20)
(55.836959 0.081325978 0)
(55.756178 0.056126877 -4.2404246e-21)
(55.357819 0.086138307 6.7114898e-22)
(54.602107 -0.11498076 6.0904532e-22)
(42.806423 -0.43329777 1.4654959e-19)
(42.97741 -0.43888765 0)
(43.170454 -0.44494838 2.8462972e-22)
(43.38812 -0.45142248 5.8076511e-22)
(43.633205 -0.45823285 0)
(43.908673 -0.46527082 0)
(44.217626 -0.47238671 0)
(44.563227 -0.47936372 -1.0954148e-21)
(44.94858 -0.48590576 1.3371377e-19)
(45.376571 -0.49162019 -2.5408428e-19)
(45.849651 -0.49600213 1.1762127e-19)
(46.369555 -0.49842091 0)
(46.936975 -0.49811437 0)
(47.55114 -0.49419266 9.3753008e-20)
(48.2094 -0.48565711 -8.2352626e-20)
(48.90686 -0.47143806 4.6402668e-21)
(49.636075 -0.45051091 -5.8333533e-20)
(50.386965 -0.42249187 6.6560789e-20)
(51.147183 -0.3851488 -6.6536885e-21)
(51.901257 -0.3400415 -1.1847286e-20)
(52.633021 -0.28678956 0)
(53.325672 -0.22649284 0)
(53.962583 -0.16116663 -1.6556257e-20)
(54.527769 -0.09394765 1.4651019e-20)
(55.005603 -0.02951988 1.2965757e-20)
(55.379315 0.023572976 -4.5849088e-20)
(55.629417 0.055268678 1.0135547e-20)
(55.721186 0.078371742 -1.8758644e-20)
(55.640634 0.036272363 7.9315431e-21)
(55.261455 0.085975003 0)
(54.546874 -0.063327583 -3.6973863e-20)
(43.175054 -0.42199139 -2.5012279e-22)
(43.336698 -0.42699911 0)
(43.519161 -0.43239467 2.5190059e-19)
(43.724878 -0.43814613 -2.5717203e-19)
(43.956512 -0.44427133 0)
(44.2169 -0.45087713 2.747582e-19)
(44.508974 -0.45735294 -2.6968537e-19)
(44.835792 -0.46362167 1.0183225e-21)
(45.200387 -0.46951305 0)
(45.60562 -0.47465171 2.3661956e-19)
(46.053992 -0.47858209 -4.4017555e-19)
(46.547388 -0.4807301 2.0283136e-19)
(47.086783 -0.48039549 0)
(47.671844 -0.47675397 -2.6516569e-21)
(48.300523 -0.46887196 7.6897995e-20)
(48.968692 -0.4557499 6.2290833e-24)
(49.669719 -0.43640362 6.6279482e-24)
(50.394243 -0.41004031 -5.5662608e-20)
(51.130399 -0.37587515 1.9050516e-25)
(51.863822 -0.33381176 1.6611044e-20)
(52.578362 -0.2840485 2.9528433e-20)
(53.257029 -0.22752079 -3.4928181e-20)
(53.882604 -0.16588273 -1.5482607e-20)
(54.438067 -0.10160643 4.1111167e-20)
(54.906888 -0.038450784 0)
(55.272038 0.016846685 2.144215e-20)
(55.516896 0.054008448 -6.7956457e-25)
(55.613743 0.10191537 1.6764247e-20)
(55.522699 0.035795042 0)
(55.158092 0.090265824 0)
(54.461889 -0.20894449 1.2563217e-20)
(43.57015 -0.39840551 -2.5012359e-19)
(43.721956 -0.40287223 2.4042561e-19)
(43.893301 -0.4077058 0)
(44.086497 -0.41285682 0)
(44.304058 -0.41827499 0)
(44.548663 -0.42388085 4.991117e-22)
(44.823143 -0.42955673 0)
(45.130422 -0.43513367 0)
(45.473437 -0.44038562 0)
(45.85501 -0.44500529 0)
(46.277669 -0.44859959 1.5965769e-21)
(46.743414 -0.45067414 0)
(47.253432 -0.45063182 1.7371857e-19)
(47.807768 -0.44773835 -1.5592601e-19)
(48.404852 -0.441225 -2.2437186e-21)
(49.041289 -0.43021697 -3.9751833e-27)
(49.711441 -0.41378128 0)
(50.406928 -0.39114498 0)
(51.116691 -0.36165269 5.8110229e-21)
(51.827011 -0.32501684 -5.1750288e-21)
(52.522038 -0.28135551 9.1995557e-21)
(53.184493 -0.23125294 0)
(53.796544 -0.17586981 -2.1707775e-20)
(54.340486 -0.11688067 1.2816657e-20)
(54.798991 -0.056638605 -2.2672152e-20)
(55.154873 0.0015371539 -3.0078258e-20)
(55.39182 0.048944075 1.7892452e-24)
(55.486177 0.10463895 -1.5671621e-20)
(55.390116 0.052574292 0)
(55.053467 0.077396237 -2.7575416e-20)
(54.436163 -0.18957775 -3.9449049e-21)
(43.912163 -0.38053548 -9.9423761e-23)
(44.055748 -0.38540337 0)
(44.217776 -0.39060069 0)
(44.40046 -0.39606084 2.3029116e-22)
(44.60619 -0.40186172 -2.3274817e-19)
(44.837537 -0.40776952 4.3861236e-19)
(45.097168 -0.41392764 -2.0730106e-19)
(45.387849 -0.4204734 0)
(45.712467 -0.42630736 2.1553863e-19)
(46.073743 -0.43140418 -2.0367817e-19)
(46.474178 -0.43557239 -1.4878924e-21)
(46.915847 -0.43839187 1.7778165e-19)
(47.400111 -0.43939116 -1.620519e-19)
(47.927281 -0.43798464 -1.4784024e-19)
(48.496239 -0.43346291 1.3614786e-19)
(49.104079 -0.42501522 -3.7798377e-21)
(49.745728 -0.41179437 0)
(50.413612 -0.39301124 3.0407686e-21)
(51.097353 -0.36812109 -5.4294433e-21)
(51.783897 -0.33673013 -4.8357979e-21)
(52.458129 -0.29889102 0)
(53.10315 -0.25500447 0)
(53.701012 -0.20583436 6.763765e-21)
(54.233582 -0.15246981 1.1978813e-20)
(54.683037 -0.096231472 1.0598452e-20)
(55.031552 -0.038840576 -9.3738203e-21)
(55.260695 0.012336096 3.3143284e-20)
(55.353152 0.068062162 2.1973749e-20)
(55.265949 0.045414051 4.5325989e-25)
(54.988348 0.032798404 3.7206398e-20)
(54.450697 -0.20079701 1.6807248e-22)
(44.304795 -0.37164743 2.1449275e-19)
(44.438922 -0.37548533 -2.05371e-19)
(44.590273 -0.37962076 2.0829545e-22)
(44.7609 -0.3840438 -2.1345969e-22)
(44.953033 -0.38875164 -2.1577234e-22)
(45.169081 -0.39370377 -2.2018259e-19)
(45.411607 -0.39882915 2.16354e-19)
(45.683289 -0.40402777 0)
(45.986851 -0.40914889 2.014753e-19)
(46.324956 -0.41399653 -1.8977447e-19)
(46.700073 -0.41830934 1.3870266e-21)
(47.114295 -0.42175069 -2.570799e-21)
(47.569095 -0.4238867 0)
(48.065189 -0.42413387 -2.156039e-21)
(48.602068 -0.42189617 0)
(49.177306 -0.41646354 1.7649746e-21)
(49.786422 -0.40700003 3.1721513e-21)
(50.422613 -0.39385181 -9.3261634e-20)
(51.077179 -0.37406877 8.1157454e-20)
(51.737815 -0.34961675 7.6819805e-20)
(52.389939 -0.3193185 -6.0251063e-20)
(53.016891 -0.28329357 -4.9922074e-20)
(53.600802 -0.24189283 5.0566896e-20)
(54.123294 -0.19566375 -5.5977734e-21)
(54.566029 -0.14544699 -6.722369e-25)
(54.910831 -0.092501592 -8.7603363e-21)
(55.138901 -0.040176644 0)
(55.232641 0.017696792 0)
(55.158505 0.003611259 0)
(54.919964 -0.03120555 -2.4060797e-20)
(54.432555 -0.21687576 3.3433324e-22)
(44.596646 -0.38678858 -1.1194032e-26)
(44.723344 -0.39089038 9.2711727e-23)
(44.866307 -0.39531861 -1.9756748e-19)
(45.027517 -0.40007256 2.0249067e-19)
(45.209107 -0.40515477 2.0007257e-22)
(45.413388 -0.41053022 -3.9921964e-22)
(45.64282 -0.41613849 -3.9266636e-22)
(45.899977 -0.42189468 0)
(46.187486 -0.42767018 -7.2962793e-22)
(46.507933 -0.43328313 0)
(46.863732 -0.43848715 0)
(47.256944 -0.44300713 1.1985737e-21)
(47.689066 -0.44648705 0)
(48.160868 -0.44837211 0)
(48.672132 -0.44800276 0)
(49.221129 -0.44477917 -1.6478887e-21)
(49.804199 -0.43804781 -9.7761398e-20)
(50.415615 -0.42642643 1.6817693e-19)
(51.045689 -0.41108757 4.7468384e-21)
(51.683992 -0.38980794 -6.3314749e-20)
(52.316764 -0.36298611 5.6299954e-20)
(52.928167 -0.33046758 -1.1660082e-19)
(53.50086 -0.29238702 5.8995966e-21)
(54.016524 -0.24902943 4.7076128e-20)
(54.45642 -0.20088254 -9.257985e-21)
(54.802132 -0.14819077 2.4561764e-20)
(55.035621 -0.090232955 -2.1708582e-20)
(55.13818 -0.035578044 -5.166328e-25)
(55.075653 -0.02912518 2.2057931e-20)
(54.844601 -0.038506741 9.9871757e-21)
(54.374952 -0.21777759 0)
(44.985382 -0.3650416 4.5405762e-23)
(45.102141 -0.36888484 -1.6713074e-19)
(45.233947 -0.37289175 1.6381456e-19)
(45.382635 -0.37721171 0)
(45.550213 -0.38199877 -1.5405835e-19)
(45.738853 -0.38736726 1.4871069e-19)
(45.950872 -0.39348419 1.504297e-19)
(46.188735 -0.40039165 -1.5756389e-19)
(46.454988 -0.40807388 0)
(46.752171 -0.41645563 0)
(47.082723 -0.42522071 -2.1930641e-19)
(47.448876 -0.43340028 2.615763e-19)
(47.852427 -0.43932308 2.6330081e-19)
(48.294164 -0.44295057 -4.8083991e-19)
(48.774033 -0.44426334 2.1817814e-19)
(49.290865 -0.44278233 9.8494682e-20)
(49.841586 -0.43810942 -1.3766093e-21)
(50.420811 -0.43027016 -7.8593601e-20)
(51.023197 -0.4167423 -7.0830364e-20)
(51.636781 -0.3990972 -3.9506494e-21)
(52.248708 -0.37651158 5.2596906e-20)
(52.843776 -0.34883821 3.1129381e-21)
(53.40494 -0.315854 3.8639457e-20)
(53.91395 -0.27732989 -4.3990411e-20)
(54.35219 -0.23290202 0)
(54.700648 -0.18202979 -3.0601797e-20)
(54.938228 -0.12574836 2.0283785e-20)
(55.043601 -0.072185941 -1.0729065e-24)
(54.98838 -0.051634662 3.3052539e-25)
(54.755743 -0.068367743 -9.3253575e-21)
(54.267899 -0.24033161 -7.6739638e-22)
(45.179692 -0.40048003 0)
(45.290886 -0.40478799 0)
(45.416506 -0.40933521 0)
(45.558312 -0.4142388 0)
(45.718234 -0.41966511 -1.3993848e-22)
(45.898377 -0.42560324 -1.3817887e-22)
(46.100998 -0.43210369 -1.3519851e-22)
(46.328466 -0.43929541 0)
(46.583255 -0.44695414 0)
(46.867877 -0.45448944 -3.0705674e-19)
(47.184781 -0.46115586 -8.5351697e-24)
(47.53614 -0.46705612 2.6742428e-19)
(47.923784 -0.47185158 0)
(48.348953 -0.47510086 -8.7587685e-22)
(48.811923 -0.47625397 2.0346749e-19)
(49.311429 -0.4746573 -1.4221103e-21)
(49.844324 -0.4696668 -1.62192e-19)
(50.405192 -0.46049736 0)
(50.987239 -0.4494979 1.3230848e-19)
(51.583324 -0.4320577 -5.8930336e-20)
(52.18094 -0.40974868 -4.7492903e-20)
(52.764671 -0.38228873 -4.652935e-20)
(53.316956 -0.34913885 4.3825323e-20)
(53.819523 -0.30988691 4.1101394e-20)
(54.253465 -0.26442413 -3.6366286e-20)
(54.599829 -0.21422599 -2.8588695e-20)
(54.837267 -0.16306167 2.5265458e-20)
(54.938881 -0.11603368 5.5818029e-21)
(54.876153 -0.11482444 -9.863681e-21)
(54.628013 -0.14954015 -4.3584136e-21)
(54.142081 -0.26779884 0)
(45.598994 -0.35003361 -3.207292e-19)
(45.700543 -0.35397633 3.0358657e-19)
(45.815211 -0.3583209 0)
(45.944612 -0.3630678 3.2502058e-19)
(46.09049 -0.36823292 1.64903e-22)
(46.254755 -0.37383031 -3.2902154e-19)
(46.439468 -0.37983055 3.245114e-19)
(46.646829 -0.38619182 -3.1519914e-19)
(46.879156 -0.39283747 0)
(47.138833 -0.39963967 0)
(47.42824 -0.40640607 -2.6218748e-22)
(47.749649 -0.41287604 4.8659473e-22)
(48.105073 -0.418707 -2.2969667e-19)
(48.496089 -0.4234555 4.1957748e-19)
(48.923566 -0.42656257 -1.9002375e-19)
(49.387382 -0.42745322 -1.7084952e-19)
(49.886079 -0.42577548 -1.8156858e-21)
(50.416634 -0.42024832 -1.1796152e-23)
(50.972044 -0.41024657 1.2359685e-19)
(51.541827 -0.39650175 0)
(52.114935 -0.37824877 -1.010014e-19)
(52.678219 -0.35485809 8.5581541e-20)
(53.215231 -0.32615598 -3.8544856e-20)
(53.707152 -0.29260062 3.4132929e-20)
(54.133889 -0.25467339 3.7756314e-21)
(54.475162 -0.2153204 0)
(54.708972 -0.1792962 -2.3608735e-20)
(54.809236 -0.15101993 7.8198568e-21)
(54.749877 -0.1518056 -1.6769266e-24)
(54.513946 -0.15792875 4.0657534e-21)
(54.032869 -0.23727285 1.0276357e-21)
(45.737249 -0.3096691 -3.0007989e-19)
(45.836245 -0.31401076 2.8305251e-19)
(45.948074 -0.31880203 -2.9478344e-19)
(46.074319 -0.3240852 3.0293675e-19)
(46.21668 -0.32987308 0)
(46.377008 -0.33617452 0)
(46.557276 -0.34297139 0)
(46.759567 -0.35021753 2.9406845e-19)
(46.986044 -0.35783371 -2.8207612e-19)
(47.238902 -0.36570622 -2.6731044e-19)
(47.520303 -0.37368768 5.0130623e-19)
(47.832295 -0.38160248 -2.3228206e-19)
(48.176731 -0.38921606 2.0888715e-22)
(48.555079 -0.39612272 0)
(48.968154 -0.40181936 1.7734046e-19)
(49.415868 -0.40590729 -1.5943893e-19)
(49.89693 -0.40778105 -1.4325517e-19)
(50.408218 -0.40628764 1.2777581e-19)
(50.943601 -0.39915668 0)
(51.496095 -0.38682672 0)
(52.054993 -0.36995611 1.4234818e-21)
(52.607385 -0.35010292 1.8955733e-21)
(53.13873 -0.3278218 -2.2497862e-21)
(53.630578 -0.29715733 9.9630897e-22)
(54.061634 -0.26513605 0)
(54.407026 -0.22881631 -2.4948316e-20)
(54.642931 -0.19303559 2.2046476e-20)
(54.747517 -0.16657483 1.4610179e-20)
(54.697261 -0.16806808 -2.7958929e-20)
(54.464334 -0.21070947 1.1396611e-20)
(53.996544 -0.22691558 -2.3024443e-21)
(46.100983 -0.23628924 -1.6649935e-19)
(46.193499 -0.23959002 -1.0654102e-23)
(46.298059 -0.24296106 1.6813118e-19)
(46.416169 -0.24653828 1.7555073e-19)
(46.549433 -0.25039574 -3.6222657e-19)
(46.699635 -0.25454385 1.846291e-19)
(46.868685 -0.25897039 0)
(47.058617 -0.26365608 0)
(47.271561 -0.26857546 0)
(47.509693 -0.27369364 0)
(47.77516 -0.27896045 0)
(48.069984 -0.28429793 -1.5839567e-22)
(48.395937 -0.28956775 1.4903997e-22)
(48.754392 -0.29450056 -1.4196708e-19)
(49.146126 -0.29864303 -4.7213501e-24)
(49.571107 -0.30158432 2.370184e-19)
(50.028351 -0.3037972 -2.1403365e-19)
(50.515403 -0.30580923 3.8738841e-22)
(51.030155 -0.29868921 1.0718072e-19)
(51.563965 -0.28287475 9.5500476e-20)
(52.101286 -0.26297694 7.5726583e-24)
(52.623886 -0.24277058 -5.8341084e-22)
(53.112384 -0.22055218 -5.2980009e-20)
(53.558711 -0.20636491 -3.8153533e-22)
(53.973689 -0.1976433 1.7422657e-20)
(54.31768 -0.18149184 -3.933581e-20)
(54.556369 -0.16963376 3.0406629e-20)
(54.677843 -0.15680836 -1.4453614e-20)
(54.644544 -0.15113704 2.0037965e-21)
(54.446208 -0.14939176 0)
(54.062055 -0.17155778 0)
(4.2429391 1.3197936 5.5537227e-18)
(4.9889865 1.226473 -5.2198164e-18)
(5.8201764 1.0882201 -4.7901975e-21)
(6.7761647 0.88116366 4.499611e-21)
(7.8916381 0.57975607 0)
(9.2529097 0.169553 0)
(10.830271 -0.39910558 -1.099797e-20)
(12.560659 -1.0993445 -3.4956471e-18)
(14.42219 -1.8714953 3.2536896e-18)
(16.309228 -2.684944 5.8695945e-21)
(18.138861 -3.5084448 -5.4193953e-21)
(19.803559 -4.2599604 0)
(21.218679 -4.8633979 9.1413914e-21)
(22.365041 -5.321543 0)
(23.253414 -5.5794585 1.9558981e-18)
(23.916204 -5.668879 -1.7691318e-18)
(24.41796 -5.5965158 -1.2537328e-20)
(24.813167 -5.4162161 1.1355271e-20)
(25.144306 -5.1263085 1.027736e-20)
(25.455232 -4.7758578 0)
(25.770205 -4.3749479 -1.682222e-20)
(26.117937 -3.9685892 9.746628e-19)
(26.516812 -3.5566159 2.6517879e-22)
(26.970234 -3.1390199 -8.1415604e-19)
(27.472906 -2.7584254 0)
(28.03056 -2.4062759 0)
(28.624483 -2.0939544 0)
(29.246779 -1.8234528 -5.3713494e-19)
(29.881547 -1.5939962 -6.1392387e-23)
(30.515349 -1.4042292 4.6554413e-19)
(31.139266 -1.2450604 -4.273217e-19)
(31.752263 -1.1093324 7.4844484e-19)
(32.354095 -0.98785236 -3.8376137e-19)
(32.953 -0.88042073 3.1183286e-19)
(33.549178 -0.78541705 -6.7034419e-19)
(34.137735 -0.70799746 3.1763166e-19)
(34.716295 -0.64885069 1.6257035e-20)
(35.279171 -0.60485998 0)
(35.82878 -0.57034042 -1.9326215e-19)
(36.36381 -0.54006612 4.5828832e-19)
(10.13922 0.31050689 -5.6553502e-18)
(11.499518 0.093352276 -5.3402462e-18)
(13.134257 -0.2205657 5.0790627e-21)
(14.886255 -0.59608165 9.278151e-18)
(16.705841 -1.0274918 -4.2826986e-18)
(18.586978 -1.543952 1.5490057e-20)
(20.488858 -2.1597249 1.4303086e-20)
(22.320244 -2.8363755 -6.5910803e-21)
(23.968701 -3.5179574 -1.2120914e-20)
(25.397265 -4.182243 1.1121678e-20)
(26.548718 -4.7829464 0)
(27.397639 -5.2385583 -2.784054e-20)
(27.966796 -5.5838988 0)
(28.313253 -5.7587778 -1.5298849e-20)
(28.482039 -5.8051272 1.3843226e-20)
(28.532972 -5.6945106 1.2167608e-20)
(28.525371 -5.5167296 -1.1019379e-20)
(28.492344 -5.2220731 0)
(28.47412 -4.8769876 -1.1800922e-18)
(28.496427 -4.4710564 1.0780704e-18)
(28.570993 -4.0834978 -9.3726588e-19)
(28.709249 -3.6837479 8.772654e-19)
(28.934345 -3.2672591 0)
(29.224632 -2.8870171 2.2426029e-20)
(29.592444 -2.5331418 0)
(30.018617 -2.2164958 0)
(30.493646 -1.9392477 -1.6986404e-20)
(31.000585 -1.7008844 4.8171676e-19)
(31.523883 -1.5011935 4.8730511e-23)
(32.052207 -1.3326407 -4.1758648e-19)
(32.581818 -1.1885815 -3.5947611e-19)
(33.110376 -1.0601579 3.3047009e-19)
(33.644261 -0.94685059 -3.0419945e-19)
(34.182928 -0.84601292 3.3621053e-19)
(34.720778 -0.76270488 -3.0974301e-19)
(35.254769 -0.69776139 2.8532634e-19)
(35.778528 -0.64846617 -5.841463e-20)
(36.293441 -0.60930995 2.4227498e-19)
(36.797559 -0.57506553 -2.4825709e-19)
(37.296432 -0.54339886 4.5817203e-20)
(37.790338 -0.5149344 -1.6914535e-19)
(38.283476 -0.49026248 1.5609955e-19)
(38.767091 -0.47472194 0)
(39.245386 -0.46097253 -6.6454971e-20)
(39.713051 -0.44965584 -6.4943296e-25)
(40.178539 -0.43766201 1.6984575e-19)
(40.62851 -0.42923289 -1.5678075e-19)
(41.08277 -0.41905081 4.1840535e-24)
(41.511445 -0.41280017 1.3370717e-19)
(41.956344 -0.40024992 -2.2354396e-24)
(42.36238 -0.3918354 3.5643973e-20)
(42.798118 -0.37142322 1.4088257e-19)
(43.173044 -0.35315329 -9.709343e-20)
(43.605938 -0.34943244 1.4064396e-24)
(43.928028 -0.36286964 -2.7963555e-20)
(44.361108 -0.34127134 -3.3122846e-20)
(44.579125 -0.3741278 5.7446409e-20)
(45.041613 -0.32647221 -1.8007625e-19)
(45.185983 -0.28398194 -1.7346305e-19)
(45.577944 -0.21671693 2.7031977e-21)
(22.195986 -1.3304765 1.0921335e-20)
(23.752147 -1.5654181 -1.0088058e-20)
(25.269748 -1.857948 -4.7798434e-18)
(26.70216 -2.1919651 4.37213e-18)
(28.035746 -2.5701292 -4.056268e-18)
(29.252216 -3.0068549 3.6918163e-18)
(30.324292 -3.4935317 3.4275594e-18)
(31.207066 -3.9916553 -3.1010062e-18)
(31.880347 -4.4828433 -3.3452107e-20)
(32.324974 -4.9568469 0)
(32.568876 -5.3086719 -2.3438322e-18)
(32.593874 -5.6074821 4.1117993e-18)
(32.495595 -5.7358807 -1.8515578e-18)
(32.280149 -5.7705064 -1.3560217e-20)
(31.991765 -5.6733337 0)
(31.689889 -5.4926124 0)
(31.391601 -5.2251529 2.0074824e-20)
(31.129537 -4.9001106 -1.8124301e-20)
(30.925841 -4.5225854 -1.6372472e-20)
(30.794176 -4.1350539 9.4724311e-19)
(30.730249 -3.7501428 -8.5677585e-19)
(30.765396 -3.3441441 0)
(30.874349 -2.9814185 -2.1677453e-20)
(31.075327 -2.6286612 -3.9936504e-20)
(31.350741 -2.3113698 3.6412391e-20)
(31.690817 -2.0317167 5.3157308e-19)
(32.079037 -1.7886112 -4.8570321e-19)
(32.498626 -1.5823462 2.7780713e-20)
(32.936506 -1.4070284 4.0729377e-19)
(33.386741 -1.2567342 -3.7367124e-19)
(33.845171 -1.1230322 4.2922031e-20)
(34.316524 -1.0052409 -3.1594358e-19)
(34.799649 -0.89978643 2.5456253e-19)
(35.288351 -0.81161783 0)
(35.779027 -0.74175347 -2.7775059e-19)
(36.264691 -0.6878819 2.2744898e-19)
(36.745781 -0.64469862 -5.2411188e-20)
(37.219743 -0.60699147 0)
(37.691381 -0.57235747 -4.4615301e-20)
(38.160725 -0.54120269 1.6475583e-19)
(38.631545 -0.51383317 -2.2815494e-19)
(39.09547 -0.49575094 0)
(39.555576 -0.47980653 -1.2961219e-19)
(40.006784 -0.46656457 5.9838972e-20)
(40.456975 -0.45277047 6.977695e-24)
(40.893165 -0.44279696 2.0415914e-19)
(41.334127 -0.43102337 -1.8867179e-19)
(41.751214 -0.42348783 0)
(42.184231 -0.40967696 1.6122229e-19)
(42.580148 -0.40043972 3.5169393e-20)
(43.004821 -0.37912482 -1.3802443e-19)
(43.370789 -0.36070631 1.2150241e-19)
(43.79266 -0.35577018 1.184495e-19)
(44.106448 -0.36966507 2.1958963e-19)
(44.52741 -0.34777629 5.8499149e-20)
(44.738563 -0.38129525 -1.5697136e-20)
(45.189492 -0.33298949 1.106458e-20)
(45.331957 -0.29100889 1.5511239e-19)
(45.716149 -0.22194345 0)
(33.201192 -2.5112316 1.2706494e-18)
(33.940184 -2.5677947 -3.846273e-18)
(34.608094 -2.7386855 3.3398606e-20)
(35.192925 -2.9710663 0)
(35.690541 -3.2758375 3.6182532e-18)
(36.094759 -3.6439005 -1.2667259e-20)
(36.37629 -4.0422745 -6.1096699e-18)
(36.525699 -4.4323059 2.8155977e-18)
(36.498348 -4.8876037 2.3994244e-18)
(36.375207 -5.1694703 -2.1513138e-18)
(36.104092 -5.4387535 -3.2185096e-20)
(35.721656 -5.5969765 2.9386098e-20)
(35.275749 -5.6411958 0)
(34.78946 -5.571657 -2.3984323e-20)
(34.302786 -5.4169709 0)
(33.833957 -5.177684 -1.9555483e-20)
(33.4083 -4.8782662 -1.1131451e-18)
(33.045855 -4.5255067 -4.3373926e-22)
(32.762355 -4.1562548 1.8771451e-18)
(32.548222 -3.7882966 -1.6468582e-18)
(32.430092 -3.4033212 1.5159901e-18)
(32.401878 -3.0340084 -1.3564653e-18)
(32.46118 -2.6999942 6.515894e-19)
(32.604072 -2.3866732 -9.2662845e-25)
(32.823712 -2.1056255 0)
(33.10439 -1.8603823 0)
(33.428862 -1.6501617 2.7031512e-20)
(33.782929 -1.4701407 -3.4656225e-19)
(34.15904 -1.3152639 4.0857295e-19)
(34.551548 -1.1776096 0)
(34.963763 -1.0564639 3.0684348e-19)
(35.3941 -0.94740904 -3.1782923e-19)
(35.835895 -0.85524709 -3.2532329e-19)
(36.285107 -0.7812079 2.9970512e-19)
(36.734214 -0.72339011 -1.6569339e-19)
(37.182806 -0.67671788 2.0364947e-19)
(37.627759 -0.63600414 9.3935589e-20)
(38.073192 -0.59878384 0)
(38.518882 -0.56527023 -8.0090379e-20)
(38.968213 -0.53549672 -1.4794493e-19)
(39.413209 -0.51511397 1.366237e-19)
(39.855838 -0.49717815 -1.2620168e-19)
(40.291248 -0.48219185 1.1658165e-19)
(40.726797 -0.4667568 -4.3506593e-24)
(41.1498 -0.45537391 -9.9575917e-20)
(41.578091 -0.44213971 0)
(41.984136 -0.43342719 0)
(42.405892 -0.41845068 -1.5759983e-19)
(42.792232 -0.4084612 -1.385189e-19)
(43.206456 -0.38632392 0)
(43.563995 -0.3679093 0)
(43.975468 -0.36171355 -2.3230273e-19)
(44.281488 -0.37606387 -2.1549703e-19)
(44.690943 -0.35409345 8.585384e-20)
(44.895915 -0.38827519 1.6936437e-20)
(45.3357 -0.33924729 5.2225688e-19)
(45.47665 -0.29781555 3.2555301e-19)
(45.853542 -0.22704654 0)
(38.493142 -2.9994674 4.5654421e-18)
(38.768334 -2.9266914 -8.5175233e-18)
(39.039651 -2.9476315 3.9231251e-18)
(39.279041 -3.0567487 3.6440323e-18)
(39.470125 -3.2643445 -6.7155754e-18)
(39.603282 -3.5397053 3.1224336e-18)
(39.632313 -3.9090983 2.0942847e-20)
(39.566913 -4.2211434 1.1433206e-24)
(39.388359 -4.6012159 2.3251344e-18)
(39.079168 -4.9448947 -2.1838125e-18)
(38.675624 -5.2086938 3.0766069e-20)
(38.177872 -5.3865374 -5.5794651e-20)
(37.619146 -5.4663384 0)
(37.028823 -5.4359472 2.284489e-20)
(36.438811 -5.3166989 4.1299928e-20)
(35.868551 -5.1123077 0)
(35.340001 -4.8428752 0)
(34.87161 -4.517183 0)
(34.481381 -4.1662697 8.0125684e-19)
(34.160188 -3.8136427 -8.2538648e-19)
(33.926479 -3.4447019 0)
(33.786481 -3.0893139 6.1685405e-19)
(33.735576 -2.7515499 -1.1809441e-18)
(33.770626 -2.447643 3.3236945e-20)
(33.88292 -2.170764 -7.8082652e-23)
(34.067829 -1.9225713 -6.1168672e-23)
(34.306707 -1.7093361 3.6059814e-19)
(34.584501 -1.5256712 -4.2411352e-19)
(34.892541 -1.3670927 3.0213251e-19)
(35.224043 -1.2262091 0)
(35.581151 -1.1023641 2.9115015e-19)
(35.962019 -0.9903489 -2.6783881e-19)
(36.359654 -0.89472619 6.1637516e-20)
(36.769703 -0.81697479 -2.8372625e-19)
(37.184191 -0.75562277 2.0897526e-19)
(37.601965 -0.70584882 0)
(38.019367 -0.66248313 8.8720278e-20)
(38.439903 -0.6229853 -8.1841998e-20)
(38.863095 -0.58738324 2.2659764e-19)
(39.291987 -0.55543526 -6.9714392e-20)
(39.718991 -0.53294421 1.2866854e-19)
(40.145027 -0.51318867 1.7486066e-24)
(40.56545 -0.49662009 2.8958492e-24)
(40.987143 -0.47968609 1.012365e-19)
(41.397669 -0.46701908 0)
(41.814017 -0.45244647 0)
(42.209652 -0.44266217 7.9789056e-20)
(42.620848 -0.42661051 -7.3776096e-20)
(42.998221 -0.41594301 0)
(43.402671 -0.39305125 0)
(43.752355 -0.37486195 0)
(44.154114 -0.36726162 0)
(44.452933 -0.38205945 2.5082416e-20)
(44.851545 -0.36026748 -9.5928882e-20)
(45.051048 -0.39510318 -1.7015175e-20)
(45.48013 -0.34523412 -3.2284685e-19)
(45.619996 -0.30435259 -3.014591e-19)
(45.990044 -0.23209489 0)
)
;

boundaryField
{
    Side1
    {
        type            empty;
    }
    Inlet
    {
        type            freestreamVelocity;
        freestreamValue uniform (51.471881 0 0);
        value           nonuniform List<vector> 
59
(
(51.831073 0.069232872 -4.00761e-25)
(51.834109 0.06536813 9.0787892e-21)
(51.837331 0.063240218 -3.5504885e-25)
(51.841031 0.061209373 0)
(51.845438 0.059344769 7.605834e-21)
(51.85066 0.057633755 -8.2016022e-21)
(51.856821 0.055987596 0)
(51.864061 0.054242707 0)
(51.872544 0.05219209 0)
(51.882437 0.049604293 0)
(51.893917 0.046267447 8.1948527e-21)
(51.907173 0.042027762 -7.7276556e-21)
(51.922418 0.036829521 -7.1912574e-21)
(51.939878 0.030790843 6.6111777e-21)
(51.959767 0.024143388 0)
(51.982234 0.017289021 0)
(52.007347 0.01061457 4.6249927e-21)
(52.035065 0.0044268997 -3.96341e-21)
(52.064949 -0.00031630282 3.3930513e-21)
(52.094351 -0.0062324317 -5.7782493e-21)
(52.123213 -0.014091894 4.5405374e-21)
(52.156373 -0.021296603 -3.7201035e-21)
(52.18959 -0.031186639 5.3287879e-21)
(52.233546 -0.03542983 -1.1706661e-20)
(52.28861 -0.022608118 2.720663e-24)
(52.308328 -0.023128808 2.0888997e-19)
(52.308202 -0.041238099 -1.0246535e-19)
(52.321474 -0.058579704 0)
(52.343278 -0.071856321 0)
(52.371921 -0.08041738 0)
(52.406972 -0.085096534 0)
(52.447839 -0.08851405 0)
(52.493259 -0.092506188 0)
(52.542664 -0.094237742 -2.6931308e-22)
(52.595864 -0.091270564 0)
(52.654037 -0.085040468 0)
(52.714604 -0.077494185 -8.3460947e-21)
(52.772057 -0.068423382 -1.8946736e-20)
(52.827507 -0.058089906 -1.3149762e-24)
(52.880979 -0.051319388 -1.4258293e-24)
(52.933176 -0.050709519 1.4629024e-20)
(52.981326 -0.057302259 -1.5844364e-22)
(53.020782 -0.068208393 -7.2703712e-21)
(53.045631 -0.077777307 6.9999748e-21)
(53.05302 -0.082343272 3.9922396e-25)
(53.048392 -0.078399552 2.311758e-22)
(53.041633 -0.069021763 -7.8983987e-21)
(53.035299 -0.057428135 3.0419294e-22)
(53.008459 -0.031644885 -1.8475893e-20)
(52.965101 -0.10434756 6.2741116e-21)
(52.951376 -0.094619647 -1.968931e-21)
(52.958471 -0.10020856 8.3877249e-23)
(52.949193 -0.10821629 1.6682502e-22)
(52.920435 -0.10866514 0)
(52.866719 -0.11989322 -3.828278e-22)
(52.803605 -0.13356079 0)
(52.749501 -0.11837017 5.126647e-22)
(52.731502 -0.1132142 -1.1487505e-21)
(52.764866 -0.085639681 0)
)
;
    }
    Side2
    {
        type            empty;
    }
    Outlet
    {
        type            zeroGradient;
    }
    Botwall
    {
        type            movingWallVelocity;
        value           nonuniform List<vector> 0();
    }
    Cyli
    {
        type            noSlip;
    }
    procBoundary3to0
    {
        type            processor;
        value           nonuniform List<vector> 7((3.5491486 1.3848826 -5.9220989e-18) (8.9435972 0.46910044 -6.014927e-18) (8.9435972 0.46910044 -6.014927e-18) (20.626148 -1.1458268 0) (20.626148 -1.1458268 0) (32.39185 -2.5942291 0) (32.39185 -2.5942291 0));
    }
    procBoundary3to1
    {
        type            processor;
        value           nonuniform List<vector> 
62
(
(1.8818976 1.8992342 4.9384228e-21)
(2.2862731 1.7776332 -2.3261894e-21)
(2.7237326 1.6391142 0)
(3.2214626 1.4646571 -4.2313967e-18)
(3.8125204 1.2335684 3.3000123e-18)
(4.5699109 0.94081901 0)
(5.5339312 0.42392914 2.576371e-18)
(6.7284103 -0.22382878 -3.3101364e-18)
(8.1306084 -0.97214227 -3.9879982e-22)
(9.7085882 -1.8095199 5.0425816e-21)
(11.40985 -2.6925293 2.6652748e-18)
(13.156256 -3.5326922 0)
(14.830267 -4.2455159 0)
(16.367193 -4.8081678 -2.0926279e-18)
(17.714275 -5.1681062 1.910793e-18)
(18.860343 -5.332549 0)
(19.83932 -5.3161667 6.2189207e-21)
(20.691103 -5.1723746 5.6540644e-21)
(21.449333 -4.9060125 1.0266131e-20)
(22.153925 -4.5702767 0)
(22.825667 -4.1787394 -8.4444765e-21)
(23.500934 -3.7774441 7.6609633e-21)
(24.19843 -3.3694968 6.9586952e-21)
(24.915363 -2.9573497 -1.2656267e-20)
(25.654215 -2.5842758 0)
(26.418344 -2.2411537 0)
(27.191965 -1.9397525 0)
(27.969803 -1.6818175 0)
(28.738269 -1.4660528 -1.6180458e-20)
(29.486782 -1.2900089 7.4261961e-21)
(30.209368 -1.1432098 4.230052e-19)
(30.908063 -1.018187 -1.2515997e-20)
(31.584891 -0.90552475 -3.8116356e-19)
(32.250096 -0.80551794 -2.1283471e-20)
(32.904724 -0.71768131 -1.9615025e-20)
(33.54466 -0.64726346 1.8075664e-20)
(34.168283 -0.59485432 2.8312421e-19)
(34.770656 -0.55694385 -2.455069e-19)
(35.355282 -0.52770563 0)
(35.921506 -0.50193566 2.0867682e-19)
(36.890596 -0.5117935 1.8793102e-19)
(36.890596 -0.5117935 1.8793102e-19)
(37.409677 -0.48637919 -2.1676433e-20)
(37.925696 -0.46472534 -1.1999138e-19)
(38.429544 -0.45199054 1.4756516e-19)
(38.926538 -0.44065586 -3.4033015e-20)
(39.411142 -0.43145777 6.2788145e-20)
(39.892429 -0.42143291 5.7941339e-20)
(40.356644 -0.41468769 -5.3458749e-20)
(40.824714 -0.40622917 -4.9351966e-20)
(41.265426 -0.40136809 -4.5546733e-20)
(41.722745 -0.39016907 8.4143931e-20)
(42.139369 -0.38264809 -3.6096024e-20)
(42.586725 -0.36321426 -3.5931853e-20)
(42.971086 -0.34519341 2.4304763e-20)
(43.415576 -0.34269054 -1.2303984e-19)
(43.746467 -0.35567187 2.8481054e-20)
(44.192226 -0.33449472 -5.1247378e-21)
(44.417751 -0.36672387 -1.2947264e-20)
(44.892195 -0.31971735 1.1448156e-20)
(45.038813 -0.27677633 2.6728172e-21)
(45.439027 -0.21134426 -1.3522582e-21)
)
;
    }
    procBoundary3to2
    {
        type            processor;
        value           nonuniform List<vector> 
35
(
(55.256847 0.99193582 4.7197707e-23)
(54.049732 0.40333537 -1.0330733e-23)
(52.185145 0.1422128 6.3628712e-20)
(55.661325 0.84147314 1.0057331e-19)
(56.077672 1.547872 0)
(56.345619 2.182917 2.9598165e-20)
(56.495467 2.7257571 0)
(56.562548 3.1682941 -3.8350599e-26)
(56.58048 3.5075585 2.662855e-20)
(56.575358 3.7484445 3.2078621e-22)
(56.568661 3.8959873 -2.4876912e-22)
(56.577704 3.9626008 -2.4968146e-20)
(56.607648 3.9524863 0)
(56.661799 3.882364 7.3547402e-25)
(56.734925 3.7492355 5.3493005e-20)
(56.806882 3.5587275 4.6376151e-20)
(56.843195 3.3060517 -4.1297413e-23)
(56.799134 2.9798299 0)
(56.569351 2.5160894 0)
(56.01117 1.8594275 -1.3297719e-19)
(56.01117 1.8594275 -1.3297719e-19)
(41.272576 -3.1230383 1.8794215e-20)
(41.272576 -3.1230383 1.8794215e-20)
(43.198632 -3.180064 -7.611989e-20)
(44.846269 -3.2062393 2.2731119e-20)
(46.376748 -3.1926326 -2.0380963e-20)
(47.853969 -3.0793159 8.2972076e-21)
(49.280668 -2.8526296 6.7145507e-21)
(50.635409 -2.4996859 -4.8649845e-20)
(51.884448 -2.0248955 0)
(53.003564 -1.4455509 -2.3936192e-20)
(53.973279 -0.78504889 4.0364555e-20)
(54.776729 -0.075378112 -6.7308264e-20)
(54.776729 -0.075378112 -6.7308264e-20)
(38.209803 -3.1513875 0)
)
;
    }
}


// ************************************************************************* //
