/*--------------------------------*- C++ -*----------------------------------*\
| =========                 |                                                 |
| \\      /  F ield         | OpenFOAM: The Open Source CFD Toolbox           |
|  \\    /   O peration     | Version:  2406                                  |
|   \\  /    A nd           | Website:  www.openfoam.com                      |
|    \\/     M anipulation  |                                                 |
\*---------------------------------------------------------------------------*/
FoamFile
{
    version     2.0;
    format      ascii;
    arch        "LSB;label=32;scalar=64";
    class       volScalarField;
    location    "0.1";
    object      T;
}
// * * * * * * * * * * * * * * * * * * * * * * * * * * * * * * * * * * * * * //

dimensions      [0 0 0 1 0 0 0];

internalField   nonuniform List<scalar> 
8260
(
292.43772
292.43935
292.44238
292.45205
292.46676
292.48439
292.50292
292.52044
292.53493
292.54476
292.54857
292.5453
292.53432
292.51633
292.49348
292.47268
292.48229
292.5673
292.64538
292.68326
292.70937
292.73314
292.75754
292.78006
292.80311
292.82089
292.84645
292.854
292.8625
292.89364
292.89664
292.51851
292.51238
292.50988
292.5127
292.5193
292.52854
292.53918
292.54961
292.55805
292.56285
292.56263
292.55618
292.54279
292.52284
292.49927
292.47908
292.49294
292.58235
292.65457
292.68901
292.71376
292.73665
292.76034
292.78228
292.80496
292.82243
292.84816
292.85519
292.8633
292.8951
292.90328
292.60519
292.59348
292.58463
292.58001
292.57845
292.57931
292.58178
292.58459
292.58626
292.58541
292.58044
292.57014
292.55375
292.5313
292.50655
292.48679
292.50678
292.59888
292.66387
292.69509
292.71853
292.74046
292.76335
292.78466
292.80691
292.82399
292.8498
292.85618
292.86436
292.89638
292.91064
292.69345
292.67696
292.6623
292.65081
292.64175
292.63474
292.62929
292.62451
292.61919
292.6121
292.60181
292.58709
292.56716
292.54183
292.51557
292.49657
292.52504
292.61731
292.67417
292.70212
292.72411
292.74493
292.7669
292.78748
292.80921
292.82588
292.8515
292.85727
292.8656
292.89734
292.9159
292.78094
292.7606
292.74114
292.72373
292.70799
292.69376
292.68081
292.66859
292.65621
292.6426
292.62656
292.60697
292.58303
292.55449
292.52655
292.50936
292.54787
292.63743
292.68542
292.71008
292.73046
292.75003
292.7709
292.79066
292.81177
292.828
292.85363
292.85861
292.86704
292.89792
292.92168
292.8664
292.84336
292.82022
292.79797
292.77649
292.75583
292.73596
292.71662
292.69724
292.67699
292.65491
292.63004
292.60166
292.56961
292.53999
292.52637
292.57608
292.65899
292.69775
292.7191
292.7377
292.75584
292.77547
292.79433
292.81468
292.83048
292.85602
292.86017
292.86865
292.8984
292.93171
292.94849
292.92374
292.89809
292.87217
292.84608
292.81997
292.794
292.76812
292.74204
292.71523
292.68698
292.65655
292.62339
292.58761
292.55669
292.54948
292.61027
292.68144
292.71126
292.7293
292.74594
292.76246
292.78064
292.79849
292.81792
292.83332
292.85795
292.86195
292.87048
292.89868
292.93809
293.02552
292.99998
292.97282
292.94446
292.91502
292.88469
292.85369
292.82212
292.78996
292.75693
292.72264
292.68658
292.64848
292.60901
292.57795
292.58129
292.64993
292.70448
292.72606
292.74082
292.75529
292.76998
292.78651
292.80325
292.82159
292.83657
292.85934
292.86396
292.87257
292.89903
292.93884
293.09583
293.07039
293.04272
293.01306
292.9815
292.94819
292.91337
292.87723
292.8399
292.80135
292.76145
292.72002
292.67708
292.63466
292.60615
292.62547
292.69278
292.72808
292.7423
292.75377
292.76586
292.77849
292.79313
292.80863
292.82572
292.84024
292.86075
292.86621
292.87486
292.89943
292.95014
293.15821
293.13335
293.106
293.07604
293.04345
293.00839
292.97105
292.93166
292.89038
292.84736
292.80271
292.75653
292.7094
292.6662
292.64595
292.68344
292.73485
292.75226
292.76023
292.7683
292.77775
292.78807
292.80064
292.81471
292.83041
292.84437
292.86302
292.86873
292.87739
292.89988
292.96497
293.2116
293.18728
293.16031
293.13068
293.0982
293.06277
293.02443
292.98332
292.9396
292.89353
292.84541
292.79577
292.7464
292.70718
292.70568
292.74922
292.77335
292.77738
292.78004
292.78449
292.79104
292.79878
292.80915
292.82154
292.83571
292.84901
292.86583
292.87156
292.88017
292.90026
292.98077
293.25334
293.23052
293.20501
293.17652
293.14491
293.11004
293.07185
293.03037
292.98574
292.93829
292.88862
292.83822
292.79243
292.76861
292.78781
292.80871
292.80857
292.80362
292.80152
292.80237
292.80578
292.81073
292.81873
292.8292
292.84173
292.85421
292.8691
292.87475
292.88322
292.90011
292.99424
293.28371
293.26223
293.2379
293.21109
293.18134
293.14822
293.11151
293.07123
293.02766
292.98154
292.93455
292.8907
292.86111
292.86021
292.86626
292.85585
292.84161
292.83127
292.82442
292.82145
292.82205
292.824
292.82939
292.83776
292.84852
292.85996
292.87291
292.87833
292.8866
292.89992
293.00582
293.2977
293.2794
293.25908
293.23596
293.20949
293.17933
293.14562
293.10889
293.07013
293.03115
292.99565
292.96929
292.95618
292.94568
292.92195
292.8967
292.87581
292.85968
292.84813
292.84169
292.8395
292.83861
292.84112
292.8473
292.8562
292.86628
292.87737
292.88235
292.89043
292.90074
293.01356
293.31365
293.29675
293.27711
293.25527
293.23216
293.208
293.18236
293.15511
293.12703
293.10024
293.07594
293.05307
293.02739
292.99453
292.96281
292.93402
292.90919
292.88905
292.8728
292.8625
292.8578
292.85439
292.85384
292.85784
292.86483
292.87317
292.88252
292.88684
292.89478
292.90227
293.01856
293.33064
293.32192
293.31216
293.29991
293.28374
293.26363
293.23983
293.21275
293.18532
293.15852
293.13002
293.09806
293.06311
293.03081
292.99884
292.96828
292.94131
292.91812
292.89836
292.8844
292.8763
292.87098
292.86785
292.86916
292.87434
292.88077
292.88834
292.89186
292.89963
292.90428
293.02293
293.30283
293.29396
293.28445
293.27435
293.26405
293.25422
293.24547
293.23692
293.22182
293.19502
293.1604
293.12675
293.09499
293.06276
293.03022
292.99806
292.96906
292.94518
292.92425
292.90708
292.89551
292.88803
292.88241
292.88156
292.88463
292.88923
292.89481
292.89749
292.90499
292.90689
293.02652
293.29857
293.29218
293.28435
293.27494
293.26382
293.25041
293.23357
293.21396
293.19569
293.18142
293.16875
293.14612
293.11756
293.088
293.05756
293.02725
292.99633
292.96988
292.9481
292.92987
292.91599
292.90516
292.89759
292.89497
292.89573
292.89858
292.90206
292.90387
292.91101
292.91047
293.01994
293.2596
293.25423
293.24834
293.24177
293.23433
293.22615
293.21777
293.20822
293.19649
293.1808
293.1624
293.14844
293.1317
293.10324
293.0762
293.05092
293.02255
292.99521
292.97089
292.95145
292.93625
292.92351
292.91347
292.90899
292.90782
292.9087
292.91036
292.91119
292.91786
292.91574
293.00983
293.24394
293.24027
293.23599
293.23102
293.22512
293.21775
293.2084
293.19731
293.18506
293.17243
293.15888
293.14044
293.12245
293.10968
293.08809
293.06696
293.04311
293.01902
292.99399
292.97198
292.95606
292.94171
292.93016
292.92402
292.92061
292.91959
292.9198
292.91958
292.92553
292.92446
292.99548
293.20713
293.20373
293.19992
293.19566
293.19092
293.18571
293.18003
293.17389
293.16692
293.15837
293.14803
293.13777
293.1254
293.11
293.09698
293.07557
293.057
293.03729
293.01509
292.99365
292.97432
292.95853
292.94762
292.93931
292.93401
292.93157
292.93019
292.92908
292.93354
292.93692
293.01282
293.19028
293.18813
293.18558
293.18256
293.179
293.17482
293.1699
293.16409
293.15728
293.14948
293.14038
293.12919
293.11713
293.10564
293.09066
293.07932
293.06806
293.05126
293.03022
293.01157
292.99249
292.97544
292.96446
292.95456
292.94814
292.9441
292.94153
292.93959
292.94163
292.94456
293.03121
293.15698
293.15517
293.15317
293.15094
293.14839
293.14543
293.142
293.1381
293.13383
293.12922
293.1243
293.11883
293.11173
293.10172
293.09366
293.08187
293.06461
293.05287
293.04254
293.0276
293.00985
292.99392
292.98016
292.97029
292.96264
292.95683
292.95368
292.95096
292.95084
292.94984
293.02744
293.14577
293.14463
293.14325
293.1416
293.13962
293.13722
293.13432
293.13086
293.12691
293.1223
293.1168
293.11019
293.10265
293.09483
293.08475
293.0777
293.07204
293.05933
293.04904
293.03771
293.02347
293.00973
292.99565
292.98537
292.97705
292.96988
292.96627
292.96317
292.96241
292.95943
293.03325
293.12286
293.12201
293.12103
293.11989
293.11855
293.11697
293.11508
293.11277
293.10992
293.10675
293.10319
293.09922
293.09531
293.0913
293.08716
293.08042
293.07539
293.07145
293.05673
293.04092
293.03027
293.02011
293.00944
292.99849
292.99055
292.98296
292.9791
292.97605
292.97632
292.97585
293.03734
293.11569
293.11506
293.11435
293.11355
293.11266
293.11165
293.11049
293.10913
293.10737
293.10491
293.1017
293.09791
293.0932
293.08763
293.08182
293.07702
293.07083
293.06517
293.06154
293.05007
293.03802
293.027
293.01836
293.01003
293.00276
292.99578
292.99274
292.98916
292.99128
292.99249
293.04287
293.09577
293.09529
293.09475
293.09413
293.09343
293.09262
293.09171
293.09069
293.08963
293.08858
293.08758
293.0863
293.08464
293.08253
293.07945
293.07467
293.06941
293.06318
293.05733
293.05357
293.04642
293.03524
293.02762
293.021
293.01414
293.0087
293.00707
293.00335
293.00788
293.01142
293.0287
293.08717
293.08695
293.0867
293.08639
293.08602
293.08555
293.08495
293.08419
293.0832
293.08194
293.0804
293.0787
293.07675
293.07445
293.07181
293.06885
293.06568
293.06258
293.06012
293.05801
293.0548
293.04777
293.0404
293.03288
293.02602
293.02171
293.02009
293.01687
293.01987
293.02373
293.01549
293.08147
293.08148
293.08147
293.08139
293.08125
293.08102
293.0807
293.08026
293.0797
293.07901
293.07818
293.07726
293.07627
293.07521
293.07412
293.07313
293.07218
293.0716
293.07107
293.06856
293.06543
293.06012
293.05326
293.04524
293.03842
293.03253
293.02825
293.02217
293.02213
293.02946
293.05511
293.08322
293.08322
293.08321
293.08317
293.08311
293.08302
293.08291
293.08277
293.0826
293.08242
293.08222
293.08201
293.08181
293.08152
293.08106
293.08044
293.07963
293.07831
293.07666
293.07628
293.07361
293.06888
293.06185
293.05419
293.04668
293.03761
293.03035
293.01725
293.01613
293.01042
293.05031
293.07439
293.07437
293.0743
293.07422
293.07411
293.07398
293.07383
293.07366
293.07346
293.07321
293.07289
293.07244
293.07185
293.07108
293.07008
293.06871
293.06697
293.06513
293.06269
293.05685
293.05621
293.05946
293.04322
293.04789
293.04485
293.02663
293.01923
293.0125
293.00892
292.99776
293.02249
293.72608
293.583
293.43653
293.30186
293.18614
293.08427
292.99238
292.9093
292.83297
292.7646
292.70393
292.65031
292.6023
292.55816
292.51604
292.4727
292.42969
292.39252
292.40313
292.48569
292.57418
292.63154
292.67436
292.71119
292.74486
292.77228
292.79859
292.81522
292.82284
292.85221
292.88739
293.52731
293.39484
293.28455
293.18747
293.09645
293.00997
292.9286
292.85374
292.78525
292.72436
292.67067
292.62312
292.58011
292.54001
292.50094
292.46026
292.41956
292.38912
292.40888
292.49989
292.58434
292.63769
292.67893
292.71494
292.748
292.7748
292.80073
292.81719
292.82448
292.85304
292.88555
293.4525
293.33723
293.23235
293.13349
293.04027
292.95445
292.87655
292.80672
292.74471
292.6903
292.64253
292.6001
292.5613
292.52457
292.48799
292.44974
292.41103
292.3871
292.41665
292.51353
292.59287
292.64288
292.68295
292.71825
292.75079
292.77705
292.80272
292.81905
292.82613
292.85365
292.88377
293.36799
293.25649
293.15494
293.06079
292.97396
292.89512
292.82459
292.76212
292.70727
292.65938
292.61733
292.57968
292.54473
292.51102
292.47655
292.44061
292.40424
292.38639
292.42591
292.52679
292.60103
292.64814
292.68712
292.72171
292.7537
292.7794
292.80481
292.82096
292.82781
292.85448
292.88242
293.2733
293.16817
293.07393
292.98722
292.90801
292.83703
292.7744
292.71966
292.67207
292.63068
292.59419
292.56109
292.52974
292.49881
292.46626
292.4325
292.39896
292.38668
292.4366
292.53966
292.6086
292.65318
292.6912
292.72507
292.75655
292.7817
292.80688
292.8229
292.8295
292.85542
292.88153
293.16454
293.07184
292.98789
292.91064
292.84091
292.77933
292.72566
292.67923
292.63911
292.60416
292.57303
292.54423
292.51625
292.48788
292.45716
292.42549
292.39532
292.38819
292.44895
292.55205
292.61568
292.65813
292.69525
292.72844
292.75941
292.78402
292.80899
292.82484
292.8312
292.85653
292.88117
293.04988
292.97033
292.89792
292.83211
292.77376
292.72288
292.67895
292.64118
292.60856
292.5799
292.55389
292.52914
292.50429
292.47828
292.44936
292.4197
292.39311
292.39099
292.46262
292.56373
292.62231
292.66295
292.69923
292.73174
292.76222
292.78631
292.81108
292.82674
292.8329
292.8578
292.88134
292.92494
292.86164
292.80424
292.75278
292.70758
292.66838
292.63467
292.6057
292.58049
292.55793
292.53677
292.5158
292.49384
292.46999
292.44287
292.41517
292.39162
292.39506
292.47725
292.57459
292.62858
292.66767
292.70316
292.73501
292.76501
292.7886
292.81317
292.82851
292.83461
292.85918
292.88179
292.79384
292.74988
292.71036
292.67502
292.64373
292.61656
292.59321
292.57299
292.55499
292.53824
292.52165
292.50419
292.48487
292.46291
292.43758
292.41172
292.3906
292.40086
292.49237
292.58461
292.63455
292.6723
292.70703
292.73822
292.76774
292.79087
292.81523
292.83013
292.83635
292.86071
292.88227
292.66424
292.64079
292.61973
292.60059
292.58318
292.56801
292.55496
292.54323
292.53213
292.52086
292.50852
292.49428
292.47733
292.45695
292.43338
292.40926
292.39042
292.40863
292.50738
292.59379
292.64028
292.67683
292.71082
292.74137
292.77042
292.79312
292.81726
292.83162
292.83811
292.86234
292.88245
292.54024
292.53774
292.53417
292.5304
292.52674
292.5234
292.52023
292.51657
292.51197
292.5058
292.49738
292.48606
292.47116
292.45223
292.43047
292.40777
292.39135
292.41823
292.52183
292.60224
292.64581
292.68127
292.71454
292.74447
292.77303
292.79533
292.81927
292.83307
292.83988
292.86417
292.8823
292.42498
292.44141
292.4549
292.46621
292.47576
292.48347
292.4893
292.49314
292.49455
292.49306
292.48818
292.47947
292.4664
292.44911
292.42898
292.40721
292.39339
292.4292
292.53546
292.61004
292.65117
292.68562
292.71818
292.7475
292.77557
292.79752
292.82129
292.83458
292.84163
292.86615
292.88181
292.32283
292.35566
292.38436
292.4093
292.43067
292.44843
292.46255
292.47303
292.47984
292.48258
292.48088
292.47452
292.46347
292.44774
292.42827
292.40738
292.39643
292.44083
292.54816
292.6173
292.65639
292.68987
292.72175
292.75045
292.77802
292.79965
292.82334
292.83616
292.84336
292.8684
292.88119
292.23756
292.28306
292.32417
292.36061
292.39209
292.41854
292.43993
292.45637
292.46793
292.47447
292.4757
292.47163
292.46231
292.44754
292.42833
292.40854
292.40039
292.45296
292.55997
292.62412
292.66148
292.69402
292.72523
292.75333
292.7804
292.80174
292.82538
292.83775
292.84504
292.87082
292.88028
292.17387
292.22757
292.27717
292.32186
292.36111
292.39455
292.42204
292.44378
292.45962
292.46944
292.47329
292.47088
292.46233
292.44823
292.42949
292.41072
292.40522
292.46536
292.57085
292.63057
292.66643
292.69806
292.72862
292.75613
292.7827
292.80377
292.82737
292.83933
292.8467
292.87351
292.87919
292.12252
292.18658
292.24359
292.2943
292.33908
292.37778
292.41004
292.43608
292.45544
292.4675
292.47255
292.47115
292.4635
292.45006
292.43175
292.41359
292.41085
292.4777
292.58082
292.63671
292.67125
292.702
292.73191
292.75886
292.78494
292.80574
292.82933
292.84088
292.84835
292.876
292.87778
292.06813
292.14645
292.21452
292.27337
292.32404
292.36733
292.40358
292.43215
292.45299
292.46674
292.47335
292.47294
292.46598
292.45306
292.43508
292.41733
292.4172
292.48972
292.59008
292.64264
292.67596
292.70585
292.73513
292.76153
292.78714
292.80765
292.83124
292.84242
292.85
292.87824
292.87629
292.04351
292.11947
292.19038
292.25432
292.31025
292.35799
292.39766
292.42916
292.4525
292.46803
292.47596
292.47638
292.46983
292.45723
292.43942
292.42209
292.42429
292.50129
292.59869
292.64837
292.68056
292.70961
292.73825
292.76413
292.7893
292.8095
292.83309
292.84393
292.85164
292.88033
292.87484
292.0518
292.12005
292.18621
292.24842
292.30487
292.35431
292.39603
292.42958
292.45468
292.47164
292.48051
292.48146
292.47508
292.46256
292.44474
292.42767
292.432
292.51232
292.60673
292.65391
292.68505
292.71328
292.74129
292.76665
292.79142
292.8113
292.83491
292.84541
292.85325
292.88232
292.87357
292.07532
292.13744
292.19808
292.25602
292.30988
292.35828
292.40006
292.43406
292.45989
292.47763
292.48703
292.48821
292.48174
292.46903
292.451
292.43399
292.44018
292.52278
292.61426
292.65929
292.68944
292.71686
292.74424
292.76909
292.7935
292.81304
292.83673
292.84687
292.85483
292.88418
292.87354
292.11303
292.16768
292.22194
292.27444
292.32402
292.36955
292.40959
292.44265
292.46828
292.48602
292.4955
292.49661
292.4898
292.47665
292.45818
292.44098
292.4487
292.53268
292.62132
292.66448
292.69369
292.72032
292.74708
292.77144
292.79551
292.81471
292.8386
292.8483
292.85637
292.88608
292.87489
292.16509
292.20992
292.25602
292.30175
292.34579
292.38705
292.42386
292.45499
292.47961
292.49666
292.50577
292.50653
292.49918
292.48534
292.46619
292.44867
292.45747
292.54204
292.62787
292.6694
292.69775
292.72362
292.74977
292.77367
292.79745
292.81631
292.84043
292.84972
292.85787
292.88796
292.87736
292.2315
292.26326
292.29819
292.33532
292.37262
292.40851
292.44154
292.47021
292.49313
292.50909
292.51747
292.51768
292.50966
292.49497
292.47494
292.45706
292.4663
292.55065
292.63372
292.67396
292.70156
292.72673
292.75231
292.77578
292.79931
292.81786
292.84214
292.85111
292.85934
292.88985
292.88181
292.31828
292.33545
292.35507
292.3795
292.40735
292.43631
292.46421
292.4892
292.50949
292.52386
292.53109
292.53044
292.52156
292.50571
292.48452
292.46537
292.47422
292.55784
292.63877
292.67821
292.70519
292.72973
292.75479
292.77783
292.80116
292.8194
292.84417
292.85253
292.86096
292.89171
292.88768
293.72829
293.60545
293.46401
293.32836
293.20907
293.10571
293.01312
292.92799
292.85113
292.78171
292.71943
292.66386
292.61391
292.56802
292.52451
292.48024
292.43627
292.3967
292.40189
292.47859
292.56909
292.62822
292.67174
292.709
292.74297
292.77074
292.79717
292.81383
292.82168
292.85195
292.88859
293.70116
293.57867
293.44275
293.31595
293.20334
293.10443
293.01572
292.93403
292.85929
292.79097
292.72884
292.67273
292.62184
292.57486
292.53024
292.48514
292.44018
292.39981
292.40105
292.47419
292.56613
292.62625
292.67005
292.70751
292.74158
292.76955
292.79603
292.81263
292.82066
292.85172
292.88994
293.67598
293.55954
293.42888
293.30886
293.20221
293.10739
293.02166
292.94237
292.86903
292.80138
292.73922
292.68246
292.63055
292.58239
292.53656
292.49054
292.44444
292.40283
292.40007
292.46904
292.5626
292.62399
292.66816
292.70585
292.74004
292.76825
292.79478
292.81139
292.81957
292.85147
292.89185
293.65429
293.54662
293.42037
293.30506
293.20238
293.11068
293.02742
292.95008
292.87814
292.81132
292.74936
292.6922
292.63945
292.59023
292.54326
292.4964
292.44928
292.40614
292.39957
292.46372
292.55863
292.6214
292.66601
292.70397
292.73834
292.76681
292.79343
292.81008
292.81847
292.85133
292.89401
293.63341
293.53414
293.41325
293.30187
293.20243
293.11352
293.03259
292.95722
292.8868
292.82099
292.75943
292.70208
292.64866
292.59849
292.55045
292.50279
292.45462
292.40992
292.39956
292.45845
292.55441
292.61863
292.66371
292.70198
292.73654
292.76532
292.79207
292.80876
292.81707
292.85076
292.89609
293.61177
293.52177
293.40657
293.29858
293.20238
293.11621
293.03756
292.96419
292.89534
292.8306
292.76958
292.71217
292.65822
292.6072
292.55816
292.50969
292.46047
292.41428
292.39998
292.45326
292.54994
292.61567
292.66122
292.69977
292.73451
292.76356
292.7904
292.80706
292.81576
292.85041
292.89732
293.58888
293.50917
293.4005
293.29638
293.20315
293.11942
293.04282
292.97129
292.90394
292.84026
292.77983
292.72247
292.66813
292.61638
292.56641
292.51709
292.46691
292.41938
292.40082
292.44824
292.54534
292.61267
292.65872
292.69755
292.73247
292.76184
292.78881
292.80541
292.81441
292.85009
292.89823
293.56709
293.49685
293.39539
293.29537
293.20482
293.1232
293.04842
292.97855
292.9126
292.84998
292.7902
292.73304
292.67843
292.62605
292.57523
292.52501
292.47395
292.42532
292.40214
292.44343
292.54055
292.60957
292.65614
292.69524
292.73034
292.76004
292.78715
292.8037
292.81298
292.84984
292.89916
293.5487
293.48622
293.39208
293.29621
293.20813
293.12825
293.05493
292.98642
292.92166
292.85998
292.80083
292.74392
292.68913
292.63622
292.58462
292.53351
292.48161
292.43196
292.40412
292.4389
292.53556
292.60637
292.65348
292.69285
292.72811
292.75815
292.78543
292.80192
292.81147
292.84965
292.89983
293.53427
293.47797
293.3909
293.29921
293.21336
293.13489
293.06264
292.99515
292.93131
292.87039
292.8118
292.75515
292.70026
292.6469
292.59459
292.54261
292.48986
292.43919
292.40726
292.43476
292.53036
292.60305
292.65073
292.69035
292.72576
292.75616
292.78362
292.80009
292.80987
292.84947
292.90023
293.52482
293.47297
293.39228
293.30461
293.22078
293.14335
293.07183
293.00497
292.94175
292.88139
292.82322
292.76679
292.71184
292.6581
292.60514
292.55232
292.49871
292.44694
292.41149
292.43129
292.52496
292.59964
292.64789
292.68776
292.72329
292.75407
292.78171
292.79819
292.8082
292.84923
292.90041
293.51921
293.47106
293.39629
293.31252
293.23054
293.15384
293.08264
293.01608
292.95316
292.8931
292.83521
292.77893
292.72391
292.66984
292.6163
292.56268
292.50817
292.45512
292.41664
292.42896
292.51943
292.59613
292.64499
292.68507
292.72071
292.75186
292.7797
292.79622
292.80646
292.84892
292.90013
293.51748
293.47283
293.40325
293.32303
293.24266
293.16643
293.09521
293.02857
292.96565
292.90565
292.84785
292.79163
292.73653
292.68216
292.62808
292.57369
292.5183
292.46418
292.42262
292.42777
292.51382
292.59254
292.64203
292.6823
292.71802
292.74953
292.7776
292.79417
292.80466
292.84865
292.89902
293.51763
293.47693
293.41257
293.33584
293.25698
293.181
293.1095
293.04247
292.97928
292.91911
292.86124
292.80497
292.74974
292.69508
292.64051
292.58542
292.52921
292.47419
292.42962
292.42774
292.5082
292.58889
292.63902
292.67944
292.71522
292.7471
292.7754
292.79205
292.80284
292.84858
292.89654
293.51971
293.48285
293.42373
293.3506
293.27322
293.19738
293.12542
293.05777
292.99405
292.93354
292.87543
292.81899
292.76359
292.70865
292.65364
292.59792
292.54105
292.48516
292.43783
292.42885
292.5027
292.58519
292.63597
292.67652
292.71235
292.74455
292.77313
292.78986
292.80101
292.84888
292.89233
293.52371
293.49008
293.43609
293.36686
293.29113
293.2154
293.14286
293.07443
293.00998
292.94893
292.89047
292.83378
292.77814
292.72293
292.66752
292.61131
292.55399
292.49726
292.44703
292.43106
292.49743
292.58146
292.63292
292.67353
292.7094
292.7419
292.77082
292.7876
292.7992
292.84961
292.88654
293.5299
293.49903
293.44978
293.38452
293.31062
293.23505
293.1618
293.09243
293.02711
292.96535
292.9064
292.84937
292.79346
292.73796
292.68222
292.62565
292.56816
292.51068
292.45766
292.43427
292.49254
292.57774
292.62986
292.67052
292.70642
292.73918
292.76844
292.78529
292.7974
292.85076
292.88008
293.53859
293.50975
293.46464
293.4034
293.33163
293.25633
293.18233
293.11189
293.04552
292.9829
292.92331
292.86586
292.80962
292.75382
292.69779
292.64096
292.5833
292.52525
292.46934
292.43834
292.48829
292.57404
292.62683
292.66749
292.7034
292.73638
292.766
292.78294
292.79559
292.852
292.87451
293.54996
293.52234
293.48054
293.4232
293.35394
293.27924
293.20457
293.13296
293.0654
293.00176
292.94137
292.88333
292.8267
292.77058
292.71426
292.65718
292.59916
292.54013
292.48185
292.4446
292.48497
292.57043
292.62386
292.66445
292.70039
292.73355
292.76341
292.78057
292.79374
292.85286
292.871
293.56463
293.5376
293.49813
293.44415
293.37756
293.30383
293.22872
293.15593
293.08702
293.02216
292.96078
292.90198
292.8448
292.78829
292.73165
292.67427
292.61575
292.55579
292.49581
292.45257
292.48262
292.56683
292.62093
292.66153
292.69741
292.73067
292.76064
292.77817
292.79186
292.85289
292.86988
293.58184
293.55495
293.51713
293.4659
293.40202
293.32983
293.25475
293.18099
293.11068
293.04439
292.98178
292.922
292.86407
292.80704
292.75001
292.69225
292.63321
292.57248
292.51123
292.46243
292.48092
292.56339
292.61824
292.65854
292.69439
292.72784
292.75765
292.77579
292.78991
292.85192
292.87084
293.6018
293.57462
293.53727
293.48819
293.42714
293.35694
293.28244
293.20806
293.13644
293.06862
293.00456
292.94354
292.88464
292.82687
292.76934
292.71115
292.65158
292.59012
292.52763
292.47436
292.48137
292.55975
292.61546
292.65594
292.69163
292.72498
292.75449
292.77344
292.788
292.85001
292.87306
293.6213
293.59498
293.55885
293.5109
293.45166
293.38351
293.31034
293.23613
293.16372
293.09457
293.02902
292.96661
292.90654
292.84787
292.78964
292.73094
292.67084
292.60871
292.54505
292.48782
292.48406
292.55661
292.61334
292.65313
292.68869
292.72225
292.75133
292.77114
292.78595
292.8479
292.87496
293.63425
293.609
293.57462
293.52953
293.47339
293.40819
293.33724
293.26412
293.19166
293.12164
293.05478
292.991
292.92966
292.86994
292.81089
292.75157
292.69097
292.62828
292.56379
292.50336
292.48787
292.55394
292.61087
292.65099
292.68629
292.71957
292.74831
292.76893
292.78338
292.8465
292.87493
293.63821
293.61464
293.58268
293.54091
293.489
293.42808
293.36072
293.29
293.21863
293.1486
293.081
293.01611
292.95362
292.89285
292.83295
292.77295
292.71187
292.64877
292.58364
292.52004
292.49245
292.55155
292.60952
292.64898
292.68403
292.71709
292.7456
292.76676
292.78097
292.84607
292.87318
293.6314
293.60991
293.58103
293.54347
293.49664
293.44108
293.37855
293.31161
293.24271
293.17386
293.10645
293.04109
292.97781
292.9162
292.85553
292.79491
292.73336
292.66989
292.60414
292.53854
292.49941
292.54965
292.60771
292.64723
292.68183
292.71484
292.74313
292.7647
292.7789
292.8465
292.87236
293.61419
293.5952
293.56974
293.5366
293.49515
293.44561
293.3891
293.32733
293.26232
293.196
293.12989
293.06494
293.0015
292.93943
292.87824
292.81714
292.75518
292.69137
292.62499
292.55759
292.50901
292.54737
292.6068
292.64666
292.68116
292.71277
292.74091
292.76264
292.77709
292.84724
292.87523
293.58756
293.57134
293.54973
293.52159
293.48612
293.44324
293.39337
293.33756
293.27735
293.21452
293.15067
293.08695
293.02401
292.96199
292.90062
292.83927
292.77707
292.713
292.64615
292.57725
292.52054
292.54724
292.60717
292.64689
292.67955
292.71113
292.73893
292.76061
292.7755
292.84759
292.88316
293.55455
293.54156
293.52414
293.50125
293.47203
293.43582
293.39262
293.34304
293.2882
293.22955
293.16863
293.10679
293.04492
292.98344
292.92227
292.86098
292.79876
292.7346
292.66749
292.59759
292.53519
292.54899
292.60749
292.64637
292.6792
292.7095
292.73703
292.75861
292.77416
292.84728
292.8964
293.51751
293.50727
293.49365
293.47576
293.4526
293.42326
293.38715
293.34426
293.29529
293.24141
293.18403
293.12456
293.06419
293.00359
292.94295
292.88198
292.82
292.75601
292.68897
292.61867
292.55206
292.55321
292.60792
292.64785
292.67961
292.70861
292.73574
292.75654
292.77293
292.84597
292.91372
293.47891
293.47109
293.46071
293.44704
293.42919
293.40615
293.377
293.34119
293.29869
293.25021
293.19698
293.14044
293.08194
293.02251
292.96262
292.90219
292.84066
292.77711
292.71049
292.64025
292.57192
292.55798
292.61039
292.64982
292.68017
292.70753
292.73467
292.75474
292.77166
292.84412
292.93179
293.44313
293.43641
293.42793
293.41711
293.40316
293.38511
293.36197
293.33282
293.29711
293.25483
293.20667
293.15388
293.09794
293.04012
292.98125
292.92156
292.86069
292.79778
292.73178
292.66203
292.59192
292.56505
292.61342
292.6512
292.68102
292.70816
292.73432
292.75316
292.77053
292.84207
292.94449
293.41861
293.412
293.40379
293.39363
293.38108
293.3655
293.34603
293.32172
293.29162
293.25516
293.21241
293.16415
293.11161
293.0561
292.99874
292.94009
292.88007
292.81802
292.75292
292.68397
292.61331
292.57546
292.61694
292.65348
292.68297
292.70943
292.73499
292.75232
292.76982
292.83938
292.94897
293.40349
293.39698
293.38942
293.38046
293.36946
293.35564
293.33818
293.31619
293.28897
293.25612
293.21747
293.17321
293.12401
293.07104
293.01544
292.95802
292.89898
292.8379
292.77389
292.70602
292.63548
292.5874
292.62108
292.65745
292.68523
292.71066
292.7354
292.75217
292.76978
292.83628
292.94702
293.40312
293.39546
293.38682
293.37696
293.36556
293.35213
293.33594
293.31615
293.29178
293.2619
293.22607
293.18442
293.13764
293.08661
293.03242
292.97601
292.91783
292.85766
292.79474
292.72806
292.65806
292.60165
292.62641
292.66286
292.68898
292.71243
292.73625
292.75253
292.77017
292.83295
292.94028
293.41698
293.409
293.39989
293.3894
293.37725
293.36306
293.34628
293.32619
293.30201
293.273
293.23851
293.19846
293.15311
293.10334
293.05015
292.99452
292.937
292.87757
292.81559
292.75008
292.68083
292.61827
292.63273
292.66788
292.69221
292.71519
292.73749
292.75341
292.77075
292.83076
292.93126
293.42983
293.4226
293.41418
293.40422
293.39239
293.37827
293.36139
293.34119
293.31707
293.28832
293.25435
293.21498
293.17051
293.12144
293.06882
293.01368
292.95665
292.89777
292.83655
292.77211
292.70382
292.63797
292.63968
292.67284
292.6963
292.71845
292.73859
292.75452
292.77157
292.82972
292.92286
293.43233
293.42666
293.41987
293.41164
293.40155
293.38914
293.37385
293.35505
293.3321
293.30442
293.27154
293.23312
293.1891
293.14036
293.0881
293.03328
292.97656
292.91809
292.85751
292.79399
292.72662
292.6588
292.64693
292.67854
292.70139
292.72171
292.74071
292.75679
292.77203
292.83048
292.91794
293.41778
293.4139
293.40914
293.4032
293.39569
293.38614
293.37392
293.35831
293.33853
293.31379
293.28335
293.24679
293.20474
293.15789
293.1069
293.05275
292.99639
292.93827
292.87818
292.81537
292.74868
292.67938
292.65469
292.68361
292.70573
292.72504
292.74353
292.75908
292.77284
292.83243
292.91984
293.3864
293.38364
293.38027
293.37607
293.37074
293.36384
293.35486
293.34312
293.32776
293.30781
293.28262
293.25172
293.21472
293.17173
293.12351
293.07116
293.0158
292.9582
292.89851
292.83617
292.76993
292.69984
292.66345
292.68856
292.71067
292.72972
292.74731
292.76049
292.77209
292.83455
292.92958
293.34839
293.34595
293.34314
293.33982
293.33575
293.33065
293.3241
293.31544
293.30391
293.28894
293.26984
293.24548
293.21495
293.17794
293.13474
293.08616
293.03327
292.97711
292.91822
292.8564
292.79067
292.72068
292.67394
292.69368
292.71576
292.73393
292.74982
292.76168
292.77147
292.83516
292.93758
293.31594
293.31315
293.31012
293.30677
293.30299
293.29859
293.2933
293.28677
293.27846
293.26739
293.25246
293.23299
293.20819
293.17733
293.14004
293.09655
293.04758
292.99407
292.93677
292.87593
292.81102
292.74168
292.68613
292.69924
292.72027
292.73665
292.7514
292.7624
292.77119
292.83417
292.93284
293.30106
293.29734
293.29337
293.28911
293.28452
293.2795
293.27387
293.26739
293.25967
293.25012
293.23791
293.22206
293.20156
293.17552
293.14329
293.10461
293.05974
293.00933
292.95417
292.89476
292.83097
292.7624
292.70074
292.70402
292.72352
292.73832
292.75162
292.7621
292.77043
292.83101
292.92274
293.30792
293.3035
293.29869
293.29346
293.28776
293.28151
293.2746
293.26685
293.25798
293.24761
293.23521
293.22003
293.20112
293.17748
293.14832
293.11308
293.07152
293.02388
292.9708
292.91288
292.85026
292.78236
292.71628
292.70793
292.7259
292.73953
292.75105
292.76118
292.76895
292.82696
292.92046
293.31893
293.31472
293.31004
293.30485
293.29906
293.29258
293.28527
293.27696
293.26737
293.2562
293.243
293.22725
293.2082
293.18502
293.1569
293.12319
293.08356
293.03792
292.98648
292.92978
292.86809
292.80055
292.72974
292.71027
292.7259
292.73896
292.74909
292.75883
292.76719
292.82377
292.93055
293.31888
293.3155
293.31172
293.30747
293.30267
293.29719
293.29088
293.28352
293.27483
293.26442
293.25184
293.23649
293.21776
293.19497
293.16739
293.13437
293.09555
293.05089
293.00056
292.94478
292.88374
292.81652
292.74314
292.71287
292.72519
292.73746
292.74675
292.75563
292.76471
292.82239
292.94198
293.30522
293.30246
293.2994
293.296
293.29218
293.28784
293.28284
293.27696
293.26992
293.26134
293.25073
293.23748
293.22086
293.20009
293.17438
293.14307
293.10574
293.06227
293.01289
292.95792
292.89747
292.83074
292.75722
292.71613
292.72465
292.73539
292.74402
292.75232
292.76156
292.82133
292.94621
293.28792
293.28526
293.28235
293.27917
293.27567
293.27177
293.26739
293.26236
293.25646
293.24936
293.24063
293.22968
293.21574
293.19791
293.17528
293.14703
293.11249
293.07137
293.02374
292.96996
292.91029
292.8443
292.77136
292.72059
292.72445
292.73412
292.74223
292.74923
292.75914
292.81943
292.94593
293.27788
293.27507
293.272
293.26866
293.265
293.26098
293.25652
293.25153
293.24582
293.23914
293.23115
293.22133
293.20902
293.1934
293.17351
293.14833
293.11699
293.07887
293.03372
292.98172
292.92325
292.85828
292.78615
292.72666
292.72374
292.73316
292.74099
292.7475
292.75819
292.81719
292.94493
293.27501
293.27219
293.26909
293.26569
293.26195
293.25784
293.25328
293.24817
293.24238
293.23569
293.22779
293.21826
293.20655
293.19192
293.17351
293.15035
293.12142
293.08586
293.0431
292.99307
292.93608
292.87226
292.80082
292.73353
292.7224
292.73203
292.73971
292.74668
292.75922
292.81782
292.94518
293.27223
293.26964
293.26677
293.26361
293.26012
293.25625
293.25194
293.2471
293.24158
293.23519
293.22766
293.21861
293.20752
293.19374
293.17643
293.15466
293.1274
293.09375
293.05306
293.00501
292.94968
292.88725
292.81699
292.74392
292.72383
292.73281
292.74057
292.74777
292.76249
292.82153
292.94668
293.26586
293.26353
293.26096
293.25813
293.255
293.25152
293.24765
293.24329
293.23832
293.23256
293.22574
293.21751
293.20737
293.1947
293.1787
293.15845
293.13296
293.10126
293.06262
293.01659
292.96309
292.90224
292.83316
292.75699
292.72762
292.7355
292.74358
292.75246
292.76851
292.82709
292.94834
293.25861
293.25641
293.25399
293.25133
293.24838
293.24512
293.24149
293.23742
293.2328
293.22747
293.22121
293.21369
293.20446
293.19293
293.17835
293.15981
293.13633
293.10691
293.07071
293.02717
292.97612
292.91758
292.85075
292.77508
292.73491
292.74124
292.75089
292.76127
292.77794
292.83529
292.95228
293.254
293.25186
293.24949
293.24686
293.24394
293.2407
293.2371
293.23306
293.2285
293.22328
293.21721
293.21
293.20125
293.19044
293.17685
293.15965
293.13787
293.1105
293.07665
293.03564
292.98714
292.93109
292.86708
292.79367
292.74463
292.74951
292.76028
292.77133
292.78806
292.84341
292.95702
293.24895
293.24687
293.24457
293.24204
293.23925
293.23616
293.23274
293.22891
293.22459
293.21966
293.21394
293.20717
293.199
293.18895
293.17639
293.16055
293.14056
293.11542
293.08422
293.04619
293.00089
292.94816
292.88757
292.81722
292.75866
292.75757
292.76866
292.7781
292.79429
292.84964
292.96008
293.24189
293.24009
293.23808
293.23585
293.23338
293.23063
293.22758
293.22417
293.22031
293.21591
293.21081
293.20478
293.19749
293.18856
293.17744
293.16341
293.14563
293.12315
293.09497
293.06022
293.01822
292.96852
292.91054
292.84225
292.77612
292.76454
292.77255
292.77944
292.79395
292.84964
292.96169
293.23133
293.22991
293.22833
293.22657
293.22461
293.22241
293.21994
293.21716
293.21399
293.21036
293.20611
293.20106
293.19494
293.18738
293.17787
293.16575
293.15023
293.13034
293.10507
293.07338
293.03441
292.98739
292.93138
292.86424
292.79091
292.76791
292.77356
292.78152
292.79833
292.8525
292.96058
293.21944
293.21832
293.21705
293.21563
293.21404
293.21227
293.21031
293.2081
293.20562
293.20275
293.19939
293.19533
293.1903
293.18394
293.17578
293.1652
293.15145
293.13358
293.11051
293.08109
293.04423
292.99895
292.94443
292.87888
292.80263
292.77053
292.77705
292.78506
292.79786
292.84339
292.9408
293.20708
293.20638
293.2056
293.20473
293.20375
293.20263
293.20134
293.19984
293.19807
293.19594
293.19334
293.19011
293.18601
293.18074
293.17383
293.16468
293.15254
293.13646
293.11535
293.08801
293.05325
293.01007
292.95764
292.89439
292.81744
292.77217
292.77134
292.77235
292.78331
292.83361
292.92292
293.20557
293.20504
293.20444
293.20376
293.20298
293.20208
293.20102
293.19978
293.19829
293.19648
293.19424
293.19142
293.1878
293.18307
293.17677
293.1683
293.1569
293.14161
293.12125
293.09454
293.06016
293.01705
292.96459
292.90174
292.82527
292.76841
292.7632
292.76272
292.76768
292.81431
292.8978
293.19251
293.19246
293.19241
293.19234
293.19222
293.19205
293.19179
293.19141
293.19085
293.19003
293.18881
293.18703
293.18443
293.1807
293.17541
293.16797
293.15764
293.14351
293.12446
293.09922
293.06645
293.02493
292.97374
292.91196
292.83667
292.76638
292.75254
292.75168
292.75638
292.79806
292.88184
293.19199
293.19198
293.19197
293.19194
293.19186
293.19172
293.19145
293.19102
293.19035
293.18935
293.18794
293.18594
293.18315
293.17926
293.17386
293.16655
293.1565
293.14271
293.12421
293.09978
293.06819
293.02837
292.97938
292.9201
292.84675
292.77111
292.74831
292.74795
292.7585
292.80107
292.88559
293.17057
293.17051
293.17043
293.17033
293.17019
293.17001
293.16977
293.16944
293.16898
293.16832
293.16737
293.16598
293.16396
293.16104
293.15691
293.15103
293.14291
293.13188
293.11683
293.09666
293.07015
293.03609
292.99347
292.94099
292.87658
292.79776
292.75823
292.76511
292.7786
292.82762
292.88817
293.49392
293.45169
293.4119
293.3788
293.34968
293.32206
293.29594
293.27298
293.25251
293.23353
293.21686
293.20256
293.19053
293.18132
293.1783
293.1828
293.19913
293.22962
293.26957
293.31725
293.36761
293.41696
293.46367
293.50744
293.54856
293.58679
293.62298
293.65928
293.69647
293.7314
293.77316
293.81021
293.83265
293.82834
293.80586
293.77746
293.74665
293.72
293.70866
293.7267
293.75884
293.76815
293.73399
293.68653
293.64909
293.62904
293.61283
293.58651
293.55154
293.51973
293.48797
293.45974
293.43333
293.41199
293.38633
293.35834
293.32416
293.29677
293.25836
293.24189
293.21158
293.20516
293.17146
293.68091
293.63906
293.58983
293.54102
293.49589
293.45507
293.41927
293.38703
293.35717
293.32967
293.30515
293.28288
293.26311
293.24737
293.23858
293.23911
293.25237
293.28149
293.32145
293.3652
293.41148
293.45579
293.49711
293.5352
293.57065
293.60394
293.63615
293.66914
293.70322
293.73582
293.77441
293.80705
293.82456
293.81814
293.79381
293.76353
293.73189
293.70411
293.6901
293.70406
293.73118
293.73797
293.70569
293.66137
293.62481
293.60278
293.58501
293.56022
293.52847
293.49947
293.46981
293.44346
293.41912
293.39966
293.37585
293.34947
293.31711
293.29088
293.25407
293.23864
293.20955
293.20363
293.17108
293.67102
293.65472
293.62709
293.5933
293.55663
293.52021
293.48531
293.45242
293.42138
293.39217
293.36492
293.33959
293.31667
293.29831
293.28695
293.28569
293.29892
293.32732
293.36712
293.40948
293.4505
293.48955
293.52522
293.55745
293.58758
293.61675
293.64573
293.67605
293.70645
293.73692
293.7716
293.79967
293.81309
293.80459
293.77961
293.74782
293.71563
293.6867
293.6694
293.67893
293.70107
293.70603
293.6764
293.63579
293.60046
293.57702
293.55811
293.53498
293.5064
293.48019
293.45262
293.42807
293.40569
293.38798
293.36594
293.3411
293.31045
293.28533
293.2501
293.23568
293.20772
293.20226
293.17077
293.60239
293.59282
293.57999
293.56445
293.54628
293.52595
293.50368
293.48
293.45578
293.43103
293.406
293.3813
293.35805
293.33872
293.32562
293.32317
293.33667
293.36531
293.40425
293.44578
293.48319
293.51655
293.54682
293.57369
293.59955
293.62568
293.65215
293.68016
293.70583
293.73429
293.76437
293.78807
293.79818
293.78817
293.76333
293.73071
293.69816
293.66793
293.64702
293.65184
293.6691
293.67283
293.64658
293.61018
293.57646
293.55216
293.53247
293.51101
293.48547
293.46195
293.43644
293.41357
293.393
293.37692
293.35655
293.33317
293.30415
293.28009
293.24641
293.23296
293.20606
293.20103
293.17052
293.56804
293.56368
293.55765
293.5498
293.53998
293.52805
293.51392
293.49769
293.47956
293.45961
293.43806
293.41558
293.39333
293.37349
293.35882
293.35482
293.36693
293.3946
293.4322
293.47153
293.50664
293.53522
293.56091
293.58391
293.60713
293.63137
293.65591
293.68104
293.70174
293.72759
293.75259
293.77232
293.77995
293.76934
293.7451
293.71248
293.67969
293.64799
293.62363
293.62345
293.63601
293.63901
293.61669
293.58489
293.55317
293.5285
293.50831
293.48841
293.46574
293.44476
293.42124
293.39997
293.38105
293.36647
293.34766
293.32567
293.2982
293.27512
293.24298
293.23046
293.20456
293.19993
293.17033
293.55562
293.55295
293.54927
293.54431
293.53789
293.52985
293.52001
293.50824
293.49443
293.47844
293.46039
293.44082
293.42061
293.40136
293.3863
293.38078
293.39036
293.4156
293.45063
293.48723
293.51953
293.54548
293.56806
293.58939
293.61157
293.63469
293.65744
293.67825
293.69487
293.71661
293.7364
293.75268
293.75871
293.7484
293.72526
293.69344
293.66051
293.62729
293.59987
293.59466
293.60269
293.60529
293.58721
293.56024
293.53089
293.50623
293.48577
293.46726
293.44722
293.42863
293.40702
293.38723
293.36982
293.35661
293.33926
293.31859
293.29257
293.27042
293.23978
293.22817
293.20319
293.19894
293.17019
293.54992
293.54805
293.54539
293.54178
293.53708
293.53113
293.52368
293.51452
293.50348
293.49038
293.47518
293.45823
293.44018
293.42228
293.40738
293.40062
293.40785
293.42955
293.46092
293.49446
293.52449
293.54909
293.57069
293.59213
293.61424
293.63644
293.65687
293.6724
293.68524
293.70138
293.71612
293.72958
293.73489
293.72567
293.70423
293.67376
293.64102
293.60641
293.57647
293.5664
293.57007
293.57239
293.55858
293.53652
293.50982
293.48551
293.46492
293.44759
293.42993
293.41354
293.39376
293.37533
293.35928
293.34732
293.33133
293.31191
293.28725
293.26595
293.2368
293.22607
293.20195
293.19806
293.1701
293.54655
293.54517
293.54312
293.54032
293.53661
293.53182
293.52577
293.5183
293.5092
293.4983
293.48549
293.47074
293.45449
293.4379
293.42369
293.4164
293.42119
293.43897
293.46621
293.49669
293.52514
293.5497
293.57165
293.59403
293.61631
293.63722
293.65411
293.66457
293.67267
293.68242
293.69237
293.70361
293.70895
293.70155
293.68238
293.65375
293.62155
293.58598
293.55402
293.53957
293.53899
293.54092
293.53116
293.51395
293.4901
293.46638
293.44577
293.4294
293.41384
293.39948
293.38142
293.36424
293.34942
293.33858
293.32385
293.3056
293.28224
293.26173
293.23402
293.22415
293.20084
293.19726
293.17005
293.54441
293.54335
293.54173
293.53944
293.53636
293.53237
293.52732
293.52106
293.51339
293.50415
293.49318
293.48022
293.46569
293.45086
293.43798
293.43076
293.43301
293.447
293.47041
293.49807
293.52549
293.55055
293.57348
293.59656
293.61867
293.63722
293.64973
293.6552
293.65748
293.6607
293.66614
293.67552
293.68146
293.67645
293.6601
293.63375
293.60253
293.56658
293.5331
293.51481
293.51012
293.5114
293.50526
293.49267
293.4718
293.44886
293.42829
293.41266
293.39892
293.3864
293.36997
293.35394
293.34021
293.33038
293.31682
293.29967
293.27751
293.25772
293.23142
293.22238
293.19982
293.19654
293.17004
293.54311
293.54222
293.54088
293.53896
293.53637
293.53302
293.52879
293.52352
293.51707
293.5093
293.50003
293.48893
293.47645
293.46377
293.45257
293.44557
293.44603
293.45634
293.4765
293.50173
293.5284
293.55394
293.5775
293.60064
293.62165
293.63679
293.64456
293.64453
293.64067
293.63766
293.63871
293.64626
293.65302
293.65077
293.6377
293.61406
293.58437
293.54869
293.5141
293.49251
293.48391
293.48413
293.48105
293.4728
293.45491
293.43292
293.41244
293.39734
293.38514
293.37427
293.35937
293.34439
293.33163
293.32269
293.31021
293.29409
293.27305
293.25394
293.22901
293.22076
293.19891
293.1959
293.17006
293.54226
293.54152
293.54038
293.53876
293.53658
293.53379
293.53028
293.52593
293.52064
293.5143
293.50677
293.49782
293.48764
293.47729
293.46816
293.46219
293.46184
293.46953
293.48599
293.50896
293.53512
293.56085
293.58433
293.60652
293.62526
293.63647
293.63915
293.63346
293.62365
293.61487
293.61155
293.61695
293.62433
293.62494
293.61552
293.59508
293.56741
293.5326
293.4973
293.47282
293.46056
293.45929
293.45862
293.45433
293.43942
293.4185
293.39814
293.38337
293.37245
293.36305
293.34958
293.33557
293.32365
293.3155
293.304
293.28884
293.26887
293.25038
293.22675
293.21925
293.19809
293.19534
293.1701
293.54163
293.54099
293.54001
293.53865
293.53685
293.53456
293.53173
293.52827
293.52412
293.5192
293.51348
293.50687
293.49924
293.4914
293.48469
293.48031
293.48029
293.48654
293.50046
293.52099
293.54545
293.57125
293.59392
293.61409
293.62964
293.63653
293.63412
293.62298
293.60779
293.59379
293.58606
293.58873
293.59614
293.59941
293.59389
293.57708
293.55187
293.51846
293.48277
293.45575
293.44009
293.43694
293.43799
293.43724
293.42523
293.40553
293.38529
293.37068
293.3608
293.3527
293.34055
293.32742
293.31625
293.30878
293.29819
293.28392
293.26493
293.24705
293.22464
293.21786
293.19734
293.19483
293.17016
293.54088
293.54039
293.5396
293.5385
293.53704
293.53519
293.53297
293.53034
293.52727
293.52376
293.51984
293.51553
293.51071
293.50558
293.50162
293.49947
293.50056
293.50652
293.519
293.53738
293.55963
293.58449
293.60581
293.62309
293.63486
293.63732
293.63007
293.61407
293.59415
293.57547
293.56333
293.56265
293.56925
293.57464
293.57304
293.5602
293.53784
293.50624
293.47049
293.44122
293.4224
293.41705
293.41916
293.42148
293.41229
293.3939
293.37382
293.35922
293.35014
293.34317
293.33224
293.31992
293.3094
293.30251
293.29274
293.2793
293.26124
293.24393
293.22268
293.21656
293.19668
293.19439
293.17024
293.5398
293.53947
293.53888
293.53801
293.53685
293.53541
293.53372
293.53182
293.52973
293.52753
293.5253
293.52317
293.52109
293.51895
293.51802
293.5186
293.52158
293.52819
293.54003
293.55673
293.57695
293.59996
293.61931
293.63315
293.64089
293.63911
293.62741
293.60739
293.58335
293.56044
293.54402
293.53945
293.54432
293.55104
293.55313
293.54446
293.52526
293.49581
293.46031
293.42908
293.40733
293.39951
293.40206
293.40695
293.40047
293.3835
293.3636
293.34889
293.34039
293.3344
293.32461
293.31303
293.30306
293.29668
293.28764
293.27497
293.25778
293.24102
293.22086
293.21534
293.19608
293.194
293.17032
293.53821
293.5381
293.5377
293.53701
293.53608
293.53496
293.53369
293.53236
293.53109
293.52999
293.52929
293.52913
293.52963
293.53059
293.53272
293.53621
293.54168
293.5498
293.56177
293.57744
293.59598
293.61682
293.63356
293.64385
293.64771
293.64217
293.62674
293.60322
293.57555
293.54878
293.52826
293.51952
293.52186
293.52897
293.53422
293.52982
293.514
293.48697
293.45201
293.41912
293.39464
293.38419
293.38662
293.39357
293.38969
293.3742
293.35454
293.33962
293.33152
293.32635
293.3176
293.30669
293.29721
293.29124
293.28288
293.27092
293.25453
293.23831
293.21915
293.2142
293.19553
293.19366
293.17041
293.53641
293.53644
293.53618
293.53565
293.53486
293.53389
293.53285
293.53187
293.53114
293.53088
293.53137
293.53288
293.53562
293.53944
293.54445
293.55097
293.55925
293.56954
293.58236
293.59777
293.61516
293.63384
293.64766
293.65471
293.65518
293.64641
293.62796
293.60145
293.57061
293.5403
293.51582
293.50293
293.50212
293.50868
293.51636
293.51612
293.50384
293.47945
293.44535
293.41113
293.38411
293.37095
293.3727
293.38127
293.37984
293.36589
293.34652
293.33133
293.32345
293.31897
293.31117
293.30088
293.2918
293.28619
293.27842
293.26713
293.25149
293.23579
293.21756
293.21312
293.19504
293.19336
293.1705
293.53499
293.53503
293.53476
293.53419
293.53337
293.53239
293.53138
293.53052
293.53005
293.53029
293.53159
293.53433
293.5388
293.54494
293.55258
293.56188
293.5729
293.58562
293.60005
293.61599
293.63295
293.64951
293.66071
293.66521
293.66292
293.65154
293.6307
293.6017
293.56814
293.53464
293.50645
293.48953
293.48517
293.49028
293.49961
293.50319
293.49454
293.47298
293.44005
293.40486
293.37549
293.35961
293.36018
293.36995
293.37081
293.35846
293.33943
293.32392
293.31612
293.3122
293.30527
293.29555
293.28682
293.28149
293.27424
293.26357
293.24864
293.23344
293.21607
293.21209
293.19459
293.1931
293.17057
293.53452
293.53444
293.53399
293.53321
293.53213
293.53089
293.52967
293.52868
293.52818
293.52857
293.53029
293.53376
293.53938
293.54714
293.55686
293.56842
293.58174
293.59678
293.61324
293.63033
293.6475
293.66242
293.6719
293.67461
293.67029
293.65705
293.63436
293.60337
293.56758
293.53131
293.49977
293.47899
293.47091
293.47381
293.48397
293.49084
293.48584
293.46728
293.43587
293.40005
293.36855
293.34997
293.34897
293.35955
293.36249
293.35178
293.33318
293.31733
293.30949
293.30601
293.29985
293.29066
293.28222
293.27711
293.27033
293.26024
293.24597
293.23126
293.21468
293.21112
293.19419
293.19287
293.17064
293.53574
293.53538
293.53459
293.53338
293.53183
293.53006
293.52831
293.52692
293.52614
293.52632
293.52809
293.53184
293.53798
293.5466
293.55763
293.57074
293.58568
293.60238
293.62058
293.6392
293.65672
293.67133
293.68017
293.682
293.67652
293.6621
293.63815
293.60571
293.56824
293.52971
293.49522
293.47086
293.4591
293.45922
293.46936
293.47897
293.47756
293.4621
293.43253
293.39643
293.36305
293.34187
293.339
293.34998
293.35481
293.34576
293.32766
293.31147
293.30348
293.30033
293.29487
293.28617
293.27797
293.27303
293.26666
293.25711
293.24346
293.22922
293.21338
293.2102
293.19382
293.19267
293.17069
293.54009
293.53904
293.53759
293.5357
293.5334
293.53081
293.52816
293.52599
293.52466
293.5244
293.5259
293.52954
293.53562
293.54424
293.55532
293.56904
293.58497
293.60247
293.62152
293.64103
293.65958
293.67507
293.68476
293.68661
293.68103
293.66607
293.6414
293.60799
293.5693
293.52897
293.49196
293.46441
293.44925
293.44638
293.45587
293.46764
293.46968
293.4573
293.42981
293.39374
293.35878
293.33511
293.33022
293.3412
293.34769
293.3403
293.32279
293.30628
293.29804
293.29512
293.29028
293.28204
293.27405
293.26924
293.26321
293.25417
293.24111
293.2273
293.21214
293.20931
293.19349
293.1925
293.17072
293.55027
293.54788
293.54507
293.54194
293.53836
293.53446
293.53054
293.52704
293.52465
293.52391
293.52489
293.52807
293.53373
293.54186
293.55228
293.56518
293.58036
293.59737
293.61621
293.63603
293.65566
293.67281
293.68459
293.68743
293.68254
293.66781
293.64303
293.60928
293.56992
293.52845
293.48942
293.45914
293.44103
293.43517
293.44346
293.45681
293.46202
293.45267
293.42749
293.39175
293.3555
293.32949
293.3226
293.33319
293.34107
293.33531
293.31847
293.30168
293.29313
293.29034
293.28605
293.27823
293.27042
293.26569
293.25996
293.25138
293.23888
293.22551
293.21099
293.20848
293.1932
293.19235
293.17073
293.57627
293.56986
293.56312
293.55659
293.55011
293.54354
293.53732
293.53205
293.52823
293.52653
293.52697
293.52954
293.53406
293.5406
293.54909
293.55995
293.57298
293.58818
293.60569
293.62486
293.64499
293.66373
293.67787
293.68308
293.67956
293.66582
293.64179
293.60861
293.56942
293.52778
293.48744
293.45492
293.43433
293.42548
293.43194
293.44622
293.45411
293.44793
293.42532
293.39026
293.35305
293.32491
293.31596
293.32586
293.33488
293.3307
293.31461
293.29758
293.28866
293.28593
293.28212
293.2747
293.26706
293.26239
293.2569
293.24875
293.23678
293.22382
293.20991
293.2077
293.19295
293.19221
293.17072
293.64851
293.63083
293.61213
293.59478
293.57924
293.56542
293.55345
293.54406
293.53772
293.5342
293.5332
293.5343
293.53666
293.54039
293.54583
293.55366
293.56345
293.57578
293.59092
293.60846
293.62812
293.64798
293.66433
293.67245
293.67116
293.65927
293.63691
293.60527
293.56724
293.52644
293.48563
293.45132
293.4288
293.41712
293.42127
293.43581
293.44584
293.44291
293.42313
293.3891
293.35128
293.32129
293.31016
293.31913
293.32907
293.32642
293.31114
293.29394
293.28462
293.28187
293.27847
293.27143
293.26393
293.25929
293.25401
293.24626
293.23479
293.22222
293.20888
293.20693
293.19274
293.1921
293.17068
293.74545
293.72036
293.68965
293.66059
293.63361
293.60845
293.58598
293.56772
293.55419
293.5448
293.53913
293.5366
293.5361
293.53616
293.53826
293.54309
293.54987
293.55937
293.57191
293.58748
293.60583
293.62605
293.64437
293.65542
293.65706
293.64782
293.62802
293.59879
293.56299
293.52381
293.48358
293.44792
293.42398
293.40989
293.41142
293.42569
293.43743
293.43766
293.42079
293.38812
293.35002
293.31847
293.30514
293.31296
293.32359
293.32242
293.30801
293.29069
293.28095
293.27813
293.27509
293.2684
293.26103
293.2564
293.25126
293.24389
293.2329
293.2207
293.20789
293.20619
293.19258
293.19202
293.17063
293.27658
293.11318
292.96503
292.83438
292.72661
292.64418
292.58497
292.5438
292.51542
293.25504
293.09279
292.95274
292.8324
292.73438
292.65956
292.6055
292.56771
292.54156
293.23462
293.07966
292.94781
292.83648
292.74628
292.67756
292.62793
292.59322
292.56922
293.2174
293.07104
292.94537
292.84127
292.75809
292.6951
292.64973
292.61807
292.59618
293.20049
293.06258
292.94308
292.84567
292.76915
292.71172
292.67052
292.64182
292.62203
293.18364
293.05422
292.94125
292.85018
292.77982
292.72766
292.69052
292.66482
292.64705
293.16748
293.04697
292.94072
292.85555
292.79074
292.74336
292.70994
292.68693
292.67105
293.15348
293.04141
292.94159
292.86179
292.80188
292.75877
292.72873
292.70818
292.69405
293.14186
293.03758
292.94382
292.86894
292.81338
292.77401
292.74697
292.72865
292.71612
293.13177
293.03516
292.94732
292.87704
292.82536
292.78927
292.76486
292.74852
292.73744
293.12342
293.03425
292.9522
292.88627
292.83808
292.80484
292.78269
292.76808
292.75829
293.11725
293.03531
292.95877
292.8969
292.85195
292.82122
292.801
292.78785
292.77918
293.11316
293.03816
292.96748
292.91003
292.8679
292.83921
292.82053
292.80856
292.80081
293.11166
293.04448
292.98012
292.92665
292.88694
292.85986
292.84233
292.83123
292.82419
293.116
293.05625
292.99729
292.94736
292.90993
292.88422
292.86754
292.85705
292.8505
293.12749
293.07486
293.0209
292.97415
292.93855
292.91375
292.89754
292.88735
292.88106
293.14909
293.10188
293.05271
293.00893
292.97455
292.95004
292.93382
292.9236
292.91733
293.18219
293.13944
293.09418
293.05262
293.01885
292.99415
292.97751
292.96692
292.96041
293.22564
293.18685
293.14465
293.10466
293.07119
293.04606
293.02879
293.01766
293.0108
293.2765
293.24085
293.20131
293.16292
293.12993
293.10458
293.08684
293.0753
293.0682
293.33015
293.29747
293.26077
293.22442
293.19244
293.16732
293.1494
293.13752
293.13001
293.38317
293.35366
293.32006
293.2861
293.25554
293.23097
293.21297
293.20063
293.1925
293.43386
293.4077
293.37733
293.34593
293.31702
293.29317
293.2752
293.26249
293.25383
293.48184
293.45915
293.43201
293.40309
293.37573
293.35261
293.33482
293.32199
293.31309
293.52748
293.50848
293.48463
293.45796
293.43157
293.40838
293.38985
293.37598
293.36599
293.57006
293.55475
293.53432
293.50985
293.48405
293.46011
293.44017
293.42481
293.41357
293.61007
293.59834
293.58154
293.55982
293.53516
293.51086
293.4898
293.47327
293.46111
293.64984
293.64149
293.62846
293.60994
293.58683
293.56186
293.53811
293.51756
293.50073
293.68965
293.68352
293.67287
293.65637
293.63401
293.60778
293.58125
293.55756
293.53847
293.72705
293.7236
293.7161
293.70276
293.68305
293.65848
293.63223
293.60753
293.58624
293.77113
293.7697
293.76431
293.75312
293.73542
293.71249
293.6873
293.66303
293.64151
293.81146
293.81278
293.81109
293.8044
293.79108
293.77154
293.74825
293.7246
293.7036
293.83801
293.84174
293.84167
293.83523
293.82257
293.80463
293.78387
293.76316
293.74446
293.83435
293.83765
293.8388
293.83679
293.83014
293.81882
293.80428
293.78863
293.77373
293.81418
293.82022
293.82565
293.8288
293.82784
293.82277
293.81438
293.80443
293.79444
293.78773
293.79582
293.80384
293.8104
293.81413
293.81391
293.81042
293.80466
293.7979
293.75805
293.76781
293.77834
293.78833
293.79617
293.80062
293.80141
293.79917
293.79499
293.7328
293.74463
293.75787
293.77118
293.78285
293.79135
293.79603
293.79716
293.79528
293.7241
293.73936
293.75659
293.7742
293.79012
293.80253
293.81026
293.81369
293.81418
293.74619
293.76609
293.78869
293.81207
293.83378
293.85162
293.8647
293.87294
293.87726
293.78276
293.80679
293.83435
293.86342
293.89138
293.91598
293.93609
293.95087
293.96071
293.79405
293.81913
293.84825
293.87933
293.90946
293.93574
293.95621
293.97111
293.98135
293.75808
293.78081
293.80755
293.83671
293.86595
293.89277
293.91529
293.93275
293.94548
293.70819
293.72886
293.75378
293.7818
293.81089
293.8386
293.86286
293.88256
293.89757
293.67048
293.69153
293.71738
293.74692
293.77791
293.80757
293.83366
293.85503
293.87158
293.65283
293.67688
293.70701
293.74202
293.77918
293.81497
293.84641
293.87195
293.89154
293.63832
293.66414
293.69692
293.7358
293.77807
293.81972
293.85703
293.88795
293.91213
293.61062
293.63484
293.66589
293.70329
293.74488
293.78714
293.82634
293.86002
293.88723
293.57267
293.59377
293.62107
293.6545
293.69272
293.73295
293.77181
293.80645
293.8355
293.53832
293.55689
293.58116
293.61141
293.64685
293.68543
293.72416
293.76
293.79088
293.50466
293.52131
293.54326
293.57096
293.60403
293.64093
293.67916
293.71593
293.74885
293.47468
293.48947
293.50899
293.5337
293.56341
293.59703
293.63266
293.66785
293.70052
293.44626
293.45897
293.47569
293.49683
293.52227
293.55128
293.58245
293.61406
293.64435
293.42312
293.43393
293.44811
293.46598
293.48745
293.51191
293.53837
293.56548
293.59194
293.39572
293.40469
293.41643
293.43119
293.4489
293.46913
293.49103
293.51367
293.53599
293.36623
293.37365
293.38335
293.39554
293.41014
293.4268
293.44485
293.46354
293.48202
293.33041
293.3362
293.34378
293.35332
293.3648
293.37795
293.39227
293.40715
293.42192
293.30196
293.30669
293.31286
293.32063
293.32996
293.34062
293.35219
293.36418
293.37607
293.26219
293.26565
293.27021
293.27601
293.28306
293.29119
293.30011
293.30941
293.31865
293.2448
293.24741
293.25087
293.25525
293.26055
293.26666
293.27333
293.28026
293.2871
293.21341
293.21505
293.21725
293.22008
293.22357
293.22769
293.23229
293.23718
293.2421
293.20655
293.20777
293.2094
293.21149
293.21405
293.21703
293.22033
293.2238
293.22725
293.17182
293.17215
293.17262
293.17329
293.17419
293.1753
293.17663
293.17807
293.17959
292.4929
292.47158
292.45109
292.42916
292.40022
292.34416
292.52073
292.50091
292.48186
292.4614
292.43396
292.38087
292.54995
292.53148
292.51354
292.49404
292.46761
292.41744
292.57854
292.56155
292.54492
292.52662
292.50161
292.45423
292.60601
292.59051
292.57525
292.5583
292.53497
292.49043
292.63263
292.61864
292.60478
292.58931
292.56783
292.52624
292.65816
292.64561
292.63313
292.61912
292.59952
292.56109
292.68258
292.67141
292.66027
292.64769
292.62999
292.59485
292.70597
292.69608
292.68622
292.67506
292.65924
292.62746
292.72849
292.71979
292.71114
292.70133
292.68738
292.65898
292.75043
292.74281
292.73526
292.72675
292.71461
292.68955
292.77225
292.76558
292.75906
292.75174
292.74134
292.71951
292.79468
292.78882
292.78318
292.77698
292.7682
292.74937
292.81866
292.81343
292.80854
292.8033
292.79601
292.77991
292.84539
292.84061
292.8363
292.83187
292.82586
292.81204
292.87618
292.87164
292.86774
292.86396
292.85905
292.84719
292.91245
292.90797
292.90425
292.90085
292.89667
292.88605
292.95534
292.95071
292.94698
292.9438
292.94026
292.93128
293.00547
293.00064
292.99689
292.99385
292.9908
292.98247
293.06273
293.05781
293.05395
293.05057
293.04603
293.02997
293.12409
293.11856
293.11377
293.10883
293.10203
293.08513
293.18594
293.17974
293.17415
293.16856
293.16192
293.15047
293.24682
293.24034
293.23474
293.2298
293.22534
293.22141
293.30589
293.29915
293.29296
293.28653
293.27814
293.26426
293.35788
293.35046
293.34378
293.33748
293.33038
293.31719
293.40455
293.39645
293.38923
293.38233
293.37442
293.36121
293.45143
293.44281
293.43485
293.42671
293.4161
293.39633
293.48659
293.47384
293.46198
293.4503
293.4376
293.42332
293.52239
293.50743
293.49329
293.47946
293.46453
293.44695
293.56743
293.5495
293.53224
293.51497
293.49606
293.47218
293.62194
293.60282
293.58386
293.56437
293.54216
293.51173
293.68476
293.66619
293.64735
293.62742
293.60292
293.5618
293.72731
293.71007
293.69226
293.67267
293.64811
293.60722
293.7596
293.74501
293.7294
293.71189
293.68902
293.65002
293.78459
293.77398
293.76201
293.74731
293.7257
293.6832
293.79056
293.782
293.7716
293.75787
293.73696
293.69801
293.78958
293.7826
293.77338
293.76077
293.74108
293.70582
293.79151
293.78581
293.77783
293.76651
293.74879
293.71821
293.81254
293.80877
293.80265
293.79327
293.77795
293.75068
293.87864
293.87745
293.87369
293.86623
293.85216
293.8241
293.96706
293.97076
293.97163
293.96843
293.95713
293.92576
293.98854
293.99372
293.9969
293.99779
293.99401
293.97401
293.95514
293.96299
293.96902
293.9727
293.97252
293.96137
293.90941
293.91946
293.92776
293.93399
293.93689
293.93066
293.8849
293.89655
293.90679
293.91554
293.92223
293.92415
293.9072
293.92081
293.93278
293.94322
293.95146
293.95422
293.93182
293.94927
293.96497
293.97904
293.9913
294.00132
293.91026
293.93169
293.95203
293.9717
293.99052
294.00294
293.86084
293.88517
293.90901
293.93293
293.95747
293.98064
293.81845
293.84548
293.87233
293.89966
293.92782
293.95465
293.77921
293.80979
293.84095
293.87313
293.90621
293.93691
293.7319
293.765
293.80047
293.83814
293.87875
293.91892
293.67461
293.70841
293.74659
293.79135
293.8411
293.88878
293.61911
293.65043
293.68823
293.73436
293.79109
293.85121
293.55934
293.58737
293.62222
293.66913
293.73101
293.79957
293.50148
293.52506
293.55505
293.59685
293.65757
293.73364
293.43756
293.45663
293.48122
293.51604
293.57125
293.65104
293.38866
293.4041
293.42385
293.45216
293.49793
293.56979
293.32843
293.34036
293.35559
293.37718
293.41393
293.47865
293.29434
293.30326
293.31451
293.3306
293.35747
293.40637
293.24739
293.25394
293.2624
293.27432
293.29514
293.33456
293.23092
293.23553
293.24127
293.24959
293.26364
293.29149
293.18127
293.18343
293.18637
293.19059
293.19813
293.2128
292.90674
292.90718
292.90793
292.90925
292.91303
292.92561
292.80183
292.80166
292.80174
292.80296
292.80899
292.82872
292.68945
292.6884
292.68742
292.68734
292.69149
292.71072
292.57128
292.56953
292.56805
292.56819
292.57436
292.59259
292.45
292.44743
292.4449
292.44288
292.44247
292.44498
292.32668
292.32217
292.31726
292.31243
292.3096
292.31845
292.20579
292.19876
292.19088
292.18279
292.17747
292.19164
292.09334
292.08409
292.07378
292.06314
292.05542
292.06945
291.99411
291.98272
291.97012
291.95694
291.94613
291.9561
291.91308
291.8998
291.88536
291.87024
291.85666
291.85946
291.8538
291.83799
291.82083
291.80254
291.78455
291.77908
291.82107
291.80303
291.78403
291.76435
291.74467
291.73025
291.81637
291.79496
291.77164
291.74654
291.72181
291.69002
291.83074
291.81157
291.79051
291.76669
291.73676
291.69752
291.86091
291.84196
291.82167
291.79905
291.7714
291.72663
291.90642
291.88526
291.86289
291.83793
291.80785
291.76067
291.96734
291.94496
291.92209
291.89703
291.86515
291.81337
292.0374
292.01409
291.99057
291.96527
291.93362
291.87746
292.11239
292.08825
292.06398
292.03775
292.00485
291.94698
292.18864
292.16421
292.14
292.11414
292.08169
292.02169
292.26268
292.23804
292.21359
292.1871
292.1534
292.09385
292.33316
292.30902
292.28555
292.26069
292.22902
292.168
292.39651
292.37245
292.34885
292.32336
292.29067
292.23205
292.4599
292.43706
292.41503
292.39152
292.36096
292.3011
292.79644
292.80419
292.81623
292.83237
292.84954
292.86557
292.87967
292.89174
292.90194
292.6583
292.67699
292.69958
292.72279
292.74411
292.7622
292.77685
292.78851
292.79773
292.52332
292.55149
292.58159
292.61004
292.63444
292.65374
292.66819
292.67878
292.68653
292.38729
292.42356
292.46002
292.49321
292.52036
292.54051
292.55439
292.56358
292.56961
292.25379
292.29709
292.33937
292.37628
292.4051
292.42533
292.43808
292.44548
292.44963
292.12838
292.17694
292.22322
292.26255
292.29199
292.31126
292.32209
292.32701
292.32851
292.01582
292.06746
292.11561
292.1556
292.18444
292.20193
292.21015
292.21203
292.21036
291.92079
291.97298
292.02077
292.05963
292.08664
292.10162
292.10679
292.10541
292.10055
291.84904
291.89804
291.94317
291.97932
292.00333
292.01505
292.01678
292.01196
292.0039
291.79214
291.84096
291.88564
291.91939
291.9397
291.94734
291.94502
291.93651
291.92529
291.80298
291.84233
291.87192
291.89307
291.90422
291.90477
291.89685
291.88381
291.86891
291.82576
291.85821
291.88432
291.89898
291.90045
291.89126
291.87594
291.8577
291.83902
291.87734
291.89523
291.90634
291.90901
291.90458
291.89426
291.87857
291.85871
291.83728
291.95507
291.9565
291.95322
291.94401
291.9299
291.91164
291.89046
291.86927
291.84947
292.07535
292.05654
292.03371
292.00824
291.98084
291.95293
291.92611
291.90162
291.88014
292.22066
292.18034
292.13706
292.0937
292.05269
292.01526
291.98198
291.95294
291.92817
292.38072
292.31801
292.25344
292.19179
292.13681
292.08973
292.05028
292.01756
291.99063
292.54669
292.462
292.37658
292.29707
292.22836
292.17177
292.12634
292.09031
292.06175
292.70737
292.60263
292.49864
292.40306
292.32196
292.2569
292.20628
292.16744
292.13758
292.85184
292.73111
292.61252
292.504
292.41269
292.34067
292.28586
292.24488
292.21422
292.9768
292.84325
292.71376
292.59577
292.49683
292.41961
292.36178
292.31939
292.28837
293.07792
292.93772
292.80157
292.67723
292.57286
292.49195
292.43226
292.38927
292.35845
293.16054
293.01028
292.87037
292.74431
292.63809
292.55555
292.495
292.45192
292.42149
293.27451
293.12092
292.96589
292.82529
292.70931
292.62108
292.55783
292.51397
292.48396
292.17836
292.36583
292.50218
292.60574
292.69034
292.76225
291.99876
292.19669
292.34024
292.44986
292.53958
292.61619
291.82451
292.02831
292.17867
292.29427
292.38963
292.47208
291.65807
291.86772
292.02288
292.14291
292.24254
292.32922
291.5052
291.71979
291.87778
292.00035
292.10234
292.19108
291.37215
291.58999
291.74983
291.87251
291.97447
292.06299
291.26837
291.48461
291.64305
291.76404
291.86392
291.94998
291.19434
291.41525
291.56681
291.68188
291.77647
291.85713
291.16375
291.36893
291.52241
291.63294
291.71962
291.79156
291.19329
291.40535
291.52932
291.61435
291.6808
291.73995
291.27259
291.41145
291.50701
291.60372
291.68645
291.75249
291.27583
291.45086
291.58874
291.67203
291.7375
291.78794
291.37946
291.58843
291.71129
291.77768
291.82182
291.8541
291.56499
291.7699
291.8582
291.90436
291.93154
291.9481
291.92319
292.01998
292.06026
292.07762
292.08541
292.08603
292.25571
292.28224
292.29362
292.28557
292.2705
292.25148
292.58489
292.5546
292.54162
292.51009
292.47212
292.43244
292.91965
292.88562
292.82484
292.75249
292.68379
292.61974
293.22339
293.16882
293.08678
292.98679
292.8901
292.80137
293.5593
293.50796
293.351
293.20632
293.07742
292.96399
293.68045
293.69601
293.56537
293.39798
293.24243
293.10492
293.9193
293.83559
293.66665
293.51853
293.36026
293.21329
293.73465
293.861
293.77802
293.60463
293.46451
293.31049
293.53711
293.70613
293.81767
293.73735
293.54107
293.39762
293.57003
293.60369
293.69647
293.78138
293.73955
293.56004
293.5414
293.57352
293.60506
293.67036
293.71707
293.71514
293.55525
293.56274
293.57665
293.59839
293.63538
293.67078
293.55372
293.55649
293.56337
293.57244
293.58591
293.60445
293.55244
293.55374
293.5566
293.56006
293.56411
293.56836
293.54693
293.55053
293.55238
293.55385
293.55521
293.55628
293.54303
293.54688
293.5486
293.54962
293.5503
293.5506
293.53931
293.54323
293.5452
293.54629
293.5469
293.5471
293.53686
293.54086
293.54289
293.54403
293.54463
293.54479
293.53584
293.53967
293.54162
293.54269
293.54324
293.5434
293.53631
293.53922
293.54092
293.5419
293.5424
293.54252
293.53697
293.53914
293.54047
293.54131
293.54176
293.54186
293.53678
293.53904
293.53994
293.54058
293.54094
293.54104
293.53551
293.53791
293.5388
293.53938
293.53972
293.53985
293.53212
293.53471
293.53615
293.5371
293.53771
293.53803
293.52703
293.53085
293.53308
293.53453
293.53549
293.53604
293.52326
293.52809
293.53088
293.53266
293.53384
293.53455
293.52092
293.52661
293.52972
293.53174
293.53313
293.53404
293.52157
293.5267
293.52988
293.53214
293.53388
293.53521
293.52315
293.52849
293.53193
293.53469
293.53713
293.53934
293.52619
293.53152
293.53578
293.53996
293.54437
293.549
293.52906
293.53548
293.54233
293.55058
293.5615
293.57553
293.53173
293.54121
293.55418
293.57291
293.60658
293.65355
293.53578
293.54739
293.56633
293.60971
293.70156
293.75585
291.66921
291.89432
292.05746
292.18356
292.28931
292.37993
291.82468
292.03071
292.18077
292.29636
292.39263
292.47564
291.99228
292.17788
292.31378
292.41856
292.50574
292.58103
292.16365
292.32948
292.45152
292.54565
292.62397
292.69162
292.3357
292.4827
292.59095
292.67442
292.74387
292.80396
292.50489
292.63527
292.7297
292.80229
292.86259
292.91492
292.66828
292.78519
292.86541
292.92662
292.97749
293.02187
292.81876
292.92484
292.99197
293.04244
293.08489
293.12216
292.97039
293.04953
293.10334
293.14523
293.18088
293.21306
293.09955
293.15979
293.20263
293.23707
293.26721
293.29439
293.20908
293.25526
293.28873
293.31684
293.34167
293.36433
293.30029
293.33221
293.35848
293.38142
293.40204
293.42116
293.36626
293.39073
293.41135
293.42976
293.44695
293.46343
293.40303
293.42978
293.44534
293.46018
293.47515
293.49017
293.41367
293.43331
293.45057
293.46711
293.48323
293.49913
293.3789
293.40734
293.43062
293.4516
293.47112
293.48976
293.32218
293.36176
293.39186
293.4179
293.44158
293.46379
293.24131
293.29618
293.33464
293.36644
293.39522
293.42198
293.13692
293.20882
293.25823
293.29786
293.33273
293.36501
293.01347
293.10374
293.16556
293.21444
293.2567
293.29494
292.86371
292.98234
293.05853
293.11716
293.16747
293.21233
292.70787
292.84349
292.934
293.00396
293.06379
293.1172
292.53637
292.68549
292.79351
292.8776
292.94906
293.01225
292.35456
292.53039
292.65545
292.75217
292.83383
292.90463
293.53925
293.55199
293.6197
293.7348
293.82585
293.82659
293.53253
293.6592
293.798
293.87291
293.81995
293.68586
293.74243
293.86968
293.91877
293.81563
293.69192
293.57776
293.92518
293.95012
293.81572
293.7079
293.60264
293.48509
293.89225
293.82709
293.74756
293.63335
293.50585
293.38606
293.72664
293.73893
293.61121
293.48021
293.36313
293.26182
293.52708
293.46026
293.38754
293.29788
293.20909
293.13026
293.25585
293.2286
293.17738
293.10764
293.04242
292.9866
292.97674
292.93187
292.92727
292.90125
292.86823
292.83559
292.67999
292.67928
292.70193
292.70186
292.69425
292.684
292.38604
292.4103
292.47195
292.50726
292.52666
292.53805
292.07212
292.1835
292.27362
292.33284
292.37378
292.40371
291.7052
291.98519
292.10999
292.18413
292.24071
292.28557
291.50287
291.81667
291.97116
292.06367
292.13298
292.18868
291.34212
291.63927
291.84488
291.97031
292.05452
292.11749
291.28119
291.5088
291.70942
291.86168
291.97197
292.05215
291.27366
291.52532
291.65154
291.76469
291.8745
291.97796
291.24872
291.50099
291.65009
291.76663
291.86799
291.96091
291.18591
291.45506
291.63727
291.77165
291.88065
291.97403
291.18033
291.46078
291.6481
291.78919
291.90317
291.99936
291.22504
291.49457
291.68486
291.8283
291.94379
292.04078
291.30237
291.56107
291.74755
291.88903
292.00316
292.09887
291.40116
291.65363
291.83318
291.96971
292.08024
292.17327
291.5277
291.7682
291.93958
292.07026
292.17682
292.26755
292.9782
293.07841
293.17498
293.26131
293.33653
293.39974
293.45021
293.48654
293.50824
293.51449
293.50442
293.47902
293.4396
293.38692
293.32226
293.24691
293.16241
293.0697
292.97042
292.86695
292.76158
292.65711
292.55596
292.46321
293.05869
293.15656
293.24324
293.31918
293.3848
293.43899
293.48116
293.51058
293.52695
293.52958
293.51839
293.49433
293.45813
293.41039
293.3521
293.28426
293.20786
293.12385
293.03358
292.93885
292.84135
292.74335
292.64616
292.5492
293.14312
293.23212
293.30794
293.37392
293.43014
293.47585
293.51037
293.53356
293.5452
293.54485
293.53287
293.51
293.47665
293.43333
293.38077
293.31969
293.25082
293.17511
293.09339
293.00711
292.91747
292.82633
292.73488
292.64029
293.22655
293.30394
293.36917
293.42552
293.47274
293.51025
293.53781
293.55538
293.56276
293.55994
293.5474
293.5256
293.49483
293.45551
293.40819
293.35338
293.29161
293.22355
293.1502
293.07203
292.9903
292.90631
292.82102
292.73155
293.30584
293.37122
293.42643
293.47352
293.51213
293.54201
293.56318
293.57565
293.57932
293.57446
293.56149
293.54069
293.51227
293.47659
293.43403
293.38498
293.32987
293.26914
293.20332
293.13309
293.05925
292.98271
292.90402
292.82076
293.37931
293.43345
293.47899
293.51717
293.54771
293.57062
293.586
293.59389
293.59443
293.58791
293.57464
293.55478
293.52851
293.49612
293.45787
293.41406
293.36499
293.31099
293.25242
293.18973
293.12351
293.05454
292.98297
292.90667
293.44551
293.4894
293.52598
293.55573
293.57882
293.59542
293.60563
293.6096
293.60753
293.5997
293.58625
293.5673
293.54302
293.51361
293.47927
293.44022
293.39666
293.34885
293.29702
293.24148
293.18257
293.12089
293.05666
292.98803
293.50361
293.53793
293.56588
293.58797
293.6045
293.61559
293.6214
293.62213
293.61798
293.60912
293.59562
293.57758
293.55514
293.52846
293.49766
293.46292
293.42437
293.3822
293.33658
293.28771
293.23582
293.18121
293.12409
293.06326
293.55243
293.57761
293.59777
293.61321
293.62408
293.6305
293.63261
293.63073
293.62497
293.61536
293.60194
293.58482
293.56412
293.53993
293.51235
293.4815
293.44749
293.41045
293.3705
293.32778
293.28245
293.23469
293.18453
293.13114
293.5904
293.60774
293.62115
293.63079
293.63683
293.63918
293.63835
293.6345
293.6275
293.61736
293.60416
293.588
293.56894
293.54706
293.52244
293.49513
293.46524
293.43285
293.39807
293.36098
293.32171
293.28039
293.23699
293.1908
293.61601
293.62658
293.63419
293.63891
293.64099
293.64066
293.63774
293.6321
293.62402
293.61354
293.6007
293.58555
293.56811
293.54844
293.52656
293.50254
293.47644
293.44832
293.41826
293.38635
293.35266
293.3173
293.28023
293.24103
293.62666
293.63169
293.63477
293.6361
293.63519
293.63213
293.62702
293.62011
293.6114
293.60092
293.58867
293.57468
293.55894
293.54148
293.52233
293.5015
293.47903
293.45496
293.42937
293.4023
293.37384
293.34401
293.31269
293.27959
293.62054
293.62094
293.6196
293.61715
293.6134
293.60834
293.60202
293.59447
293.5857
293.57571
293.56449
293.55203
293.53831
293.52333
293.50707
293.48953
293.47071
293.45064
293.42934
293.40687
293.3833
293.35868
293.33299
293.30614
293.59126
293.58736
293.58293
293.57797
293.57245
293.56638
293.55979
293.55266
293.54494
293.53658
293.52748
293.51759
293.50683
293.49515
293.48248
293.46876
293.45393
293.43795
293.42078
293.4024
293.38286
293.36222
293.34029
293.31731
293.534
293.52933
293.52438
293.5193
293.51413
293.50888
293.50352
293.49799
293.49224
293.4862
293.47981
293.47301
293.46575
293.45795
293.44955
293.44047
293.43062
293.4199
293.40816
293.3953
293.38121
293.36587
293.34919
293.33082
293.47707
293.47309
293.4692
293.46531
293.46133
293.45718
293.45281
293.44818
293.44326
293.43805
293.43254
293.42674
293.42066
293.41433
293.40776
293.40098
293.39401
293.38689
293.37962
293.3722
293.36458
293.35664
293.34821
293.3392
293.43995
293.43576
293.43155
293.42722
293.42278
293.41827
293.41372
293.40914
293.40454
293.3999
293.39519
293.39038
293.38542
293.38027
293.37486
293.36912
293.363
293.35646
293.3495
293.34219
293.33465
293.32706
293.31938
293.31141
293.39865
293.39395
293.38935
293.38482
293.38037
293.37598
293.37162
293.36727
293.36291
293.35853
293.35415
293.34979
293.34548
293.34125
293.33713
293.33317
293.32938
293.32576
293.32226
293.3188
293.31532
293.31177
293.30806
293.30378
293.36033
293.35597
293.35168
293.34744
293.34321
293.33899
293.33478
293.33059
293.32641
293.32224
293.31809
293.31392
293.30973
293.30549
293.30119
293.29682
293.2924
293.28798
293.28362
293.2794
293.27536
293.2715
293.26772
293.26396
293.31791
293.3136
293.30943
293.30539
293.30147
293.29769
293.29403
293.29048
293.28702
293.28366
293.28039
293.2772
293.27412
293.27116
293.26833
293.26564
293.26307
293.26058
293.25815
293.25575
293.2534
293.25113
293.24888
293.24663
293.27784
293.27431
293.27089
293.26755
293.26428
293.26106
293.25788
293.25472
293.25158
293.24848
293.24539
293.24234
293.2393
293.23628
293.23327
293.23028
293.22734
293.22448
293.22172
293.21909
293.21661
293.21429
293.21203
293.20978
293.23747
293.23442
293.23149
293.22866
293.22595
293.22334
293.22083
293.21843
293.21612
293.21391
293.2118
293.20977
293.20784
293.206
293.20426
293.20259
293.20099
293.19945
293.19796
293.19654
293.19522
293.19402
293.19288
293.19174
293.20199
293.1998
293.19768
293.19562
293.1936
293.19161
293.18964
293.18768
293.18572
293.18377
293.18182
293.17987
293.17793
293.17599
293.17406
293.17214
293.17022
293.16831
293.16643
293.16463
293.16294
293.16138
293.15989
293.15846
293.17134
293.16966
293.16805
293.1665
293.16501
293.16358
293.1622
293.16089
293.15963
293.15844
293.15731
293.15625
293.15525
293.15433
293.15347
293.15266
293.15189
293.15111
293.15032
293.14953
293.14878
293.1481
293.14739
293.14662
293.14806
293.147
293.14594
293.1449
293.14386
293.1428
293.14171
293.1406
293.13944
293.13825
293.13701
293.13574
293.13444
293.13312
293.13181
293.13052
293.12932
293.12825
293.1273
293.12644
293.12566
293.12497
293.12427
293.12355
293.1306
293.12976
293.12897
293.12822
293.1275
293.1268
293.12612
293.12546
293.12482
293.1242
293.12362
293.12306
293.12253
293.12203
293.12154
293.12104
293.12053
293.11997
293.11934
293.11867
293.118
293.11742
293.11682
293.11622
293.11217
293.1117
293.11121
293.1107
293.11015
293.10957
293.10893
293.10825
293.10751
293.10673
293.1059
293.10505
293.10417
293.10327
293.10236
293.10145
293.10056
293.0997
293.09892
293.09823
293.09763
293.09714
293.09666
293.09619
293.09619
293.09555
293.09494
293.09435
293.09379
293.09325
293.09273
293.09224
293.09177
293.09134
293.09094
293.09057
293.09024
293.08995
293.08967
293.08941
293.08915
293.08888
293.0886
293.08832
293.08805
293.08784
293.08761
293.08736
293.08795
293.08757
293.08722
293.08691
293.08661
293.08626
293.08589
293.08551
293.08515
293.0848
293.08447
293.08416
293.08387
293.08359
293.08333
293.08308
293.08284
293.08261
293.08238
293.08215
293.08195
293.08177
293.08162
293.08151
293.08863
293.08814
293.08766
293.08717
293.08668
293.08622
293.08584
293.08561
293.08532
293.08506
293.08485
293.08469
293.08455
293.08444
293.08434
293.08424
293.08412
293.08397
293.08378
293.08359
293.08345
293.08335
293.08327
293.08321
293.07721
293.07697
293.07681
293.07669
293.07658
293.07647
293.07635
293.07624
293.07614
293.07603
293.07592
293.0758
293.07568
293.07554
293.0754
293.07526
293.07512
293.07494
293.07475
293.07469
293.07462
293.07455
293.07444
293.07435
292.987
292.97675
292.96571
292.95413
292.9426
292.93224
292.92558
292.92671
292.93435
293.04945
293.04085
293.03189
293.02328
293.01579
293.01033
293.0082
293.01159
293.02063
293.11425
293.1072
293.10037
293.09467
293.09097
293.08988
293.09184
293.0976
293.10691
293.18007
293.17464
293.16989
293.16687
293.16645
293.16901
293.1744
293.18242
293.19224
293.24594
293.24208
293.23927
293.23862
293.24095
293.24639
293.25438
293.26402
293.27418
293.31045
293.30813
293.30711
293.30851
293.31303
293.3206
293.33032
293.34087
293.35093
293.37177
293.371
293.37167
293.37481
293.38095
293.38979
293.40022
293.41082
293.42047
293.42755
293.42849
293.43087
293.43549
293.44265
293.45186
293.46195
293.47204
293.48169
293.47612
293.47888
293.48279
293.48851
293.49628
293.50584
293.51652
293.52676
293.53526
293.51316
293.51938
293.52565
293.53307
293.54221
293.55246
293.56223
293.57064
293.57755
293.53041
293.54438
293.55494
293.56493
293.57489
293.58451
293.59344
293.60111
293.60716
293.50755
293.53866
293.56108
293.57596
293.58778
293.59834
293.60756
293.6151
293.6209
293.47706
293.49553
293.52909
293.55946
293.58007
293.5941
293.60435
293.61185
293.61714
293.47917
293.47725
293.48413
293.50531
293.53344
293.55662
293.57259
293.58305
293.58993
293.46828
293.47581
293.47489
293.47406
293.48106
293.49535
293.51081
293.52327
293.53204
293.45247
293.45162
293.45518
293.46071
293.46406
293.46589
293.46877
293.4728
293.47682
293.4261
293.42903
293.4299
293.43016
293.43207
293.43526
293.43809
293.44005
293.44141
293.39775
293.39711
293.39796
293.39961
293.40056
293.40078
293.40087
293.40096
293.40101
293.35932
293.36087
293.36139
293.36142
293.36175
293.36234
293.36275
293.36283
293.3627
293.32331
293.32272
293.32271
293.32292
293.3228
293.32235
293.32176
293.32112
293.32048
293.27926
293.28027
293.28077
293.28094
293.28103
293.28101
293.28079
293.28041
293.27996
293.24246
293.24213
293.24194
293.2418
293.24153
293.24111
293.24058
293.24
293.23941
293.20175
293.2027
293.20341
293.20387
293.20411
293.20415
293.204
293.20371
293.20337
293.17665
293.17592
293.17526
293.17473
293.17427
293.17382
293.17337
293.17291
293.17249
293.14709
293.14794
293.14862
293.14909
293.14933
293.14937
293.14925
293.14903
293.14879
293.13446
293.13412
293.13369
293.13322
293.13276
293.13232
293.13192
293.13156
293.13125
293.11079
293.11106
293.1114
293.11175
293.11208
293.11232
293.11245
293.11249
293.11248
293.0996
293.09944
293.09919
293.09887
293.09846
293.09801
293.09754
293.0971
293.09674
293.0902
293.09011
293.08995
293.08975
293.0895
293.08919
293.08886
293.08854
293.08827
293.09122
293.0911
293.09095
293.09076
293.09051
293.09019
293.08983
293.08944
293.08907
293.07863
293.07859
293.07853
293.07843
293.07831
293.07816
293.07798
293.07779
293.0776
292.99231
293.05376
293.11779
293.18266
293.24761
293.31111
293.37137
293.42586
293.47256
293.50464
293.50823
293.47857
293.47327
293.47624
293.46475
293.45323
293.4232
293.39895
293.35744
293.32432
293.27802
293.24297
293.20066
293.17739
293.14621
293.1347
293.1106
293.09969
293.09024
293.09134
293.07861
292.99414
293.05488
293.11852
293.18282
293.24729
293.31006
293.36957
293.42296
293.46684
293.48883
293.47433
293.46461
293.47322
293.47602
293.46282
293.45253
293.42166
293.39959
293.35599
293.32536
293.277
293.24355
293.19964
293.17789
293.14561
293.13487
293.11051
293.09976
293.09026
293.09146
293.07866
292.99687
293.05646
293.11974
293.18333
293.24744
293.30908
293.3676
293.41889
293.45467
293.45508
293.44808
293.46468
293.46995
293.47165
293.46083
293.45068
293.41981
293.3989
293.35466
293.32545
293.27648
293.24337
293.19912
293.17768
293.14534
293.13467
293.11055
293.09973
293.09025
293.09157
293.07873
293.00082
293.058
293.12087
293.1831
293.24724
293.3068
293.36305
293.40466
293.41639
293.42251
293.44358
293.45552
293.46086
293.46337
293.45353
293.44686
293.41456
293.3944
293.35252
293.32214
293.27704
293.24024
293.20051
293.17441
293.14617
293.13302
293.11108
293.09934
293.0901
293.09167
293.07882
293.00703
293.0583
293.11997
293.17748
293.24205
293.29551
293.32987
293.34148
293.36219
293.38766
293.40865
293.42504
293.43168
293.43745
293.43116
293.41901
293.40863
293.36883
293.35135
293.30175
293.27888
293.22627
293.20315
293.1619
293.14773
293.12746
293.11368
293.0969
293.08933
293.09174
293.07886
293.01995
293.05364
293.10812
293.1347
293.17104
293.1769
293.22948
293.25393
293.28864
293.31456
293.33641
293.35294
293.3601
293.37061
293.36863
293.36212
293.34886
293.3281
293.30293
293.27067
293.23971
293.20439
293.17576
293.14845
293.13365
293.1219
293.10592
293.09151
293.0875
293.08926
293.07833
)
;

boundaryField
{
    Side1
    {
        type            empty;
    }
    Inlet
    {
        type            totalTemperature;
        gamma           1.4;
        T0              uniform 294.31799;
        value           nonuniform List<scalar> 
188
(
292.98754
292.98827
292.98875
292.99428
292.98997
292.99127
292.99773
292.99272
292.99252
292.99402
292.99553
292.99699
292.99835
292.99968
293.0012
293.00283
293.0055
293.00748
294.31799
293.01012
294.31799
294.31799
293.01426
294.31799
294.31799
294.31799
293.01706
293.02572
294.31799
294.31799
293.00245
293.00245
293.00245
293.00245
293.00245
293.00245
293.00245
293.00245
293.00245
293.00245
293.00245
293.00245
293.00245
293.00245
293.00245
293.00245
293.00245
293.00245
293.00245
293.00245
293.00245
293.00245
293.00245
293.00245
293.00245
293.00245
293.00245
293.00245
293.00245
293.00245
293.02244
293.00245
292.98252
292.98258
292.9827
292.98283
292.98297
292.98312
292.98327
292.98342
292.98357
292.98372
292.98386
292.98399
292.98412
292.98424
292.98435
292.98444
292.98456
292.9847
292.98486
292.98496
292.9851
292.98533
292.9856
292.98618
292.98243
292.98237
292.98232
292.98226
292.98225
292.98226
292.98227
292.98226
292.98223
292.98219
292.98213
292.98203
292.98188
292.98168
292.98141
292.98107
292.98068
292.98028
292.97986
292.97945
292.97904
292.97863
292.97823
292.97782
292.97737
292.97686
292.97628
292.97556
292.97466
292.9736
292.97241
292.97102
292.9698
292.96909
292.96854
292.96803
292.96779
292.96794
292.96795
292.96787
292.96786
292.9679
292.96803
292.96804
292.968
292.96809
292.96824
292.96851
292.96854
292.96843
292.96845
292.96915
292.97024
292.97152
292.97268
292.97419
292.97612
292.97748
292.9755
292.97513
292.97438
292.97361
292.97078
293.00245
293.00245
293.00245
293.00245
293.00245
293.00245
293.00245
293.00245
293.00245
293.00245
293.00245
293.00245
293.00245
293.00245
293.00245
293.00245
293.00245
293.00245
293.00245
293.00245
293.00245
293.00245
293.00245
293.00245
293.00245
293.00245
293.00245
293.00245
293.00245
293.00245
293.00245
293.00245
293.00245
293.00245
293.00245
293.00245
293.00245
293.00245
293.00245
)
;
    }
    Side2
    {
        type            empty;
    }
    Outlet
    {
        type            zeroGradient;
    }
    Botwall
    {
        type            zeroGradient;
    }
    Cyli
    {
        type            zeroGradient;
    }
}


// ************************************************************************* //
