/*--------------------------------*- C++ -*----------------------------------*\
| =========                 |                                                 |
| \\      /  F ield         | OpenFOAM: The Open Source CFD Toolbox           |
|  \\    /   O peration     | Version:  2406                                  |
|   \\  /    A nd           | Website:  www.openfoam.com                      |
|    \\/     M anipulation  |                                                 |
\*---------------------------------------------------------------------------*/
FoamFile
{
    version     2.0;
    format      ascii;
    arch        "LSB;label=32;scalar=64";
    class       volScalarField;
    location    "0.079";
    object      T;
}
// * * * * * * * * * * * * * * * * * * * * * * * * * * * * * * * * * * * * * //

dimensions      [0 0 0 1 0 0 0];

internalField   nonuniform List<scalar> 
8260
(
292.77457
292.77588
292.77816
292.78577
292.79733
292.81099
292.82509
292.83804
292.84816
292.85411
292.85478
292.84924
292.83717
292.81906
292.79763
292.78012
292.80205
292.87538
292.92317
292.94568
292.96153
292.97554
292.98872
292.99987
293.00871
293.01641
293.02303
293.02824
293.03257
293.03521
293.03717
292.84031
292.83522
292.83298
292.83496
292.83987
292.84669
292.85435
292.86152
292.86673
292.86858
292.86598
292.85786
292.84384
292.82421
292.80246
292.78662
292.81348
292.88671
292.92961
292.94991
292.9648
292.97808
292.99073
293.00146
293.00997
293.01742
293.02387
293.02894
293.03317
293.03574
293.03764
292.91089
292.90117
292.89372
292.88961
292.88783
292.88779
292.88878
292.88973
292.8894
292.88667
292.88019
292.86896
292.85249
292.83094
292.80854
292.79436
292.82721
292.89873
292.93628
292.95452
292.96843
292.98091
292.99299
293.00328
293.01141
293.01858
293.02483
293.02975
293.03386
293.03635
293.0382
292.98287
292.96918
292.95692
292.94715
292.9392
292.93271
292.92723
292.92199
292.91596
292.90813
292.89731
292.88249
292.86315
292.83938
292.81614
292.80409
292.84379
292.91184
292.94371
292.95984
292.97265
292.98421
292.99563
293.00539
293.01307
293.01992
293.02593
293.03067
293.03465
293.03704
293.03883
293.05428
293.03735
293.02109
293.00642
292.99297
292.98055
292.96894
292.95762
292.94583
292.93267
292.91717
292.89839
292.8758
292.84962
292.82553
292.81697
292.86379
292.92589
292.95193
292.96588
292.97747
292.98798
292.99864
293.0078
293.01496
293.02144
293.02719
293.03173
293.03555
293.03783
293.03955
293.12405
293.10481
293.08546
293.06676
293.04857
293.03086
293.01356
292.99643
292.97892
292.96035
292.93992
292.91686
292.89069
292.86194
292.83727
292.83424
292.88751
292.94073
292.96104
292.97272
292.98296
292.99228
293.00209
293.01055
293.01712
293.02318
293.02863
293.03293
293.03658
293.03873
293.04037
293.19106
293.17035
293.14886
293.12709
293.10505
293.08284
293.06052
293.03802
293.01504
292.99112
292.96567
292.93811
292.90809
292.8768
292.85233
292.85747
292.91465
292.95623
292.97111
292.98047
292.9892
292.99718
293.00601
293.01367
293.01958
293.02515
293.03026
293.03429
293.03774
293.03975
293.0413
293.25393
293.23252
293.20973
293.18588
293.16102
293.13528
293.10879
293.08161
293.05365
293.02467
292.99431
292.96221
292.92826
292.89484
292.87228
292.88863
292.9442
292.97238
292.98224
292.98925
292.99627
293.00276
293.01048
293.01721
293.02237
293.02741
293.03211
293.03585
293.03906
293.04092
293.04236
293.31129
293.28989
293.2666
293.2416
293.21493
293.18669
293.15702
293.12606
293.09386
293.06039
293.02552
292.98912
292.95148
292.91709
292.89979
292.92919
292.97404
292.98916
292.99458
292.99916
293.00427
293.00911
293.01557
293.02123
293.02554
293.02998
293.03422
293.03763
293.04056
293.04224
293.04356
293.36205
293.34108
293.31798
293.29266
293.26508
293.23533
293.20355
293.16988
293.13444
293.09735
293.05871
293.0187
292.97837
292.94529
292.93987
292.97709
293.0023
293.00684
293.00828
293.01029
293.01326
293.01634
293.02139
293.02581
293.02914
293.03291
293.03663
293.03967
293.04226
293.04376
293.04493
293.40522
293.38473
293.36203
293.33693
293.30934
293.27918
293.24648
293.21133
293.17389
293.13435
293.09306
293.05078
293.01039
292.98497
292.99743
293.02421
293.02876
293.02561
293.02327
293.02278
293.02333
293.02452
293.028
293.03105
293.03325
293.03626
293.03938
293.04199
293.0442
293.04549
293.04648
293.43898
293.41963
293.39786
293.37358
293.34659
293.3168
293.28416
293.24873
293.21064
293.17019
293.12817
293.08704
293.05408
293.04637
293.06209
293.06427
293.05418
293.04567
293.03977
293.0365
293.03452
293.0337
293.03547
293.03701
293.03798
293.04006
293.04251
293.04463
293.04642
293.04746
293.04826
293.46122
293.44284
293.42226
293.39949
293.37419
293.34607
293.31501
293.28107
293.24458
293.20639
293.16845
293.13636
293.12104
293.12236
293.11506
293.09697
293.08031
293.06695
293.0576
293.05149
293.04694
293.04387
293.04381
293.04375
293.04335
293.04437
293.04607
293.04763
293.04894
293.04971
293.05029
293.47252
293.45706
293.43962
293.41992
293.39757
293.37225
293.34409
293.3138
293.28263
293.25256
293.22676
293.20856
293.19615
293.17756
293.15199
293.12779
293.10651
293.08951
293.07671
293.06764
293.06049
293.05516
293.05297
293.05118
293.04938
293.04927
293.0501
293.05102
293.05181
293.05226
293.05262
293.48767
293.47338
293.45669
293.43773
293.41744
293.39694
293.37604
293.35428
293.33211
293.31048
293.28956
293.26759
293.24038
293.21044
293.18226
293.15648
293.13308
293.11264
293.09671
293.08475
293.07524
293.06758
293.06291
293.05922
293.05609
293.05478
293.05467
293.05482
293.05505
293.05512
293.05529
293.4926
293.48549
293.47799
293.46954
293.4583
293.44266
293.42285
293.39924
293.37423
293.34949
293.32346
293.29425
293.26373
293.23509
293.20807
293.18321
293.15842
293.13551
293.11703
293.10251
293.0907
293.08113
293.07376
293.0679
293.06345
293.061
293.05982
293.0591
293.05867
293.05833
293.05831
293.47043
293.46224
293.45308
293.44323
293.4329
293.42255
293.41308
293.4051
293.39319
293.37115
293.34225
293.31381
293.28592
293.25716
293.22937
293.20567
293.18159
293.15717
293.13671
293.12015
293.10661
293.0955
293.0856
293.0774
293.07156
293.06789
293.06559
293.06389
293.0627
293.0619
293.0617
293.45735
293.45212
293.44606
293.43873
293.42986
293.41911
293.40564
293.38936
293.37324
293.36055
293.3486
293.32798
293.30242
293.27565
293.24934
293.22335
293.20014
293.17667
293.15506
293.13725
293.12238
293.1101
293.0981
293.08785
293.08047
293.07546
293.07195
293.06919
293.06716
293.06584
293.06547
293.42819
293.42336
293.4179
293.41174
293.40488
293.39737
293.3893
293.38048
293.37001
293.35628
293.3405
293.32856
293.315
293.2917
293.266
293.24025
293.21605
293.19359
293.17198
293.1532
293.13753
293.12419
293.11065
293.09895
293.09013
293.08358
293.07883
293.07496
293.07209
293.07022
293.06964
293.40943
293.40628
293.40263
293.39833
293.3932
293.38705
293.37963
293.37078
293.36071
293.34993
293.33796
293.32205
293.30589
293.29558
293.27738
293.2536
293.23121
293.20993
293.18805
293.16822
293.15154
293.13705
293.12243
293.11016
293.10031
293.0921
293.0861
293.08122
293.07754
293.07506
293.07421
293.38184
293.37892
293.3756
293.3718
293.36746
293.36256
293.35708
293.35097
293.34399
293.3357
293.32607
293.31628
293.30486
293.28882
293.27802
293.26475
293.24401
293.22278
293.20299
293.18276
293.16442
293.14864
293.13358
293.12074
293.1106
293.1011
293.09377
293.08794
293.08351
293.08042
293.07923
293.36302
293.36119
293.35907
293.35656
293.35358
293.35
293.34571
293.34056
293.33445
293.32741
293.31931
293.30951
293.29872
293.28833
293.27353
293.26168
293.25112
293.23366
293.21505
293.19589
293.17697
293.15978
293.1452
293.13137
293.12076
293.11059
293.10204
293.09516
293.09
293.08634
293.08472
293.33731
293.33558
293.3336
293.33131
293.32869
293.32569
293.32231
293.31851
293.31425
293.30944
293.30401
293.2981
293.29118
293.28256
293.27402
293.26074
293.24638
293.23717
293.22243
293.20545
293.18838
293.17157
293.15744
293.14329
293.131
293.12027
293.11079
293.10297
293.09696
293.09281
293.09071
293.3196
293.31863
293.31749
293.31613
293.31447
293.31245
293.30999
293.30701
293.30343
293.29914
293.29398
293.28776
293.28064
293.27282
293.26345
293.25562
293.24745
293.23288
293.22128
293.21044
293.19646
293.18101
293.1672
293.15458
293.14133
293.12968
293.11951
293.11111
293.10434
293.09973
293.09723
293.29529
293.29423
293.29301
293.29163
293.29006
293.2883
293.28632
293.28406
293.28148
293.27854
293.2752
293.27145
293.2672
293.26236
293.25729
293.24977
293.2409
293.23469
293.22478
293.21163
293.1995
293.18679
293.17336
293.16192
293.1503
293.1382
293.12772
293.11922
293.11206
293.10703
293.10425
293.28147
293.28096
293.28034
293.27958
293.27861
293.27742
293.27598
293.27427
293.27228
293.27
293.26738
293.26436
293.26067
293.25615
293.25046
293.24492
293.23915
293.23122
293.22428
293.2141
293.2019
293.18998
293.17747
293.16667
293.15661
293.14591
293.13574
293.12721
293.12001
293.11468
293.1117
293.26135
293.26074
293.26004
293.25926
293.25839
293.25744
293.25637
293.25515
293.25375
293.25213
293.25031
293.24831
293.24632
293.24414
293.24122
293.23687
293.23146
293.22582
293.2174
293.2117
293.20527
293.1944
293.18391
293.17352
293.16295
293.15377
293.1441
293.13537
293.12818
293.12265
293.11949
293.24956
293.24936
293.24911
293.24877
293.24835
293.2478
293.2471
293.24624
293.24515
293.2438
293.2421
293.2399
293.23701
293.2335
293.22995
293.22652
293.22273
293.21866
293.21547
293.21067
293.20641
293.19964
293.19001
293.18004
293.17014
293.16113
293.15228
293.14365
293.13636
293.13081
293.1275
293.23509
293.23483
293.23453
293.23418
293.23378
293.23331
293.23276
293.23212
293.23137
293.23049
293.22945
293.22829
293.22711
293.22596
293.22466
293.2229
293.2205
293.21727
293.213
293.20796
293.2014
293.19825
293.19404
293.18436
293.17549
293.16718
293.15912
293.15124
293.14426
293.13887
293.13551
293.22946
293.22928
293.22908
293.22883
293.22854
293.22819
293.22778
293.22729
293.22671
293.22601
293.22517
293.22415
293.22287
293.22134
293.2194
293.2172
293.21475
293.21201
293.20892
293.2054
293.20133
293.19516
293.18868
293.18441
293.17856
293.1713
293.16411
293.15711
293.15076
293.14559
293.14233
293.22171
293.22155
293.22136
293.22113
293.22087
293.22056
293.22019
293.21976
293.21926
293.21866
293.21797
293.21717
293.21621
293.21498
293.21352
293.21172
293.20969
293.20743
293.2048
293.20167
293.19802
293.19418
293.19038
293.186
293.18066
293.17452
293.16786
293.16132
293.15526
293.15025
293.14714
293.88395
293.7606
293.63481
293.5187
293.41729
293.3285
293.24815
293.17582
293.10913
293.04912
292.99553
292.94776
292.9045
292.86435
292.82551
292.78534
292.74502
292.71554
292.73114
292.79942
292.86031
292.89825
292.92524
292.94687
292.96505
292.98022
292.99224
293.00181
293.00923
293.01419
293.01759
293.71065
293.59691
293.50239
293.41858
293.33967
293.26433
293.19359
293.12846
293.06843
293.0147
292.96692
292.92417
292.88504
292.84824
292.81187
292.77405
292.73575
292.71304
292.73752
292.81006
292.86727
292.9025
292.9284
292.94941
292.96712
292.98189
292.99361
293.00295
293.01023
293.01508
293.01838
293.64438
293.5465
293.45699
293.37215
293.29171
293.21713
293.14941
293.08836
293.03373
292.9854
292.94255
292.90404
292.8684
292.83439
292.8
292.76431
292.72809
292.71197
292.74483
292.81983
292.87309
292.90616
292.93125
292.95175
292.96903
292.98343
292.9949
293.00403
293.01117
293.01592
293.01922
293.57276
293.47798
293.39112
293.31015
293.23511
293.16664
293.10509
293.0502
293.0016
292.95873
292.92065
292.8861
292.85366
292.82214
292.78945
292.75571
292.72225
292.71187
292.7531
292.82937
292.87871
292.90989
292.9342
292.95416
292.971
292.98501
292.99621
293.00513
293.01212
293.01677
293.02
293.49256
293.403
293.32226
293.24758
293.179
293.11719
293.06228
293.01387
292.97135
292.93391
292.90046
292.8697
292.84026
292.81105
292.77999
292.74813
292.71823
292.71283
292.76277
292.83856
292.88393
292.9135
292.9371
292.95654
292.97294
292.98658
292.99752
293.00623
293.01308
293.01762
293.02073
293.40114
293.32178
293.24951
293.18271
293.12206
293.06812
293.02069
292.97924
292.94296
292.91091
292.88194
292.85477
292.82815
292.80108
292.77164
292.74165
292.71556
292.71486
292.77362
292.84724
292.88887
292.91707
292.94
292.95893
292.97488
292.98816
292.99884
293.00734
293.01405
293.01848
293.02145
293.30511
293.23632
293.17356
293.11629
293.06513
293.0201
292.98081
292.9466
292.9166
292.88981
292.86512
292.84133
292.81734
292.79226
292.76443
292.73625
292.71353
292.71815
292.78525
292.8553
292.89355
292.92057
292.94287
292.96129
292.97681
292.98974
293.00015
293.00845
293.01502
293.01935
293.02223
293.20016
293.14486
293.09463
293.04928
293.00903
292.97373
292.94298
292.91613
292.89233
292.87063
292.85
292.82938
292.80783
292.7845
292.75827
292.73197
292.71204
292.72321
292.7972
292.86274
292.89803
292.92403
292.94572
292.96364
292.97873
292.99131
293.00148
293.00957
293.01599
293.02022
293.02303
293.09029
293.05127
293.0158
292.98358
292.95484
292.92961
292.90753
292.88799
292.87022
292.85339
292.83659
292.81891
292.79959
292.77774
292.75316
292.72873
292.71137
292.73019
292.80892
292.86957
292.90235
292.92743
292.94854
292.96598
292.98064
292.99288
293.0028
293.01069
293.01697
293.02109
293.02384
292.98183
292.95971
292.93945
292.92047
292.90335
292.88829
292.87478
292.86233
292.85033
292.8381
292.82487
292.80991
292.79261
292.7721
292.74918
292.72637
292.71171
292.73883
292.82008
292.87589
292.90655
292.93079
292.95133
292.96829
292.98254
292.99444
293.00412
293.01181
293.01795
293.02197
293.02465
292.87782
292.87259
292.86681
292.86097
292.85544
292.85029
292.84499
292.8393
292.83275
292.8248
292.81487
292.80238
292.78683
292.76772
292.74644
292.72489
292.71313
292.74832
292.83051
292.88178
292.91065
292.93411
292.95409
292.97058
292.98442
292.996
293.00543
293.01293
293.01893
293.02284
293.02546
292.78026
292.79094
292.79957
292.80661
292.81213
292.81604
292.81838
292.81899
292.81749
292.81349
292.80656
292.79627
292.78235
292.76484
292.74474
292.72426
292.71553
292.75848
292.84029
292.88733
292.91467
292.93738
292.95682
292.97286
292.98628
292.99754
293.00674
293.01405
293.01992
293.02373
293.02628
292.69275
292.71778
292.73955
292.75817
292.77364
292.786
292.79528
292.80148
292.80455
292.80411
292.7999
292.79166
292.77951
292.76327
292.74365
292.72449
292.71882
292.76909
292.84938
292.89261
292.91862
292.9406
292.95951
292.9751
292.98812
292.99908
293.00805
293.01517
293.0209
293.02461
293.0271
292.61935
292.65569
292.68825
292.71662
292.74064
292.76032
292.77569
292.78687
292.79396
292.79674
292.79509
292.78891
292.77805
292.76253
292.7435
292.72539
292.72297
292.7799
292.85779
292.89767
292.92249
292.94377
292.96216
292.97732
292.98995
293.0006
293.00935
293.01629
293.02189
293.02549
293.02793
292.5641
292.6081
292.64801
292.68341
292.714
292.73958
292.76009
292.77575
292.78644
292.79204
292.79261
292.78777
292.77756
292.76275
292.74427
292.72687
292.72804
292.79065
292.86557
292.90255
292.9263
292.94689
292.96477
292.97951
292.99175
293.00211
293.01064
293.0174
293.02287
293.02638
293.02875
292.52335
292.57461
292.61983
292.65989
292.69501
292.725
292.74955
292.76886
292.78254
292.79003
292.79155
292.78757
292.77818
292.76398
292.74593
292.72923
292.73405
292.80107
292.87274
292.90729
292.93005
292.94996
292.96735
292.98167
292.99354
293.00361
293.01193
293.01851
293.02385
293.02726
293.02958
292.48441
292.5446
292.59723
292.64296
292.68242
292.71603
292.74385
292.76523
292.78012
292.78907
292.79184
292.78871
292.77995
292.76623
292.74848
292.73258
292.74089
292.81105
292.87951
292.91194
292.93375
292.95299
292.96989
292.98381
292.99532
293.0051
293.01321
293.01962
293.02484
293.02815
293.03042
292.45835
292.51935
292.57592
292.62655
292.6706
292.70795
292.73865
292.76242
292.77938
292.78986
292.79374
292.79128
292.78293
292.7695
292.75193
292.73667
292.74838
292.82057
292.88592
292.91649
292.93741
292.95599
292.9724
292.98593
292.99707
293.00658
293.01448
293.02073
293.02582
293.02904
293.03125
292.46293
292.5179
292.57104
292.62073
292.66554
292.70449
292.737
292.76253
292.78098
292.79264
292.79735
292.79533
292.78714
292.77381
292.75626
292.74143
292.7562
292.82962
292.89201
292.92096
292.94104
292.95894
292.97488
292.98803
292.99881
293.00804
293.01574
293.02183
293.0268
293.02992
293.03209
292.48045
292.53076
292.5797
292.62621
292.66914
292.70743
292.74008
292.76613
292.78524
292.79752
292.8027
292.80087
292.79262
292.77915
292.76147
292.74681
292.76415
292.8382
292.89781
292.92536
292.94462
292.96186
292.97731
292.99009
293.00053
293.00949
293.01699
293.02292
293.02777
293.03081
293.03293
292.51022
292.55463
292.59855
292.64084
292.68049
292.71655
292.7478
292.77325
292.79225
292.80454
292.8098
292.80789
292.79937
292.78551
292.76752
292.7528
292.77209
292.84638
292.90336
292.92966
292.94814
292.96471
292.97969
292.99212
293.00222
293.01091
293.01822
293.024
293.02874
293.03169
293.03377
292.55204
292.5886
292.626
292.66295
292.69832
292.73085
292.75954
292.78359
292.80181
292.81354
292.8185
292.81629
292.80731
292.79285
292.77436
292.75937
292.77993
292.85415
292.90862
292.9338
292.95156
292.96747
292.98199
292.99409
293.00386
293.0123
293.01944
293.02507
293.0297
293.03257
293.03461
292.60575
292.63177
292.66018
292.69016
292.72007
292.7485
292.77431
292.79626
292.8132
292.82408
292.82847
292.82581
292.81625
292.80102
292.78188
292.76637
292.78752
292.86132
292.91345
292.93772
292.95483
292.97012
292.98421
292.996
293.00547
293.01367
293.02064
293.02613
293.03066
293.03346
293.03546
292.67644
292.69058
292.70655
292.72627
292.74852
292.77141
292.79315
292.81215
292.82698
292.83664
292.84012
292.83675
292.82646
292.81018
292.79009
292.77343
292.79419
292.86749
292.91783
292.94145
292.95802
292.97272
292.9864
292.99791
293.00709
293.01505
293.02186
293.02722
293.03165
293.03437
293.03635
293.88257
293.78077
293.6581
293.54046
293.43676
293.34648
293.26576
293.19136
293.12419
293.06338
293.00856
292.95929
292.91456
292.87304
292.83318
292.79224
292.75127
292.71907
292.72919
292.79427
292.85694
292.89598
292.92345
292.94538
292.96384
292.97924
292.99142
293.00113
293.00865
293.01368
293.01714
293.86091
293.7597
293.64126
293.53025
293.43176
293.34508
293.26742
293.19589
293.13054
293.07075
293.01619
292.96661
292.92123
292.8789
292.8382
292.79658
292.75505
292.72169
292.7281
292.7912
292.85506
292.89462
292.92226
292.94431
292.9629
292.97843
292.99072
293.00051
293.00809
293.01317
293.0166
293.84048
293.74459
293.63066
293.52453
293.4304
293.347
293.27178
293.2023
293.13817
293.07904
293.02459
292.97461
292.92852
292.88531
292.84369
292.80131
292.75904
292.72429
292.72688
292.7875
292.85278
292.89302
292.92089
292.9431
292.96185
292.97752
292.98992
292.99981
293.00746
293.0126
293.01596
293.82141
293.73351
293.62396
293.52114
293.43002
293.34905
293.27584
293.20802
293.14513
293.08683
293.03271
292.98256
292.93593
292.89198
292.8495
292.80643
292.76342
292.72719
292.7261
292.78359
292.85017
292.89117
292.91932
292.94173
292.96066
292.9765
292.98903
292.99905
293.00678
293.01199
293.01533
293.80103
293.72277
293.61756
293.518
293.42927
293.35044
293.27913
293.21302
293.15155
293.09427
293.04069
292.99059
292.94359
292.89899
292.85572
292.81205
292.76827
292.73046
292.72577
292.77965
292.84739
292.88918
292.91762
292.94024
292.95937
292.97542
292.98809
292.99823
293.00604
293.01133
293.0147
293.77921
293.71099
293.6108
293.51411
293.42786
293.35122
293.28187
293.2176
293.15766
293.10154
293.04867
292.99877
292.95154
292.9064
292.86243
292.81821
292.7737
292.73415
292.72589
292.77575
292.84449
292.88711
292.91586
292.93869
292.95804
292.97426
292.98708
292.99735
293.00526
293.01062
293.01421
293.75561
293.69715
293.60321
293.5099
293.4262
293.35175
293.28437
293.22197
293.16364
293.10875
293.0567
293.00715
292.95982
292.91425
292.86964
292.82494
292.77962
292.73836
292.72643
292.77194
292.8415
292.885
292.91404
292.93707
292.95663
292.97304
292.98601
292.99643
293.00443
293.00987
293.01349
293.7318
293.68254
293.59558
293.50596
293.42474
293.35235
293.28686
293.22629
293.16957
293.11596
293.06481
293.01572
292.96842
292.92252
292.87737
292.83219
292.78608
292.74325
292.72742
292.76822
292.8384
292.88282
292.91216
292.93539
292.95515
292.97176
292.98489
292.99545
293.00355
293.00908
293.01274
293.70956
293.66729
293.5876
293.50221
293.42361
293.35326
293.2896
293.23079
293.17563
293.12331
293.0731
293.02455
292.97738
292.93125
292.88563
292.83992
292.79315
292.74901
292.72888
292.76469
292.83519
292.88058
292.91022
292.93364
292.95361
292.97042
292.98371
292.99441
293.00261
293.00823
293.01172
293.68916
293.65196
293.57946
293.49872
293.42303
293.35478
293.29289
293.23573
293.18206
293.13096
293.08169
293.03372
292.98675
292.94047
292.89445
292.84817
292.80078
292.75551
292.73092
292.76142
292.83187
292.87827
292.90822
292.93183
292.95199
292.96901
292.98246
292.99331
293.00162
293.00733
293.01082
293.67143
293.63769
293.57164
293.4959
293.42339
293.35731
293.29712
293.24147
293.18912
293.13913
293.09072
293.04332
292.99658
292.95021
292.90383
292.85699
292.80898
292.76256
292.73405
292.75854
292.82846
292.87591
292.90618
292.92996
292.95031
292.96752
292.98115
292.99215
293.00057
293.00637
293.00997
293.65678
293.62548
293.56603
293.49499
293.42549
293.36141
293.30272
293.24835
293.19711
293.14805
293.10037
293.05347
293.00694
292.96051
292.91381
292.86643
292.81775
292.77012
292.7381
292.75627
292.82496
292.87351
292.90409
292.92803
292.94856
292.96598
292.97977
292.99092
292.99945
293.00536
293.00909
293.64625
293.6167
293.56271
293.49631
293.42983
293.36762
293.3102
293.25679
293.20636
293.15798
293.11083
293.0643
293.01793
292.97142
292.92441
292.8765
292.82716
292.77846
292.74312
292.75474
292.82138
292.87108
292.90198
292.92605
292.94675
292.96436
292.97833
292.98963
292.99828
293.00428
293.00812
293.64262
293.6125
293.56131
293.49987
293.43674
293.37638
293.31998
293.26718
293.21717
293.16915
293.1223
293.07595
293.02964
292.983
292.93568
292.88724
292.83726
292.78753
292.74905
292.75407
292.81775
292.86863
292.89985
292.92404
292.94489
292.96268
292.97681
292.98827
292.99703
293.00314
293.00703
293.64253
293.61291
293.56562
293.50776
293.44713
293.38819
293.33242
293.27982
293.22984
293.18177
293.1349
293.08854
293.04214
292.99531
292.94764
292.89869
292.84809
292.79747
292.75597
292.75446
292.81414
292.86619
292.89773
292.92201
292.94298
292.96093
292.97523
292.98685
292.99572
293.00193
293.00588
293.64844
293.61913
293.57436
293.51953
293.46107
293.40316
293.34764
293.29484
293.24448
293.196
293.14877
293.10215
293.05551
293.00838
292.96034
292.91089
292.85971
292.80834
292.76423
292.75582
292.81062
292.86377
292.89564
292.91996
292.94103
292.95913
292.97359
292.98535
292.99435
293.00066
293.00466
293.65817
293.62889
293.58636
293.53425
293.47776
293.42077
293.36531
293.31207
293.26103
293.21183
293.16395
293.11681
293.06977
293.02226
292.97381
292.9239
292.87232
292.82031
292.7734
292.75806
292.80734
292.8614
292.89359
292.91794
292.93906
292.95727
292.97189
292.98379
292.9929
292.99931
293.00337
293.6687
293.64028
293.60007
293.55072
293.49628
293.44025
293.38485
293.33108
293.27921
293.22911
293.18038
293.1325
293.0849
293.03694
292.98806
292.93779
292.88599
292.83354
292.78398
292.76099
292.80425
292.85912
292.89163
292.91591
292.93708
292.95538
292.97012
292.98216
292.99138
292.99789
293.00199
293.67972
293.65307
293.61538
293.56864
293.51613
293.46105
293.4057
293.35139
293.29864
293.24755
293.19786
293.14914
293.10083
293.05237
293.00308
292.95249
292.90044
292.84746
292.79515
292.76526
292.80182
292.85696
292.88973
292.914
292.93511
292.95344
292.9683
292.98047
292.98979
292.9964
293.00053
293.68944
293.66513
293.63058
293.58685
293.53649
293.48248
293.42727
293.37247
293.31888
293.26679
293.21613
293.16652
293.11749
293.06847
293.01878
292.96787
292.91545
292.86154
292.8074
292.77122
292.80006
292.85495
292.88799
292.9121
292.9332
292.95149
292.96643
292.97872
292.98814
292.99484
292.99899
293.698
293.67632
293.64521
293.60482
293.55689
293.50412
293.44917
293.39395
293.33955
293.28651
293.2349
293.18444
293.1347
293.08511
293.03504
292.98383
292.931
292.87633
292.82085
292.77884
292.79869
292.85315
292.88646
292.91037
292.93127
292.94953
292.96454
292.97691
292.98642
292.99321
292.9974
293.70565
293.68647
293.6588
293.62201
293.57691
293.52575
293.47123
293.41563
293.36045
293.30647
293.25394
293.20269
293.15228
293.10218
293.05174
293.00026
292.94706
292.89173
292.835
292.78829
292.79832
292.85153
292.88492
292.90877
292.92958
292.94758
292.9626
292.97505
292.98465
292.9915
292.99575
293.71285
293.69565
293.67105
293.63786
293.59601
293.54697
293.49326
293.43747
293.38153
293.3266
293.27315
293.22111
293.17008
293.11952
293.06875
293.01704
292.96355
292.90766
292.84975
292.79879
292.80015
292.8501
292.88424
292.90734
292.92775
292.94571
292.96067
292.97315
292.9828
292.98973
292.99404
293.72023
293.70427
293.682
293.65197
293.61345
293.56706
293.51477
293.45921
293.40272
293.34689
293.29249
293.23965
293.18802
293.13704
293.08598
293.03406
292.98038
292.92409
292.8654
292.81129
292.80301
292.84949
292.88306
292.90621
292.92632
292.94379
292.95876
292.97122
292.98092
292.98789
292.99228
293.72866
293.71342
293.69255
293.66475
293.62903
293.58538
293.53508
293.48039
293.42379
293.36727
293.31199
293.25832
293.20607
293.15467
293.10336
293.05127
292.99748
292.94104
292.88189
292.82477
292.80629
292.84869
292.88245
292.90534
292.92494
292.9422
292.95684
292.96927
292.97899
292.98599
292.99046
293.73602
293.72181
293.70261
293.67691
293.64362
293.60246
293.55423
293.50079
293.44454
293.38765
293.33164
293.27719
293.22427
293.17241
293.12083
293.06862
293.01478
292.95835
292.89904
292.83963
292.81026
292.84826
292.88313
292.90506
292.92344
292.94038
292.95508
292.96733
292.97703
292.98404
292.98857
293.74175
293.72833
293.7104
293.68664
293.65584
293.6174
293.57163
293.51998
293.46461
293.40782
293.35136
293.29622
293.24264
293.19028
293.13841
293.08607
293.03221
292.97582
292.91623
292.8552
292.81697
292.84813
292.88331
292.90484
292.92302
292.93915
292.95324
292.96539
292.97505
292.98205
292.98661
293.74351
293.73123
293.71481
293.693
293.66459
293.6288
293.58579
293.53656
293.48291
293.42697
293.37063
293.31516
293.26107
293.20824
293.15605
293.10357
293.04972
292.99339
292.93374
292.87181
292.82585
292.84868
292.88426
292.90545
292.92203
292.93787
292.9517
292.96351
292.97304
292.98001
292.98458
293.73862
293.72763
293.71286
293.69318
293.66752
293.63506
293.59546
293.54942
293.4984
293.44425
293.38883
293.33359
293.27932
293.22616
293.17369
293.12108
293.06724
293.01102
292.95143
292.88896
292.83696
292.85066
292.88576
292.90541
292.9215
292.93652
292.95008
292.96165
292.97108
292.97797
292.98251
293.72637
293.7168
293.70391
293.68668
293.66407
293.63523
293.5997
293.55768
293.51021
293.45881
293.40521
293.35092
293.29698
293.24379
293.19118
293.1385
293.08472
293.02867
292.96926
292.90652
292.84999
292.85452
292.88666
292.9063
292.92175
292.93626
292.94862
292.95983
292.96904
292.97589
292.98041
293.70714
293.69903
293.6881
293.67346
293.65413
293.62926
293.59825
293.56094
293.5178
293.47002
293.41911
293.36656
293.31357
293.26079
293.20832
293.1557
293.10208
293.04629
292.9872
292.92449
292.86486
292.85783
292.88811
292.908
292.9223
292.93521
292.9476
292.95826
292.96719
292.97388
292.97831
293.68166
293.67496
293.66596
293.65393
293.63801
293.6173
293.59101
293.55881
293.52072
293.47741
293.43006
293.38005
293.32868
293.27682
293.22483
293.1725
293.11917
293.06376
293.00511
292.94261
292.88059
292.8623
292.89088
292.90975
292.92283
292.93471
292.94613
292.95654
292.96523
292.9718
292.97622
293.65163
293.64618
293.63889
293.6292
293.61639
293.59964
293.5782
293.55138
293.51886
293.48078
293.43785
293.3912
293.34212
293.29169
293.24054
293.18875
293.13586
293.08095
293.02287
292.96074
292.89665
292.8689
292.89401
292.91112
292.92352
292.93479
292.94552
292.95522
292.96349
292.96988
292.97419
293.61889
293.61437
293.60853
293.60099
293.59112
293.57816
293.56129
293.53974
293.51287
293.48035
293.44244
293.3999
293.35381
293.30535
293.25541
293.20437
293.15207
293.09776
293.04038
292.97884
292.91409
292.87671
292.89669
292.91306
292.92471
292.93491
292.9451
292.95419
292.9619
292.96796
292.97217
293.58901
293.58492
293.57977
293.57322
293.56496
293.55452
293.54119
293.52411
293.50241
293.47545
293.44298
293.40525
293.36301
293.3173
293.26913
293.21921
293.16769
293.1141
293.05751
292.99676
292.93206
292.88562
292.89977
292.91607
292.92637
292.93538
292.94406
292.95268
292.96022
292.96614
292.97027
293.56501
293.56107
293.55642
293.55084
293.54389
293.53503
293.52368
293.50924
293.49107
293.46844
293.44074
293.4077
293.36961
293.32719
293.28139
293.23305
293.18259
293.12986
293.07412
293.01431
292.95015
292.89679
292.90318
292.91887
292.9279
292.93563
292.94411
292.95225
292.95914
292.96457
292.96841
293.5504
293.54597
293.541
293.53536
293.52881
293.52098
293.51131
293.49906
293.48342
293.46368
293.43928
293.40986
293.37531
293.33602
293.2927
293.2461
293.19681
293.14497
293.09011
293.03131
292.9679
292.90933
292.90674
292.92139
292.92879
292.93669
292.94467
292.95181
292.95796
292.96297
292.96678
293.54941
293.54437
293.53878
293.5325
293.52534
293.51705
293.50724
293.49543
293.481
293.46315
293.44111
293.41419
293.38219
293.34528
293.30395
293.25887
293.21063
293.15958
293.10551
293.04764
292.98505
292.92317
292.9107
292.92398
292.93108
292.93787
292.94481
292.9511
292.95682
292.96176
292.96522
293.55626
293.55115
293.54538
293.53882
293.53128
293.52255
293.51234
293.50026
293.48577
293.46818
293.44676
293.42099
293.39047
293.3551
293.31521
293.27138
293.22413
293.17379
293.12036
293.06327
293.00136
292.93635
292.91512
292.9266
292.93374
292.93942
292.94494
292.95122
292.95669
292.96079
292.96399
293.56008
293.55564
293.55053
293.54459
293.53761
293.52935
293.51948
293.50759
293.49323
293.4759
293.45506
293.43012
293.40049
293.36599
293.3269
293.28379
293.23723
293.18753
293.13468
293.07823
293.01691
292.95072
292.92033
292.92934
292.93602
292.94074
292.94631
292.95157
292.95597
292.95971
292.96284
293.55306
293.54973
293.54581
293.54118
293.53563
293.52889
293.52061
293.51034
293.49757
293.48169
293.46208
293.43812
293.40949
293.37616
293.33816
293.29589
293.24993
293.20076
293.14846
293.0926
293.03196
292.96592
292.92685
292.93249
292.9387
292.94299
292.94756
292.95187
292.9558
292.95948
292.96221
293.53359
293.53109
293.52815
293.52465
293.52043
293.51527
293.50885
293.50076
293.49049
293.4774
293.4607
293.4398
293.41419
293.38347
293.34763
293.307
293.26215
293.21371
293.16199
293.10674
293.04693
292.98165
292.9348
292.93598
292.94156
292.94535
292.94852
292.95267
292.95638
292.95929
292.96158
293.50844
293.50622
293.50369
293.5008
293.49742
293.49338
293.48844
293.48222
293.47425
293.46393
293.45063
293.43358
293.412
293.38525
293.35304
293.31544
293.27289
293.22603
293.17539
293.121
293.06219
292.99786
292.94438
292.93976
292.94466
292.94785
292.95056
292.95391
292.95678
292.95926
292.96164
293.48681
293.48436
293.4817
293.47877
293.4755
293.47179
293.46747
293.46227
293.45584
293.44768
293.43707
293.42325
293.40544
293.38282
293.35479
293.32107
293.28179
293.2374
293.18848
293.13536
293.07773
293.0144
292.9554
292.94342
292.94768
292.95042
292.9528
292.95505
292.95725
292.95969
292.96179
293.47786
293.47488
293.47166
293.46817
293.46438
293.46019
293.45551
293.45015
293.44386
293.43627
293.42685
293.4149
293.3996
293.38011
293.35563
293.32554
293.28962
293.24802
293.20122
293.14965
293.09328
293.03091
292.96682
292.94741
292.95069
292.95318
292.9551
292.95666
292.95853
292.96034
292.96223
293.47976
293.47663
293.47319
293.46941
293.46523
293.46059
293.45539
293.4495
293.4427
293.4347
293.42511
293.41344
293.39895
293.38084
293.3583
293.33064
293.29737
293.25826
293.2135
293.16353
293.10843
293.04705
292.98011
292.95225
292.95358
292.95565
292.95693
292.95825
292.95972
292.96099
292.96284
293.48037
293.47758
293.47449
293.47105
293.4672
293.46286
293.45794
293.45228
293.44567
293.43786
293.42846
293.417
293.4029
293.38545
293.36389
293.33753
293.30581
293.26847
293.22542
293.17685
293.12294
293.0627
292.99522
292.9582
292.95648
292.95829
292.95946
292.96057
292.96146
292.96246
292.96404
293.47366
293.47134
293.46877
293.46591
293.4627
293.45907
293.45492
293.45011
293.44443
293.43759
293.42924
293.41888
293.40594
293.38974
293.36953
293.3446
293.31433
293.27839
293.23672
293.18942
293.13658
293.07748
293.01046
292.96527
292.95943
292.96055
292.9615
292.96236
292.9629
292.96369
292.965
293.46213
293.46005
293.45777
293.45524
293.45245
293.44933
293.44579
293.44171
293.43693
293.43119
293.42415
293.41534
293.40418
293.38996
293.37187
293.34912
293.32102
293.28707
293.24712
293.20125
293.14959
293.09166
293.0258
292.97292
292.96284
292.96337
292.96409
292.96475
292.96517
292.96581
292.96692
293.45332
293.45124
293.44895
293.44645
293.44369
293.44065
293.43724
293.43339
293.42895
293.42372
293.4174
293.4096
293.39978
293.38725
293.37122
293.35084
293.32525
293.29381
293.25611
293.21211
293.1619
293.10521
293.04051
292.98115
292.96608
292.96558
292.966
292.96645
292.96681
292.96733
292.96829
293.44837
293.44629
293.444
293.44148
293.4387
293.43563
293.43222
293.42837
293.42399
293.41889
293.41283
293.40547
293.39635
293.38487
293.37029
293.35174
293.32835
293.29929
293.264
293.22217
293.17381
293.11871
293.05548
292.99093
292.96992
292.96844
292.96867
292.96904
292.96943
292.96982
292.97073
293.44484
293.44287
293.44069
293.43828
293.43562
293.43267
293.42937
293.42566
293.42142
293.4165
293.41069
293.4037
293.39509
293.38434
293.37076
293.35354
293.3318
293.30469
293.2715
293.23178
293.18531
293.13187
293.07001
293.00173
292.97413
292.97165
292.9713
292.97126
292.97143
292.97165
292.97247
293.43985
293.43807
293.43611
293.43393
293.43152
293.42884
293.42583
293.42244
293.41856
293.41405
293.40872
293.40228
293.39435
293.38445
293.37194
293.35605
293.33592
293.31066
293.2795
293.24184
293.19735
293.14572
293.08558
293.01584
292.97901
292.97503
292.97515
292.97499
292.97481
292.97486
292.97547
293.43486
293.43324
293.43144
293.42944
293.42723
293.42476
293.422
293.41887
293.41531
293.41117
293.40628
293.40039
293.39315
293.3841
293.37265
293.35808
293.33953
293.3161
293.28694
293.25136
293.20889
293.15917
293.10084
293.03107
292.98459
292.97733
292.9774
292.97728
292.97696
292.97696
292.97741
293.42864
293.42718
293.42555
293.42374
293.42173
293.41949
293.41698
293.41413
293.41089
293.40712
293.40268
293.39734
293.39079
293.3826
293.37223
293.35898
293.34203
293.32049
293.29344
293.2601
293.21989
293.17236
293.1163
293.04847
292.9923
292.98038
292.98027
292.98028
292.98012
292.98018
292.98066
293.42411
293.42277
293.42127
293.4196
293.41773
293.41564
293.41329
293.41062
293.40757
293.40402
293.39985
293.39483
293.3887
293.38108
293.37145
293.35919
293.34349
293.32349
293.29826
293.26694
293.22882
293.18335
293.12947
293.0639
293.00065
292.98364
292.98211
292.982
292.98194
292.98201
292.98256
293.41729
293.41615
293.41488
293.41346
293.41187
293.41007
293.40803
293.40571
293.40303
293.39989
293.39618
293.39169
293.38618
293.37929
293.37055
293.35938
293.34503
293.32664
293.30328
293.27404
293.23812
293.19486
293.14331
293.08061
293.01162
292.98773
292.98551
292.98545
292.98542
292.9855
292.98602
293.4128
293.4118
293.41068
293.40941
293.40799
293.40637
293.40453
293.40241
293.39996
293.39708
293.39365
293.3895
293.38438
293.37799
293.36989
293.35952
293.3462
293.32909
293.30728
293.27982
293.24583
293.20453
293.15496
293.09444
293.02298
292.99167
292.9876
292.98738
292.98728
292.98735
292.98781
293.40359
293.40284
293.402
293.40105
293.39996
293.39872
293.39729
293.39563
293.39367
293.39134
293.38851
293.38503
293.38069
293.37517
293.36809
293.35891
293.34698
293.33153
293.31163
293.28631
293.25465
293.2158
293.1688
293.11135
293.03973
292.99713
292.99107
292.99093
292.99083
292.99093
292.99137
293.39962
293.39897
293.39823
293.39739
293.39642
293.3953
293.39401
293.3925
293.3907
293.38854
293.38592
293.38268
293.3786
293.37343
293.3668
293.35825
293.34716
293.33276
293.31418
293.29045
293.2606
293.22372
293.17884
293.1237
293.05349
293.00239
292.99313
292.99243
292.99235
292.99247
292.9929
293.38512
293.38481
293.38445
293.38404
293.38355
293.38297
293.38228
293.38143
293.38038
293.37905
293.37733
293.37506
293.37205
293.36803
293.36266
293.35548
293.34591
293.33327
293.31672
293.29532
293.26809
293.234
293.19195
293.13999
293.07298
293.01072
292.9966
292.99582
292.99581
292.99598
292.99642
293.38409
293.3838
293.38347
293.38307
293.38261
293.38205
293.38138
293.38056
293.37954
293.37827
293.37664
293.37456
293.37181
293.3681
293.36311
293.3564
293.3474
293.33539
293.31955
293.29895
293.27266
293.23978
293.19933
293.1495
293.08544
293.01828
292.99912
292.99739
292.99746
292.99768
292.99814
293.36775
293.3677
293.36762
293.3675
293.36735
293.36713
293.36682
293.3664
293.36581
293.36499
293.36386
293.36231
293.36018
293.3573
293.35337
293.34799
293.34069
293.33084
293.31768
293.30031
293.27774
293.24888
293.21263
293.16745
293.10949
293.03731
293.00388
293.00043
293.0004
293.00067
293.00111
293.62949
293.59455
293.56137
293.53368
293.50959
293.48827
293.46974
293.45448
293.44322
293.43572
293.4321
293.43208
293.43592
293.44257
293.45118
293.46159
293.4739
293.48833
293.50633
293.5302
293.5608
293.59801
293.63814
293.67729
293.71251
293.74214
293.76637
293.78686
293.80481
293.82155
293.83874
293.85819
293.87746
293.90414
293.92877
293.94123
293.93102
293.90673
293.87595
293.84672
293.83153
293.83719
293.84663
293.83567
293.8021
293.76698
293.73974
293.71904
293.69563
293.66919
293.64241
293.61863
293.59356
293.57103
293.54598
293.52545
293.49997
293.48173
293.45474
293.44164
293.40784
293.40395
293.37123
293.77878
293.7438
293.70264
293.66269
293.62621
293.59494
293.56869
293.54741
293.53073
293.51812
293.50916
293.50367
293.50182
293.5028
293.50596
293.51119
293.51899
293.52963
293.54474
293.5664
293.59558
293.63118
293.66933
293.70478
293.7358
293.76067
293.78019
293.79623
293.81017
293.82362
293.83802
293.8551
293.87189
293.89632
293.91765
293.92745
293.91636
293.89123
293.85989
293.83025
293.81291
293.81482
293.82075
293.80936
293.77806
293.74497
293.71786
293.69675
293.67441
293.65023
293.62576
293.60378
293.58045
293.55959
293.5363
293.51722
293.49324
293.47614
293.45043
293.43814
293.40549
293.40195
293.37049
293.77019
293.75703
293.73513
293.70899
293.68143
293.6545
293.62968
293.60786
293.58961
293.57502
293.56366
293.55541
293.55016
293.54764
293.54764
293.54995
293.55507
293.56361
293.57732
293.59747
293.62571
293.65964
293.69571
293.72809
293.75455
293.77471
293.78979
293.80178
293.81227
293.82296
293.8349
293.84944
293.86374
293.88558
293.90384
293.91133
293.89956
293.87412
293.84257
293.81252
293.7929
293.79099
293.79374
293.78242
293.75385
293.72316
293.6966
293.67545
293.65427
293.63229
293.61007
293.58983
293.56818
293.54888
293.52725
293.50953
293.48698
293.47097
293.44646
293.43494
293.40339
293.40017
293.36988
293.71927
293.71213
293.70218
293.68991
293.676
293.661
293.64533
293.63028
293.61673
293.60497
293.59527
293.58777
293.5826
293.57968
293.57906
293.58055
293.58464
293.59221
293.60483
293.6236
293.65049
293.68276
293.71632
293.74563
293.76827
293.78396
293.79519
293.80381
293.81152
293.8199
293.8296
293.84108
293.85297
293.8718
293.88727
293.89292
293.88082
293.85564
293.82426
293.79375
293.77191
293.7662
293.76614
293.75535
293.72988
293.70186
293.67622
293.6553
293.63531
293.61543
293.59535
293.57677
293.5567
293.53886
293.51877
293.50235
293.48114
293.46615
293.4428
293.43198
293.40153
293.39859
293.36938
293.69429
293.69081
293.68586
293.67971
293.67239
293.66394
293.65451
293.64458
293.63496
293.62625
293.61884
293.61306
293.60901
293.60673
293.60623
293.60752
293.61097
293.61754
293.62863
293.64553
293.67024
293.70018
293.7309
293.75697
293.77612
293.78847
293.79653
293.8027
293.80834
293.81476
293.82246
293.82996
293.83961
293.85508
293.86801
293.87234
293.86041
293.83598
293.80518
293.77426
293.75046
293.74112
293.73858
293.72865
293.70649
293.68135
293.65689
293.63643
293.61757
293.59964
293.58156
293.56455
293.54596
293.52949
293.51084
293.49562
293.47568
293.46166
293.43942
293.42925
293.39985
293.39717
293.36897
293.68557
293.68344
293.68053
293.6769
293.67247
293.66727
293.66139
293.65509
293.64878
293.64293
293.63789
293.6341
293.63146
293.63009
293.63006
293.63139
293.63435
293.63979
293.64896
293.66345
293.68521
293.71202
293.73948
293.76245
293.77861
293.78858
293.79446
293.79909
293.80326
293.80791
293.81342
293.81664
293.82384
293.83566
293.84628
293.8498
293.8386
293.81541
293.78557
293.75449
293.72907
293.71646
293.71172
293.7028
293.68399
293.66182
293.63874
293.61887
293.60107
293.58492
293.56868
293.55314
293.53595
293.52074
293.50342
293.48933
293.47058
293.45747
293.43628
293.42671
293.39835
293.3959
293.36863
293.68257
293.68114
293.67925
293.67686
293.67399
293.67063
293.66687
293.66289
293.65898
293.65549
293.65267
293.65043
293.64921
293.6489
293.64957
293.65118
293.65382
293.65821
293.66541
293.67725
293.69569
293.71894
293.74297
293.76306
293.77704
293.78535
293.79004
293.79373
293.79689
293.79983
293.80236
293.80197
293.80594
293.81398
293.82246
293.82564
293.81568
293.79426
293.76577
293.73489
293.70828
293.69288
293.68613
293.67821
293.66262
293.64341
293.62186
293.60266
293.5858
293.57123
293.55669
293.54252
293.52661
293.51256
293.49647
293.48343
293.46581
293.45355
293.43336
293.42436
293.397
293.39475
293.36837
293.68203
293.68107
293.67977
293.67817
293.67624
293.67401
293.67157
293.66906
293.66672
293.66472
293.66326
293.66245
293.66247
293.66315
293.66454
293.6664
293.66883
293.67231
293.67783
293.68721
293.70238
293.72211
293.74292
293.76044
293.77287
293.78023
293.78446
293.7875
293.78982
293.79085
293.78998
293.78633
293.78644
293.79068
293.79712
293.80028
293.792
293.77284
293.74613
293.71592
293.68854
293.67086
293.66224
293.65513
293.64255
293.62621
293.60626
293.58776
293.57174
293.55856
293.54555
293.53265
293.51792
293.50494
293.48999
293.47792
293.46135
293.44989
293.43065
293.42216
293.39578
293.3937
293.36816
293.68272
293.68208
293.68119
293.68009
293.67878
293.67729
293.6757
293.67414
293.6728
293.67177
293.67124
293.6713
293.67201
293.67332
293.67506
293.67702
293.67946
293.6823
293.68654
293.69405
293.70638
293.72306
293.74116
293.75657
293.76782
293.7747
293.77868
293.78129
293.78259
293.78136
293.77717
293.77018
293.7662
293.76664
293.77103
293.77426
293.76799
293.75153
293.72705
293.69795
293.67021
293.65072
293.64033
293.63376
293.62385
293.61025
293.59193
293.57416
293.55884
293.54685
293.53523
293.5235
293.50986
293.49785
293.48393
293.47276
293.45718
293.44646
293.42812
293.42011
293.39468
293.39276
293.368
293.684
293.68355
293.68295
293.68219
293.68128
293.68027
293.67923
293.67827
293.67753
293.67711
293.67711
293.67762
293.67868
293.68025
293.68219
293.68418
293.68639
293.6888
293.69229
293.69875
293.70896
293.7233
293.73934
293.75308
293.76339
293.76989
293.77359
293.77569
293.77565
293.77199
293.7646
293.75423
293.74626
293.74291
293.74509
293.74826
293.74413
293.7307
293.70885
293.68129
293.65353
293.63261
293.62053
293.61418
293.60657
293.59553
293.57883
293.56178
293.54706
293.53607
293.52568
293.51502
293.50238
293.49125
293.47828
293.46794
293.45328
293.44325
293.42577
293.4182
293.39369
293.3919
293.36789
293.68544
293.68512
293.68469
293.68414
293.68348
293.68277
293.68205
293.68144
293.68103
293.6809
293.68112
293.68174
293.68283
293.68442
293.68645
293.68844
293.69064
293.69307
293.69641
293.70205
293.71107
293.72392
293.7386
293.7511
293.76062
293.76658
293.76983
293.77111
293.76945
293.76332
293.75289
293.73931
293.72757
293.7205
293.72022
293.72299
293.72093
293.71072
293.69176
293.66611
293.63864
293.61656
293.60287
293.5964
293.59068
293.582
293.56691
293.55058
293.53634
293.52618
293.51686
293.50718
293.49546
293.48513
293.47302
293.46343
293.44964
293.44025
293.42358
293.41641
293.39279
293.39111
293.36781
293.68668
293.68645
293.68612
293.68569
293.68517
293.68461
293.68406
293.68359
293.68328
293.68319
293.68339
293.68389
293.68477
293.68619
293.68827
293.69034
293.6928
293.69569
293.69949
293.70519
293.71363
293.72538
293.73951
293.75115
293.75994
293.76517
293.76772
293.76785
293.76437
293.75584
293.74261
293.72606
293.71086
293.70024
293.69725
293.69915
293.69882
293.69185
293.67595
293.65246
293.62554
293.60252
293.58728
293.5804
293.57615
293.56961
293.55609
293.54047
293.52661
293.51712
293.50874
293.49995
293.48906
293.47945
293.46813
293.45922
293.44623
293.43743
293.42153
293.41474
293.39197
293.39039
293.36776
293.68744
293.68732
293.68707
293.6867
293.68624
293.68572
293.68518
293.68469
293.68429
293.68405
293.68404
293.68432
293.68484
293.68598
293.68795
293.69037
293.69335
293.69708
293.70185
293.70826
293.71687
293.7282
293.74204
293.75322
293.76135
293.7657
293.76734
293.76606
293.76066
293.74987
293.73414
293.71494
293.69658
293.68265
293.67673
293.67724
293.67815
293.67425
293.66151
293.64031
293.61415
293.59038
293.57367
293.56608
293.56292
293.5583
293.5463
293.53138
293.51782
293.50885
293.50128
293.49328
293.48316
293.4742
293.46358
293.45529
293.44305
293.43479
293.41962
293.41317
293.39123
293.38973
293.36774
293.68771
293.68772
293.68754
293.6872
293.68672
293.68613
293.68548
293.68481
293.68417
293.68364
293.68329
293.68323
293.68348
293.68434
293.68618
293.68904
293.69273
293.69752
293.70358
293.71115
293.72046
293.73215
293.74582
293.7569
293.76443
293.76788
293.76849
293.7657
293.75838
293.74554
293.72763
293.70609
293.68491
293.66791
293.65894
293.65761
293.65917
293.65799
293.64837
293.62954
293.60435
293.57999
293.56188
293.55337
293.55093
293.54798
293.53746
293.52322
293.50989
293.50132
293.49443
293.48715
293.47772
293.46933
293.45935
293.45163
293.44007
293.43231
293.41783
293.4117
293.39054
293.38912
293.36774
293.68771
293.68783
293.68771
293.68735
293.68678
293.68603
293.68515
293.68418
293.68318
293.68222
293.68143
293.68095
293.68089
293.68153
293.68333
293.68684
293.69132
293.69728
293.70473
293.71362
293.72394
293.7364
293.75025
293.76135
293.76843
293.77117
293.77078
293.76652
293.75747
293.74282
293.72308
293.6995
293.6758
293.65595
293.64393
293.64038
293.64197
293.64306
293.63638
293.62003
293.59598
293.57119
293.55178
293.54215
293.54009
293.53858
293.52948
293.51591
293.50277
293.49447
293.48815
293.4815
293.4727
293.46484
293.45543
293.4482
293.43729
293.42999
293.41615
293.41032
293.38991
293.38855
293.36775
293.68777
293.68797
293.68786
293.68743
293.68671
293.68573
293.68452
293.68315
293.68167
293.6802
293.67888
293.67795
293.67755
293.67811
293.68
293.68416
293.6896
293.69674
293.70551
293.71564
293.72693
293.7402
293.75438
293.76557
293.77245
293.77482
293.77364
293.76815
293.75763
293.74148
293.72023
293.69493
293.66901
293.64653
293.63156
293.62553
293.62656
293.62938
293.62546
293.6116
293.58885
293.56381
293.54321
293.53231
293.53033
293.53002
293.52227
293.50937
293.49638
293.48825
293.4824
293.47631
293.46809
293.46068
293.45178
293.44501
293.43468
293.4278
293.41457
293.40901
293.38933
293.38802
293.36777
293.68821
293.68844
293.6883
293.68777
293.68685
293.68557
293.68396
293.68209
293.68006
293.67801
293.67608
293.67465
293.67391
293.67462
293.67687
293.68144
293.68801
293.69636
293.70624
293.71731
293.72939
293.74313
293.75724
293.76859
293.77562
293.77804
293.77645
293.77012
293.75848
293.74117
293.71875
293.69205
293.66422
293.63935
293.6216
293.61293
293.61288
293.61689
293.61548
293.60408
293.58278
293.55766
293.53598
293.52373
293.52155
293.52222
293.51576
293.50353
293.49066
293.48262
293.47713
293.47154
293.46384
293.45684
293.4484
293.44202
293.43224
293.42574
293.41308
293.40777
293.38878
293.38753
293.3678
293.68943
293.68958
293.68936
293.6887
293.68754
293.68591
293.68384
293.6814
293.67875
293.67605
293.67345
293.67139
293.67044
293.67135
293.67428
293.6794
293.68704
293.69655
293.70736
293.71886
293.73133
293.74488
293.7584
293.76988
293.77733
293.78014
293.77859
293.77193
293.75959
293.74151
293.71826
293.69048
293.66106
293.63405
293.61374
293.60238
293.60082
293.60548
293.60628
293.5973
293.57758
293.55258
293.52992
293.51628
293.51369
293.5151
293.50985
293.4983
293.48555
293.47753
293.47232
293.46716
293.45992
293.45329
293.44525
293.43923
293.42994
293.42379
293.41167
293.40659
293.38826
293.38705
293.36783
293.69187
293.69181
293.6914
293.69052
293.6891
293.68711
293.68455
293.68148
293.67811
293.67463
293.67127
293.66851
293.66748
293.66853
293.6723
293.67864
293.68748
293.69792
293.70925
293.72079
293.73268
293.7452
293.75786
293.76921
293.77715
293.78066
293.77949
293.77302
293.76047
293.74204
293.71828
293.68978
293.65912
293.63025
293.60764
293.59365
293.59027
293.59508
293.59773
293.5911
293.57308
293.54839
293.52488
293.50985
293.50666
293.50861
293.50448
293.49361
293.48098
293.47292
293.46791
293.46312
293.45631
293.45
293.44233
293.43661
293.42779
293.42195
293.41034
293.40547
293.38777
293.3866
293.36786
293.69619
293.69575
293.69495
293.69373
293.69195
293.68953
293.68644
293.68271
293.67847
293.67405
293.66985
293.66637
293.66496
293.66634
293.67106
293.67903
293.68932
293.70058
293.71182
293.72261
293.73331
293.74439
293.75566
293.7665
293.77482
293.77922
293.77886
293.77313
293.76094
293.74253
293.71854
293.68958
293.65796
293.62749
293.60281
293.58636
293.58104
293.58561
293.58977
293.58539
293.56915
293.54492
293.52073
293.50432
293.50038
293.50266
293.49958
293.4894
293.47689
293.46875
293.46387
293.4594
293.45298
293.44695
293.4396
293.43416
293.42575
293.4202
293.40907
293.40439
293.3873
293.38616
293.36788
293.70439
293.70303
293.70133
293.69932
293.69677
293.69353
293.68954
293.68487
293.67962
293.67415
293.66901
293.66491
293.66305
293.66485
293.67055
293.67989
293.69149
293.70336
293.71419
293.72385
293.73292
293.7422
293.75181
293.76174
293.7702
293.77543
293.77633
293.77175
293.7604
293.74245
293.71856
293.68945
293.65725
293.6255
293.59902
293.58036
293.57303
293.57693
293.58227
293.57997
293.56561
293.54205
293.51733
293.49958
293.49477
293.49719
293.49506
293.48561
293.47325
293.46498
293.46016
293.45596
293.44989
293.44412
293.43705
293.43185
293.42383
293.41854
293.40785
293.40334
293.38684
293.38573
293.36789
293.72466
293.72025
293.71558
293.71103
293.7063
293.70111
293.69532
293.68894
293.68209
293.67507
293.66868
293.66354
293.66126
293.66322
293.66954
293.67978
293.69228
293.70439
293.71466
293.72325
293.73072
293.73813
293.74619
293.75497
293.76322
293.76912
293.77139
293.76824
293.75816
293.74112
293.7178
293.68899
293.65668
293.62403
293.59608
293.57551
293.56609
293.56894
293.57515
293.57475
293.56232
293.53964
293.51454
293.49553
293.48974
293.49217
293.49089
293.48216
293.46998
293.46156
293.45675
293.45278
293.44702
293.44149
293.43467
293.42968
293.42201
293.41696
293.40669
293.40234
293.38639
293.3853
293.36789
293.78546
293.77064
293.75584
293.74242
293.73037
293.71912
293.70839
293.69787
293.6877
293.67796
293.66929
293.66221
293.65907
293.66061
293.66646
293.67636
293.68883
293.70068
293.71075
293.71874
293.7253
293.73143
293.73821
293.74592
293.75387
293.76019
293.76378
293.76229
293.75384
293.73818
293.71592
293.68788
293.65598
293.62282
293.59377
293.57157
293.56009
293.56162
293.56835
293.56966
293.5592
293.53755
293.51224
293.49212
293.48522
293.48754
293.48702
293.47902
293.46703
293.45846
293.45362
293.44983
293.44436
293.43903
293.43244
293.42763
293.42027
293.41543
293.40556
293.40135
293.38594
293.38487
293.36786
293.88249
293.86178
293.83574
293.80977
293.78527
293.76204
293.74012
293.72009
293.70236
293.68669
293.6734
293.66295
293.65633
293.65543
293.65853
293.66635
293.67744
293.68871
293.69895
293.70736
293.71434
293.72057
293.72691
293.73405
293.74201
293.74874
293.75354
293.75385
293.74733
293.73345
293.7127
293.68589
293.65481
293.62159
293.59181
293.56832
293.55489
293.55495
293.56185
293.56465
293.55614
293.53567
293.51033
293.48925
293.48117
293.48328
293.48342
293.47613
293.46436
293.45564
293.45073
293.44708
293.44188
293.43673
293.43034
293.42568
293.41862
293.41397
293.40446
293.40039
293.38548
293.38444
293.36782
293.4531
293.31839
293.19902
293.09796
293.01897
292.96238
292.9247
292.90067
292.88556
293.43559
293.3033
293.19091
293.09801
293.02637
292.97517
292.94099
292.91915
292.90542
293.41863
293.29336
293.18835
293.10277
293.03704
292.99021
292.95905
292.93921
292.92688
293.4043
293.28702
293.188
293.10849
293.04807
293.00535
292.97705
292.95917
292.94809
293.39076
293.28138
293.18837
293.11454
293.05915
293.02033
292.99482
292.97883
292.969
293.37869
293.27736
293.18997
293.12108
293.07051
293.03548
293.01259
292.99836
292.98967
293.36845
293.27486
293.19337
293.12937
293.08287
293.05104
293.03049
293.01783
293.01017
293.36087
293.27445
293.19836
293.13913
293.09621
293.06713
293.04859
293.03729
293.0305
293.3563
293.2763
293.20563
293.15037
293.11054
293.08379
293.06692
293.05675
293.0507
293.35478
293.28104
293.21531
293.16335
293.12598
293.10108
293.08554
293.07627
293.07083
293.35684
293.28904
293.22732
293.17805
293.1426
293.11908
293.10451
293.09591
293.09093
293.36264
293.29976
293.24143
293.19435
293.16034
293.1378
293.12388
293.11573
293.11108
293.37146
293.31289
293.25748
293.21216
293.17915
293.15723
293.14369
293.13579
293.13132
293.3829
293.32821
293.27536
293.23141
293.19905
293.17742
293.16403
293.15623
293.15186
293.39631
293.3454
293.29492
293.25207
293.22007
293.19848
293.18502
293.17714
293.17273
293.41149
293.36434
293.31617
293.27429
293.24245
293.2207
293.20704
293.19903
293.19459
293.4284
293.38501
293.33925
293.29835
293.26658
293.24452
293.23048
293.22215
293.21747
293.44715
293.40773
293.3647
293.32494
293.29321
293.27071
293.25615
293.24741
293.2425
293.46895
293.43335
293.39319
293.35481
293.32323
293.30026
293.28507
293.27576
293.27039
293.49601
293.46397
293.42656
293.38949
293.35797
293.33435
293.31832
293.30825
293.3023
293.52916
293.50018
293.46541
293.42975
293.39835
293.37408
293.35716
293.34624
293.33963
293.56831
293.54158
293.50912
293.47501
293.44404
293.41934
293.40162
293.38984
293.38248
293.61063
293.58594
293.55572
293.52343
293.49338
293.46877
293.45066
293.43834
293.43049
293.65248
293.62994
293.60228
293.57237
293.54399
293.52018
293.50222
293.48965
293.48131
293.69089
293.67093
293.6463
293.61931
293.59319
293.57077
293.55339
293.54085
293.53229
293.72423
293.70736
293.68622
293.66262
293.63925
293.61868
293.60231
293.59021
293.58175
293.75234
293.73887
293.72155
293.70161
293.68124
293.66277
293.64767
293.63623
293.62803
293.7767
293.76681
293.75343
293.73719
293.71974
293.70318
293.68905
293.67792
293.66957
293.79835
293.79204
293.78261
293.77004
293.75531
293.74021
293.72644
293.71494
293.70582
293.81837
293.81542
293.8099
293.80117
293.78941
293.77594
293.76249
293.75051
293.74057
293.8384
293.8385
293.83669
293.83188
293.8235
293.81212
293.79921
293.7865
293.77508
293.86016
293.86257
293.86353
293.86173
293.85609
293.84656
293.83423
293.82095
293.80832
293.88166
293.8864
293.8901
293.89124
293.8885
293.88151
293.87119
293.85936
293.84765
293.91034
293.91709
293.92311
293.92682
293.92682
293.9227
293.91514
293.90562
293.89564
293.93768
293.9468
293.95605
293.9638
293.96804
293.96744
293.96247
293.95483
293.9463
293.952
293.96166
293.97107
293.97845
293.98238
293.98258
293.97914
293.97326
293.9661
293.94195
293.95085
293.95989
293.96785
293.97359
293.97623
293.97579
293.9725
293.96737
293.91861
293.92857
293.93959
293.95042
293.95947
293.96536
293.9677
293.96684
293.96383
293.88846
293.89912
293.91117
293.92352
293.93465
293.94318
293.94837
293.95032
293.94984
293.85985
293.87163
293.88524
293.89963
293.91328
293.92474
293.9331
293.93828
293.94075
293.84683
293.86139
293.87831
293.8964
293.91391
293.92911
293.94076
293.9487
293.9534
293.85593
293.87415
293.89542
293.91827
293.94059
293.9604
293.97657
293.98867
293.99704
293.86849
293.8894
293.91405
293.94092
293.96769
293.99201
294.01217
294.02767
294.03894
293.85777
293.87824
293.90259
293.92941
293.9565
293.98147
294.00272
294.01949
294.03188
293.82229
293.84073
293.863
293.88804
293.91404
293.93889
293.96072
293.97854
293.99228
293.78573
293.80311
293.82457
293.84933
293.87569
293.90143
293.9246
293.94406
293.95954
293.75879
293.7768
293.7995
293.82625
293.85527
293.88401
293.91006
293.93194
293.94927
293.7387
293.7574
293.78131
293.81006
293.84196
293.87421
293.90393
293.92922
293.94948
293.71441
293.73211
293.75497
293.78288
293.81457
293.84763
293.87923
293.90707
293.93005
293.68592
293.70151
293.72177
293.74683
293.77593
293.80728
293.83839
293.86692
293.89137
293.65708
293.67062
293.68836
293.71055
293.73679
293.76583
293.79569
293.82419
293.84952
293.63166
293.64356
293.6592
293.67892
293.70254
293.72918
293.75728
293.78499
293.81059
293.60499
293.61527
293.6288
293.64591
293.66654
293.6901
293.71547
293.74119
293.76573
293.58092
293.58964
293.60112
293.61561
293.6331
293.65316
293.67497
293.69747
293.71947
293.55428
293.56146
293.5709
293.58281
293.59719
293.61373
293.63181
293.65065
293.66935
293.53246
293.53839
293.54617
293.55599
293.56784
293.58147
293.5964
293.61201
293.6276
293.50567
293.51038
293.51658
293.5244
293.53387
293.54479
293.55679
293.56939
293.58201
293.48644
293.49023
293.49522
293.50152
293.50914
293.51794
293.52761
293.53775
293.54788
293.45839
293.46125
293.46503
293.46981
293.47563
293.48238
293.48983
293.49768
293.50554
293.44459
293.44683
293.44977
293.4535
293.45802
293.46324
293.469
293.47503
293.48104
293.40984
293.41138
293.41342
293.41605
293.41928
293.42309
293.42734
293.43185
293.43639
293.40565
293.4069
293.40857
293.4107
293.41331
293.41636
293.41973
293.42325
293.42675
293.37188
293.37237
293.37303
293.37391
293.37502
293.37636
293.37788
293.37951
293.38115
292.87311
292.86016
292.84795
292.83485
292.81699
292.78007
292.89402
292.88199
292.87068
292.85857
292.84194
292.80772
292.91648
292.90527
292.89464
292.88316
292.86737
292.8355
292.93863
292.92836
292.91851
292.90773
292.89298
292.86338
292.96052
292.95121
292.94225
292.93246
292.91898
292.89158
292.9821
292.97371
292.96564
292.9568
292.94468
292.91958
293.00342
292.9959
292.98868
292.98079
292.96999
292.94717
293.02449
293.01777
293.01135
293.00439
292.99484
292.97431
293.04534
293.03934
293.03368
293.02758
293.01926
293.00099
293.06602
293.06067
293.05567
293.05039
293.04322
293.02721
293.08657
293.08176
293.07738
293.07281
293.06672
293.05295
293.10706
293.10273
293.09886
293.09498
293.08989
293.07823
293.12755
293.12355
293.12012
293.11674
293.11253
293.10301
293.14826
293.14459
293.1415
293.1387
293.13532
293.12758
293.16918
293.16561
293.16278
293.16024
293.15748
293.15141
293.1911
293.18778
293.18525
293.18332
293.18125
293.17516
293.21382
293.21033
293.20773
293.20557
293.20323
293.19743
293.2387
293.23524
293.23279
293.23116
293.22988
293.22747
293.26616
293.26221
293.2593
293.25708
293.255
293.25136
293.29756
293.2932
293.29007
293.2879
293.28648
293.28469
293.33428
293.32934
293.32566
293.32313
293.32116
293.31787
293.37645
293.37074
293.36647
293.36314
293.36054
293.35843
293.42398
293.41792
293.41311
293.4095
293.40627
293.40045
293.47429
293.46744
293.46166
293.45609
293.44943
293.44099
293.52504
293.51809
293.51224
293.50745
293.50354
293.5031
293.57459
293.56771
293.56187
293.55672
293.55151
293.54472
293.621
293.61415
293.60794
293.60166
293.59384
293.57853
293.66226
293.65503
293.64797
293.64048
293.63058
293.61275
293.69769
293.68946
293.68136
293.6723
293.66083
293.64324
293.7315
293.72246
293.71324
293.70338
293.69062
293.67037
293.76431
293.75315
293.74185
293.72942
293.71421
293.6932
293.79595
293.78307
293.76964
293.7553
293.738
293.71503
293.83587
293.823
293.80933
293.79391
293.77409
293.74275
293.88498
293.87281
293.8593
293.8433
293.82127
293.78287
293.93696
293.92626
293.91379
293.89887
293.87638
293.82956
293.95816
293.94851
293.93715
293.92213
293.90015
293.85923
293.96095
293.95273
293.94208
293.92786
293.9069
293.87049
293.95936
293.95307
293.94417
293.9316
293.91171
293.8756
293.94776
293.94375
293.93745
293.92724
293.9102
293.87913
293.94122
293.93958
293.93539
293.92794
293.91409
293.88672
293.95578
293.95622
293.95456
293.94963
293.93853
293.91401
294.00267
294.00611
294.00727
294.00513
293.99668
293.9748
294.04752
294.05442
294.05948
294.06206
294.05867
294.0399
294.0416
294.0496
294.05581
294.05973
294.06056
294.05545
294.00355
294.01354
294.022
294.02881
294.03402
294.03449
293.97268
293.9849
293.996
294.00595
294.01385
294.01618
293.96393
293.97746
293.98981
294.00104
294.01069
294.01647
293.96679
293.98292
293.99767
294.01113
294.02297
294.03297
293.95037
293.97003
293.98868
294.00638
294.02257
294.03399
293.91379
293.93641
293.95865
293.9807
294.0022
294.02138
293.87352
293.89847
293.92363
293.94906
293.97431
293.99743
293.83588
293.86339
293.89204
293.92158
293.95081
293.9769
293.79096
293.81996
293.85192
293.88652
293.92179
293.9538
293.74291
293.77124
293.8043
293.84262
293.8841
293.92311
293.6898
293.71566
293.74757
293.78738
293.83401
293.88077
293.64488
293.66731
293.69604
293.73416
293.78245
293.8338
293.59615
293.61488
293.63941
293.67361
293.7209
293.77634
293.55929
293.57455
293.59467
293.62334
293.66516
293.71788
293.51448
293.52659
293.54269
293.56609
293.60206
293.6513
293.48787
293.49719
293.50953
293.52744
293.55534
293.5947
293.44163
293.44891
293.45866
293.47297
293.49588
293.52985
293.43076
293.43635
293.44368
293.45432
293.47134
293.49669
293.3831
293.38589
293.38964
293.39527
293.40472
293.41935
293.24248
293.24063
293.23878
293.23615
293.22889
293.19429
293.15499
293.15294
293.15052
293.14725
293.14343
293.138
293.05944
293.0571
293.05441
293.05133
293.04944
293.05236
292.95692
292.95446
292.95212
292.95083
292.95493
292.97597
292.84895
292.84583
292.84275
292.84054
292.8427
292.85326
292.73868
292.73485
292.73125
292.72924
292.73381
292.75514
292.63088
292.62641
292.62198
292.61836
292.6182
292.62657
292.52766
292.52181
292.51564
292.50961
292.50568
292.51262
292.43313
292.42517
292.41662
292.4081
292.40246
292.41498
292.35485
292.34516
292.33485
292.32464
292.3175
292.32932
292.29735
292.28574
292.27349
292.26109
292.25111
292.2589
292.26625
292.25304
292.23952
292.22627
292.21497
292.21377
292.26403
292.24793
292.23044
292.21193
292.19407
292.1834
292.28005
292.26695
292.25285
292.23728
292.21903
292.19225
292.31046
292.29702
292.28296
292.2677
292.24989
292.22332
292.35642
292.34149
292.32616
292.3095
292.28916
292.2579
292.4155
292.39966
292.38358
292.36646
292.3459
292.31008
292.48174
292.46543
292.44908
292.43176
292.41078
292.37202
292.55067
292.53397
292.5172
292.49919
292.47687
292.43712
292.61894
292.6024
292.58611
292.56884
292.54726
292.5057
292.68341
292.66691
292.65053
292.63271
292.60993
292.56938
292.74348
292.72781
292.71276
292.69692
292.67652
292.63463
292.7963
292.78063
292.76528
292.74859
292.72702
292.68813
292.84868
292.83475
292.82139
292.80704
292.78794
292.74782
293.08784
293.10478
293.12457
293.14707
293.16967
293.1905
293.20887
293.22454
293.23758
292.97228
292.99776
293.0259
293.05388
293.07973
293.10237
293.12152
293.13732
293.15008
292.85927
292.89159
292.92504
292.95692
292.98509
293.00873
293.02789
293.04314
293.05507
292.7452
292.78335
292.8214
292.85631
292.88619
292.9102
292.92872
292.94276
292.95332
292.63358
292.67625
292.71793
292.75516
292.78567
292.80902
292.82606
292.83813
292.84664
292.52866
292.57433
292.61806
292.65617
292.68626
292.70804
292.72274
292.73214
292.73803
292.43438
292.4812
292.52523
292.5627
292.59121
292.61058
292.62235
292.62871
292.63184
292.35433
292.40044
292.44304
292.47842
292.50423
292.52034
292.52849
292.5312
292.53092
292.294
292.33625
292.37551
292.40747
292.42954
292.44161
292.44548
292.44389
292.43948
292.24314
292.28595
292.32475
292.35388
292.37176
292.37922
292.37842
292.37243
292.36403
292.25456
292.28823
292.3129
292.33012
292.33912
292.33969
292.33307
292.32208
292.30947
292.27563
292.3005
292.32116
292.3333
292.33455
292.32655
292.31343
292.29746
292.28096
292.31364
292.32857
292.33858
292.34154
292.33771
292.32833
292.31458
292.29854
292.28102
292.37877
292.38135
292.37901
292.37148
292.36019
292.34571
292.32879
292.31099
292.29437
292.47652
292.46328
292.4461
292.4263
292.40492
292.38312
292.36197
292.34239
292.32514
292.59504
292.56471
292.53183
292.49865
292.4672
292.43857
292.41322
292.39123
292.37248
292.72572
292.67749
292.628
292.581
292.53937
292.50413
292.47507
292.45138
292.43208
292.86141
292.79519
292.72909
292.66846
292.61697
292.5754
292.54289
292.51782
292.49838
292.99204
292.90916
292.82814
292.75528
292.69499
292.64799
292.61266
292.58661
292.56727
293.10886
293.01234
292.91942
292.83671
292.76931
292.71806
292.68068
292.65409
292.63514
293.20989
293.10173
292.9996
292.90967
292.83711
292.78291
292.7443
292.7176
292.69918
293.29168
293.17738
293.0691
292.97396
292.89765
292.84146
292.80234
292.776
292.75842
293.35768
293.23425
293.12294
293.02662
292.94928
292.89249
292.85344
292.82764
292.81085
293.45347
293.32585
293.20022
293.09093
293.00539
292.94432
292.90366
292.8778
292.86188
292.57396
292.72726
292.83954
292.92471
292.99423
293.05342
292.42699
292.5897
292.70755
292.79723
292.87041
292.93269
292.2857
292.45273
292.57525
292.66904
292.74617
292.81272
292.15035
292.32112
292.44701
292.54395
292.62419
292.69385
292.02672
292.20051
292.32762
292.4261
292.50794
292.57908
291.91828
292.09274
292.22147
292.32002
292.40176
292.47266
291.8331
292.00765
292.13406
292.23042
292.31006
292.37877
291.77973
291.94872
292.06904
292.16086
292.23641
292.30097
291.74818
291.91593
292.03651
292.12194
292.18958
292.24638
291.80173
291.94844
292.02725
292.09035
292.14684
292.19756
291.82369
291.95179
292.02921
292.09524
292.15802
292.21148
291.82042
291.95076
292.07745
292.15955
292.211
292.24781
291.91082
292.07865
292.1792
292.23491
292.27047
292.2957
292.07062
292.23116
292.2943
292.33086
292.35532
292.37124
292.36933
292.43074
292.46119
292.47576
292.48252
292.48362
292.64173
292.6503
292.65606
292.64753
292.63433
292.61864
292.90831
292.8711
292.85846
292.83152
292.79954
292.76644
293.17816
293.14326
293.09046
293.02912
292.97184
292.9196
293.43268
293.37297
293.30351
293.21994
293.14007
293.06767
293.69218
293.65053
293.51912
293.39872
293.29247
293.19991
293.7974
293.79791
293.69291
293.5554
293.42754
293.31524
293.96969
293.91067
293.7677
293.649
293.52103
293.40263
293.82293
293.92778
293.86697
293.72058
293.60686
293.48279
293.66745
293.79976
293.89212
293.83202
293.66763
293.55128
293.69102
293.71483
293.78986
293.86031
293.82981
293.68264
293.67202
293.69537
293.71852
293.77067
293.80483
293.80685
293.68145
293.68818
293.69881
293.71502
293.74179
293.76937
293.68015
293.68399
293.68941
293.69651
293.70667
293.72044
293.67995
293.68257
293.68507
293.68786
293.69109
293.69436
293.67889
293.68141
293.68296
293.68423
293.68531
293.68607
293.67842
293.68065
293.68194
293.68271
293.68312
293.68315
293.67829
293.68064
293.68183
293.68244
293.68264
293.6825
293.67865
293.68128
293.68253
293.68308
293.68323
293.68307
293.68033
293.68252
293.68367
293.68419
293.68434
293.68424
293.6822
293.68401
293.68494
293.68544
293.68562
293.68561
293.68348
293.68548
293.68608
293.68649
293.6867
293.68676
293.68462
293.68572
293.68639
293.6869
293.68722
293.6874
293.68271
293.68448
293.68568
293.68651
293.6871
293.68748
293.67943
293.68251
293.6844
293.6857
293.68664
293.68728
293.67678
293.68089
293.6834
293.6851
293.68631
293.68717
293.67468
293.68005
293.68305
293.68504
293.68649
293.68753
293.67551
293.68061
293.6837
293.68583
293.68745
293.68869
293.67738
293.68258
293.68563
293.68779
293.68956
293.69109
293.68042
293.68562
293.6886
293.69097
293.69317
293.69525
293.68435
293.68907
293.6925
293.69577
293.6993
293.7031
293.68844
293.6921
293.69749
293.70406
293.71256
293.72347
293.69073
293.69727
293.70672
293.72181
293.74952
293.79008
293.69338
293.69958
293.71319
293.75303
293.83376
293.8906
292.14507
292.32911
292.46273
292.56596
292.65248
292.7266
292.2714
292.4402
292.56339
292.6582
292.7371
292.80504
292.40818
292.56048
292.67224
292.75835
292.82992
292.89166
292.54849
292.68473
292.78525
292.86276
292.92718
292.98276
292.68971
292.81056
292.89989
292.96876
293.02601
293.07548
292.82886
292.93602
293.01415
293.07421
293.12406
293.16726
292.96371
293.05974
293.1262
293.17697
293.2192
293.25601
293.08733
293.17538
293.23104
293.27285
293.30813
293.33953
293.2132
293.27902
293.3236
293.35832
293.3879
293.41474
293.32061
293.37067
293.40621
293.43475
293.45974
293.48231
293.41156
293.45038
293.47826
293.50126
293.52181
293.54062
293.48812
293.51437
293.53623
293.55531
293.57242
293.58826
293.54305
293.5636
293.58077
293.59604
293.61027
293.62389
293.57432
293.59683
293.60976
293.62203
293.63436
293.64671
293.58457
293.60152
293.61553
293.62892
293.64202
293.65498
293.55826
293.58141
293.60022
293.61717
293.63296
293.64807
293.51316
293.54488
293.56917
293.59021
293.60935
293.62734
293.44789
293.49203
293.52304
293.54863
293.57181
293.59347
293.36298
293.42137
293.46113
293.49273
293.52063
293.54693
293.26306
293.3357
293.38531
293.42382
293.45778
293.4896
293.14101
293.236
293.29721
293.34436
293.3852
293.42183
293.01196
293.12175
293.19493
293.25157
293.30013
293.34361
292.87057
292.99118
293.07893
293.14737
293.2056
293.25713
292.71955
292.86242
292.96484
293.04409
293.11091
293.16873
293.69532
293.70472
293.76421
293.87119
293.95523
293.96804
293.69113
293.80523
293.92822
294.00218
293.96114
293.84927
293.8586
293.98226
294.03875
293.95292
293.84684
293.75016
294.02909
294.06184
293.94941
293.85708
293.76968
293.67157
294.01547
293.95939
293.89
293.79526
293.6888
293.58794
293.87275
293.88575
293.7787
293.66857
293.56991
293.48392
293.7056
293.65738
293.59385
293.51742
293.44216
293.37454
293.4843
293.4661
293.42041
293.36079
293.30447
293.25456
293.251
293.22105
293.2142
293.18984
293.15862
293.12751
293.00406
293.01218
293.0284
293.02406
293.01359
293.00134
292.76303
292.79151
292.83945
292.86295
292.87406
292.87942
292.52149
292.60778
292.67387
292.71643
292.74522
292.76592
292.24893
292.44027
292.53044
292.5873
292.63045
292.66433
292.05033
292.28997
292.41303
292.48372
292.53708
292.58044
291.91596
292.15101
292.30969
292.40237
292.46609
292.51742
291.86893
292.04131
292.19839
292.31104
292.3973
292.46553
291.83496
292.01693
292.13378
292.24208
292.33682
292.41597
291.78381
292.01342
292.1454
292.23746
292.31821
292.39187
291.75515
291.9718
292.12523
292.23675
292.32534
292.40048
291.75466
291.98154
292.13385
292.24866
292.34111
292.41891
291.78543
292.0067
292.16204
292.27894
292.37284
292.45152
291.8503
292.06006
292.21199
292.32731
292.42025
292.49806
291.92828
292.13397
292.2806
292.39211
292.4823
292.55812
292.03054
292.22666
292.36671
292.47356
292.56062
292.63473
293.22874
293.31115
293.39073
293.46183
293.52364
293.57519
293.61634
293.64577
293.66305
293.66747
293.65841
293.63675
293.60352
293.55935
293.50542
293.44288
293.37282
293.29535
293.21292
293.12723
293.04016
292.954
292.87074
292.79468
293.29427
293.37501
293.44645
293.50901
293.56291
293.60713
293.64147
293.66525
293.67821
293.67975
293.66987
293.64937
293.61884
293.57878
293.53009
293.47355
293.40977
293.33979
293.26483
293.18633
293.10566
293.02473
292.9446
292.86493
293.36322
293.43668
293.4992
293.55355
293.59972
293.63708
293.66519
293.68391
293.69304
293.6922
293.68176
293.66229
293.63414
293.59775
293.55374
293.50267
293.44506
293.38198
293.31405
293.24244
293.16818
293.09279
293.01727
292.9394
293.43135
293.49526
293.54909
293.59553
293.63434
293.66505
293.68749
293.70164
293.70732
293.70453
293.69368
293.67514
293.64916
293.61608
293.57637
293.53045
293.47875
293.42193
293.36084
293.29584
293.228
293.1584
293.08784
293.01405
293.4961
293.55017
293.59577
293.63462
293.66638
293.69087
293.70812
293.71813
293.72082
293.71641
293.70525
293.68757
293.66355
293.63349
293.59771
293.55654
293.51034
293.45955
293.4046
293.34607
293.28463
293.22107
293.15584
293.08704
293.55603
293.6009
293.63864
293.67016
293.69532
293.71414
293.72669
293.73298
293.73314
293.7274
293.71603
293.69915
293.67692
293.64959
293.61738
293.58053
293.53932
293.49405
293.44502
293.39264
293.33742
293.27999
293.22051
293.15731
293.6102
293.64654
293.67684
293.7015
293.72063
293.73432
293.74265
293.74574
293.74378
293.73699
293.7255
293.70939
293.68881
293.66395
293.63497
293.60205
293.56539
293.5252
293.4817
293.43515
293.38589
293.33439
293.28086
293.22384
293.65761
293.68621
293.70949
293.72787
293.74159
293.75072
293.7554
293.75583
293.75216
293.74454
293.73302
293.71767
293.69863
293.67603
293.64998
293.62063
293.5881
293.55255
293.51416
293.47308
293.42954
293.3838
293.33605
293.28535
293.69742
293.71852
293.7354
293.74832
293.75738
293.76258
293.76418
293.76248
293.7575
293.74927
293.73783
293.72326
293.70567
293.68514
293.66177
293.63565
293.60689
293.57558
293.54186
293.50585
293.46768
293.42754
293.38546
293.3408
293.72824
293.74283
293.75409
293.76217
293.76704
293.76876
293.76803
293.76481
293.75883
293.75016
293.7389
293.72514
293.70894
293.69035
293.66945
293.64631
293.62099
293.59357
293.56414
293.53279
293.49963
293.46477
293.42822
293.38941
293.74836
293.75723
293.76354
293.76739
293.76907
293.76885
293.7664
293.76155
293.75457
293.74558
293.73463
293.72173
293.70691
293.69021
293.67166
293.6513
293.62919
293.60539
293.57995
293.55294
293.52443
293.49451
293.46319
293.4301
293.75516
293.75926
293.76192
293.763
293.76195
293.75922
293.75485
293.74888
293.74142
293.73248
293.72209
293.71022
293.6969
293.68212
293.66592
293.64831
293.62933
293.609
293.58739
293.56452
293.54046
293.51524
293.48877
293.46096
293.74705
293.74693
293.74555
293.74319
293.73972
293.73521
293.7297
293.72323
293.71581
293.70743
293.69805
293.68764
293.67617
293.6636
293.64994
293.63518
293.61935
293.60246
293.58453
293.56561
293.54576
293.52503
293.50332
293.48047
293.71752
293.71387
293.70978
293.70525
293.70031
293.69502
293.68939
293.6834
293.677
293.67012
293.66267
293.65458
293.64579
293.63626
293.62592
293.61471
293.60256
293.5894
293.5752
293.55993
293.54364
293.52643
293.50833
293.48906
293.66447
293.6605
293.65637
293.65222
293.64805
293.64382
293.63945
293.63489
293.63007
293.62498
293.61962
293.61396
293.60798
293.60166
293.59495
293.58781
293.58017
293.57194
293.56298
293.55315
293.54227
293.53019
293.51677
293.50185
293.62021
293.61648
293.61291
293.60933
293.60564
293.60179
293.59774
293.59348
293.58901
293.58431
293.57938
293.57421
293.56881
293.56317
293.55731
293.55127
293.54509
293.53883
293.53254
293.52624
293.51991
293.51347
293.50675
293.49963
293.58584
293.58181
293.57777
293.57368
293.56956
293.56546
293.5614
293.55738
293.55338
293.54939
293.5454
293.54137
293.5373
293.53314
293.52885
293.52436
293.51961
293.51456
293.50916
293.50341
293.49737
293.49108
293.48459
293.47784
293.54979
293.54543
293.5412
293.53708
293.53304
293.52905
293.52507
293.52107
293.51703
293.51296
293.50887
293.50477
293.50069
293.49665
293.49268
293.4888
293.48505
293.48145
293.47802
293.47473
293.47152
293.46829
293.46497
293.46151
293.51418
293.51016
293.50626
293.50244
293.49866
293.49494
293.49127
293.48767
293.48413
293.48066
293.47723
293.47384
293.47045
293.46704
293.46359
293.4601
293.45656
293.45298
293.44938
293.44579
293.44225
293.4388
293.43542
293.43207
293.47754
293.4737
293.47
293.4664
293.46292
293.45955
293.45628
293.45308
293.44994
293.44687
293.44384
293.44087
293.43797
293.43515
293.43241
293.42978
293.42726
293.42482
293.42247
293.4202
293.41798
293.41584
293.41376
293.41177
293.44233
293.43916
293.43613
293.4332
293.43037
293.42759
293.42488
293.42222
293.41959
293.41701
293.41446
293.41194
293.40944
293.40697
293.40451
293.40206
293.39961
293.39719
293.39482
293.39252
293.39031
293.38818
293.38612
293.38412
293.40759
293.40485
293.40224
293.39972
293.3973
293.39497
293.39272
293.39054
293.38842
293.38637
293.38437
293.38243
293.38054
293.37871
293.37694
293.37525
293.37364
293.3721
293.37062
293.36921
293.36786
293.36658
293.3654
293.36431
293.37569
293.3736
293.37163
293.36975
293.36795
293.3662
293.36449
293.36282
293.36116
293.35951
293.35788
293.35626
293.35465
293.35305
293.35146
293.34988
293.34832
293.34677
293.34527
293.34382
293.34242
293.34109
293.33983
293.33863
293.3454
293.34376
293.3422
293.34072
293.3393
293.33793
293.3366
293.33532
293.33407
293.33285
293.33167
293.33052
293.32941
293.32832
293.32728
293.32628
293.32533
293.32442
293.32357
293.32276
293.32202
293.32133
293.32073
293.32021
293.31893
293.31778
293.31669
293.31567
293.31469
293.31374
293.31281
293.31188
293.31096
293.31002
293.30907
293.3081
293.30711
293.3061
293.30508
293.30405
293.303
293.30196
293.30092
293.29989
293.29889
293.29792
293.297
293.29614
293.29487
293.29404
293.29327
293.29253
293.29182
293.29114
293.29047
293.28982
293.28919
293.28857
293.28796
293.28736
293.28678
293.28622
293.28567
293.28514
293.28463
293.28414
293.28367
293.28323
293.28282
293.28243
293.28208
293.28178
293.27424
293.27368
293.27318
293.27271
293.27226
293.27183
293.2714
293.27097
293.27053
293.27007
293.26959
293.26909
293.26857
293.26803
293.26746
293.26687
293.26626
293.26564
293.265
293.26436
293.26373
293.26309
293.26246
293.26187
293.25495
293.25464
293.25435
293.25406
293.25377
293.25349
293.25319
293.2529
293.25261
293.25231
293.25202
293.25175
293.25148
293.25123
293.25099
293.25078
293.25058
293.2504
293.25024
293.25009
293.24996
293.24984
293.24974
293.24964
293.24117
293.24102
293.2409
293.24079
293.24068
293.24056
293.24043
293.24027
293.24009
293.23987
293.23963
293.23936
293.23906
293.23874
293.2384
293.23805
293.2377
293.23733
293.23697
293.23661
293.23626
293.23593
293.23561
293.23531
293.2323
293.23235
293.23241
293.23245
293.23247
293.23247
293.23245
293.23241
293.23234
293.23226
293.23217
293.23205
293.23192
293.23178
293.23161
293.23143
293.23124
293.23103
293.2308
293.23057
293.23033
293.23008
293.22984
293.22962
293.22518
293.22527
293.22532
293.22534
293.22534
293.2253
293.22523
293.22514
293.22503
293.22489
293.22474
293.22458
293.22441
293.22422
293.22402
293.22381
293.22359
293.22336
293.22313
293.22289
293.22264
293.22239
293.22214
293.22188
293.30511
293.29234
293.27778
293.26159
293.24432
293.22688
293.2115
293.20213
293.19906
293.3511
293.34031
293.32792
293.31459
293.30105
293.28811
293.27708
293.27037
293.26906
293.3982
293.38922
293.37909
293.36861
293.35863
293.34983
293.34287
293.33891
293.33878
293.44548
293.43836
293.43049
293.42276
293.41603
293.41087
293.40752
293.40635
293.40754
293.49208
293.48684
293.48121
293.47609
293.4723
293.47027
293.46995
293.47114
293.47358
293.53694
293.53363
293.5302
293.52752
293.52634
293.52693
293.52901
293.53201
293.53537
293.57855
293.57736
293.57616
293.57577
293.57684
293.57948
293.58323
293.58741
293.59155
293.61525
293.61645
293.61758
293.61935
293.62228
293.6263
293.63096
293.6359
293.64095
293.64466
293.64927
293.65303
293.65693
293.66158
293.66712
293.67329
293.67918
293.68409
293.66092
293.67225
293.68029
293.68746
293.69458
293.70164
293.70808
293.71356
293.71805
293.65269
293.67809
293.69411
293.70483
293.71395
293.72239
293.72993
293.73621
293.74102
293.6277
293.6521
293.68319
293.70532
293.71949
293.72978
293.73811
293.7449
293.75014
293.62735
293.62971
293.6456
293.67512
293.70153
293.71932
293.7308
293.73851
293.74397
293.62325
293.62913
293.62768
293.6348
293.6543
293.67719
293.69518
293.70741
293.71552
293.61083
293.6138
293.61978
293.62295
293.62474
293.63168
293.64283
293.6537
293.66217
293.5925
293.59603
293.59825
293.60225
293.60734
293.611
293.61384
293.61699
293.62027
293.56899
293.57132
293.57409
293.57613
293.57798
293.58053
293.58325
293.58546
293.58711
293.53921
293.54176
293.54373
293.54589
293.54796
293.54946
293.55049
293.55125
293.5518
293.50839
293.50998
293.5114
293.51252
293.51354
293.51455
293.51539
293.51593
293.51621
293.47306
293.47503
293.47658
293.47786
293.47882
293.47941
293.47969
293.47974
293.47965
293.44025
293.44135
293.44222
293.44292
293.4435
293.44393
293.44418
293.44423
293.44414
293.40488
293.40639
293.40758
293.40848
293.40908
293.4094
293.40949
293.40941
293.40922
293.37455
293.37538
293.37599
293.37645
293.37681
293.37704
293.37713
293.37709
293.37696
293.34298
293.34415
293.34508
293.34579
293.34626
293.34653
293.34661
293.34657
293.34645
293.31808
293.31864
293.31905
293.31936
293.31959
293.31974
293.3198
293.31978
293.3197
293.29196
293.293
293.29386
293.29453
293.29501
293.29531
293.29546
293.29549
293.29545
293.27361
293.27401
293.2743
293.27451
293.27465
293.27473
293.27475
293.27473
293.27468
293.25354
293.25397
293.25433
293.25462
293.25486
293.25503
293.25515
293.25521
293.25522
293.24055
293.24081
293.24101
293.24115
293.24125
293.24131
293.24134
293.24135
293.24134
293.23094
293.23119
293.23142
293.23164
293.23185
293.23202
293.23216
293.23226
293.23232
293.22393
293.2241
293.22429
293.22448
293.22467
293.22484
293.22498
293.22508
293.22515
293.31016
293.35493
293.40121
293.44748
293.49303
293.53672
293.5769
293.61156
293.63645
293.64135
293.62459
293.62017
293.62458
293.61738
293.60841
293.58804
293.56688
293.53603
293.50666
293.47067
293.43887
293.40305
293.37341
293.34152
293.31724
293.29063
293.27299
293.25292
293.24014
293.23058
293.22372
293.30953
293.35343
293.39929
293.44501
293.49007
293.533
293.57209
293.60379
293.61882
293.60834
293.60759
293.61539
293.61875
293.6122
293.60284
293.58331
293.56288
293.53206
293.50372
293.46745
293.43658
293.40056
293.37152
293.3395
293.31583
293.2888
293.27197
293.25199
293.23946
293.23005
293.22346
293.30947
293.35195
293.39712
293.44173
293.486
293.52747
293.5636
293.58438
293.57791
293.5841
293.59728
293.60336
293.60788
293.60143
293.59235
293.57401
293.5539
293.52427
293.49636
293.46106
293.43077
293.39556
293.36698
293.33563
293.31249
293.28565
293.26965
293.25012
293.23801
293.22907
293.22303
293.31012
293.34927
293.39331
293.43476
293.47689
293.51227
293.53068
293.5235
293.54192
293.55864
293.57121
293.57849
293.58306
293.57773
293.56847
293.55322
293.53302
293.50585
293.47812
293.44528
293.41521
293.38251
293.35429
293.32583
293.30313
293.27853
293.26305
293.24525
293.23397
293.22671
293.22189
293.31097
293.33992
293.38252
293.40795
293.42643
293.42581
293.44003
293.46116
293.48849
293.50528
293.51963
293.52779
293.53304
293.5315
293.52162
293.50864
293.48866
293.46459
293.43683
293.40685
293.37665
293.34657
293.31756
293.29471
293.27388
293.25674
293.24097
293.22913
293.2191
293.21734
293.21654
293.24624
293.23762
293.27113
293.26907
293.3161
293.32321
293.37632
293.39427
293.41972
293.43707
293.45078
293.45989
293.46561
293.46897
293.45811
293.44619
293.4278
293.40588
293.37978
293.35218
293.3236
293.29601
293.27003
293.24727
293.22619
293.21064
293.19673
293.18785
293.17968
293.18113
293.18065
)
;

boundaryField
{
    Side1
    {
        type            empty;
    }
    Inlet
    {
        type            totalTemperature;
        gamma           1.4;
        T0              uniform 294.31799;
        value           nonuniform List<scalar> 
70
(
293.21914
293.219
293.21883
293.21862
293.21838
293.21809
293.21775
293.21735
293.21688
293.21633
293.21568
293.21492
293.214
293.21285
293.21159
293.21013
293.20842
293.20641
293.20405
293.20128
293.19803
293.19438
293.19055
293.18603
293.18068
293.17486
293.16854
293.16221
293.15629
293.15139
293.14836
293.22215
293.22223
293.22228
293.2223
293.22228
293.22224
293.22218
293.2221
293.22199
293.22187
293.22174
293.22159
293.22143
293.22127
293.2211
293.22092
293.22073
293.22054
293.22034
293.22013
293.21992
293.21971
293.2195
293.21929
293.22083
293.22101
293.22121
293.22141
293.2216
293.22177
293.22191
293.22202
293.2221
293.22062
293.22032
293.21985
293.2189
293.21604
293.17061
)
;
    }
    Freestream
    {
        type            slip;
    }
    Side2
    {
        type            empty;
    }
    Outlet
    {
        type            zeroGradient;
    }
    Botwall
    {
        type            zeroGradient;
    }
    Cyli
    {
        type            zeroGradient;
    }
}


// ************************************************************************* //
