/*--------------------------------*- C++ -*----------------------------------*\
| =========                 |                                                 |
| \\      /  F ield         | OpenFOAM: The Open Source CFD Toolbox           |
|  \\    /   O peration     | Version:  2406                                  |
|   \\  /    A nd           | Website:  www.openfoam.com                      |
|    \\/     M anipulation  |                                                 |
\*---------------------------------------------------------------------------*/
FoamFile
{
    version     2.0;
    format      ascii;
    arch        "LSB;label=32;scalar=64";
    note        "nPoints:4790  nCells:2257  nFaces:9164  nInternalFaces:4378";
    class       labelList;
    location    "constant/polyMesh";
    object      neighbour;
}
// * * * * * * * * * * * * * * * * * * * * * * * * * * * * * * * * * * * * * //


4378
(
1
718
2
7
360
3
8
361
4
362
5
363
6
364
365
8
10
15
161
2071
11
16
2102
12
17
2133
13
18
2164
14
19
2195
20
2226
16
21
170
17
22
18
23
19
24
20
25
26
22
27
179
23
28
24
29
25
30
26
31
32
28
33
188
29
34
30
35
31
36
32
37
38
34
39
197
35
40
36
41
37
42
38
43
44
40
45
206
41
46
42
47
43
48
44
49
50
46
51
215
47
52
48
53
49
54
50
55
56
52
57
224
53
58
54
59
55
60
56
61
62
58
63
233
59
64
60
65
61
66
62
67
68
64
69
242
65
70
66
71
67
72
68
73
74
70
75
251
71
76
72
77
73
78
74
79
80
76
81
260
77
82
78
83
79
84
80
85
86
82
87
269
83
88
84
89
85
90
86
91
92
88
93
278
89
94
90
95
91
96
92
97
98
94
99
287
95
100
96
101
97
102
98
103
104
100
105
296
101
106
102
107
103
108
104
109
110
106
111
305
107
112
108
113
109
114
110
115
116
112
117
314
113
118
114
119
115
120
116
121
122
118
123
323
119
124
120
125
121
126
122
127
128
124
129
332
125
130
126
131
127
132
128
133
134
130
135
341
131
136
132
137
133
138
134
139
140
136
141
350
137
142
138
143
139
144
140
145
146
142
147
359
143
148
144
149
145
150
146
151
152
148
368
149
150
151
152
154
162
382
1800
155
163
1799
156
164
1798
157
165
1797
158
166
1796
159
167
1795
160
168
1794
161
169
1793
170
1792
163
171
396
164
172
165
173
166
174
167
175
168
176
169
177
170
178
179
172
180
410
173
181
174
182
175
183
176
184
177
185
178
186
179
187
188
181
189
424
182
190
183
191
184
192
185
193
186
194
187
195
188
196
197
190
198
438
191
199
192
200
193
201
194
202
195
203
196
204
197
205
206
199
207
452
200
208
201
209
202
210
203
211
204
212
205
213
206
214
215
208
216
466
209
217
210
218
211
219
212
220
213
221
214
222
215
223
224
217
225
480
218
226
219
227
220
228
221
229
222
230
223
231
224
232
233
226
234
494
227
235
228
236
229
237
230
238
231
239
232
240
233
241
242
235
243
508
236
244
237
245
238
246
239
247
240
248
241
249
242
250
251
244
252
522
245
253
246
254
247
255
248
256
249
257
250
258
251
259
260
253
261
536
254
262
255
263
256
264
257
265
258
266
259
267
260
268
269
262
270
550
263
271
264
272
265
273
266
274
267
275
268
276
269
277
278
271
279
564
272
280
273
281
274
282
275
283
276
284
277
285
278
286
287
280
288
578
281
289
282
290
283
291
284
292
285
293
286
294
287
295
296
289
297
592
290
298
291
299
292
300
293
301
294
302
295
303
296
304
305
298
306
606
299
307
300
308
301
309
302
310
303
311
304
312
305
313
314
307
315
620
308
316
309
317
310
318
311
319
312
320
313
321
314
322
323
316
324
634
317
325
318
326
319
327
320
328
321
329
322
330
323
331
332
325
333
648
326
334
327
335
328
336
329
337
330
338
331
339
332
340
341
334
342
662
335
343
336
344
337
345
338
346
339
347
340
348
341
349
350
343
351
676
344
352
345
353
346
354
347
355
348
356
349
357
350
358
359
352
360
690
353
361
354
362
355
363
356
364
357
365
358
366
359
367
368
361
704
362
363
364
365
366
367
368
370
383
1158
371
384
1159
372
385
1160
373
386
1161
374
387
1162
375
388
1163
376
389
1164
377
390
1165
378
391
1166
379
392
1167
380
393
1168
381
394
1169
382
395
1170
396
1171
384
397
385
398
386
399
387
400
388
401
389
402
390
403
391
404
392
405
393
406
394
407
395
408
396
409
410
398
411
399
412
400
413
401
414
402
415
403
416
404
417
405
418
406
419
407
420
408
421
409
422
410
423
424
412
425
413
426
414
427
415
428
416
429
417
430
418
431
419
432
420
433
421
434
422
435
423
436
424
437
438
426
439
427
440
428
441
429
442
430
443
431
444
432
445
433
446
434
447
435
448
436
449
437
450
438
451
452
440
453
441
454
442
455
443
456
444
457
445
458
446
459
447
460
448
461
449
462
450
463
451
464
452
465
466
454
467
455
468
456
469
457
470
458
471
459
472
460
473
461
474
462
475
463
476
464
477
465
478
466
479
480
468
481
469
482
470
483
471
484
472
485
473
486
474
487
475
488
476
489
477
490
478
491
479
492
480
493
494
482
495
483
496
484
497
485
498
486
499
487
500
488
501
489
502
490
503
491
504
492
505
493
506
494
507
508
496
509
497
510
498
511
499
512
500
513
501
514
502
515
503
516
504
517
505
518
506
519
507
520
508
521
522
510
523
511
524
512
525
513
526
514
527
515
528
516
529
517
530
518
531
519
532
520
533
521
534
522
535
536
524
537
525
538
526
539
527
540
528
541
529
542
530
543
531
544
532
545
533
546
534
547
535
548
536
549
550
538
551
539
552
540
553
541
554
542
555
543
556
544
557
545
558
546
559
547
560
548
561
549
562
550
563
564
552
565
553
566
554
567
555
568
556
569
557
570
558
571
559
572
560
573
561
574
562
575
563
576
564
577
578
566
579
567
580
568
581
569
582
570
583
571
584
572
585
573
586
574
587
575
588
576
589
577
590
578
591
592
580
593
581
594
582
595
583
596
584
597
585
598
586
599
587
600
588
601
589
602
590
603
591
604
592
605
606
594
607
595
608
596
609
597
610
598
611
599
612
600
613
601
614
602
615
603
616
604
617
605
618
606
619
620
608
621
609
622
610
623
611
624
612
625
613
626
614
627
615
628
616
629
617
630
618
631
619
632
620
633
634
622
635
623
636
624
637
625
638
626
639
627
640
628
641
629
642
630
643
631
644
632
645
633
646
634
647
648
636
649
637
650
638
651
639
652
640
653
641
654
642
655
643
656
644
657
645
658
646
659
647
660
648
661
662
650
663
651
664
652
665
653
666
654
667
655
668
656
669
657
670
658
671
659
672
660
673
661
674
662
675
676
664
677
665
678
666
679
667
680
668
681
669
682
670
683
671
684
672
685
673
686
674
687
675
688
676
689
690
678
691
679
692
680
693
681
694
682
695
683
696
684
697
685
698
686
699
687
700
688
701
689
702
690
703
704
692
705
693
706
694
707
695
708
696
709
697
710
698
711
699
712
700
713
701
714
702
715
703
716
704
717
718
706
719
707
720
708
721
709
722
710
723
711
724
712
725
713
726
714
727
715
728
716
729
717
730
718
731
732
720
733
721
734
722
735
723
736
724
737
725
738
726
739
727
740
728
741
729
742
730
743
731
744
732
745
734
746
735
747
736
748
737
749
738
750
739
751
740
752
741
753
742
754
743
755
744
756
745
757
758
747
759
748
760
749
761
750
762
751
763
752
764
753
765
754
766
755
767
756
768
757
769
758
770
760
771
761
772
762
773
763
774
764
775
765
776
766
777
767
778
768
779
769
780
770
772
781
773
782
774
783
775
784
776
785
777
786
778
787
779
788
780
789
782
790
783
791
784
792
785
793
786
794
787
795
788
796
789
791
792
793
794
795
796
798
803
799
804
800
805
801
806
802
807
808
804
812
805
813
806
814
807
815
808
816
809
817
810
818
811
819
820
813
822
814
823
815
824
816
825
817
826
818
827
819
828
820
829
821
830
831
823
833
824
834
825
835
826
836
827
837
828
838
829
839
830
840
831
841
832
842
843
834
845
835
846
836
847
837
848
838
849
839
850
840
851
841
852
842
853
843
854
844
855
846
856
847
857
848
858
849
859
850
860
851
861
852
853
854
855
857
858
859
860
861
863
867
864
868
865
869
866
870
871
868
878
869
879
870
880
871
881
872
882
873
883
874
884
875
885
876
886
877
887
888
879
892
880
893
881
894
882
895
883
896
884
897
885
898
886
899
887
900
888
901
889
902
890
903
891
904
905
893
906
894
907
895
908
896
909
897
910
898
911
899
912
900
913
901
914
902
915
903
916
904
917
905
918
919
1191
907
920
908
921
909
922
910
923
911
924
912
925
913
926
914
927
915
928
916
929
917
930
918
931
919
932
933
1190
921
934
922
935
923
936
924
937
925
938
926
939
927
940
928
941
929
942
930
943
931
944
932
945
933
946
947
1189
935
948
936
949
937
950
938
951
939
952
940
953
941
954
942
955
943
956
944
957
945
958
946
959
947
960
961
1188
949
962
950
963
951
964
952
965
953
966
954
967
955
968
956
969
957
970
958
971
959
972
960
973
961
974
975
1187
963
976
964
977
965
978
966
979
967
980
968
981
969
982
970
983
971
984
972
985
973
986
974
987
975
988
989
1186
977
990
978
991
979
992
980
993
981
994
982
995
983
996
984
997
985
998
986
999
987
1000
988
1001
989
1002
1003
1185
991
1004
992
1005
993
1006
994
1007
995
1008
996
1009
997
1010
998
1011
999
1012
1000
1013
1001
1014
1002
1015
1003
1016
1017
1184
1005
1018
1006
1019
1007
1020
1008
1021
1009
1022
1010
1023
1011
1024
1012
1025
1013
1026
1014
1027
1015
1028
1016
1029
1017
1030
1031
1183
1019
1032
1020
1033
1021
1034
1022
1035
1023
1036
1024
1037
1025
1038
1026
1039
1027
1040
1028
1041
1029
1042
1030
1043
1031
1044
1045
1182
1033
1046
1034
1047
1035
1048
1036
1049
1037
1050
1038
1051
1039
1052
1040
1053
1041
1054
1042
1055
1043
1056
1044
1057
1045
1058
1059
1181
1047
1060
1048
1061
1049
1062
1050
1063
1051
1064
1052
1065
1053
1066
1054
1067
1055
1068
1056
1069
1057
1070
1058
1071
1059
1072
1073
1180
1061
1074
1062
1075
1063
1076
1064
1077
1065
1078
1066
1079
1067
1080
1068
1081
1069
1082
1070
1083
1071
1084
1072
1085
1073
1086
1087
1179
1075
1088
1076
1089
1077
1090
1078
1091
1079
1092
1080
1093
1081
1094
1082
1095
1083
1096
1084
1097
1085
1098
1086
1099
1087
1100
1101
1178
1089
1102
1090
1103
1091
1104
1092
1105
1093
1106
1094
1107
1095
1108
1096
1109
1097
1110
1098
1111
1099
1112
1100
1113
1101
1114
1115
1177
1103
1116
1104
1117
1105
1118
1106
1119
1107
1120
1108
1121
1109
1122
1110
1123
1111
1124
1112
1125
1113
1126
1114
1127
1115
1128
1129
1176
1117
1130
1118
1131
1119
1132
1120
1133
1121
1134
1122
1135
1123
1136
1124
1137
1125
1138
1126
1139
1127
1140
1128
1141
1129
1142
1143
1175
1131
1144
1132
1145
1133
1146
1134
1147
1135
1148
1136
1149
1137
1150
1138
1151
1139
1152
1140
1153
1141
1154
1142
1155
1143
1156
1157
1174
1145
1158
1146
1159
1147
1160
1148
1161
1149
1162
1150
1163
1151
1164
1152
1165
1153
1166
1154
1167
1155
1168
1156
1169
1157
1170
1171
1173
1159
1160
1161
1162
1163
1164
1165
1166
1167
1168
1169
1170
1171
1172
1173
1192
1800
1174
1193
1175
1194
1176
1195
1177
1196
1178
1197
1179
1198
1180
1199
1181
1200
1182
1201
1183
1202
1184
1203
1185
1204
1186
1205
1187
1206
1188
1207
1189
1208
1190
1209
1191
1210
1211
1193
1212
1809
1194
1213
1195
1214
1196
1215
1197
1216
1198
1217
1199
1218
1200
1219
1201
1220
1202
1221
1203
1222
1204
1223
1205
1224
1206
1225
1207
1226
1208
1227
1209
1228
1210
1229
1211
1230
1231
1213
1232
1818
1214
1233
1215
1234
1216
1235
1217
1236
1218
1237
1219
1238
1220
1239
1221
1240
1222
1241
1223
1242
1224
1243
1225
1244
1226
1245
1227
1246
1228
1247
1229
1248
1230
1249
1231
1250
1251
1233
1252
1827
1234
1253
1235
1254
1236
1255
1237
1256
1238
1257
1239
1258
1240
1259
1241
1260
1242
1261
1243
1262
1244
1263
1245
1264
1246
1265
1247
1266
1248
1267
1249
1268
1250
1269
1251
1270
1271
1253
1272
1836
1254
1273
1255
1274
1256
1275
1257
1276
1258
1277
1259
1278
1260
1279
1261
1280
1262
1281
1263
1282
1264
1283
1265
1284
1266
1285
1267
1286
1268
1287
1269
1288
1270
1289
1271
1290
1291
1273
1292
1845
1274
1293
1275
1294
1276
1295
1277
1296
1278
1297
1279
1298
1280
1299
1281
1300
1282
1301
1283
1302
1284
1303
1285
1304
1286
1305
1287
1306
1288
1307
1289
1308
1290
1309
1291
1310
1311
1293
1312
1854
1294
1313
1295
1314
1296
1315
1297
1316
1298
1317
1299
1318
1300
1319
1301
1320
1302
1321
1303
1322
1304
1323
1305
1324
1306
1325
1307
1326
1308
1327
1309
1328
1310
1329
1311
1330
1331
1313
1332
1863
1314
1333
1315
1334
1316
1335
1317
1336
1318
1337
1319
1338
1320
1339
1321
1340
1322
1341
1323
1342
1324
1343
1325
1344
1326
1345
1327
1346
1328
1347
1329
1348
1330
1349
1331
1350
1351
1333
1352
1872
1334
1353
1335
1354
1336
1355
1337
1356
1338
1357
1339
1358
1340
1359
1341
1360
1342
1361
1343
1362
1344
1363
1345
1364
1346
1365
1347
1366
1348
1367
1349
1368
1350
1369
1351
1370
1371
1353
1372
1881
1354
1373
1355
1374
1356
1375
1357
1376
1358
1377
1359
1378
1360
1379
1361
1380
1362
1381
1363
1382
1364
1383
1365
1384
1366
1385
1367
1386
1368
1387
1369
1388
1370
1389
1371
1390
1391
1373
1392
1890
1374
1393
1375
1394
1376
1395
1377
1396
1378
1397
1379
1398
1380
1399
1381
1400
1382
1401
1383
1402
1384
1403
1385
1404
1386
1405
1387
1406
1388
1407
1389
1408
1390
1409
1391
1410
1411
1393
1412
1899
1394
1413
1395
1414
1396
1415
1397
1416
1398
1417
1399
1418
1400
1419
1401
1420
1402
1421
1403
1422
1404
1423
1405
1424
1406
1425
1407
1426
1408
1427
1409
1428
1410
1429
1411
1430
1431
1413
1432
1908
1414
1433
1415
1434
1416
1435
1417
1436
1418
1437
1419
1438
1420
1439
1421
1440
1422
1441
1423
1442
1424
1443
1425
1444
1426
1445
1427
1446
1428
1447
1429
1448
1430
1449
1431
1450
1451
1433
1452
1917
1434
1453
1435
1454
1436
1455
1437
1456
1438
1457
1439
1458
1440
1459
1441
1460
1442
1461
1443
1462
1444
1463
1445
1464
1446
1465
1447
1466
1448
1467
1449
1468
1450
1469
1451
1470
1471
1453
1472
1926
1454
1473
1455
1474
1456
1475
1457
1476
1458
1477
1459
1478
1460
1479
1461
1480
1462
1481
1463
1482
1464
1483
1465
1484
1466
1485
1467
1486
1468
1487
1469
1488
1470
1489
1471
1490
1491
1473
1492
1935
1474
1493
1475
1494
1476
1495
1477
1496
1478
1497
1479
1498
1480
1499
1481
1500
1482
1501
1483
1502
1484
1503
1485
1504
1486
1505
1487
1506
1488
1507
1489
1508
1490
1509
1491
1510
1511
1493
1512
1944
1494
1513
1495
1514
1496
1515
1497
1516
1498
1517
1499
1518
1500
1519
1501
1520
1502
1521
1503
1522
1504
1523
1505
1524
1506
1525
1507
1526
1508
1527
1509
1528
1510
1529
1511
1530
1531
1513
1532
1953
1514
1533
1515
1534
1516
1535
1517
1536
1518
1537
1519
1538
1520
1539
1521
1540
1522
1541
1523
1542
1524
1543
1525
1544
1526
1545
1527
1546
1528
1547
1529
1548
1530
1549
1531
1550
1551
1533
1552
1962
1534
1553
1535
1554
1536
1555
1537
1556
1538
1557
1539
1558
1540
1559
1541
1560
1542
1561
1543
1562
1544
1563
1545
1564
1546
1565
1547
1566
1548
1567
1549
1568
1550
1569
1551
1570
1571
1553
1572
1971
1554
1573
1555
1574
1556
1575
1557
1576
1558
1577
1559
1578
1560
1579
1561
1580
1562
1581
1563
1582
1564
1583
1565
1584
1566
1585
1567
1586
1568
1587
1569
1588
1570
1589
1571
1590
1591
1573
1592
1980
1574
1593
1575
1594
1576
1595
1577
1596
1578
1597
1579
1598
1580
1599
1581
1600
1582
1601
1583
1602
1584
1603
1585
1604
1586
1605
1587
1606
1588
1607
1589
1608
1590
1609
1591
1610
1611
1593
1612
1989
1594
1613
1595
1614
1596
1615
1597
1616
1598
1617
1599
1618
1600
1619
1601
1620
1602
1621
1603
1622
1604
1623
1605
1624
1606
1625
1607
1626
1608
1627
1609
1628
1610
1629
1611
1630
1631
1613
1632
1998
1614
1633
1615
1634
1616
1635
1617
1636
1618
1637
1619
1638
1620
1639
1621
1640
1622
1641
1623
1642
1624
1643
1625
1644
1626
1645
1627
1646
1628
1647
1629
1648
1630
1649
1631
1650
1651
1633
1652
2007
1634
1653
1635
1654
1636
1655
1637
1656
1638
1657
1639
1658
1640
1659
1641
1660
1642
1661
1643
1662
1644
1663
1645
1664
1646
1665
1647
1666
1648
1667
1649
1668
1650
1669
1651
1670
1671
1653
1672
2016
1654
1673
1655
1674
1656
1675
1657
1676
1658
1677
1659
1678
1660
1679
1661
1680
1662
1681
1663
1682
1664
1683
1665
1684
1666
1685
1667
1686
1668
1687
1669
1688
1670
1689
1671
1690
1691
1673
1692
2025
1674
1693
1675
1694
1676
1695
1677
1696
1678
1697
1679
1698
1680
1699
1681
1700
1682
1701
1683
1702
1684
1703
1685
1704
1686
1705
1687
1706
1688
1707
1689
1708
1690
1709
1691
1710
1711
1693
1712
2034
1694
1713
1695
1714
1696
1715
1697
1716
1698
1717
1699
1718
1700
1719
1701
1720
1702
1721
1703
1722
1704
1723
1705
1724
1706
1725
1707
1726
1708
1727
1709
1728
1710
1729
1711
1730
1731
1713
1732
2043
1714
1733
1715
1734
1716
1735
1717
1736
1718
1737
1719
1738
1720
1739
1721
1740
1722
1741
1723
1742
1724
1743
1725
1744
1726
1745
1727
1746
1728
1747
1729
1748
1730
1749
1731
1750
1751
1733
1752
2052
1734
1753
1735
1754
1736
1755
1737
1756
1738
1757
1739
1758
1740
1759
1741
1760
1742
1761
1743
1762
1744
1763
1745
1764
1746
1765
1747
1766
1748
1767
1749
1768
1750
1769
1751
1770
1771
1753
1772
2061
1754
1773
1755
1774
1756
1775
1757
1776
1758
1777
1759
1778
1760
1779
1761
1780
1762
1781
1763
1782
1764
1783
1765
1784
1766
1785
1767
1786
1768
1787
1769
1788
1770
1789
1771
1790
1791
1773
2070
1774
1775
1776
1777
1778
1779
1780
1781
1782
1783
1784
1785
1786
1787
1788
1789
1790
1791
1793
1801
2071
1794
1802
1795
1803
1796
1804
1797
1805
1798
1806
1799
1807
1800
1808
1809
1802
1810
2072
1803
1811
1804
1812
1805
1813
1806
1814
1807
1815
1808
1816
1809
1817
1818
1811
1819
2073
1812
1820
1813
1821
1814
1822
1815
1823
1816
1824
1817
1825
1818
1826
1827
1820
1828
2074
1821
1829
1822
1830
1823
1831
1824
1832
1825
1833
1826
1834
1827
1835
1836
1829
1837
2075
1830
1838
1831
1839
1832
1840
1833
1841
1834
1842
1835
1843
1836
1844
1845
1838
1846
2076
1839
1847
1840
1848
1841
1849
1842
1850
1843
1851
1844
1852
1845
1853
1854
1847
1855
2077
1848
1856
1849
1857
1850
1858
1851
1859
1852
1860
1853
1861
1854
1862
1863
1856
1864
2078
1857
1865
1858
1866
1859
1867
1860
1868
1861
1869
1862
1870
1863
1871
1872
1865
1873
2079
1866
1874
1867
1875
1868
1876
1869
1877
1870
1878
1871
1879
1872
1880
1881
1874
1882
2080
1875
1883
1876
1884
1877
1885
1878
1886
1879
1887
1880
1888
1881
1889
1890
1883
1891
2081
1884
1892
1885
1893
1886
1894
1887
1895
1888
1896
1889
1897
1890
1898
1899
1892
1900
2082
1893
1901
1894
1902
1895
1903
1896
1904
1897
1905
1898
1906
1899
1907
1908
1901
1909
2083
1902
1910
1903
1911
1904
1912
1905
1913
1906
1914
1907
1915
1908
1916
1917
1910
1918
2084
1911
1919
1912
1920
1913
1921
1914
1922
1915
1923
1916
1924
1917
1925
1926
1919
1927
2085
1920
1928
1921
1929
1922
1930
1923
1931
1924
1932
1925
1933
1926
1934
1935
1928
1936
2086
1929
1937
1930
1938
1931
1939
1932
1940
1933
1941
1934
1942
1935
1943
1944
1937
1945
2087
1938
1946
1939
1947
1940
1948
1941
1949
1942
1950
1943
1951
1944
1952
1953
1946
1954
2088
1947
1955
1948
1956
1949
1957
1950
1958
1951
1959
1952
1960
1953
1961
1962
1955
1963
2089
1956
1964
1957
1965
1958
1966
1959
1967
1960
1968
1961
1969
1962
1970
1971
1964
1972
2090
1965
1973
1966
1974
1967
1975
1968
1976
1969
1977
1970
1978
1971
1979
1980
1973
1981
2091
1974
1982
1975
1983
1976
1984
1977
1985
1978
1986
1979
1987
1980
1988
1989
1982
1990
2092
1983
1991
1984
1992
1985
1993
1986
1994
1987
1995
1988
1996
1989
1997
1998
1991
1999
2093
1992
2000
1993
2001
1994
2002
1995
2003
1996
2004
1997
2005
1998
2006
2007
2000
2008
2094
2001
2009
2002
2010
2003
2011
2004
2012
2005
2013
2006
2014
2007
2015
2016
2009
2017
2095
2010
2018
2011
2019
2012
2020
2013
2021
2014
2022
2015
2023
2016
2024
2025
2018
2026
2096
2019
2027
2020
2028
2021
2029
2022
2030
2023
2031
2024
2032
2025
2033
2034
2027
2035
2097
2028
2036
2029
2037
2030
2038
2031
2039
2032
2040
2033
2041
2034
2042
2043
2036
2044
2098
2037
2045
2038
2046
2039
2047
2040
2048
2041
2049
2042
2050
2043
2051
2052
2045
2053
2099
2046
2054
2047
2055
2048
2056
2049
2057
2050
2058
2051
2059
2052
2060
2061
2054
2062
2100
2055
2063
2056
2064
2057
2065
2058
2066
2059
2067
2060
2068
2061
2069
2070
2063
2101
2064
2065
2066
2067
2068
2069
2070
2072
2102
2073
2103
2074
2104
2075
2105
2076
2106
2077
2107
2078
2108
2079
2109
2080
2110
2081
2111
2082
2112
2083
2113
2084
2114
2085
2115
2086
2116
2087
2117
2088
2118
2089
2119
2090
2120
2091
2121
2092
2122
2093
2123
2094
2124
2095
2125
2096
2126
2097
2127
2098
2128
2099
2129
2100
2130
2101
2131
2132
2103
2133
2104
2134
2105
2135
2106
2136
2107
2137
2108
2138
2109
2139
2110
2140
2111
2141
2112
2142
2113
2143
2114
2144
2115
2145
2116
2146
2117
2147
2118
2148
2119
2149
2120
2150
2121
2151
2122
2152
2123
2153
2124
2154
2125
2155
2126
2156
2127
2157
2128
2158
2129
2159
2130
2160
2131
2161
2132
2162
2163
2134
2164
2135
2165
2136
2166
2137
2167
2138
2168
2139
2169
2140
2170
2141
2171
2142
2172
2143
2173
2144
2174
2145
2175
2146
2176
2147
2177
2148
2178
2149
2179
2150
2180
2151
2181
2152
2182
2153
2183
2154
2184
2155
2185
2156
2186
2157
2187
2158
2188
2159
2189
2160
2190
2161
2191
2162
2192
2163
2193
2194
2165
2195
2166
2196
2167
2197
2168
2198
2169
2199
2170
2200
2171
2201
2172
2202
2173
2203
2174
2204
2175
2205
2176
2206
2177
2207
2178
2208
2179
2209
2180
2210
2181
2211
2182
2212
2183
2213
2184
2214
2185
2215
2186
2216
2187
2217
2188
2218
2189
2219
2190
2220
2191
2221
2192
2222
2193
2223
2194
2224
2225
2196
2226
2197
2227
2198
2228
2199
2229
2200
2230
2201
2231
2202
2232
2203
2233
2204
2234
2205
2235
2206
2236
2207
2237
2208
2238
2209
2239
2210
2240
2211
2241
2212
2242
2213
2243
2214
2244
2215
2245
2216
2246
2217
2247
2218
2248
2219
2249
2220
2250
2221
2251
2222
2252
2223
2253
2224
2254
2225
2255
2256
2227
2228
2229
2230
2231
2232
2233
2234
2235
2236
2237
2238
2239
2240
2241
2242
2243
2244
2245
2246
2247
2248
2249
2250
2251
2252
2253
2254
2255
2256
)


// ************************************************************************* //
