/*--------------------------------*- C++ -*----------------------------------*\
| =========                 |                                                 |
| \\      /  F ield         | OpenFOAM: The Open Source CFD Toolbox           |
|  \\    /   O peration     | Version:  2406                                  |
|   \\  /    A nd           | Website:  www.openfoam.com                      |
|    \\/     M anipulation  |                                                 |
\*---------------------------------------------------------------------------*/
FoamFile
{
    version     2.0;
    format      ascii;
    arch        "LSB;label=32;scalar=64";
    class       volVectorField;
    location    "0.02";
    object      U;
}
// * * * * * * * * * * * * * * * * * * * * * * * * * * * * * * * * * * * * * //

dimensions      [0 1 -1 0 0 0 0];

internalField   nonuniform List<vector> 
2065
(
(36.422946 3.9866272 0)
(37.376508 3.9280224 -6.4419504e-18)
(38.213114 3.6739425 5.9512902e-18)
(38.888315 3.3904361 -5.5028848e-18)
(39.448962 3.1508934 5.0968967e-18)
(23.719539 2.0860805 -1.8736369e-22)
(25.417345 2.1381311 1.3943755e-17)
(27.067731 2.1630788 -6.4336739e-18)
(28.612467 2.1792176 0)
(30.016143 2.1433565 0)
(11.518029 0.24096889 -6.9950957e-21)
(12.731609 0.18567912 -2.9531027e-21)
(14.156764 0.22148455 0)
(15.818191 0.4823618 5.7805008e-21)
(4.5062054 -1.0302901 6.2650042e-21)
(5.4679343 -1.047706 -6.0349968e-18)
(6.4691579 -0.97797318 0)
(1.8537475 -2.0599915 -5.9736723e-18)
(2.5340969 -1.9685487 1.1021926e-17)
(3.1839882 -1.8644556 -5.1550113e-18)
(0.47886511 -2.7017076 5.5807698e-18)
(0.88671541 -2.509852 0)
(-0.69515494 -3.020968 -5.2140075e-18)
(-1.7515625 -2.9849208 -3.2481227e-18)
(-2.6498636 -2.7072656 2.3651742e-18)
(-2.2176218 1.8469954 -2.4345678e-18)
(-1.208893 2.1243896 -5.143917e-18)
(-0.074570449 2.1230094 -5.4996614e-18)
(1.2028048 1.7507324 0)
(1.6086063 1.6150784 -5.4200811e-18)
(2.9756341 1.0367865 -6.4039801e-18)
(3.690967 0.95763776 -5.9456476e-18)
(7.1992106 0.22652624 2.806961e-18)
(8.1775066 0.19414411 -3.885367e-18)
(9.2951425 0.046893776 -6.025597e-18)
(16.85839 -1.4609533 4.6624257e-18)
(18.230841 -1.4262611 -5.6119903e-18)
(19.631148 -1.3558692 0)
(21.125074 -1.4802235 0)
(28.580079 -3.406615 7.5368612e-18)
(29.754691 -3.2695776 -6.8547227e-18)
(30.900109 -3.1257548 5.0896034e-18)
(31.934666 -2.9875513 0)
(32.826608 -2.8971052 0)
(43.603266 4.5950999 -5.156504e-19)
(47.130908 4.7638442 0)
(50.556417 4.8922661 0)
(53.787858 4.8719944 1.4212455e-18)
(56.673651 4.544321 0)
(59.086544 4.0487214 -1.1687431e-18)
(61.015899 3.4797844 1.2508737e-18)
(62.510007 2.9202976 1.4531212e-18)
(63.640592 2.4210584 4.4337341e-19)
(43.748958 4.4059367 6.8790631e-19)
(47.362386 4.4844364 -9.9326499e-19)
(50.694431 4.6057131 1.4757315e-18)
(53.797658 4.5080915 -7.5684267e-21)
(56.534988 4.2360058 1.1300291e-18)
(58.837852 3.7945674 8.1088611e-22)
(60.689386 3.2746754 1.1593918e-18)
(62.129115 2.7558787 -1.3451673e-18)
(63.223471 2.2878271 -8.2024585e-19)
(44.052183 4.0388791 7.474599e-19)
(47.658822 4.1043708 2.1505698e-18)
(50.835708 4.233702 -1.6127588e-18)
(53.771109 4.1822918 1.2716274e-18)
(56.373104 3.9377872 -4.1415087e-21)
(58.571687 3.5420479 1.0833317e-18)
(60.347834 3.0670837 -1.1594777e-18)
(61.733885 2.5877501 -1.6289122e-22)
(62.791032 2.1517431 4.0609124e-19)
(44.297692 3.6847798 -1.4175538e-18)
(47.847022 3.7670737 -1.0025264e-18)
(50.916626 3.8918754 -6.0626562e-21)
(53.718634 3.8579917 -2.5055134e-18)
(56.200551 3.6476462 2.3874702e-21)
(58.301085 3.2929291 -1.0773933e-18)
(60.00299 2.8596867 -1.1554239e-18)
(61.335019 2.4180434 -1.458701e-21)
(62.354157 2.0137011 4.0050317e-19)
(44.52283 3.3901084 1.3023553e-18)
(48.004667 3.4791178 0)
(50.986419 3.5856671 -1.4846294e-18)
(53.668645 3.558071 1.2120593e-18)
(56.033917 3.3727342 -1.0786709e-18)
(58.036835 3.0525291 2.1275197e-18)
(59.663531 2.6569219 1.1429343e-18)
(44.74572 3.147707 -5.8835831e-19)
(64.571792 2.0091028 0)
(65.435166 1.6092112 0)
(66.248445 1.222425 0)
(67.024553 0.85278265 0)
(67.740966 0.47658647 0)
(67.978187 0.17524273 0)
(64.122596 1.9000588 0)
(64.955514 1.5249347 0)
(65.740328 1.1610651 0)
(66.490148 0.81389371 0)
(67.185221 0.46666647 0)
(67.422252 0.17367538 0)
(63.660028 1.7905423 0)
(64.466688 1.4408002 0)
(65.228743 1.100891 0)
(65.959438 0.77603368 0)
(66.641918 0.45281664 0)
(66.880941 0.17001666 0)
(63.193178 1.6783699 0)
(63.973467 1.3527312 0)
(64.713256 1.0354509 0)
(65.42606 0.73125316 0)
(66.096506 0.42886608 0)
(66.335024 0.1630733 0)
(49.511539 -5.9196822 7.9036497e-19)
(49.64899 -4.7349998 -9.9483192e-19)
(49.694135 -3.604486 0)
(49.630438 -2.536769 0)
(49.379037 -1.4844319 -3.9928788e-19)
(48.525743 -0.41162696 5.6044943e-19)
(51.836213 -5.9449985 -4.1882263e-19)
(52.002552 -4.7641411 5.3318006e-19)
(52.097489 -3.6478211 -7.3442821e-19)
(52.109102 -2.5938641 1.1226241e-18)
(51.986309 -1.5749009 -1.3864399e-20)
(51.531163 -0.50775257 -2.0484611e-20)
(54.278496 -5.8707537 -6.9412268e-21)
(54.469644 -4.7089126 -8.6875357e-21)
(54.596507 -3.6159627 3.8173136e-19)
(54.636729 -2.5819173 -1.1814257e-18)
(54.506629 -1.575794 9.1945292e-19)
(53.856052 -0.54688017 4.2961296e-20)
(56.805197 -5.6817402 -3.9328351e-22)
(57.028314 -4.5581046 5.8876142e-19)
(57.205012 -3.4975344 0)
(57.324645 -2.4956756 3.4949677e-23)
(57.354018 -1.5173573 5.0534334e-19)
(57.171267 -0.52578175 -7.3996098e-19)
(59.365995 -5.3936559 -4.8522383e-19)
(59.619747 -4.3299143 6.0379569e-19)
(59.834926 -3.3258782 1.2854112e-20)
(59.988581 -2.3746621 3.8872678e-23)
(60.000232 -1.4503158 -2.7718521e-19)
(59.408555 -0.52923805 3.6994217e-19)
(61.888518 -5.0216458 5.0674979e-19)
(62.169512 -4.0395008 0)
(62.426065 -3.11382 4.142453e-19)
(62.650143 -2.2419753 -2.7723112e-19)
(62.83733 -1.4168089 -7.6251552e-19)
(63.220523 -0.57136879 3.5711913e-19)
(64.315398 -4.5321424 8.2795859e-21)
(64.622087 -3.6313802 0)
(64.917225 -2.7787961 0)
(65.204255 -1.9689098 -2.0573344e-20)
(65.501369 -1.1654162 0)
(65.942778 -0.4295606 -1.8443425e-20)
(66.6092 -3.9666698 -8.6871475e-21)
(66.952773 -3.163453 3.4271033e-19)
(67.296643 -2.4026904 -4.6260067e-19)
(67.644519 -1.6791291 0)
(68.001597 -0.94980405 2.8836073e-19)
(68.225522 -0.3253078 -2.6894449e-19)
(68.69511 -3.3613455 0)
(69.078852 -2.6748224 1.847022e-19)
(69.472843 -2.0269823 1.1164909e-22)
(69.878163 -1.4154159 -1.7638882e-19)
(70.281026 -0.80290811 -2.971023e-19)
(70.320141 -0.26291313 -3.7848949e-23)
(70.490019 -2.7293075 -3.0519514e-19)
(70.905692 -2.1709584 -5.8550327e-21)
(71.334297 -1.6441744 0)
(71.772482 -1.1486949 1.826571e-19)
(72.189084 -0.65538444 -2.9594215e-19)
(72.097689 -0.21453923 -9.2811879e-21)
(71.939602 -2.0695046 0)
(72.390823 -1.6484226 -3.045676e-21)
(72.857766 -1.2497172 0)
(73.335135 -0.87527892 0)
(73.774734 -0.50532773 8.2622116e-20)
(73.532691 -0.16876758 -8.4077047e-20)
(72.980861 -1.3939907 0)
(73.462825 -1.1139092 3.169978e-21)
(73.953208 -0.84289337 -3.3659903e-20)
(74.443376 -0.5850403 4.8369038e-20)
(74.876794 -0.32820514 0)
(74.57135 -0.11851549 0)
(73.604175 -0.74477956 4.3284609e-20)
(74.146276 -0.6170601 -5.2513838e-20)
(74.694933 -0.48575533 -3.466812e-20)
(75.238373 -0.35410949 4.9442093e-20)
(75.701198 -0.2128878 0)
(75.261941 -0.069787371 0)
(73.74958 0.0049459744 1.6826637e-19)
(74.324052 0.01150241 9.4562993e-20)
(74.904659 0.018073268 -2.601863e-19)
(75.47862 0.021419028 1.7862769e-19)
(75.966477 0.025455984 -5.6281084e-20)
(75.528885 -0.0076632531 6.5140449e-20)
(73.631138 0.36602865 1.7085483e-19)
(74.211162 0.28863381 -1.7423284e-23)
(74.789944 0.21672633 3.9319438e-19)
(75.345138 0.13335327 -2.154954e-19)
(75.829694 0.082916025 1.9268085e-19)
(75.388577 0.033412077 8.0599155e-21)
(73.266641 0.7788278 -3.7571056e-19)
(73.882798 0.60626125 5.6676981e-21)
(74.485855 0.45555715 0)
(75.05924 0.32232184 0)
(75.539172 0.19952276 8.3989296e-20)
(75.063195 0.084653682 0)
(72.604827 1.1792158 0)
(73.25454 0.92421634 4.671077e-19)
(73.88871 0.69423758 -6.0125791e-19)
(74.496118 0.48517571 -3.8756134e-19)
(74.998146 0.28718241 2.6228936e-19)
(74.535406 0.11690225 3.0035309e-19)
(71.749452 1.5042146 0)
(72.435932 1.181533 -1.4779853e-20)
(73.098988 0.88780267 0)
(73.72991 0.61860314 -4.3740544e-19)
(74.250623 0.36115495 6.0764187e-19)
(73.832786 0.14554682 0)
(70.748097 1.7545665 -8.1502876e-19)
(71.473151 1.3808763 9.6745961e-19)
(72.169159 1.0383459 0)
(72.831234 0.72274901 -2.5521986e-20)
(73.385256 0.41749631 3.2430046e-19)
(73.01238 0.16829094 -2.660511e-19)
(69.659386 1.9309572 -8.1881306e-19)
(70.41828 1.5233356 9.3797381e-19)
(71.13987 1.1475941 0)
(71.820974 0.8005548 2.5095255e-20)
(72.395804 0.46354233 -3.5007241e-20)
(72.115523 0.18527638 0)
(68.541879 2.0402363 8.3183742e-19)
(69.335595 1.6122013 2.9687242e-20)
(70.08953 1.2141732 0)
(70.80519 0.8441373 2.466498e-20)
(71.422865 0.4815733 -5.092881e-19)
(71.199437 0.19603609 4.7672152e-19)
(67.418165 2.0959885 1.6023786e-18)
(68.235769 1.6650151 -1.4665685e-20)
(69.006522 1.2624347 -6.0216568e-19)
(69.734827 0.8868534 1.4859865e-18)
(70.375487 0.51416405 -1.0777108e-18)
(70.277116 0.20320822 2.9401398e-20)
(66.370458 2.0924813 0)
(67.216925 1.6549882 9.2978765e-19)
(68.014859 1.2434944 -2.2919123e-18)
(68.772232 0.86007728 1.5216656e-18)
(69.449302 0.48590425 -1.5745073e-20)
(69.399293 0.20261797 -1.4023076e-20)
(65.259717 2.117366 -1.5607978e-18)
(66.13177 1.6969608 1.8200613e-18)
(66.954262 1.2935056 8.7740038e-21)
(67.738908 0.90905759 0)
(68.461911 0.52101893 5.1615143e-19)
(68.540215 0.1902157 -4.2922916e-19)
(42.193271 -25.052616 1.3523752e-18)
(43.366633 -22.941414 8.5735802e-19)
(44.755341 -20.584811 -9.9109209e-19)
(46.102323 -18.069916 -4.3954038e-19)
(47.280958 -15.498977 -8.3035327e-19)
(48.201565 -13.025969 8.5149132e-19)
(48.826069 -10.785767 -4.7287449e-19)
(49.19216 -8.845596 -5.5278367e-19)
(49.366684 -7.2523348 1.6535865e-19)
(45.72265 -25.337455 1.480942e-18)
(46.702866 -23.098276 -9.432719e-19)
(47.796644 -20.659802 0)
(48.87585 -18.068269 -2.450491e-19)
(49.832713 -15.472767 9.3044093e-19)
(50.597994 -13.003416 -4.7632571e-19)
(51.141245 -10.777243 -5.2527577e-19)
(51.485941 -8.8464636 4.5537881e-19)
(51.672362 -7.2712541 -3.5843561e-19)
(49.385532 -25.089023 -1.5713807e-18)
(50.077229 -22.80337 0)
(50.856629 -20.344195 0)
(51.66852 -17.7641 5.1923268e-19)
(52.424353 -15.20456 0)
(53.061521 -12.78293 5.0437782e-19)
(53.547879 -10.598596 -5.5477636e-19)
(53.885006 -8.7100638 -2.7710743e-22)
(54.092114 -7.1678342 1.8733395e-19)
(53.055126 -24.325943 1.6545147e-18)
(53.455646 -22.076177 -1.4141523e-18)
(53.936533 -19.677727 0)
(54.492871 -17.171049 -2.7583205e-19)
(55.061251 -14.6924 0)
(55.583924 -12.358578 1.3355569e-19)
(56.022814 -10.24615 5.8706873e-19)
(56.357018 -8.4284828 3.660277e-22)
(56.589942 -6.935619 -1.1771752e-18)
(56.662405 -23.081838 1.7402168e-18)
(56.778897 -20.93548 -1.4895665e-18)
(56.982503 -18.659657 1.464006e-18)
(57.301718 -16.284329 5.8305709e-19)
(57.697366 -13.937371 -5.5320842e-19)
(58.118949 -11.726817 -7.0767357e-19)
(58.517635 -9.7251475 6.1896935e-19)
(58.855601 -8.0018305 -8.8526388e-20)
(59.11876 -6.5847828 0)
(60.106658 -21.381558 -3.6548527e-18)
(59.960333 -19.400601 1.6652419e-18)
(59.915274 -17.304368 -1.7180974e-19)
(60.024482 -15.114108 7.7015297e-19)
(60.270095 -12.945733 -5.8529485e-19)
(60.60629 -10.897029 4.4914228e-19)
(60.973772 -9.0406574 -6.5293284e-19)
(61.319444 -7.4402535 -9.2932203e-20)
(61.61233 -6.1244849 -3.7728263e-19)
(63.276422 -19.263294 -9.578713e-19)
(62.904678 -17.501264 -9.7764626e-19)
(62.65261 -15.638816 -9.0244937e-20)
(62.588442 -13.682592 4.8793863e-19)
(62.712376 -11.734087 -6.1881077e-19)
(62.982243 -9.8823973 1.5820689e-19)
(63.329873 -8.1994174 3.4459956e-19)
(63.688374 -6.7424149 -3.9042586e-19)
(64.011381 -5.5405483 -1.0481067e-22)
(66.081987 -16.774459 -1.0060125e-18)
(65.527449 -15.285836 5.4140149e-20)
(65.115066 -13.699616 4.7689195e-20)
(64.921433 -12.01927 6.860253e-19)
(64.957941 -10.328724 -6.53284e-19)
(65.184207 -8.7072679 0)
(65.52616 -7.2248501 0)
(65.907072 -5.9338784 -5.132136e-20)
(66.268079 -4.8646214 -5.9300729e-20)
(68.394584 -13.974327 0)
(67.733545 -12.796771 0)
(67.223064 -11.521658 5.0015365e-20)
(66.948754 -10.152502 4.5059237e-20)
(66.935771 -8.7552329 -3.0104234e-19)
(67.144487 -7.3996887 4.3502285e-20)
(67.497355 -6.1457818 3.8195352e-19)
(67.909711 -5.0453625 5.4073699e-20)
(68.313234 -4.1297374 0)
(70.307074 -11.03959 5.5515861e-19)
(69.567193 -10.128577 0)
(68.962759 -9.1535732 -2.6228193e-20)
(68.624604 -8.1119781 -4.2684912e-19)
(68.584697 -7.0372017 2.7068964e-19)
(68.795755 -5.9781004 -2.3059598e-19)
(69.174409 -4.9809809 -1.8996678e-22)
(69.625295 -4.095901 2.2671078e-19)
(70.071435 -3.3533435 2.6114735e-19)
(71.472967 -6.8998367 -5.5456812e-19)
(70.682596 -6.7327544 5.0063988e-19)
(70.107939 -6.3197422 -6.3282211e-19)
(69.814271 -5.7800237 2.1120782e-19)
(69.812086 -5.1353198 4.7380429e-20)
(70.060316 -4.432821 -1.9344635e-19)
(70.486267 -3.7317687 2.1024255e-19)
(70.986683 -3.0884476 -1.4832917e-20)
(71.480733 -2.5369577 0)
(71.622955 -3.5380658 1.4291e-19)
(70.941323 -3.384456 -1.2198809e-19)
(70.495943 -3.343649 0)
(70.322443 -3.223989 -1.2066719e-20)
(70.443726 -3.1176377 -4.9520709e-20)
(70.827207 -2.7995361 5.0610439e-20)
(71.355327 -2.4247998 0)
(71.92907 -2.0429104 1.5518737e-20)
(72.480181 -1.6967617 -2.1244794e-27)
(71.418547 -0.81849173 1.4553273e-19)
(70.831699 -1.0644296 1.8441019e-22)
(70.454246 -1.2676201 -2.2858072e-19)
(70.363557 -1.345629 9.4809048e-20)
(70.598609 -1.2449016 -2.39187e-20)
(71.089568 -1.1864029 4.902091e-20)
(71.723909 -1.1456806 -1.1468452e-19)
(72.400761 -1.0124642 6.4654447e-20)
(73.035774 -0.87451411 2.2157711e-27)
(70.637985 1.8242475 -6.5021268e-19)
(70.256133 1.2276415 0)
(70.072583 0.7240887 2.5253766e-19)
(70.158399 0.32547664 -4.1321829e-19)
(70.501295 0.085650505 7.2126919e-20)
(71.053013 -0.040746634 1.9598391e-19)
(71.740854 -0.010026037 2.7974347e-20)
(72.469123 -0.0095201237 -1.2474274e-19)
(73.1462 -0.002402805 1.8000384e-20)
(69.02281 4.5474973 6.6286601e-19)
(68.982691 3.5729733 0)
(69.125978 2.7143914 0)
(69.493487 1.970079 0)
(70.063307 1.4091807 -1.0800545e-19)
(70.775264 1.0197968 1.6251479e-19)
(71.556223 0.7586733 -5.3882001e-19)
(72.323011 0.5767007 2.5250185e-19)
(73.017738 0.4568422 -3.1124818e-19)
(66.759189 6.8341345 1.5684554e-18)
(67.105531 5.6374085 -1.246149e-18)
(67.625431 4.5019564 6.8234571e-20)
(68.317108 3.5103518 0)
(69.155599 2.6963487 1.7256022e-19)
(70.080729 2.0568583 5.7870583e-20)
(71.006251 1.5781771 6.2028111e-20)
(71.863078 1.2291613 0)
(72.613698 0.9753405 3.229073e-19)
(64.021541 8.56002 4.9380283e-20)
(64.824729 7.1945266 -1.2356728e-18)
(65.760151 5.9106463 1.2018793e-18)
(66.813148 4.7528201 1.2549114e-19)
(67.935603 3.7655985 -9.4429819e-19)
(69.065367 2.9619803 9.5550069e-19)
(70.13542 2.3290698 0)
(71.091942 1.8410457 0)
(71.906765 1.470445 -8.4124213e-20)
(60.950756 9.6299918 4.7851921e-18)
(62.245016 8.2293741 8.708809e-20)
(63.635209 6.8940532 -1.1706467e-18)
(65.075307 5.6616926 -3.8668978e-19)
(66.501081 4.5772777 -3.6174494e-19)
(67.851271 3.664654 2.4333654e-19)
(69.073399 2.9201975 -6.5637702e-19)
(70.129269 2.3282764 5.92219e-19)
(71.006614 1.8686415 8.5557009e-20)
(57.746225 9.9967942 3.6344607e-18)
(59.530651 8.7010676 -1.7968375e-19)
(61.378267 7.4326142 -4.5399764e-19)
(63.206956 6.2254589 -3.0631715e-22)
(64.936445 5.1231423 -2.3709005e-22)
(66.505175 4.1618478 -2.4629811e-19)
(67.875699 3.3524676 1.3267458e-19)
(69.026328 2.6925172 0)
(69.961972 2.1710737 1.7324317e-19)
(54.644619 9.6943796 -3.7556389e-18)
(56.86482 8.6330576 5.6523578e-18)
(59.124484 7.5449219 3.1274382e-19)
(61.311253 6.4590548 -1.6192954e-18)
(63.325116 5.414887 -7.4672068e-19)
(65.098781 4.4629561 9.9395724e-19)
(66.607585 3.6327971 0)
(67.846118 2.9378407 0)
(68.83455 2.3794987 -3.4868569e-19)
(51.747698 8.8882588 -8.0433601e-18)
(54.364335 8.1579054 3.5585756e-18)
(56.986418 7.32466 2.5827043e-18)
(59.482756 6.4229373 -2.4778623e-18)
(61.744697 5.4908121 0)
(63.699253 4.5932633 0)
(65.329752 3.7788098 0)
(66.646169 3.0777224 0)
(67.681196 2.5040439 -3.4934808e-19)
(49.204661 7.7259539 -3.8200719e-18)
(52.064264 7.3559756 -4.1907941e-19)
(54.967412 6.8313709 -6.7046876e-19)
(57.732974 6.1666867 5.6265055e-19)
(60.21891 5.3904774 1.5236646e-18)
(62.337741 4.5830578 -1.9995416e-18)
(64.074823 3.811819 -1.5998819e-18)
(65.457624 3.1277448 1.199454e-18)
(66.530525 2.5575749 -1.566479e-18)
(47.014806 6.5703945 -5.9107163e-19)
(50.215739 6.5460346 -4.4147952e-19)
(53.331717 6.2774456 6.9203987e-19)
(56.250341 5.8177531 -4.0072396e-18)
(58.871994 5.1945593 4.6010593e-18)
(61.102726 4.4851972 -1.9969697e-18)
(62.919063 3.7695585 -2.8888805e-22)
(64.352199 3.1134645 1.1902758e-18)
(65.455668 2.5522673 -1.3849022e-18)
(44.185394 5.4660134 -5.4403002e-18)
(47.569021 5.6208428 9.7902639e-19)
(51.095003 5.613844 5.8976039e-18)
(54.402092 5.3764208 -2.3622688e-18)
(57.309931 4.9200241 0)
(59.731834 4.3287765 0)
(61.670389 3.6917259 -5.2179807e-19)
(63.176085 3.0835167 -1.7561264e-18)
(64.31834 2.5523054 1.3632454e-18)
(45.533164 -43.916636 -5.6082672e-21)
(45.029359 -38.242872 1.2503714e-17)
(43.471095 -35.074885 -4.4353504e-18)
(42.626945 -32.257806 7.5086223e-19)
(42.107881 -29.699793 -2.2151671e-18)
(41.69789 -27.447056 1.5458997e-21)
(50.679251 -43.227988 -1.9320326e-18)
(50.114441 -37.747265 1.8648913e-18)
(48.166619 -34.886069 0)
(46.99412 -32.209625 -1.5753406e-18)
(46.164803 -29.777467 -5.7837252e-19)
(45.451899 -27.629894 0)
(55.685621 -41.88703 2.9736055e-18)
(55.04898 -36.602264 -1.5471674e-17)
(52.77815 -34.062031 4.8378061e-18)
(51.332267 -31.567133 1.6474178e-18)
(50.255579 -29.30376 6.079443e-19)
(49.343038 -27.310464 1.8824798e-18)
(60.466042 -39.896672 -1.0075387e-17)
(59.809492 -34.761081 0)
(57.271958 -32.579484 5.0448644e-18)
(55.600335 -30.318984 -4.2993191e-18)
(54.322514 -28.254913 0)
(53.245831 -26.440181 0)
(64.923632 -37.277188 1.0297566e-18)
(64.297139 -32.273879 -1.0398462e-18)
(61.567747 -30.496485 0)
(59.716028 -28.499358 -3.5846336e-18)
(58.280679 -26.658009 2.6450386e-18)
(57.073346 -25.043405 -2.0584531e-18)
(68.961881 -34.08134 -8.3894617e-18)
(68.406523 -29.198061 5.4054316e-18)
(65.553967 -27.836788 -5.467536e-18)
(63.567178 -26.127624 3.7346868e-18)
(62.01282 -24.537351 0)
(60.712034 -23.143497 2.6884933e-18)
(72.475173 -30.342954 0)
(72.050382 -25.595808 1.1146507e-18)
(69.121265 -24.669711 -2.8345405e-18)
(67.040673 -23.269312 1.9415303e-18)
(65.402815 -21.94989 -3.5935092e-19)
(64.043029 -20.791637 1.6846458e-18)
(75.317181 -26.14878 0)
(75.010045 -21.508656 -1.1614081e-18)
(72.109996 -21.042655 -7.3834202e-19)
(70.00862 -19.981781 2.0322748e-18)
(68.343584 -18.950542 -1.1279341e-18)
(66.967656 -18.033352 1.4699728e-18)
(77.444616 -21.551072 0)
(77.450367 -16.987445 5.9315596e-19)
(74.54588 -16.990085 7.6367744e-19)
(72.381087 -16.306229 0)
(70.690382 -15.590123 0)
(69.329584 -14.930576 -3.0770905e-19)
(78.628097 -16.685779 0)
(78.582133 -12.377032 -6.1602581e-19)
(75.882044 -13.117213 -1.5991928e-18)
(73.956726 -12.738672 1.106634e-18)
(72.450642 -12.239943 2.0597842e-19)
(71.221126 -11.764617 -6.4628734e-19)
(79.052811 -11.732245 1.1942334e-18)
(79.328163 -7.2002753 -3.7793461e-18)
(77.138812 -7.2170514 1.4230185e-18)
(75.247061 -7.2461752 -9.0190434e-19)
(73.708831 -7.1417128 5.9001947e-19)
(72.449343 -7.0906628 6.2837347e-19)
(79.50943 -6.3689737 0)
(79.637524 -1.1252412 -1.0392271e-18)
(77.325775 -3.1325616 9.5782507e-19)
(75.348396 -3.1913845 -5.9980743e-19)
(73.773206 -3.3428082 3.7850292e-19)
(72.5433 -3.5002547 -1.5410157e-19)
(78.624786 -2.8020486 3.2150647e-19)
(78.879458 2.5733187 -4.8922674e-19)
(76.548064 0.6100761 0)
(74.690851 0.15255883 -2.6718292e-19)
(73.268131 -0.21408892 2.0892381e-19)
(72.189823 -0.52647926 2.5175784e-27)
(76.988456 -1.5164294 0)
(76.81068 7.2315727 1.2185219e-18)
(74.868749 4.6506335 1.7069648e-18)
(73.262304 3.6904559 -2.5006978e-18)
(72.077939 2.9954105 -2.4037791e-19)
(71.207757 2.4063429 1.325304e-18)
(72.036766 4.6884177 6.0672714e-19)
(72.946255 12.195571 0)
(72.013162 8.6538416 0)
(70.823989 7.3051476 -3.3809733e-19)
(69.920192 6.302475 7.7265387e-19)
(69.299128 5.4278779 -1.0236445e-18)
(66.471399 9.2048618 -6.16183e-19)
(68.528539 15.411792 0)
(68.29713 11.827412 -3.8678305e-18)
(67.532738 10.260848 6.0214824e-18)
(66.988213 9.0234117 -1.6260752e-18)
(66.684893 7.9191083 -8.6468553e-19)
(60.367141 12.349201 -1.2598864e-18)
(63.651999 17.853951 -4.192859e-18)
(63.967842 14.388723 3.9924826e-18)
(63.627056 12.504234 0)
(63.477709 11.036417 0)
(63.54578 9.7415252 1.3712771e-18)
(54.101275 14.044456 1.3847637e-18)
(57.359241 19.375814 -2.9063986e-18)
(58.741891 15.70869 0)
(59.10808 13.822019 0)
(59.508244 12.245554 0)
(60.025113 10.825637 -4.7934781e-18)
(46.44038 14.411525 4.9243555e-21)
(51.123671 19.820617 2.954953e-18)
(53.356544 16.191276 -4.3896177e-18)
(54.391711 14.152928 0)
(55.36339 12.511512 0)
(56.369534 11.056698 -4.1250744e-18)
(38.833637 12.98618 0)
(43.099849 18.158951 -1.4911937e-18)
(47.349464 15.135337 1.1491286e-17)
(49.567927 13.312496 -5.2650062e-18)
(51.285132 11.838685 -1.3798258e-18)
(52.833068 10.49869 -1.1071023e-18)
(30.516296 10.536179 1.2550664e-17)
(36.989018 15.343425 0)
(41.749335 12.89802 7.2588034e-18)
(44.900797 11.451049 -1.8802618e-18)
(47.369177 10.370164 -2.1828702e-21)
(49.505677 9.3217431 1.1940288e-18)
(14.866017 1.6132374 -1.5761588e-17)
(27.529627 9.7532164 1.2187822e-17)
(37.073762 9.7026043 0)
(41.327973 8.9733471 -8.1791678e-18)
(44.262081 8.44087 8.1355825e-18)
(46.728103 7.7777581 5.2296715e-18)
(4.970591 -1.2642415 1.066626e-18)
(14.671799 3.8838487 0)
(27.519169 5.9618154 0)
(36.765582 6.5435537 -2.2099734e-18)
(41.041138 6.501218 0)
(44.040837 6.1970086 0)
(-6.5672841 -5.1772494 0)
(8.4765545 1.2581811 1.1467598e-17)
(15.706317 3.1217704 -1.0077219e-17)
(26.807565 4.4709304 2.2747018e-18)
(36.578962 5.290716 0)
(41.386128 5.214253 0)
(-3.9237058 -4.6074547 0)
(-0.086887629 -1.3353268 0)
(7.2431425 0.53181152 0)
(14.111214 1.8267932 6.8605334e-18)
(23.149539 3.1641942 -7.8966545e-18)
(34.016604 4.1665698 0)
(-4.5074843 -4.9786294 -3.0729743e-18)
(-3.2013686 -3.2225178 -1.3959353e-17)
(0.44558434 -1.9977189 9.953402e-18)
(5.3430548 -0.5392243 0)
(11.357636 0.84921379 3.7936868e-18)
(20.818143 2.3649057 -6.9631462e-18)
(-3.3670996 -4.7213408 -1.2355541e-17)
(-3.1210667 -3.8454333 -8.3764728e-18)
(-1.9917986 -3.1642899 2.4759075e-18)
(0.060918974 -2.1355286 1.7521392e-17)
(3.4376573 -0.6909151 -1.4176945e-17)
(10.341356 0.39514921 0)
(-2.9000193 -4.9218811 -1.5434056e-17)
(-2.6876756 -4.2664773 -2.8192705e-18)
(-2.1192044 -3.5668496 -1.2137487e-17)
(-1.3622296 -2.7896413 8.5129149e-18)
(0.037462112 -1.7861519 -3.7980112e-18)
(3.1171558 -0.9515728 1.015867e-17)
(-2.6231853 -5.3444205 6.1485978e-18)
(-2.3250254 -4.7161858 -8.1993464e-18)
(-1.8085301 -4.0666627 9.4028323e-18)
(-1.2670221 -3.4430238 -2.0369947e-18)
(-0.49759226 -2.8186494 0)
(0.9009106 -2.2396074 0)
(-2.422708 -5.7131732 -9.1722919e-18)
(-2.1728822 -4.995903 -1.0548363e-17)
(-1.7605428 -4.4133097 1.1232465e-17)
(-1.3685047 -3.9081925 1.9291172e-18)
(-0.87399972 -3.4383737 0)
(-0.14878476 -3.0071197 -6.0859082e-18)
(-2.170698 -5.8761104 0)
(-2.0345479 -5.1371564 0)
(-1.8055756 -4.5378764 -4.4144371e-18)
(-1.5965656 -4.0561184 0)
(-1.3599612 -3.6455159 2.0082851e-18)
(-1.0047134 -3.3137929 -1.4371102e-18)
(-1.9156241 -5.7303946 0)
(-1.9102542 -4.9433057 1.3368455e-18)
(-1.9201924 -4.3592988 1.091456e-18)
(-1.9196841 -3.9124703 0)
(-1.8811341 -3.5515174 -3.9415566e-23)
(-1.8075086 -3.2502966 2.7334963e-18)
(-1.4481877 -4.950346 0)
(-1.7465383 -4.3363312 -1.3189554e-18)
(-1.9811837 -3.8430923 1.0646724e-18)
(-2.1930864 -3.462999 -3.5255631e-18)
(-2.3741543 -3.1573347 4.5301942e-18)
(-2.5032455 -2.9165569 -1.3072011e-18)
(-1.0930728 -3.9535882 -3.9666653e-18)
(-1.5508284 -3.4353307 2.5809021e-18)
(-1.9767541 -3.0684354 -2.0724976e-18)
(-2.3764193 -2.776294 1.7200724e-18)
(-2.7342892 -2.5528365 -7.3677989e-19)
(-3.0421969 -2.385887 2.59058e-18)
(-0.8408702 -2.5930522 3.5228141e-18)
(-1.3249113 -2.2215845 -2.5599564e-18)
(-1.9647391 -2.0119408 -2.0558028e-18)
(-2.4870676 -1.8674338 1.6906222e-18)
(-2.9702382 -1.7500612 1.0873664e-18)
(-3.4158539 -1.6535168 1.6100752e-18)
(-1.3189967 -0.86634617 2.5293427e-19)
(-1.2354893 -0.99980783 -6.0799293e-23)
(-1.9900842 -0.92870512 -3.4728728e-23)
(-2.5474414 -0.89026713 -4.1945171e-19)
(-3.0739189 -0.86275438 -3.5994228e-19)
(-3.5728991 -0.84405238 -6.4119056e-19)
(-0.99238481 0.86567701 0)
(-1.1539374 0.45877322 6.3892607e-19)
(-1.886969 0.24953918 -2.5576873e-19)
(-2.4554506 0.13951388 -1.4880608e-23)
(-2.990004 0.056723431 3.6136611e-19)
(-3.4924877 0.0010970187 -9.6571488e-19)
(-0.7077437 2.1708144 2.7421227e-18)
(-1.1967169 1.6857287 -1.5865939e-22)
(-1.793964 1.3716578 2.5819946e-19)
(-2.297166 1.1504917 -4.2513816e-19)
(-2.7667163 0.97480309 7.3014017e-19)
(-3.2035179 0.82930609 -1.3043642e-18)
(-0.97977695 3.4235525 7.9501876e-19)
(-1.3942648 2.8299435 0)
(-1.776113 2.3648086 3.1148413e-18)
(-2.1195669 2.0200962 -8.636826e-19)
(-2.4531064 1.7390952 -7.475085e-19)
(-2.7388226 1.5383663 0)
(-1.332334 4.5012343 0)
(-1.500422 3.6893889 0)
(-1.6742739 3.1096151 4.3278275e-18)
(-1.8388428 2.6803242 -9.013778e-19)
(-1.9762754 2.3460889 -3.0742274e-18)
(-2.0843052 2.0763578 2.7269402e-18)
(-1.6212088 5.0271005 6.2430693e-18)
(-1.5445157 4.193455 -5.4051858e-18)
(-1.5060144 3.5684629 -1.1140884e-18)
(-1.4606448 3.0955281 0)
(-1.410363 2.7028717 0)
(-1.2799299 2.3976249 1.4339147e-18)
(-1.8408917 5.0677765 0)
(-1.6235193 4.2795539 0)
(-1.343704 3.6818718 0)
(-1.1254339 3.2091182 0)
(-0.84774892 2.7804545 0)
(-0.4135987 2.4188684 3.0216658e-18)
(-1.8289958 4.8430093 0)
(-1.710143 4.1261242 -1.8289984e-18)
(-1.2736689 3.5481418 0)
(-0.8845671 3.0242205 0)
(-0.34214716 2.5017275 1.7891251e-18)
(0.55404541 2.0137377 1.5934206e-18)
(-2.0543091 4.3980587 0)
(-1.8665681 3.8018713 -1.1161305e-17)
(-1.3304534 3.1940905 9.6747773e-18)
(-0.79975348 2.5533719 0)
(0.12519647 1.8083887 -9.4363196e-18)
(1.9082594 1.2043999 1.6865786e-17)
(-2.1266211 4.0569299 9.354978e-18)
(-2.1417976 3.4474987 2.8631338e-18)
(-1.3811782 2.8351003 0)
(-0.36017278 2.1123966 8.8962248e-18)
(1.7879436 0.84177201 -7.8843879e-18)
(6.2043907 0.12160702 -1.8575279e-18)
(-2.6870521 3.6275025 1.5996956e-17)
(-2.329765 3.0528991 -2.5772989e-17)
(-0.25459837 2.2303979 1.0079649e-17)
(2.8416688 1.0830599 0)
(7.6046266 -0.3146058 0)
(14.902092 -1.6609073 0)
(-3.2833567 3.1826739 -3.1214564e-18)
(-1.394577 1.7317777 1.7093238e-17)
(4.6313596 -0.11323721 -2.489998e-18)
(10.073164 -1.3775472 -2.1877316e-18)
(16.53196 -2.3899531 -3.9781643e-18)
(26.366871 -3.7097645 -1.0665303e-17)
(-5.1436194 4.2248703 1.5794124e-17)
(6.5635782 -1.1514508 -1.4042611e-17)
(11.988561 -2.8050465 2.4290593e-18)
(20.411973 -3.8653329 2.2509755e-18)
(43.927711 47.960328 9.1695571e-18)
(44.391707 42.599098 0)
(43.613169 39.379179 0)
(43.370825 36.716528 2.7371026e-18)
(38.233797 47.072528 -1.8685651e-18)
(38.959426 41.964764 -8.3913565e-18)
(38.710492 38.722153 4.0491105e-18)
(38.88465 36.096518 0)
(39.340576 33.751983 9.7591537e-19)
(40.047764 31.510587 1.4240416e-18)
(32.666343 45.403434 -7.6800127e-18)
(33.591227 40.604239 -4.9995238e-18)
(33.858147 37.417942 1.0041882e-18)
(34.439349 34.886197 5.2961643e-18)
(35.242718 32.653168 -3.8286378e-18)
(36.256061 30.54735 7.0239613e-19)
(27.374368 42.961584 -9.8613044e-18)
(28.438073 38.50304 -1.6576999e-18)
(29.205574 35.466758 -4.9391717e-18)
(30.182135 33.097001 2.6122044e-18)
(31.319348 31.033016 -9.4237657e-19)
(32.618666 29.105945 -6.9069287e-19)
(22.558848 39.798536 4.084569e-18)
(23.669113 35.681365 -4.9225222e-18)
(24.885453 32.90035 3.904205e-18)
(26.224086 30.760012 -6.3836319e-19)
(27.643986 28.932177 0)
(29.199507 27.207917 0)
(18.437803 36.116522 -6.8714082e-18)
(19.554604 32.263989 -6.4668518e-18)
(21.043468 29.853483 4.7700158e-18)
(22.642513 28.005859 6.1862116e-19)
(24.308328 26.407798 0)
(26.035459 24.934372 1.3456068e-18)
(13.358396 30.676373 0)
(15.655885 28.29148 0)
(17.458332 26.436505 -1.8640084e-18)
(19.298578 24.922335 0)
(21.249895 23.528807 1.3550578e-18)
(23.163372 22.294496 -3.0946238e-18)
(9.9525725 26.024778 0)
(12.246156 24.117225 7.8658023e-19)
(14.257212 22.637133 4.6964292e-19)
(16.412049 21.357659 0)
(18.539515 20.264956 -9.2942836e-22)
(20.64541 19.29404 6.9011504e-19)
(7.0907436 20.579281 0)
(9.3214595 19.469442 -7.9673857e-19)
(11.684491 18.343362 4.7679046e-19)
(13.995737 17.44385 -1.2526386e-18)
(16.282801 16.677508 1.355054e-18)
(18.522013 16.004122 -3.4448921e-19)
(4.6289859 15.058313 -3.3611955e-18)
(7.0964884 14.371113 1.6123399e-18)
(9.6228184 13.744237 -9.502908e-19)
(12.083215 13.25913 6.2616172e-19)
(14.491833 12.8459 -2.253322e-19)
(16.824268 12.487181 6.8921362e-19)
(3.4104591 9.7285409 3.0024131e-18)
(5.5708451 8.9918298 -1.5850871e-18)
(8.2222173 8.8700118 -9.4423029e-19)
(10.753055 8.8375588 6.2361857e-19)
(13.210605 8.8116274 3.3695667e-19)
(15.580243 8.7897569 4.3105467e-19)
(5.8533848 3.2578886 0)
(5.1160233 4.0002639 -7.1809627e-22)
(7.6642457 4.2693839 -4.8135983e-22)
(10.10516 4.5290507 -1.5560464e-19)
(12.501589 4.7870668 -1.123083e-19)
(14.833876 5.0451572 -1.7275745e-19)
(2.2588301 -3.7850901 -3.3492462e-19)
(4.6814363 -1.5612403 3.9783381e-19)
(7.2489937 -0.54195067 -1.1878448e-19)
(9.7335925 0.13065025 -2.335477e-22)
(12.15447 0.71640177 1.1288037e-19)
(14.486597 1.2711965 -2.6094656e-19)
(3.00737 -8.3423362 2.2717475e-18)
(5.1331104 -6.6895804 -2.2782342e-21)
(7.6088081 -5.4113826 1.1700431e-19)
(10.007262 -4.3676744 -1.5869678e-19)
(12.354672 -3.4340304 2.2624858e-19)
(14.61984 -2.5659133 -3.5060103e-19)
(4.4614703 -13.839855 6.6858518e-19)
(6.5327866 -11.780637 0)
(8.6642472 -10.134689 1.419723e-18)
(10.913686 -8.6850777 -3.1886473e-19)
(13.113738 -7.4085872 -2.3012448e-19)
(15.253554 -6.2454428 0)
(6.6476734 -19.291407 0)
(8.49779 -16.55323 0)
(10.390081 -14.520185 1.8740385e-18)
(12.348634 -12.837079 -3.2000571e-19)
(14.384713 -11.261215 -9.3474648e-19)
(16.365596 -9.8202107 -7.1651697e-19)
(9.2957237 -24.418926 5.4941486e-18)
(10.965279 -21.020326 -3.265273e-18)
(12.606748 -18.542754 -4.8004724e-19)
(14.340109 -16.574962 0)
(16.103187 -14.824505 0)
(17.914953 -13.144051 3.6207461e-19)
(12.400833 -28.665788 0)
(13.978623 -25.021196 0)
(15.304409 -22.261963 0)
(16.786663 -19.996843 0)
(18.307032 -18.030548 0)
(19.917239 -16.13366 -2.160527e-18)
(17.054475 -33.601413 -4.7147453e-18)
(17.473646 -28.730615 -1.6597757e-18)
(18.427237 -25.587457 0)
(19.597789 -23.097933 0)
(20.884836 -20.908348 4.8500076e-19)
(22.271414 -18.841893 3.6512983e-19)
(20.821445 -36.870449 0)
(21.163615 -31.856788 -6.7012819e-18)
(21.836981 -28.481437 4.0580226e-18)
(22.730177 -25.822016 0)
(23.774178 -23.46199 -2.4682693e-18)
(24.944001 -21.234615 7.409603e-19)
(25.177133 -39.631627 6.0871344e-18)
(25.461773 -34.449243 1.6934356e-18)
(25.710101 -30.929698 0)
(26.265709 -28.127066 2.7463546e-18)
(27.025148 -25.623685 -2.0096984e-18)
(27.952015 -23.251842 -1.5061401e-18)
(29.967509 -41.731767 9.9026311e-18)
(30.098525 -36.355981 -1.5304633e-17)
(29.913349 -32.795722 4.1518842e-18)
(30.124964 -29.913349 0)
(30.586832 -27.312222 0)
(31.254799 -24.820235 7.6557183e-19)
(35.05375 -43.180489 -1.9318348e-18)
(35.056507 -37.669044 1.0288532e-17)
(34.411088 -34.120491 -1.0496838e-18)
(34.26191 -31.19958 -3.5369719e-18)
(34.414236 -28.532581 -1.0367271e-18)
(34.799574 -25.939345 7.7598088e-19)
(40.281916 -43.91394 9.47509e-18)
(39.938932 -38.206918 -8.5842996e-18)
(38.858698 -34.789933 1.0571006e-18)
(38.371532 -31.90513 7.1428094e-19)
(38.228142 -29.235321 3.1508246e-18)
(38.301005 -26.683431 -7.8004917e-19)
(3.5722639 1.6127887 6.5602061e-18)
(12.040875 -3.5353932 0)
(12.78007 -0.94588286 -3.182087e-18)
(55.278168 47.350077 -1.7707275e-18)
(49.640962 48.045342 8.985962e-18)
(49.870743 42.419324 -5.1178657e-18)
(37.412372 -24.80482 9.1733252e-21)
(34.217849 -23.847372 -1.1968129e-18)
(31.044458 -22.660801 2.3424838e-21)
(28.11096 -21.075349 -1.1983092e-18)
(25.457293 -19.102579 1.1885268e-18)
(23.109584 -16.79147 1.1499973e-21)
(21.07302 -14.203844 2.3037827e-18)
(19.388256 -11.369027 0)
(18.111467 -8.2740168 1.0795801e-21)
(17.2214 -5.0014293 0)
(16.747151 -1.6313498 -2.8798133e-19)
(16.699131 1.8466073 1.4324432e-19)
(17.053485 5.2699307 7.1059193e-20)
(17.782442 8.6749233 -5.6581182e-19)
(18.924079 12.010647 -5.6395552e-19)
(20.449947 15.198732 2.735408e-22)
(22.343185 18.196127 -2.7267741e-22)
(24.599829 20.928739 1.5005401e-21)
(27.138462 23.414346 -1.0859529e-18)
(29.958603 25.585273 0)
(33.019879 27.406968 2.9028929e-22)
(36.282722 28.826648 0)
(39.700933 29.82917 -1.0843493e-18)
(36.202668 -22.941172 7.7645875e-21)
(33.231448 -21.62453 -1.0104442e-18)
(30.47795 -20.296872 -3.961387e-21)
(27.983186 -18.63194 1.0148899e-18)
(25.759125 -16.654389 1.0121016e-18)
(23.814892 -14.420452 9.7237313e-22)
(22.136405 -12.046896 -9.9122057e-19)
(20.816712 -9.3860781 -9.9675535e-19)
(19.835294 -6.5662803 1.1559546e-21)
(19.182018 -3.6313935 -4.8974269e-19)
(18.872401 -0.61627419 2.4359333e-19)
(18.906116 2.4526131 0)
(19.26435 5.4822278 -5.9817236e-20)
(19.94297 8.4950368 5.9242171e-22)
(20.949034 11.437222 4.7350693e-19)
(22.266339 14.26622 1.151169e-22)
(23.882518 16.94864 4.5720359e-22)
(25.78354 19.45113 8.6801409e-22)
(27.98983 21.687071 0)
(30.412714 23.722525 -1.7937241e-21)
(33.046908 25.499822 9.198818e-19)
(35.87327 26.957067 -3.5551619e-21)
(38.878184 28.06685 0)
(35.063695 -20.672774 5.8369817e-21)
(32.489654 -19.186719 1.764441e-18)
(30.157707 -17.784432 8.8304946e-19)
(28.072281 -16.094932 -8.7951178e-19)
(26.238962 -14.167061 -8.7029029e-19)
(24.651556 -12.100009 0)
(23.341409 -9.8576112 -8.4391808e-22)
(22.337951 -7.4317333 2.2403473e-21)
(21.615083 -4.8950726 4.2439091e-19)
(21.168354 -2.2866948 4.2036788e-19)
(21.001077 0.38271974 1.0166171e-22)
(21.10647 3.0669073 1.0303451e-19)
(21.473881 5.7266593 1.0240055e-19)
(22.104413 8.3632083 4.7622592e-22)
(22.992469 10.934637 -4.0509468e-19)
(24.130139 13.416826 0)
(25.510778 15.784038 0)
(27.124592 18.013916 7.9538831e-19)
(28.965832 20.078557 0)
(31.047546 21.91111 7.756e-19)
(33.300426 23.588798 7.8460787e-19)
(35.727225 25.026543 7.780296e-19)
(38.320662 26.183398 0)
(34.102197 -18.18715 -4.3988153e-21)
(31.945491 -16.639447 1.2301405e-22)
(30.017536 -15.200507 -7.612158e-19)
(28.321821 -13.531502 7.5728068e-19)
(26.851615 -11.72372 7.4510834e-19)
(25.606183 -9.8226293 1.4489151e-21)
(24.641744 -7.7216589 7.4370922e-19)
(23.923134 -5.530435 7.3874353e-19)
(23.432557 -3.273034 0)
(23.166535 -0.9720374 0)
(23.12211 1.3635727 0)
(23.289732 3.6911456 -1.32803e-19)
(23.665546 6.0026201 -4.3954088e-20)
(24.247989 8.2842617 3.5262279e-22)
(25.029337 10.510569 -1.6899717e-22)
(26.005652 12.666459 -3.4327193e-19)
(27.173323 14.734021 6.665552e-22)
(28.527926 16.696772 -6.6297956e-22)
(30.068902 18.538708 -6.7400576e-19)
(31.80449 20.218966 -6.582314e-19)
(33.707828 21.749142 -1.3309567e-18)
(35.761004 23.125881 -6.5548221e-19)
(37.966421 24.282948 -6.6586427e-19)
(33.36358 -15.559541 -6.5748252e-21)
(31.610572 -14.012177 -6.5876876e-19)
(30.066406 -12.576369 -6.6358757e-19)
(28.73082 -10.993733 0)
(27.596064 -9.34522 -6.4842417e-19)
(26.706358 -7.5300014 0)
(26.034698 -5.6346852 -6.4313088e-19)
(25.55835 -3.6863079 -6.3456201e-19)
(25.267208 -1.7037916 0)
(25.154426 0.30574304 3.1038254e-19)
(25.212447 2.3208859 1.5334274e-19)
(25.432836 4.3224893 3.8032035e-20)
(25.814182 6.3083103 0)
(26.351336 8.2610452 1.4953007e-19)
(27.038853 10.16844 -2.9583498e-19)
(27.874594 12.020536 -2.9389357e-23)
(28.856845 13.806255 4.0658325e-25)
(29.983866 15.514693 5.6487965e-22)
(31.255574 17.135319 5.7660252e-19)
(32.676309 18.657449 -2.2052088e-21)
(34.264379 20.027118 5.5882131e-19)
(35.97758 21.29539 -5.6109073e-19)
(37.820352 22.411702 1.1267868e-18)
(32.863144 -12.848095 3.1080857e-19)
(31.487238 -11.344798 9.0355099e-21)
(30.295619 -9.9731117 5.6913758e-19)
(29.289676 -8.5347519 4.4238746e-21)
(28.500142 -6.9550785 -4.422656e-21)
(27.905133 -5.3134202 0)
(27.482011 -3.6306817 5.5325487e-19)
(27.214583 -1.923557 1.0934412e-18)
(27.092384 -0.19944773 2.6996647e-19)
(27.106678 1.5301871 -2.6709527e-19)
(27.248313 3.2495055 -2.6335264e-19)
(27.512335 4.9551848 3.2566964e-20)
(27.895081 6.6393868 3.2227896e-20)
(28.391184 8.2921702 -1.2753675e-19)
(28.997682 9.9076924 2.5292101e-19)
(29.713376 11.479814 2.5040815e-19)
(30.537948 13.002096 -4.9518972e-19)
(31.471761 14.467751 -4.8869933e-19)
(32.516046 15.869738 4.8427472e-19)
(33.673401 17.203075 0)
(34.952274 18.455168 -4.7731046e-19)
(36.365913 19.582823 4.6548352e-19)
(37.884344 20.6193 -4.6179298e-19)
(32.598215 -10.103197 2.6985472e-23)
(31.563975 -8.705619 -4.964667e-19)
(30.695465 -7.4615249 4.9404788e-19)
(30.021003 -6.0853064 0)
(29.522049 -4.6599069 0)
(29.174755 -3.2056843 1.8862682e-21)
(28.961354 -1.7361123 -2.4300102e-21)
(28.867973 -0.25794414 -4.7111473e-19)
(28.884043 1.2204476 -2.3161022e-19)
(28.999815 2.6879417 1.1166357e-22)
(29.20849 4.1415914 1.1291832e-19)
(29.505329 5.5768593 -4.7351999e-23)
(29.885354 6.9877116 -4.7295515e-23)
(30.345069 8.3708543 2.9245481e-22)
(30.882674 9.7231796 -3.1476365e-22)
(31.497498 11.041701 2.0741556e-22)
(32.189849 12.323226 4.2017478e-19)
(32.960978 13.564111 5.8596876e-22)
(33.813124 14.760154 -4.0739457e-19)
(34.749643 15.90759 -3.1702015e-21)
(35.77698 17.001465 3.9492492e-19)
(36.904364 18.029112 6.1537647e-21)
(38.14084 18.950011 0)
(32.560547 -7.4026134 -1.2543672e-19)
(31.836508 -6.1769927 4.3169978e-19)
(31.283833 -4.9956323 -1.9474334e-22)
(30.890886 -3.7613606 -4.2682485e-19)
(30.633004 -2.5048583 0)
(30.490606 -1.2402941 -4.1544206e-19)
(30.448472 0.026439379 -4.3700814e-22)
(30.494696 1.2870504 0)
(30.618889 2.5342733 -1.9860961e-19)
(30.813457 3.7666667 9.5658041e-23)
(31.072445 4.9801234 -1.4135918e-22)
(31.390846 6.1717927 -4.7496177e-20)
(31.765025 7.3401254 -4.6898181e-20)
(32.192643 8.484064 9.2481461e-20)
(32.672507 9.6027209 0)
(33.204325 10.695301 -1.7945227e-19)
(33.788645 11.760851 0)
(34.42686 12.798019 3.4951145e-19)
(35.121295 13.804863 0)
(35.875402 14.778886 0)
(36.694867 15.71638 0)
(37.588923 16.610575 0)
(38.569482 17.439573 0)
(32.747666 -4.8841321 -7.0995591e-20)
(32.321026 -3.7533521 -3.6961414e-24)
(32.036737 -2.6979509 1.1529195e-20)
(31.873233 -1.6166114 3.6332488e-19)
(31.8093 -0.52901516 -3.5526814e-19)
(31.829284 0.55517516 3.5558864e-19)
(31.920574 1.6271543 -7.0301653e-19)
(32.072736 2.6843647 3.4487743e-19)
(32.277792 3.7241776 5.2217189e-22)
(32.529211 4.7441344 -3.2682787e-22)
(32.821898 5.7431497 4.0158296e-23)
(33.152179 6.7207199 2.0188263e-20)
(33.517546 7.6768717 1.9890088e-20)
(33.916403 8.6119913 -7.8142425e-20)
(34.348035 9.5265899 0)
(34.812436 10.421203 1.9552829e-22)
(35.310262 11.2963 2.9627851e-19)
(35.842791 12.152129 -2.9138413e-19)
(36.411971 12.988628 -2.247689e-21)
(37.020542 13.805087 2.2101291e-21)
(37.672636 14.598835 -2.7773146e-19)
(38.375131 15.364915 -2.8118661e-19)
(39.138256 16.100416 8.3232023e-21)
(33.159442 -2.5432561 1.5806966e-19)
(32.993821 -1.5374119 0)
(32.926475 -0.61332977 -3.2516366e-19)
(32.941846 0.31576134 3.2007511e-19)
(33.026217 1.2371527 3.1461545e-19)
(33.167646 2.1451914 0)
(33.356252 3.0363383 3.0309899e-19)
(33.583941 3.9086567 -4.4564067e-19)
(33.844245 4.7611912 2.9120019e-19)
(34.132209 5.5934766 1.4266629e-19)
(34.444196 6.4056487 -3.4165133e-23)
(34.777645 7.1982569 -1.7112653e-20)
(35.130888 7.9721431 0)
(35.502979 8.7283859 6.593585e-20)
(35.893582 9.4681341 1.2651095e-22)
(36.30291 10.192521 1.2715448e-19)
(36.731654 10.902655 -2.4943221e-19)
(37.180946 11.599534 2.4649181e-19)
(37.652369 12.284051 1.8708668e-21)
(38.148007 12.956698 -1.4336396e-24)
(38.670653 13.616197 -3.3999413e-21)
(39.224313 14.259446 2.1779602e-19)
(39.814695 14.889309 6.8620474e-21)
(33.807218 -0.40436009 0)
(33.831587 0.44109355 -2.8869279e-19)
(33.9214 1.2164387 2.8367495e-19)
(34.066885 1.9879107 -2.6965852e-19)
(34.257622 2.7473827 -4.2560869e-21)
(34.48416 3.4910298 -6.2455444e-21)
(34.738617 4.217001 2.035006e-21)
(35.014858 4.9246183 1.2735298e-19)
(35.308257 5.6137342 -1.244767e-19)
(35.615427 6.2846119 -1.0647294e-22)
(35.933993 6.9378978 -5.9435712e-20)
(36.262393 7.5745243 1.4545292e-20)
(36.599708 8.1956147 0)
(36.945526 8.8024102 5.5621869e-20)
(37.299822 9.3962052 0)
(37.662947 9.9782836 0)
(38.035539 10.54989 0)
(38.418515 11.112212 1.5908453e-21)
(38.813067 11.666406 -4.6635104e-21)
(39.220697 12.213395 3.0361588e-21)
(39.643298 12.752855 1.895973e-19)
(40.083268 13.283329 -1.8459232e-19)
(40.543487 13.808472 1.7960018e-19)
(34.637013 1.3744224 -6.930243e-21)
(34.793818 2.072213 2.3794985e-19)
(34.99455 2.7080977 -2.4835469e-19)
(35.230264 3.3332489 2.4979948e-19)
(35.491818 3.946684 -7.3786858e-21)
(35.771626 4.5460263 0)
(36.064044 5.1297428 2.2393434e-19)
(36.36505 5.697486 1.0905181e-19)
(36.67183 6.2494871 -1.0623958e-19)
(36.982477 6.786315 -1.034145e-19)
(37.295774 7.3087862 5.0310836e-20)
(37.611027 7.8178915 -1.2303366e-20)
(37.927938 8.3147292 -1.1953831e-20)
(38.24651 8.8004481 -4.6731862e-20)
(38.566978 9.2762274 -1.7853257e-22)
(38.889764 9.7432277 -8.9816088e-20)
(39.215441 10.202573 -6.7895408e-22)
(39.544721 10.655377 -1.6807013e-19)
(39.878454 11.102754 0)
(40.217645 11.545663 -5.0182015e-21)
(40.563507 11.984128 4.8791583e-21)
(40.917576 12.417504 1.5158084e-19)
(41.281451 12.849772 -1.3769898e-19)
(35.611605 2.7372705 -2.2564295e-19)
(35.866631 3.3063057 1.3950735e-20)
(36.143221 3.8197163 9.5674166e-25)
(36.433794 4.3195268 -2.2393554e-19)
(36.732723 4.8091026 0)
(37.035902 5.2871614 -3.0987394e-21)
(37.340473 5.7525584 -1.894895e-19)
(37.644525 6.2052602 -1.8679153e-19)
(37.946839 6.6457342 9.0737179e-20)
(38.246699 7.0746418 0)
(38.543765 7.4927547 0)
(38.837973 7.9009177 2.0828937e-20)
(39.129464 8.3000156 2.0261183e-20)
(39.418525 8.6909479 0)
(39.705552 9.0746129 0)
(39.991007 9.4518976 5.8615382e-23)
(40.275417 9.8236722 0)
(40.559347 10.190811 1.4103789e-19)
(40.843399 10.55422 0)
(41.128223 10.914702 -4.1487326e-21)
(41.414622 11.272373 1.2456573e-19)
(41.703391 11.626976 1.2436327e-19)
(36.753845 3.6999016 2.2301951e-19)
(37.058835 4.1417784 -2.4403586e-20)
(37.367542 4.5465461 -1.8871448e-19)
(37.675638 4.9411809 0)
(37.980821 5.3280928 0)
(38.281654 5.7066957 1.7039736e-19)
(38.577176 6.0764882 0)
(38.866838 6.4376223 7.9830176e-20)
(39.150427 6.7905054 0)
(39.42798 7.1356215 0)
(39.699712 7.4734956 -7.093201e-23)
(39.965969 7.8046825 -8.7433147e-21)
(40.227176 8.1297533 -8.617938e-21)
(40.483806 8.4492853 -1.944011e-22)
(40.736356 8.7638543 2.5158282e-22)
(40.985323 9.074031 6.3482256e-20)
(41.231199 9.380382 -9.4678174e-22)
(41.474454 9.6834889 1.8346884e-21)
(41.715542 9.9839737 -1.1543209e-19)
(41.9549 10.282387 1.099103e-19)
(42.193067 10.578743 -2.1233239e-19)
(42.43049 10.872925 -1.1515181e-19)
(38.042885 4.2308829 -2.1481533e-20)
(38.353735 4.5678562 7.0800856e-25)
(38.658427 4.8859785 3.4588933e-19)
(38.955152 5.1982267 1.4696871e-19)
(39.243282 5.5058313 1.6056233e-19)
(39.522605 5.8085657 -2.9163592e-19)
(39.793122 6.1061997 -2.1992253e-21)
(40.055043 6.3988022 1.0623756e-21)
(40.308752 6.686568 1.0270199e-21)
(40.554747 6.9697384 0)
(40.793596 7.2485843 0)
(41.025899 7.5233983 -4.4402692e-28)
(41.25226 7.7944862 4.3011054e-28)
(41.473267 8.0621606 2.1839865e-22)
(41.689476 8.3267353 -2.115339e-22)
(41.901396 8.588522 0)
(42.10949 8.8478317 1.5849162e-21)
(42.314163 9.1049901 -1.5324198e-21)
(42.51577 9.3603571 3.0265465e-21)
(42.714613 9.6142109 2.7920281e-21)
(42.911076 9.8664021 8.2479652e-20)
(43.105393 10.116697 -7.3927973e-20)
(39.448793 4.3791082 -1.4700594e-19)
(39.735979 4.6377763 0)
(40.012315 4.8909674 -1.3915663e-19)
(40.277376 5.1419019 -2.6765837e-19)
(40.531378 5.3908432 -1.2086301e-19)
(40.774781 5.6376454 1.1646024e-19)
(41.008143 5.8821648 1.8708259e-21)
(41.232115 6.1243745 5.7755164e-20)
(41.447409 6.3643149 5.4041967e-20)
(41.654765 6.6020638 -2.1070972e-22)
(41.854918 6.8377222 2.0376326e-22)
(42.048579 7.0714062 7.5179229e-28)
(42.236419 7.3032401 -7.273277e-28)
(42.419057 7.5333517 2.3780317e-20)
(42.597052 7.7618693 -1.7835062e-22)
(42.770898 7.98892 0)
(42.941019 8.2146318 -1.3318204e-21)
(43.107771 8.4391488 -1.284937e-21)
(43.27144 8.6626454 1.6100868e-19)
(43.432244 8.8852195 -7.630398e-20)
(43.590472 9.1065958 0)
(43.74623 9.3264791 7.0252898e-20)
(40.93219 4.2299971 9.3660583e-20)
(41.176874 4.4322752 -1.2286423e-19)
(41.409393 4.6372888 1.3292098e-19)
(41.63005 4.842598 -1.409268e-20)
(41.839477 5.0478482 -6.8440792e-21)
(42.038442 5.2529177 6.5955981e-21)
(42.227738 5.4577212 -1.0172636e-19)
(42.408178 5.6621864 -4.91456e-20)
(42.580573 5.8662681 -4.9422068e-23)
(42.745717 6.0699468 3.5814149e-22)
(42.904366 6.273219 2.1800829e-20)
(43.057226 6.4760895 5.3531577e-21)
(43.204948 6.6785658 5.1754953e-21)
(43.34812 6.8806556 -1.9716348e-20)
(43.487261 7.082364 -3.0222112e-22)
(43.622825 7.2836933 -3.6165649e-20)
(43.755191 7.4846451 1.1257527e-21)
(43.88467 7.6852336 -6.5089466e-21)
(44.011503 7.8854974 -6.2659177e-20)
(44.135863 8.0853972 6.4152907e-20)
(44.258005 8.2845695 0)
(44.377967 8.4826645 -5.8839817e-20)
(42.452114 3.8643904 0)
(42.644866 4.0263199 1.0473966e-19)
(42.826109 4.1952982 -1.0078118e-19)
(42.99651 4.3661456 1.9396266e-19)
(43.156857 4.5381858 0)
(43.307994 4.7113206 9.0072045e-20)
(43.450748 4.8855162 8.9741416e-20)
(43.585927 5.0606936 -4.4600448e-20)
(43.714309 5.2367739 5.9124928e-22)
(43.836629 5.4136929 -6.1288362e-22)
(43.953576 5.5913955 -1.8971103e-20)
(44.065783 5.7698278 -4.5852866e-21)
(44.173825 5.9489334 -4.3403744e-24)
(44.278215 6.1286506 -1.7113588e-20)
(44.379404 6.3089118 0)
(44.477778 6.4896424 3.0922854e-20)
(44.573662 6.6707642 9.6098835e-22)
(44.667316 6.8522068 -5.9177769e-20)
(44.758939 7.0339166 7.1125046e-21)
(44.848669 7.2157615 -6.8263554e-20)
(44.936749 7.3973282 1.9600534e-20)
(45.023179 7.5782384 -1.2443307e-20)
(43.976741 3.3557649 -4.5756714e-20)
(44.11352 3.4872896 4.5349685e-20)
(44.240867 3.6277602 0)
(44.359498 3.7710267 -1.6825796e-19)
(44.470148 3.9162981 0)
(44.573568 4.0635116 -7.8308638e-20)
(44.670477 4.2126798 4.7230697e-21)
(44.761556 4.3637401 3.4244236e-20)
(44.847453 4.5166103 -3.6406225e-20)
(44.928768 4.6712121 -7.9951333e-22)
(45.006057 4.8274683 1.6097168e-20)
(45.079829 4.9852963 -3.8593483e-21)
(45.15054 5.1446051 -7.7040224e-21)
(45.218596 5.3052944 1.4889838e-20)
(45.284352 5.4672534 0)
(45.348111 5.6303609 0)
(45.410123 5.7944885 -2.6671717e-20)
(45.47059 5.9595104 1.0265651e-19)
(45.529663 6.12531 0)
(45.587446 6.291692 0)
(45.64417 6.4582219 0)
(45.69981 6.6245199 8.6193251e-20)
(45.463061 2.7459392 0)
(45.546442 2.8528449 -8.209472e-20)
(45.622903 2.9696308 9.8738341e-20)
(45.693078 3.0898031 5.7078177e-20)
(45.757582 3.2125605 0)
(45.817019 3.3378647 0)
(45.871946 3.4657515 4.2592968e-21)
(45.922877 3.5961666 2.8770552e-20)
(45.970291 3.7290254 0)
(46.014628 3.8642407 0)
(46.056295 4.0017214 -1.4832823e-20)
(46.095661 4.1413673 3.0843777e-24)
(46.133059 4.2830677 2.9328826e-24)
(46.168783 4.4266994 0)
(46.203087 4.5721268 0)
(46.236187 4.7192016 0)
(46.268261 4.8677658 4.4710939e-20)
(46.299448 5.0176606 -2.007072e-20)
(46.329853 5.1687292 0)
(46.359544 5.3207387 5.2551485e-20)
(46.388745 5.4732575 -5.0191094e-20)
(46.417406 5.6259284 -5.7412733e-20)
(46.908559 2.0359173 4.2009277e-20)
(46.941035 2.1246126 1.6573926e-19)
(46.969416 2.2233433 -1.5834318e-19)
(46.994279 2.3256244 -3.7837121e-20)
(47.016033 2.4307367 -7.2427282e-20)
(47.035068 2.5386833 6.075333e-20)
(47.051728 2.6495221 8.3333485e-21)
(47.06633 2.7632122 -6.4062377e-20)
(47.079163 2.8796756 -2.9829206e-20)
(47.090497 2.9988265 -1.5741249e-20)
(47.100582 3.1205743 0)
(47.109641 3.2448156 3.4350286e-21)
(47.117867 3.3714322 3.2031749e-21)
(47.125428 3.5002935 9.937373e-23)
(47.132465 3.631256 1.1462305e-20)
(47.139096 3.7641632 2.4223429e-20)
(47.145416 3.8988479 -4.5087685e-20)
(47.151496 4.0351385 -2.7005291e-20)
(47.157385 4.1728589 -3.6142262e-20)
(47.163111 4.3117584 -7.8899385e-20)
(47.168874 4.4514217 3.7596266e-20)
(47.174608 4.5915274 1.7860449e-20)
(48.319712 1.2433456 -1.0716472e-19)
(48.303487 1.3174054 -2.5909881e-19)
(48.286683 1.4006126 2.9200401e-19)
(48.269526 1.4875864 -4.5854488e-20)
(48.251996 1.5777245 8.6709709e-20)
(48.234158 1.6710037 -1.5402318e-19)
(48.216175 1.7673469 2.9240438e-20)
(48.198143 1.8666279 7.4171983e-20)
(48.180067 1.9687656 3.7524877e-20)
(48.162015 2.0736487 1.4199367e-20)
(48.144073 2.1811872 1.6539243e-20)
(48.126316 2.2912985 3.8245701e-21)
(48.108813 2.4038897 2.2808101e-22)
(48.091624 2.5188554 -2.1756167e-22)
(48.074803 2.636079 1.6534833e-21)
(48.058395 2.755433 -2.6895121e-20)
(48.042429 2.8767826 3.0127354e-20)
(48.026916 2.9999915 -2.8645862e-20)
(48.011846 3.124913 5.4442365e-20)
(47.9972 3.2513215 7.2278695e-20)
(47.983126 3.3788422 3.9094544e-20)
(47.969541 3.5072151 5.5410573e-20)
(49.501453 0.60310004 4.1292084e-20)
(49.473703 0.64984768 1.5941939e-23)
(49.444783 0.703818 -9.1072105e-20)
(49.414462 0.76115989 2.6039502e-20)
(49.382654 0.82144706 -1.1633761e-20)
(49.349104 0.88455624 4.9526338e-20)
(49.313123 0.94998541 -5.2838407e-20)
(49.275571 1.019241 -3.1604438e-20)
(49.237382 1.092631 -3.6165894e-20)
(49.199043 1.1699236 2.1907174e-21)
(49.160807 1.2508621 -1.7730988e-20)
(49.122851 1.3353164 -4.4412262e-21)
(49.085337 1.4232274 4.4033526e-21)
(49.048396 1.5145034 0)
(49.012156 1.6090113 -1.7022661e-20)
(48.976764 1.7066025 0)
(48.942379 1.8071119 0)
(48.909091 1.910319 2.9275349e-20)
(48.876827 2.0161261 4.1373913e-20)
(48.845509 2.1243223 -9.0886331e-20)
(48.815173 2.2345607 -7.3232568e-20)
(48.785701 2.3466482 -9.1619159e-20)
(50.036763 0.19828485 4.6886153e-19)
(50.022255 0.22030346 -2.2256497e-19)
(50.005377 0.24585616 4.1400332e-19)
(49.986356 0.27549826 0)
(49.968309 0.30738392 -3.5635446e-20)
(49.952199 0.34039642 2.412605e-20)
(49.936564 0.37546717 7.2507359e-20)
(49.920489 0.41320377 -9.8671232e-21)
(49.903521 0.45377493 4.6746592e-20)
(49.885466 0.49723969 0)
(49.866176 0.54390953 0)
(49.845656 0.59371395 -7.1381152e-27)
(49.823935 0.6465374 -5.4860989e-26)
(49.800961 0.70259837 8.4894035e-21)
(49.776407 0.76131295 0)
(49.7499 0.82252766 0)
(49.722221 0.8865425 0)
(49.694194 0.95376735 0)
(49.665942 1.02405 -9.3992109e-21)
(49.637459 1.0973236 5.0949904e-21)
(49.608685 1.1735466 0)
(49.579616 1.2526015 -5.8164182e-21)
(50.244719 0.16842448 -4.6901099e-19)
(50.249707 0.18447335 6.8131725e-19)
(50.252664 0.20154212 2.3740005e-23)
(50.253655 0.21973133 0)
(50.252703 0.23891719 -9.7639161e-20)
(50.249824 0.25911386 1.4019194e-19)
(50.245114 0.28029043 -1.3454307e-19)
(50.238655 0.30229912 0)
(50.230795 0.3252084 0)
(50.22199 0.34918388 3.7944807e-20)
(50.212438 0.3741554 -1.1334249e-21)
(50.20227 0.40013341 9.7450507e-21)
(50.191702 0.4271918 -9.3314302e-21)
(50.181029 0.45540175 -3.0947225e-20)
(50.170548 0.48483503 3.084991e-20)
(50.160517 0.51556495 2.9652975e-20)
(50.151155 0.54768121 0)
(50.14249 0.58131016 0)
(50.133681 0.61630304 -5.1301259e-20)
(50.123948 0.6525713 4.7514287e-20)
(50.113312 0.69021074 0)
(50.101974 0.7293172 0)
(50.419941 0.22353814 1.2305138e-18)
(50.42183 0.23942278 -8.0193293e-19)
(50.423811 0.25574493 -9.5761145e-20)
(50.425835 0.27249395 9.1818522e-20)
(50.427905 0.28962105 -2.7144588e-24)
(50.429991 0.30712877 1.7035826e-19)
(50.43206 0.32504354 0)
(50.434069 0.34339572 -1.9976025e-20)
(50.435958 0.36220468 5.8254653e-20)
(50.437584 0.38148385 -4.7254978e-21)
(50.438803 0.40117988 -1.2688809e-20)
(50.43958 0.42127104 -1.0144927e-20)
(50.439986 0.44178654 -8.2708889e-27)
(50.440026 0.46266403 1.2281624e-20)
(50.439633 0.48381914 -2.7072033e-20)
(50.438735 0.50521627 -4.3976054e-20)
(50.437347 0.5270645 -1.4156973e-20)
(50.434811 0.54912844 -5.6179689e-20)
(50.430384 0.57107241 5.5711878e-20)
(50.424459 0.59313092 5.4028841e-20)
(50.417638 0.61538248 -1.5378255e-19)
(50.410223 0.63769095 0)
(50.667861 0.15297232 0)
(50.67126 0.16559324 1.6989497e-19)
(50.674111 0.17859487 -1.6249653e-19)
(50.676482 0.19196822 -7.8005647e-20)
(50.67844 0.20563044 7.5180515e-20)
(50.680011 0.21953926 -2.9088624e-19)
(50.681213 0.23367729 7.0579237e-20)
(50.682057 0.24803028 0)
(50.682547 0.2625834 -5.0320485e-20)
(50.682683 0.2773241 -1.6420254e-20)
(50.682459 0.29224303 1.4100126e-20)
(50.681857 0.30733343 1.9808578e-21)
(50.680823 0.3225909 0)
(50.679324 0.33800686 3.8486659e-21)
(50.677395 0.35356601 -3.8000018e-21)
(50.675085 0.36926128 6.0073198e-20)
(50.672447 0.38508654 -2.9694196e-20)
(50.669547 0.40103718 8.8073581e-20)
(50.666564 0.41714249 -2.9245685e-24)
(50.663641 0.43342768 -5.7402166e-20)
(50.660785 0.44989609 5.6737779e-20)
(50.658016 0.46652924 5.6073311e-20)
(50.801593 0.12395257 0)
(50.803216 0.13313249 -7.1102596e-20)
(50.804844 0.14237984 6.813306e-20)
(50.806443 0.15178439 -6.5582183e-20)
(50.808024 0.16132923 1.2673353e-19)
(50.809581 0.1710033 3.0731505e-20)
(50.811105 0.18079772 -5.9813912e-20)
(50.812574 0.19071758 5.8395327e-20)
(50.813967 0.2007644 4.2879979e-20)
(50.815263 0.210938 -1.4028409e-20)
(50.816441 0.22123825 1.7249179e-21)
(50.817481 0.23166551 -1.7000423e-21)
(50.818363 0.24222082 0)
(50.819067 0.2529058 6.6367535e-21)
(50.81958 0.26372121 -6.5684535e-21)
(50.819895 0.27466582 1.3018008e-20)
(50.820014 0.28574012 2.5802527e-20)
(50.819947 0.29691347 -2.5598899e-20)
(50.81971 0.30820183 -1.2714266e-19)
(50.819323 0.31956065 1.5146954e-19)
(50.818778 0.33097334 5.0129967e-20)
(50.818119 0.34240616 -4.9753406e-20)
(50.9241 0.097205736 4.3239813e-20)
(50.925844 0.10412982 4.3090714e-20)
(50.927611 0.1111121 -3.3071925e-19)
(50.92932 0.11818609 3.3778551e-19)
(50.930967 0.12537949 -1.7263949e-19)
(50.932528 0.13302964 1.3114012e-19)
(50.934008 0.14055818 0)
(50.935395 0.1481956 -9.0154203e-21)
(50.936665 0.15598163 -1.7757042e-20)
(50.937805 0.16390179 -8.7695107e-21)
(50.938819 0.17194148 0)
(50.939719 0.18009007 2.1520821e-21)
(50.940521 0.18833714 2.9176531e-25)
(50.941239 0.19667188 1.0668113e-21)
(50.941875 0.20508408 4.2598852e-21)
(50.942416 0.21356467 0)
(50.94283 0.22210418 0)
(50.94307 0.23069421 -1.7171872e-20)
(50.943075 0.23932177 1.5536715e-19)
(50.942782 0.24795537 -1.3889396e-19)
(50.942122 0.25658579 -1.7462906e-20)
(50.941098 0.26517515 2.8115429e-19)
(50.903275 0.049924519 -3.7122548e-20)
(50.910851 0.055340301 1.902385e-20)
(50.917638 0.06060029 3.1281392e-19)
(50.923831 0.06576363 -3.9824168e-19)
(50.929541 0.070718235 2.5437023e-19)
(50.934768 0.075131016 -1.9551298e-19)
(50.939508 0.079515309 6.2382946e-20)
(50.943686 0.083820739 7.4507046e-21)
(50.947245 0.088039976 0)
(50.950166 0.092206556 6.740152e-21)
(50.952491 0.09632423 -1.590512e-21)
(50.95434 0.10042449 -1.8733254e-21)
(50.955854 0.10455117 -3.5508411e-22)
(50.957139 0.10872882 -4.0694829e-21)
(50.958264 0.11296857 -2.5864674e-21)
(50.959322 0.11731432 0)
(50.960385 0.12183559 0)
(50.961535 0.12668895 -3.9177389e-20)
(50.962519 0.13179374 4.068732e-20)
(50.963056 0.13707624 0)
(50.96288 0.14249259 -5.5172854e-21)
(50.961786 0.14803681 -1.1453475e-20)
(51.118481 -0.0012145543 -9.2592693e-22)
(51.123564 -0.0024178031 -8.6744875e-22)
(51.127847 -0.0035843062 5.0875061e-22)
(51.131401 -0.0047006904 6.487939e-22)
(51.134336 -0.0057523273 3.8949982e-22)
(51.136713 -0.0067251649 -4.3607021e-22)
(51.138585 -0.0076154324 0)
(51.139994 -0.0084260597 0)
(51.140984 -0.0091693087 0)
(51.141609 -0.0098592285 -3.9174147e-23)
(51.141953 -0.010513222 5.3952811e-23)
(51.142112 -0.011149279 2.8311494e-24)
(51.142141 -0.011778106 -2.8339133e-24)
(51.14203 -0.012402055 3.4252557e-23)
(51.14177 -0.013023271 -4.8561119e-23)
(51.141369 -0.013645676 0)
(51.140799 -0.014267043 -4.0541954e-22)
(51.139996 -0.014870414 3.0975093e-22)
(51.138626 -0.015411578 -5.827187e-22)
(51.136608 -0.01587366 5.8383286e-22)
(51.13389 -0.016246932 1.1612736e-21)
(51.130445 -0.016520252 1.3258049e-21)
(47.606834 -7.03341 2.0262181e-19)
(47.453153 -8.5955093 -9.3071598e-22)
(47.096646 -10.468406 -5.350368e-22)
(46.442402 -12.67203 0)
(45.467837 -15.068499 4.3448154e-19)
(44.206544 -17.536955 4.615437e-19)
(42.753115 -19.916781 -5.3312304e-19)
(41.224781 -22.115836 0)
(39.724186 -24.117969 1.6086026e-19)
(46.261321 -6.62863 -1.8825507e-19)
(46.126132 -8.1169211 2.9388692e-19)
(45.780495 -9.9025512 4.8246696e-19)
(45.128978 -11.98734 -4.1802542e-19)
(44.153137 -14.233615 -4.0594622e-19)
(42.880433 -16.517872 -4.2270063e-19)
(41.411836 -18.688083 4.7659067e-19)
(39.877121 -20.65638 -2.7917005e-19)
(38.356921 -22.576068 -1.5531987e-19)
(44.809354 -6.1396778 1.4405327e-21)
(44.700607 -7.5297963 -1.1537341e-21)
(44.370108 -9.2257677 0)
(43.737534 -11.158328 4.2229317e-19)
(42.77492 -13.228701 -3.9818072e-19)
(41.508008 -15.301541 4.0767346e-19)
(40.036756 -17.232315 0)
(38.500608 -18.928907 2.502843e-19)
(37.02505 -20.571371 0)
(43.285053 -5.5634491 0)
(43.201521 -6.8457786 0)
(42.901346 -8.4088173 -4.8240344e-19)
(42.30813 -10.173156 -4.1755285e-19)
(41.385684 -12.04202 -4.4783024e-22)
(40.16149 -13.878338 3.8351455e-19)
(38.735669 -15.546509 -4.0630035e-19)
(37.253361 -16.963077 2.2275711e-19)
(35.859666 -18.307299 0)
(41.718517 -4.897271 -1.7508692e-19)
(41.66531 -6.0528269 1.1066977e-21)
(41.408086 -7.4554245 4.7214448e-19)
(40.873124 -9.028023 4.0753222e-19)
(40.020808 -10.671864 3.7465581e-19)
(38.879579 -12.25298 -1.1124556e-20)
(37.54931 -13.648883 3.8973147e-19)
(36.173607 -14.791926 -2.0856702e-19)
(34.894468 -15.851425 9.919488e-21)
(40.154356 -4.1433066 -2.8045276e-21)
(40.1356 -5.1534935 2.1525377e-21)
(39.932847 -6.3737094 4.6002233e-19)
(39.474867 -7.732729 6.1740585e-21)
(38.722413 -9.1330297 3.5325135e-19)
(37.703208 -10.449014 3.4580208e-22)
(36.512953 -11.574928 0)
(35.286122 -12.459853 1.075996e-20)
(34.151669 -13.260017 -6.3650192e-20)
(38.648465 -3.3158521 1.6430337e-19)
(38.666561 -4.1641618 -2.6812371e-19)
(38.527443 -5.1837254 7.4566226e-21)
(38.163301 -6.3127405 -5.9476579e-21)
(37.536838 -7.458067 -6.8173067e-19)
(36.673095 -8.50802 -3.3045984e-19)
(35.658529 -9.3753524 3.206654e-19)
(34.61156 -10.024343 0)
(33.643129 -10.594845 1.0140071e-19)
(37.27079 -2.4456992 2.5295125e-21)
(37.325471 -3.12122 2.5814329e-19)
(37.255052 -3.921098 -4.3663463e-19)
(36.995146 -4.8116407 5.7114011e-21)
(36.513003 -5.6982829 6.5547469e-19)
(35.828231 -6.4894031 -9.2864863e-21)
(35.013194 -7.1153713 -2.7997194e-19)
(34.163693 -7.5540475 0)
(33.371559 -7.9307804 -4.3132509e-20)
(36.096547 -1.5783341 4.9917098e-21)
(36.184695 -2.0674281 2.5091554e-19)
(36.181327 -2.6503708 -4.3012193e-19)
(36.027607 -3.293462 3.6059033e-19)
(35.693443 -3.9222898 -3.2217383e-19)
(35.190584 -4.4637086 -6.6622367e-24)
(34.57627 -4.8687049 3.112788e-20)
(33.930019 -5.1507389 -1.4161125e-20)
(33.326606 -5.4100104 0)
(35.244953 -0.81381966 4.7757274e-21)
(35.324052 -1.099099 -2.4617016e-19)
(35.358428 -1.4559694 4.058432e-19)
(35.30045 -1.8614168 -3.3715981e-19)
(35.107884 -2.2557208 2.9838102e-19)
(34.780853 -2.585698 2.4859738e-19)
(34.359291 -2.8145573 -1.3918931e-20)
(33.908398 -2.9388348 7.52345e-20)
(33.495194 -3.0322956 -1.1737275e-23)
(34.827157 -0.26673964 0)
(34.862195 -0.3722766 6.7164762e-21)
(34.89526 -0.54177274 -1.1930125e-19)
(34.923403 -0.71735063 3.1233803e-19)
(34.852196 -0.85870737 -2.4933305e-19)
(34.683385 -0.94555269 -4.7955086e-19)
(34.449644 -0.96385646 2.5643496e-20)
(34.196936 -0.91012737 -2.242589e-20)
(33.955642 -0.89015316 -3.1181815e-20)
(34.774585 0.28411102 -1.3748552e-19)
(34.839787 0.3238448 -1.3693964e-20)
(34.912805 0.38824283 3.751274e-19)
(34.97765 0.44693454 -3.1868436e-19)
(35.000535 0.51376264 -1.5826218e-20)
(34.96437 0.6009115 2.451723e-19)
(34.878841 0.72163138 -1.8856712e-19)
(34.762618 0.86362951 -5.5184017e-20)
(34.648277 0.94810514 1.069571e-19)
(35.29345 0.81247346 3.4218128e-23)
(35.358955 0.96155925 1.9112502e-19)
(35.429459 1.1388021 3.4299993e-19)
(35.492295 1.3382248 -2.4083326e-19)
(35.536409 1.554224 -2.9031849e-20)
(35.558315 1.7800682 -2.2367396e-19)
(35.558481 2.0098162 -2.1206102e-20)
(35.542565 2.2261459 1.0628826e-19)
(35.519274 2.3814205 -3.1272119e-20)
(36.159557 1.1443867 1.1171856e-19)
(36.207798 1.3713405 -3.6026693e-19)
(36.271755 1.6418083 -4.8064039e-19)
(36.342911 1.9463447 3.0762545e-19)
(36.412229 2.2696653 -2.6009508e-20)
(36.47356 2.5944735 3.9992952e-19)
(36.524669 2.9029898 1.5095892e-19)
(36.565774 3.1776864 -1.8735573e-19)
(36.59795 3.3882135 2.730174e-20)
(37.463731 1.3461902 0)
(37.480726 1.6181162 1.7617287e-19)
(37.516668 1.9415213 1.1288249e-19)
(37.567332 2.3049611 -2.6916943e-20)
(37.627476 2.6875229 2.2796997e-20)
(37.691774 3.0649829 -3.1117934e-19)
(37.755545 3.41447 0)
(37.814719 3.7186019 5.4044404e-20)
(37.866155 3.9604166 -2.3499532e-20)
(39.045882 1.4408541 0)
(39.025506 1.7258636 1.0049597e-19)
(39.026129 2.0627155 -7.1430611e-24)
(39.045842 2.443295 2.3173784e-20)
(39.081042 2.8415821 -1.57087e-19)
(39.127289 3.2313681 6.6955388e-20)
(39.179522 3.5880967 1.9874807e-23)
(39.232117 3.8954632 4.5976897e-20)
(39.280179 4.145446 1.9970182e-20)
(40.85456 1.4217027 1.7925336e-20)
(40.781707 1.6992378 -1.2951198e-19)
(40.730937 2.0285175 1.4213891e-19)
(40.702816 2.3975995 -7.894147e-20)
(40.695884 2.7804058 3.0074822e-19)
(40.706656 3.1553942 -1.1375124e-19)
(40.729964 3.4959066 4.7741473e-20)
(40.759658 3.7878563 -3.8765982e-20)
(40.79016 4.0286747 2.3072418e-24)
(42.781188 1.2923032 6.2466351e-20)
(42.647693 1.551175 -7.4453275e-20)
(42.53692 1.8564507 -1.0180823e-19)
(42.451492 2.1962547 1.3555398e-19)
(42.392285 2.5499009 -5.7361368e-20)
(42.357363 2.8936294 4.8378002e-20)
(42.342169 3.2037246 4.5169937e-23)
(42.340415 3.4698302 0)
(42.346168 3.6911843 1.4127077e-20)
(44.795287 1.0817067 -5.9252952e-20)
(44.577392 1.3145217 9.1027335e-20)
(44.390964 1.5868737 0)
(44.237761 1.8884228 -1.1853928e-22)
(44.118352 2.2011581 -1.0036607e-19)
(44.031034 2.5038967 8.4251564e-20)
(43.97163 2.7778299 3.4880995e-20)
(43.933975 3.0119274 2.8027911e-20)
(43.911494 3.2078513 -7.2751621e-20)
(46.828639 0.76551322 0)
(46.491057 0.97141615 4.8156346e-20)
(46.210622 1.2112455 -3.6461514e-20)
(45.981248 1.4755782 -5.7707199e-20)
(45.799118 1.7481409 -4.7007472e-20)
(45.660036 2.0108009 0)
(45.558073 2.2479561 0)
(45.486116 2.4504758 2.5314374e-20)
(45.43687 2.6207424 1.1095987e-23)
(48.777681 0.38149389 4.0591139e-20)
(48.431285 0.53114019 -2.9153965e-20)
(48.061055 0.72249991 -8.6239714e-20)
(47.733964 0.94163836 6.5780644e-20)
(47.466068 1.1739798 0)
(47.26131 1.4000862 0)
(47.109298 1.6051718 -3.3283949e-20)
(46.999148 1.7806989 2.6094133e-20)
(46.921165 1.9289678 1.1198237e-20)
(49.71674 0.16271741 0)
(49.62189 0.24627416 0)
(49.47467 0.34365166 -5.664452e-20)
(49.263165 0.46561215 6.7199207e-20)
(49.022534 0.60297994 0)
(48.793854 0.75373365 -1.4806851e-19)
(48.609188 0.90348914 5.1952456e-24)
(48.470181 1.0389488 2.0565977e-19)
(48.368989 1.156413 3.6298221e-24)
(50.000612 0.070035438 0)
(49.992938 0.088065433 0)
(49.967421 0.11014729 3.1372241e-20)
(49.922823 0.16237696 1.9738429e-20)
(49.857542 0.2356348 -1.1621583e-21)
(49.777677 0.32072722 0)
(49.689365 0.40382925 2.0164979e-20)
(49.608648 0.48005591 2.1150145e-20)
(49.542922 0.54764 1.0292707e-20)
(50.110958 0.0214277 -7.0134736e-20)
(50.129379 0.029508325 -3.2485767e-24)
(50.139124 0.039625168 0)
(50.139663 0.052992037 0)
(50.133168 0.071444382 -7.3966008e-20)
(50.119873 0.094624722 0)
(50.100073 0.12147045 0)
(50.076715 0.14864131 0)
(50.053661 0.17338079 -6.2970837e-19)
(50.202595 0.041801301 0)
(50.200436 0.05281042 4.8922383e-20)
(50.201905 0.065806967 0)
(50.208178 0.080811903 0)
(50.21725 0.096633386 6.6535616e-20)
(50.226494 0.11259629 6.5247671e-20)
(50.233876 0.12800624 -6.6095389e-20)
(50.238505 0.14183301 -3.3477671e-20)
(50.240572 0.15350014 5.2850291e-20)
(50.462838 0.071764574 -1.090638e-19)
(50.466789 0.085508775 4.3063092e-20)
(50.46532 0.1021991 3.5777485e-20)
(50.458304 0.12141531 3.1408063e-19)
(50.448292 0.14199716 -2.920665e-19)
(50.438237 0.16233675 -4.573044e-19)
(50.429998 0.18090122 5.2008982e-19)
(50.424063 0.19654795 -3.0441108e-24)
(50.420095 0.20900537 -1.0059103e-18)
(50.604587 0.036706084 2.3932654e-20)
(50.6143 0.046330915 3.7798116e-20)
(50.626048 0.058178449 -3.138503e-20)
(50.638825 0.07201095 -1.0998892e-19)
(50.649904 0.08720647 -5.0969483e-20)
(50.657876 0.10288597 -9.9207501e-20)
(50.662583 0.1177704 0)
(50.664697 0.13057143 -3.4381272e-24)
(50.665273 0.14101184 0)
(50.801236 0.039671455 -1.6606686e-19)
(50.804359 0.047302611 -1.3103288e-19)
(50.805718 0.056752449 1.9017892e-19)
(50.805147 0.067384099 4.7486654e-20)
(50.803854 0.078575551 2.1910953e-20)
(50.802555 0.089629609 4.2381765e-20)
(50.801542 0.099836357 6.7334349e-19)
(50.800879 0.108564 -6.436682e-19)
(50.800478 0.11557554 0)
(50.901488 0.036071462 -1.4301701e-20)
(50.905785 0.041135074 1.9021131e-19)
(50.909869 0.047866819 -1.2836184e-19)
(50.913455 0.055603078 -1.5816128e-20)
(50.916351 0.063949972 1.4354611e-20)
(50.918571 0.072258018 4.2190129e-19)
(50.920274 0.079887912 -8.4458559e-19)
(50.921635 0.086242787 3.9915166e-19)
(50.922743 0.091135036 0)
(50.832601 0.0065496856 0)
(50.838575 0.0078018266 -7.1138202e-20)
(50.845869 0.0098667055 1.6521785e-19)
(50.854243 0.013167423 1.0092134e-19)
(50.863615 0.018215353 -2.2054387e-19)
(50.873286 0.024990614 7.938086e-21)
(50.882387 0.032718051 5.7091925e-19)
(50.890175 0.039763372 -5.9522987e-19)
(50.896335 0.044732957 0)
(51.055051 0.0044566605 0)
(51.062779 0.0051654471 7.7663176e-22)
(51.071112 0.005342946 -6.8945263e-22)
(51.079613 0.0049528086 1.1929427e-21)
(51.087926 0.0041097535 -1.0482305e-21)
(51.095623 0.0029818932 0)
(51.102318 0.0017740187 1.236543e-21)
(51.107748 0.00067524959 1.5320071e-27)
(51.111757 -0.00020368974 0)
(47.727813 -5.7434439 0)
(46.353794 -5.3984962 0)
(44.864769 -4.9853586 0)
(43.308667 -4.5009725 0)
(41.710146 -3.9436515 0)
(40.114648 -3.3136171 0)
(38.579115 -2.623503 0)
(37.176894 -1.9008282 0)
(35.988085 -1.1943723 0)
(35.165543 -0.60182419 0)
(34.785599 -0.19271098 0)
(34.718202 0.24430085 0)
(35.230422 0.67253216 0)
(36.11727 0.94108899 0)
(37.45297 1.1066466 0)
(39.074899 1.1905385 0)
(40.939365 1.1776966 0)
(42.931786 1.0644225 0)
(45.049043 0.87500596 0)
(47.232031 0.58075751 0)
(49.053217 0.26206877 0)
(49.769309 0.097671309 0)
(49.991884 0.057657533 0)
(50.091468 0.017293214 0)
(50.203495 0.033698502 0)
(50.455993 0.061353005 0)
(50.595863 0.029578425 0)
(50.796859 0.033698127 0)
(50.896828 0.031999007 0)
(50.827221 0.0056683813 0)
(51.047985 0.0033210773 0)
(47.832684 -4.5793396 0)
(46.42414 -4.2976914 0)
(44.893253 -3.9603959 0)
(43.300624 -3.5642904 0)
(41.666145 -3.1080977 0)
(40.038774 -2.591879 0)
(38.477484 -2.0272195 0)
(37.061105 -1.4392845 0)
(35.87607 -0.88058266 0)
(35.096973 -0.4391475 0)
(34.750776 -0.14058155 0)
(34.669054 0.19789925 0)
(35.176595 0.54075082 0)
(36.086243 0.75526332 0)
(37.456534 0.8889033 0)
(39.126589 0.96357379 0)
(41.058383 0.95658936 0)
(43.133115 0.85665068 0)
(45.402108 0.68170648 0)
(47.742229 0.41075684 0)
(49.23923 0.17873183 0)
(49.787522 0.060485429 0)
(49.971206 0.043510697 0)
(50.071851 0.0096902697 0)
(50.199766 0.023367352 0)
(50.445798 0.049590959 0)
(50.58626 0.020893022 0)
(50.790615 0.026088782 0)
(50.891384 0.025358687 0)
(50.822321 0.005069031 0)
(51.04024 0.0018072618 0)
(47.834522 -3.4845181 0)
(46.384648 -3.2548351 0)
(44.811255 -2.988428 0)
(43.186565 -2.6769517 0)
(41.521145 -2.317834 0)
(39.872041 -1.9107016 0)
(38.302204 -1.4664253 0)
(36.899759 -1.0076186 0)
(35.762048 -0.59363301 0)
(35.052021 -0.29623948 0)
(34.737887 -0.090926461 0)
(34.647941 0.15443749 0)
(35.164787 0.41869185 0)
(36.104531 0.57722516 0)
(37.519166 0.68010023 0)
(39.255751 0.74640659 0)
(41.280814 0.74453149 0)
(43.475593 0.65084974 0)
(46.010667 0.47268301 0)
(48.263422 0.25538792 0)
(49.312439 0.12285812 0)
(49.779939 0.041022478 0)
(49.941784 0.031639623 0)
(50.05135 0.0042444854 0)
(50.189073 0.014668276 0)
(50.432434 0.039043282 0)
(50.575315 0.01334613 0)
(50.782638 0.019114753 0)
(50.885225 0.018841653 0)
(50.818681 0.0047558682 0)
(51.034645 0.00016318557 0)
(47.728486 -2.4379486 0)
(46.225302 -2.2606286 0)
(44.616024 -2.0717619 0)
(42.968538 -1.844725 0)
(41.282357 -1.5767091 0)
(39.629707 -1.2737431 0)
(38.080017 -0.94512085 0)
(36.738034 -0.61129979 0)
(35.728711 -0.34036726 0)
(35.102121 -0.17535685 0)
(34.819944 -0.049679934 0)
(34.723133 0.11719774 0)
(35.268928 0.3018945 0)
(36.245726 0.4070714 0)
(37.719646 0.4806389 0)
(39.567559 0.53168393 0)
(41.76266 0.52321266 0)
(44.177614 0.41190658 0)
(46.979637 0.23950068 0)
(48.502232 0.16173889 0)
(49.317776 0.081539048 0)
(49.761314 0.026671467 0)
(49.913176 0.02147607 0)
(50.029901 0.0022102597 0)
(50.17181 0.0086211225 0)
(50.416723 0.029154628 0)
(50.561923 0.0081443184 0)
(50.772985 0.0161574 0)
(50.879146 0.018617902 0)
(50.819569 0.007666511 0)
(51.038562 -0.0032808719 0)
(47.493186 -1.3847011 0)
(45.933641 -1.2652259 0)
(44.324572 -1.1697397 0)
(42.682022 -1.0099718 0)
(41.017208 -0.83631385 0)
(39.418885 -0.64028579 0)
(37.960531 -0.44082207 0)
(36.751397 -0.26546596 0)
(36.07623 -0.15495095 0)
(35.580277 -0.079132248 0)
(35.261952 0.00037896184 0)
(35.191527 0.087909114 0)
(35.794328 0.18542525 0)
(36.809587 0.23237606 0)
(38.369698 0.25580547 0)
(40.460437 0.26756141 0)
(43.055303 0.24681011 0)
(45.582093 0.14720598 0)
(47.277553 0.10918513 0)
(48.517321 0.0972612 0)
(49.363226 0.055332631 0)
(49.800191 0.01253772 0)
(49.934618 0.011318633 0)
(50.052049 0.00083559829 0)
(50.180242 0.0022029128 0)
(50.40372 0.010613963 0)
(50.558291 0.003211256 0)
(50.768804 0.0034920048 0)
(50.879595 0.00051428068 0)
(50.823033 -0.017861382 0)
(51.041522 -0.060137741 0)
(47.058524 -0.34982492 0)
(45.771863 -0.31133032 0)
(44.331548 -0.2792627 0)
(42.921265 -0.22062521 0)
(41.586543 -0.15181184 0)
(40.410082 -0.08666911 0)
(39.454132 -0.04576314 0)
(38.742664 -0.027544281 0)
(38.251776 -0.010195264 0)
(37.954444 0.0059837344 0)
(37.886195 0.016246478 0)
(38.115272 0.020183391 0)
(38.694382 0.01629965 0)
(39.672048 0.022364342 0)
(40.9775 0.019733239 0)
(42.538526 0.026911598 0)
(44.324773 0.055221193 0)
(46.588647 0.063101504 0)
(47.500713 0.036508042 0)
(48.761855 0.038540059 0)
(49.869826 0.018849835 0)
(50.254395 0.0059456059 0)
(50.401745 0.0042581085 0)
(50.479704 0.0020954057 0)
(50.519717 0.0015741831 0)
(50.590433 0.0021612316 0)
(50.702923 0.0045689116 0)
(50.808072 0.0051230734 0)
(50.917426 0.012397033 0)
(50.828891 0.049661873 0)
(50.958352 0.36391181 0)
)
;

boundaryField
{
    Side1
    {
        type            empty;
    }
    Inlet
    {
        type            freestreamVelocity;
        freestreamValue uniform (51.471881 0 0);
        value           uniform (51.471881 0 0);
    }
    Side2
    {
        type            empty;
    }
    Outlet
    {
        type            zeroGradient;
    }
    Botwall
    {
        type            movingWallVelocity;
        value           uniform (51.471881 0 0);
    }
    Cyli
    {
        type            noSlip;
    }
    procBoundary0to1
    {
        type            processor;
        value           nonuniform List<vector> 
44
(
(39.932613 2.9441947 1.8465957e-20)
(39.932613 2.9441947 1.8465957e-20)
(31.207423 2.0524115 -2.293145e-21)
(17.571839 0.69217421 5.456337e-18)
(17.571839 0.69217421 5.456337e-18)
(7.6009719 -0.84134499 1.0244516e-20)
(7.6009719 -0.84134499 1.0244516e-20)
(3.8900639 -1.720215 4.8596757e-18)
(1.2367542 -2.3602097 -4.7118446e-18)
(1.2367542 -2.3602097 -4.7118446e-18)
(-0.54133802 -2.7846943 4.8467292e-18)
(-0.54133802 -2.7846943 4.8467292e-18)
(-1.810433 -2.7599347 5.3286519e-22)
(-2.8867514 -2.4979718 4.4590645e-18)
(-3.3672053 -2.2083535 -3.2108074e-22)
(-3.3672053 -2.2083535 -3.2108074e-22)
(-3.848261 -1.5561922 1.1389006e-18)
(-4.0605656 -0.81839419 -2.8401329e-19)
(-3.983826 -0.043872651 -5.7023877e-19)
(-3.6354498 0.7064869 0)
(-3.0438474 1.3554842 -2.889152e-22)
(-3.0438474 1.3554842 -2.889152e-22)
(-2.4513498 1.6383848 0)
(-1.2655991 1.8994485 -4.8071585e-18)
(0.1211104 1.9047149 5.0918113e-18)
(0.1211104 1.9047149 5.0918113e-18)
(2.0067773 1.502797 4.9600189e-21)
(60.940451 2.2503477 -6.5583628e-19)
(61.920644 1.8763688 3.9318985e-19)
(48.156533 3.2339502 -9.1061146e-19)
(51.055565 3.3186502 0)
(53.623804 3.2892525 0)
(55.874657 3.1197131 -1.0653079e-18)
(57.779977 2.8270808 1.0495783e-18)
(60.940451 2.2503477 -6.5583628e-19)
(59.330443 2.4640933 1.1268951e-18)
(48.156533 3.2339502 -9.1061146e-19)
(44.969002 2.9531848 -5.6617823e-19)
(62.728978 1.5656258 0)
(63.481707 1.2629331 0)
(64.197459 0.96743378 0)
(64.889464 0.68343344 0)
(65.543789 0.40115645 0)
(65.781696 0.15486555 0)
)
;
    }
    procBoundary0to2
    {
        type            processor;
        value           nonuniform List<vector> 
55
(
(37.048806 -4.7204165 0)
(37.524407 -4.4769374 0)
(37.944163 -4.0913398 -5.703659e-18)
(38.272816 -3.7340004 5.2814822e-18)
(38.562896 -3.4805416 0)
(29.326081 -4.8966929 3.9168073e-18)
(35.570467 -5.1821427 -1.0090729e-17)
(22.577451 -5.7420427 0)
(29.326081 -4.8966929 3.9168073e-18)
(32.242384 -6.5518532 8.6124845e-18)
(48.601358 39.288675 1.0390787e-18)
(43.458813 34.321908 1.9856671e-18)
(47.972229 36.627627 6.9437553e-19)
(43.458813 34.321908 1.9856671e-18)
(43.790744 32.086078 0)
(22.577451 -5.7420427 0)
(23.12902 -9.3716151 -1.3487741e-17)
(23.12902 -9.3716151 -1.3487741e-17)
(26.699913 -9.3886151 -1.2686351e-17)
(60.706826 45.856148 8.7022066e-18)
(55.273961 41.535613 1.0336506e-17)
(55.273961 41.535613 1.0336506e-17)
(48.601358 39.288675 1.0390787e-18)
(43.087262 30.57159 4.1239203e-21)
(42.032033 29.07814 -8.7880789e-19)
(41.079868 27.341076 1.5166308e-18)
(40.322034 25.485195 -6.0812852e-19)
(39.790568 23.583645 6.7711291e-21)
(39.505854 21.718937 -4.8368753e-21)
(39.459339 19.943544 0)
(39.629006 18.298486 -1.3114905e-19)
(39.971533 16.865224 3.5855316e-19)
(40.448092 15.573117 -1.9578247e-19)
(41.026963 14.3837 0)
(41.656536 13.32555 -8.6532017e-21)
(41.995393 11.982244 -1.2761361e-19)
(41.995393 11.982244 -1.2761361e-19)
(42.667609 11.168244 -1.2303805e-20)
(43.297827 10.367962 2.0258854e-20)
(43.899665 9.5473474 0)
(44.495878 8.6818747 1.404067e-20)
(45.108106 7.7604226 0)
(45.754542 6.7922586 -2.0501194e-20)
(46.445738 5.7801794 3.6345037e-20)
(47.180542 4.7332718 -2.2478926e-23)
(47.956667 3.6374445 -5.2244096e-20)
(48.757147 2.4613836 3.2921758e-24)
(49.550374 1.3341355 -3.3536198e-20)
(50.089985 0.7701958 0)
(50.402282 0.660079 7.7206972e-20)
(50.655273 0.48334802 -1.1075477e-19)
(50.817325 0.35385907 4.9375717e-20)
(50.939705 0.27372758 2.8264887e-19)
(50.95957 0.15380273 -2.3576238e-20)
(51.126222 -0.016686597 2.6277107e-21)
)
;
    }
    procBoundary0to3
    {
        type            processor;
        value           nonuniform List<vector> 7((4.4027609 0.89615009 5.5756307e-18) (4.4027609 0.89615009 5.5756307e-18) (10.52428 -0.13050149 -5.7023591e-18) (10.52428 -0.13050149 -5.7023591e-18) (22.665129 -1.6894871 1.087317e-20) (22.665129 -1.6894871 1.087317e-20) (33.592014 -2.7607917 6.9238609e-19));
    }
}


// ************************************************************************* //
