/*--------------------------------*- C++ -*----------------------------------*\
| =========                 |                                                 |
| \\      /  F ield         | OpenFOAM: The Open Source CFD Toolbox           |
|  \\    /   O peration     | Version:  2406                                  |
|   \\  /    A nd           | Website:  www.openfoam.com                      |
|    \\/     M anipulation  |                                                 |
\*---------------------------------------------------------------------------*/
FoamFile
{
    version     2.0;
    format      ascii;
    arch        "LSB;label=32;scalar=64";
    class       surfaceScalarField;
    location    "0.09";
    object      phi;
}
// * * * * * * * * * * * * * * * * * * * * * * * * * * * * * * * * * * * * * //

dimensions      [1 0 -1 0 0 0 0];

oriented        oriented;

internalField   nonuniform List<scalar> 
4029
(
0.010798726
-0.016641893
0.017168011
-0.011323549
0.010270379
-0.019554071
0.020083887
0.0097031135
-0.022878607
0.02344753
0.0091005974
-0.026684915
0.027289299
0.0084741434
-0.031032348
0.031660908
0.0078393542
-0.035968088
0.036605248
0.0072131936
-0.041533651
0.042162482
0.0066067821
-0.047789613
0.048399033
0.0060357432
-0.054805078
0.055379473
0.005509055
-0.062657871
0.063188242
0.0050288027
-0.071456179
0.071940409
0.0045979779
-0.081333315
0.081768417
0.0042144338
-0.092443396
0.092831536
0.0038736628
-0.10498149
0.10532711
0.0035705969
-0.11916712
0.1194754
0.0032993497
-0.1352538
0.13553054
0.0030542416
-0.15353805
0.15378847
0.0028305227
-0.17435627
0.1745849
0.0026244691
-0.19809424
0.1983047
0.0024302833
-0.22517391
0.22537163
0.0022428824
-0.25608451
0.25627373
0.0020590984
-0.29135502
0.29153846
0.001874876
-0.33153005
0.331711
0.0016821822
-0.37710561
0.37729153
0.0014670205
-0.42838729
0.4285916
0.0012057158
-0.48527901
0.48552474
0.00086697136
-0.5467096
0.54702914
0.00051326081
-0.61339234
0.61372628
0.00022789344
-0.68997716
0.69024481
0.00010859597
-0.77325306
0.77337141
-0.84940678
0.84948666
0.011822004
-0.016181722
-0.012280719
0.011299183
-0.0190296
0.010732061
-0.022309617
0.010126197
-0.026076941
0.0094880598
-0.030391825
0.0088295107
-0.035306848
0.0081677078
-0.040868814
0.0075174374
-0.047135938
0.006893336
-0.054177195
0.0063092126
-0.062069605
0.0057712891
-0.070913774
0.0052823025
-0.080839496
0.0048434704
-0.091999355
0.0044509733
-0.10458349
0.0041004497
-0.11881064
0.003786066
-0.13493313
0.0035017867
-0.15324774
0.0032423415
-0.17409119
0.0030032868
-0.19785012
0.0027784839
-0.22494504
0.0025622131
-0.25586611
0.0023505068
-0.29114362
0.002138415
-0.3313216
0.0019168037
-0.37689164
0.0016699366
-0.42815267
0.0013699248
-0.48499669
0.00098221519
-0.54634377
0.00058046674
-0.61301356
0.00025739466
-0.68967602
0.00011956355
-0.7731178
-0.8493122
0.012787312
-0.015785153
-0.013182238
0.012315077
-0.018555502
0.01178066
-0.021773091
0.011193605
-0.0254875
0.010561411
-0.029756934
0.0098948005
-0.034637196
0.0092101467
-0.040180739
0.008524345
-0.046446309
0.0078535399
-0.05350215
0.0072134318
-0.061424852
0.0066148743
-0.070310178
0.0060647323
-0.080283905
0.0055660294
-0.09149477
0.005115693
-0.10412696
0.0047112425
-0.11839943
0.0043473073
-0.13456204
0.0040176536
-0.15291132
0.0037166867
-0.17378382
0.0034391548
-0.19756684
0.0031785998
-0.22467989
0.002928718
-0.25561381
0.0026845737
-0.29089981
0.0024401341
-0.33108126
0.0021849937
-0.37664515
0.0019013872
-0.4278829
0.0015564232
-0.48467179
0.0011123263
-0.54592473
0.00065614493
-0.6125838
0.00029061323
-0.6893383
0.00013082348
-0.77296041
-0.84919206
0.013702805
-0.015462128
-0.01402397
0.013302969
-0.018153557
0.012828664
-0.021296399
0.012285899
-0.024942037
0.011681772
-0.029149763
0.011026537
-0.033978532
0.010335607
-0.039485962
0.0096267709
-0.045733181
0.0089179755
-0.052788604
0.0082272997
-0.060728966
0.0075700087
-0.069647215
0.0069561165
-0.079663864
0.0063925992
-0.090924611
0.0058794675
-0.10360684
0.0054144539
-0.11792671
0.0049941391
-0.13413362
0.0046122423
-0.15252184
0.004263257
-0.17342755
0.0039409899
-0.19723804
0.0036387383
-0.22437242
0.0033497505
-0.25532203
0.0030678706
-0.29061826
0.0027858268
-0.33080379
0.0024917032
-0.37636078
0.0021654057
-0.42757226
0.0017681504
-0.48429724
0.0012590182
-0.54544405
0.000741265
-0.61209632
0.00032785317
-0.68896089
0.00014103363
-0.77277108
-0.84903937
0.014569308
-0.015222153
-0.014807179
0.014255118
-0.017836982
0.013860081
-0.020898664
0.013384441
-0.024463353
0.012831952
-0.028593844
0.012210655
-0.03335338
0.011533978
-0.038804966
0.010819298
-0.045013689
0.010085845
-0.052049825
0.0093539534
-0.059991223
0.0086426816
-0.068929556
0.0079664256
-0.078980668
0.0073353425
-0.090286026
0.0067536974
-0.1030173
0.0062223913
-0.11738658
0.0057387962
-0.13364096
0.0052973248
-0.15207178
0.0048930306
-0.17301494
0.0045187993
-0.19685636
0.0041681685
-0.22401586
0.0038336869
-0.25498432
0.0035078949
-0.29029276
0.0031821122
-0.33048309
0.0028425963
-0.37603221
0.0024665689
-0.42721393
0.0020083441
-0.48386473
0.0014241416
-0.54489216
0.00083689036
-0.61154315
0.00036944223
-0.68854035
0.00014966046
-0.77253488
-0.84884809
0.015391447
-0.015070539
-0.015540684
0.015169666
-0.017612509
0.01486606
-0.020592017
0.01447515
-0.024069013
0.013995568
-0.028110403
0.013431093
-0.032784576
0.012791512
-0.03816054
0.012092068
-0.044308852
0.011351889
-0.051303672
0.010592704
-0.059225462
0.0098366061
-0.068166259
0.0091023146
-0.078238538
0.0084042157
-0.089579449
0.0077514708
-0.10235556
0.0071481996
-0.11677338
0.0065941569
-0.13307681
0.0060856768
-0.15155342
0.0056179329
-0.17253778
0.0051840358
-0.19641401
0.0047774377
-0.22360251
0.0043900855
-0.25459322
0.0040132163
-0.28991611
0.0036365578
-0.33011207
0.0032441238
-0.37565206
0.0028100232
-0.42679982
0.0022805652
-0.48336436
0.0016096514
-0.54425759
0.000944189
-0.61091591
0.00041556173
-0.68807226
0.00015612399
-0.77223229
-0.84861084
0.016183756
-0.01500487
-0.01624675
0.0160549
-0.017480624
0.015847798
-0.020381494
0.01555221
-0.023769571
0.015161353
-0.027715215
0.014673541
-0.032291906
0.014093385
-0.037574954
0.013432083
-0.043641501
0.012706627
-0.050571511
0.011938516
-0.058449954
0.011151553
-0.067371181
0.010368153
-0.077446287
0.0096072611
-0.088808971
0.008883174
-0.10162125
0.0082043494
-0.11608345
0.0075739273
-0.13243499
0.0069909147
-0.15095914
0.0064515022
-0.17198769
0.0059494443
-0.19590233
0.005478385
-0.22312375
0.0050297803
-0.25414027
0.0045935844
-0.28948005
0.0041577207
-0.32968241
0.0037035864
-0.3752117
0.0032015598
-0.42632036
0.0025886642
-0.48278431
0.0018175659
-0.54352688
0.0010644492
-0.61020543
0.00046618735
-0.68754899
0.00015990116
-0.77184411
-0.8483185
0.016968314
-0.015017767
-0.016952415
0.016928271
-0.017437181
0.016816507
-0.020265889
0.016619324
-0.023568064
0.016325615
-0.027416648
0.015928369
-0.031889213
0.015426298
-0.037066793
0.014825002
-0.043033419
0.014137172
-0.049876149
0.01338185
-0.057686311
0.012582574
-0.066562757
0.011764018
-0.076617735
0.010949174
-0.087983288
0.010157401
-0.10081787
0.0094022456
-0.11531583
0.0086912902
-0.13171116
0.008027091
-0.15028215
0.0074079263
-0.17135639
0.0068288508
-0.19531229
0.0062841009
-0.22257022
0.005764877
-0.25361597
0.0052599535
-0.28897509
0.0047552654
-0.32918454
0.004229165
-0.37470101
0.0036474917
-0.42576416
0.0029366226
-0.48211046
0.0020498323
-0.54268449
0.0011990633
-0.6094021
0.00052113621
-0.68695941
0.00016015461
-0.7713578
-0.84795875
0.017792023
-0.015094278
-0.017712145
0.017826041
-0.01746738
0.01779765
-0.02023319
0.017691485
-0.023457048
0.017493598
-0.027213313
0.017192343
-0.03158185
0.016780472
-0.036648089
0.016257016
-0.042502344
0.015628489
-0.049239154
0.014909079
-0.056957532
0.014119563
-0.065762924
0.013284647
-0.075771529
0.012429884
-0.087116271
0.011578962
-0.099953803
0.010750714
-0.11447356
0.0099579641
-0.13090389
0.0092077517
-0.14951743
0.0085016162
-0.17063645
0.007836787
-0.19463498
0.0072086794
-0.22193207
0.0066086158
-0.25300998
0.00602442
-0.28839064
0.0054398991
-0.32860745
0.0048298803
-0.3741082
0.0041545681
-0.42511758
0.0033283966
-0.48132588
0.0023082827
-0.54171263
0.0013496047
-0.60849625
0.0005802596
-0.68628721
0.00015547623
-0.77077086
-0.84751886
0.018676001
-0.015217302
-0.018549192
0.018766071
-0.017553168
0.018806404
-0.020268687
0.018780504
-0.023425703
0.018671833
-0.027098524
0.018465466
-0.031368623
0.018149223
-0.036324168
0.017715784
-0.042060338
0.017164635
-0.048678477
0.016503291
-0.056285631
0.015747302
-0.0649953
0.014918678
-0.074930157
0.014043175
-0.086226919
0.013147198
-0.099042947
0.012254247
-0.11356481
0.011382629
-0.13001589
0.010544634
-0.14866301
0.0097461951
-0.16982232
0.0089877708
-0.19386234
0.008266716
-0.22119952
0.007575055
-0.25231136
0.0069000138
-0.28771501
0.0062232205
-0.32793871
0.0055154427
-0.3734196
0.0047297254
-0.42436428
0.0037674563
-0.48041021
0.0025943963
-0.54059182
0.0015178421
-0.60747874
0.00064377219
-0.68551191
0.00014392695
-0.77009951
-0.84699017
0.019624327
-0.015377797
-0.019459575
0.01975953
-0.017683554
0.019854319
-0.020358029
0.019895983
-0.023461238
0.019866791
-0.027062449
0.019749338
-0.031243453
0.019528077
-0.03609427
0.019190543
-0.041713163
0.018729538
-0.048206743
0.018145134
-0.055689334
0.01744582
-0.064282865
0.016648246
-0.0741182
0.015775485
-0.085338522
0.014854198
-0.098104852
0.013910919
-0.11260371
0.01296885
-0.12905534
0.012045795
-0.14772138
0.011152953
-0.16891163
0.010295087
-0.19298827
0.0094724079
-0.22036367
0.0086783997
-0.25150919
0.0079002066
-0.28693577
0.007117336
-0.3271645
0.0062959065
-0.37261948
0.005379678
-0.42348458
0.0042562986
-0.47933899
0.002909103
-0.53930148
0.0017060129
-0.60634191
0.00071272783
-0.68461387
0.00012299934
-0.76936271
-0.84636767
0.020648653
-0.015560175
-0.020461485
0.020816952
-0.017846441
0.020954079
-0.020489056
0.021047845
-0.023548136
0.021084528
-0.02709141
0.021045529
-0.03119579
0.020913069
-0.035952109
0.020671057
-0.041460315
0.020306766
-0.047830384
0.019813126
-0.05518231
0.019190725
-0.063645692
0.018448827
-0.073360102
0.017604973
-0.08447705
0.016683069
-0.097164002
0.015710118
-0.11161068
0.014712553
-0.12803694
0.01371313
-0.14670096
0.012728618
-0.16790686
0.01176893
-0.19201012
0.010838062
-0.21941769
0.0099318556
-0.25059338
0.0090380213
-0.28604028
0.0081341206
-0.32626983
0.0071809636
-0.37168998
0.0061103514
-0.42245511
0.0047958734
-0.47808308
0.003252577
-0.53782095
0.0019165027
-0.60508049
0.00078857906
-0.68357418
8.9879201e-05
-0.7685619
-0.84564337
0.021756271
-0.015748415
-0.02156265
0.021940295
-0.018024388
0.02210509
-0.020646999
0.022237647
-0.02367298
0.022324637
-0.027169735
0.022350497
-0.031211932
0.02229655
-0.035887281
0.022144488
-0.041296098
0.021877561
-0.047549919
0.021482709
-0.054772437
0.020952869
-0.063099269
0.020288934
-0.072677976
0.019500717
-0.083669041
0.01860637
-0.096248361
0.017630174
-0.11061191
0.016599137
-0.12698245
0.015539291
-0.14561742
0.014472381
-0.16681698
0.013413729
-0.19093045
0.01237183
-0.21835846
0.011345751
-0.24955599
0.010324488
-0.28501653
0.0092839004
-0.32523898
0.008178636
-0.37061085
0.0069252833
-0.42124804
0.0053843948
-0.47660824
0.0036242158
-0.5361315
0.002151701
-0.60369227
0.00087406183
-0.68237895
4.3029754e-05
-0.76767662
-0.84478617
0.022922847
-0.015933337
-0.022731913
0.023110671
-0.018205427
0.02328776
-0.020816443
0.023444219
-0.023820834
0.023567849
-0.027283683
0.023645746
-0.031278957
0.023659657
-0.035889024
0.023589542
-0.041212399
0.023416535
-0.047361785
0.023123397
-0.054462514
0.022696644
-0.062653982
0.022129053
-0.072090046
0.021421643
-0.082939493
0.020584495
-0.095387374
0.019635972
-0.10963809
0.018600301
-0.12592045
0.017504019
-0.14449447
0.016372073
-0.16565907
0.015224494
-0.18975899
0.014074405
-0.21718848
0.012924679
-0.24839295
0.011766165
-0.28385445
0.010573226
-0.32405617
0.0092930564
-0.36935945
0.0078228647
-0.41982981
0.0060148792
-0.47487503
0.0040228768
-0.53422087
0.0024134893
-0.60217777
0.00097243625
-0.68101766
-1.1397795e-05
-0.76667586
-0.8436553
0.02409614
-0.016112938
-0.023909837
0.024284345
-0.018386067
0.02446863
-0.020992206
0.024640973
-0.02398359
0.024790489
-0.027422429
0.024905267
-0.031381648
0.024972709
-0.035942931
0.024974118
-0.041198701
0.024888218
-0.047259071
0.024695166
-0.054250809
0.024376892
-0.06231511
0.023919262
-0.071609803
0.023314638
-0.082310238
0.022563751
-0.094609935
0.021676446
-0.10872255
0.02067071
-0.12488527
0.019570021
-0.14336387
0.018399547
-0.16445933
0.017182075
-0.18851443
0.015934465
-0.21591808
0.014663254
-0.24710605
0.013361291
-0.28254753
0.012001233
-0.32270646
0.010520752
-0.36791038
0.0087927367
-0.41815983
0.0066727564
-0.4728399
0.0044482637
-0.53209133
0.0027027675
-0.60053814
0.0010843086
-0.67947952
-5.4881173e-05
-0.7655418
-0.84280686
0.025165773
-0.016290087
-0.024981262
0.025356224
-0.018568209
0.025548262
-0.021174884
0.02573572
-0.024160516
0.025909956
-0.027584831
0.026058852
-0.031517265
0.026170403
-0.036039594
0.026233338
-0.041244977
0.026230323
-0.047237494
0.026136951
-0.054136849
0.025930961
-0.062086383
0.025593822
-0.071247693
0.025110805
-0.081799993
0.024473418
-0.093943152
0.023681639
-0.10789946
0.022744433
-0.12391531
0.021678492
-0.14226452
0.020505346
-0.16325331
0.019247255
-0.1872257
0.017922568
-0.21456729
0.016540144
-0.24570518
0.015093973
-0.28109462
0.013553784
-0.32117666
0.01184447
-0.36623498
0.0098100685
-0.41618966
0.0073342091
-0.47046029
0.0049027113
-0.52977083
0.0030200369
-0.59877186
0.0012120268
-0.67775349
-0.00012037755
-0.76422719
-0.84189012
0.02600843
-0.016471018
-0.025819416
0.026207107
-0.018757763
0.0264124
-0.021369899
0.026619844
-0.024356396
0.026823043
-0.027775035
0.027012963
-0.031692606
0.027176546
-0.03618685
0.027298754
-0.041348939
0.027366323
-0.047284715
0.027365803
-0.054113747
0.027274252
-0.061969912
0.027066457
-0.07101253
0.026721119
-0.081424794
0.02622193
-0.093411659
0.025559117
-0.10720214
0.024730986
-0.12305095
0.023744249
-0.14124067
0.022612657
-0.16208498
0.021353645
-0.18593216
0.019983289
-0.21316714
0.01850973
-0.24420996
0.016925554
-0.27950146
0.015193754
-0.31945521
0.013223023
-0.36429974
0.010826172
-0.41386308
0.0079686405
-0.46771138
0.0053924972
-0.52732274
0.0033667021
-0.59687237
0.0013680131
-0.6758377
-0.00019347589
-0.76269431
-0.84064765
0.026471966
-0.016662248
-0.026272067
0.026685155
-0.018961166
0.026909638
-0.021583354
0.027142263
-0.024576608
0.02737831
-0.027997125
0.027610966
-0.031909589
0.027830615
-0.036388932
0.028023847
-0.041522519
0.028173681
-0.047412612
0.028264688
-0.054180284
0.028285534
-0.061963558
0.028216868
-0.070913988
0.028027687
-0.08120308
0.027691063
-0.093039778
0.027189443
-0.10666277
0.026510892
-0.12233265
0.025650378
-0.1403392
0.024610455
-0.16100423
0.023399104
-0.18468209
0.022025003
-0.21175917
0.020490554
-0.24265018
0.018781895
-0.277781
0.016848725
-0.31753062
0.014575005
-0.36206341
0.01174962
-0.4111148
0.0085511622
-0.46463236
0.005925164
-0.52484115
0.0037446718
-0.59482922
0.0015486062
-0.6737271
-0.00024198485
-0.76092699
-0.83951773
0.026436312
-0.01686975
-0.026219511
0.026670413
-0.019184757
0.026920866
-0.021821951
0.027185794
-0.02482818
0.027461999
-0.028258302
0.027744592
-0.032175301
0.028026542
-0.03665195
0.028297932
-0.041772721
0.028545007
-0.047636047
0.028747791
-0.054356824
0.028883271
-0.062070056
0.028935465
-0.070934101
0.028895225
-0.081127354
0.028736747
-0.092842577
0.028424527
-0.10630915
0.027931737
-0.12179643
0.027242046
-0.13960466
0.026344927
-0.1600621
0.025234512
-0.18352859
0.023905809
-0.21039222
0.022348251
-0.24106319
0.020533543
-0.27595109
0.018385953
-0.31538952
0.01574833
-0.35946376
0.012450428
-0.40789821
0.0090913722
-0.46140235
0.0065034657
-0.52241239
0.0041574012
-0.59263562
0.0017504235
-0.67141657
-0.00023259234
-0.75895005
-0.84054998
0.025735483
-0.017096616
-0.025499083
0.025993315
-0.019431809
0.026272598
-0.022089079
0.026572634
-0.025114537
0.026891608
-0.028561902
0.027226228
-0.032492671
0.02757134
-0.036977738
0.027919429
-0.042099197
0.028259816
-0.04795233
0.028577756
-0.054648032
0.028853012
-0.0623158
0.029058939
-0.071107105
0.029172813
-0.081203655
0.029185213
-0.09281243
0.029074262
-0.10615251
0.028795809
-0.12147071
0.028313899
-0.13907408
0.027604751
-0.15930393
0.02664563
-0.18252213
0.025410793
-0.20911471
0.023866686
-0.23948526
0.021958631
-0.27402386
0.019562728
-0.31299702
0.016487684
-0.35642502
0.012850678
-0.40434321
0.0096320917
-0.45831865
0.0071077516
-0.52005989
0.0046047261
-0.59030491
0.0019808984
-0.66891376
-0.00052172002
-0.75649127
-0.83901777
0.024205328
-0.01734276
-0.023948749
0.024487348
-0.019702002
0.024795787
-0.022384144
0.025131104
-0.025434756
0.025492865
-0.028906635
0.025879444
-0.032860071
0.026287665
-0.037364393
0.026712351
-0.042499686
0.027145826
-0.0483587
0.027577217
-0.055049048
0.027991108
-0.062695771
0.028365662
-0.071444613
0.028666204
-0.081465099
0.028853142
-0.092958451
0.028910842
-0.10616594
0.028835867
-0.12134761
0.028579581
-0.13876712
0.028087421
-0.15875992
0.027314794
-0.1816987
0.026206632
-0.20795979
0.024691795
-0.23793207
0.02266661
-0.27197487
0.019953523
-0.31028273
0.016501502
-0.35300405
0.013039781
-0.40095797
0.010246607
-0.45565804
0.0077269031
-0.51771952
0.0050827579
-0.58785248
0.0022913722
-0.66627798
-0.00045902592
-0.75389813
-0.83649169
0.021555407
-0.017607248
-0.021280938
0.021858583
-0.01999389
0.022192276
-0.022705103
0.022557972
-0.025786106
0.02295643
-0.029288949
0.023387467
-0.033272969
0.023849651
-0.037806228
0.024339835
-0.04296708
0.024852563
-0.048845945
0.025379364
-0.055547393
0.025907824
-0.063192489
0.02642005
-0.071921493
0.026891573
-0.081897484
0.027286415
-0.09331036
0.027546644
-0.10637946
0.027632537
-0.12138273
0.027561945
-0.13864218
0.027294026
-0.15843576
0.026712352
-0.18106168
0.025717094
-0.20691306
0.024199154
-0.23637062
0.022018209
-0.26976446
0.019156103
-0.30741235
0.016015065
-0.34988342
0.013272531
-0.39827649
0.01082079
-0.45332264
0.0083025719
-0.51537448
0.0055613176
-0.58531252
0.0026772004
-0.66359865
0.00035270299
-0.75187044
-0.83726055
0.017262222
-0.017882784
-0.016977689
0.017578577
-0.020299987
0.017929612
-0.023044421
0.01831807
-0.02616116
0.018746168
-0.029701698
0.019215501
-0.033724737
0.019726779
-0.038297443
0.020279361
-0.043496838
0.020870648
-0.04941139
0.021495344
-0.056142991
0.022144551
-0.063809116
0.022804715
-0.072545418
0.023455846
-0.082508616
0.02406867
-0.093879513
0.024602025
-0.10686561
0.02496226
-0.12169151
0.024998128
-0.13862266
0.024661765
-0.15804155
0.024043656
-0.18038416
0.0231108
-0.20592333
0.021721595
-0.23493094
0.01985195
-0.26785638
0.017716286
-0.30525677
0.015663727
-0.34783397
0.013615322
-0.39626445
0.011335597
-0.45112953
0.0088051312
-0.51299716
0.0059787924
-0.58269963
0.0030247849
-0.66092507
0.00047933506
-0.74977067
-0.83804958
0.011741732
-0.018126506
-0.011488197
0.01202734
-0.020574078
0.01234878
-0.023352369
0.01270956
-0.026506425
0.013113178
-0.030087492
0.013562794
-0.034153927
0.014060694
-0.038772297
0.014608131
-0.044018637
0.015204846
-0.049979896
0.015848438
-0.056755743
0.016533612
-0.064460468
0.017251254
-0.073225971
0.017988215
-0.083204984
0.018725753
-0.094572778
0.019437665
-0.1075295
0.020105777
-0.12230789
0.020712297
-0.13917378
0.021093994
-0.15836537
0.020929897
-0.18016085
0.020209094
-0.20514314
0.019212445
-0.23387691
0.018140297
-0.26673298
0.016945004
-0.30402279
0.015555974
-0.3464217
0.013771951
-0.39448054
0.011628685
-0.44902889
0.0091600063
-0.51064857
0.0063147503
-0.58008439
0.0032521088
-0.65823139
0.0003528724
-0.74743526
-0.83909553
0.0084277675
-0.018290053
-0.0082546596
0.0086240764
-0.020759515
0.008846502
-0.023562471
0.0090979764
-0.026744095
0.0093815668
-0.030355699
0.0097003863
-0.034455639
0.010057434
-0.039110355
0.010455395
-0.044395544
0.01089639
-0.050397545
0.01138151
-0.057214951
0.011910257
-0.064960438
0.012479863
-0.073763618
0.013084454
-0.083774151
0.013714506
-0.095163707
0.01435704
-0.10812908
0.014991745
-0.12289581
0.015587667
-0.13971937
0.016180358
-0.15890486
0.016894922
-0.1808196
0.017522699
-0.2057127
0.017599005
-0.23389568
0.01711825
-0.26619529
0.016282034
-0.30313062
0.015063307
-0.34514755
0.013523056
-0.39288941
0.01161963
-0.44709056
0.009324777
-0.50837245
0.0065774604
-0.57746886
0.003412053
-0.65534226
-0.0010176754
-0.74331827
-0.83791993
0.0083472651
-0.018400652
-0.0082303746
0.0084796994
-0.020884861
0.0086298041
-0.023704603
0.008799955
-0.026905276
0.0089928199
-0.03053848
0.0092113689
-0.03466286
0.0094588635
-0.039345136
0.0097387813
-0.044661206
0.010054678
-0.05069747
0.01040999
-0.057552384
0.010807757
-0.06533821
0.011249499
-0.07418303
0.011733296
-0.08423305
0.012252609
-0.095655324
0.012795331
-0.10864108
0.013343267
-0.12340976
0.013875806
-0.14021433
0.014358021
-0.15934542
0.014692798
-0.18110888
0.014884543
-0.20585732
0.015146573
-0.23410885
0.015284853
-0.26628452
0.014973181
-0.30276666
0.014052921
-0.3441628
0.012781677
-0.39153235
0.011190211
-0.44538496
0.0092042115
-0.50624501
0.0068537122
-0.5749769
0.0039752271
-0.65232866
0.00014422671
-0.7391855
-0.83222413
0.0075956193
-0.018496034
-0.0074987165
0.0077057918
-0.020993281
0.007831039
-0.023827841
0.0079733912
-0.027045313
0.0081350939
-0.030697506
0.0083185865
-0.034843251
0.008526454
-0.039549401
0.0087613316
-0.044891889
0.0090257463
-0.050956991
0.009321878
-0.057842798
0.0096512256
-0.065660873
0.010014193
-0.074538183
0.010409637
-0.084619374
0.010834146
-0.096069219
0.011280844
-0.10907547
0.011737488
-0.12385216
0.012182796
-0.14064322
0.012583333
-0.1597268
0.012923703
-0.18142726
0.013223324
-0.2061332
0.013432896
-0.23428778
0.013366762
-0.26618237
0.012981432
-0.3023449
0.012387259
-0.34352399
0.011462517
-0.39052922
0.010249754
-0.4440404
0.0086801962
-0.50445686
0.0069635196
-0.57293447
0.0050844633
-0.64997692
0.0054857974
-0.73911127
-0.83131556
0.0071836253
-0.018576765
-0.0071052385
0.0072721043
-0.021084373
0.0073717248
-0.023930359
0.0074835921
-0.027160374
0.0076087898
-0.030826201
0.0077483244
-0.034986588
0.0079030638
-0.039708232
0.0080736682
-0.045066835
0.0082605344
-0.051148378
0.008463811
-0.058050634
0.0086835048
-0.065884917
0.0089195587
-0.074778022
0.0091717506
-0.084874392
0.0094395659
-0.096338681
0.0097220976
-0.10935832
0.010017596
-0.12414688
0.01032324
-0.1409476
0.010633313
-0.16003618
0.010927362
-0.18172154
0.011142974
-0.20634814
0.011134
-0.23428102
0.010964158
-0.26601813
0.010697943
-0.30207898
0.01022951
-0.34304096
0.0096045895
-0.38986722
0.0087743557
-0.4431195
0.0076497147
-0.50315286
0.0064449367
-0.57147171
0.0054513556
-0.64865968
0.0055044803
-0.73887338
-0.8312903
0.0063447016
-0.018630855
-0.0062927785
0.0064030383
-0.021145242
0.0064685929
-0.023998779
0.0065420444
-0.027237088
0.0066240267
-0.030911958
0.0067151039
-0.035082122
0.0068157273
-0.039814233
0.0069261888
-0.045183922
0.0070468612
-0.051277046
0.0071782422
-0.058191172
0.0073208316
-0.066037303
0.0074749144
-0.074941832
0.0076400494
-0.085048721
0.0078148789
-0.096522058
0.0079967672
-0.10954879
0.0081813958
-0.12434153
0.008361235
-0.14114102
0.0085238898
-0.16021911
0.0086521117
-0.18188054
0.0087269293
-0.20646388
0.0087502576
-0.23434473
0.0086385776
-0.26593956
0.0083752145
-0.30182781
0.0080931435
-0.34274831
0.0077308399
-0.38947463
0.0071683386
-0.44248339
0.0063846605
-0.50225436
0.00550742
-0.57044624
0.0049187055
-0.64788715
0.004078486
-0.73787686
-0.83125079
0.0050867913
-0.0186584
-0.0050649624
0.0051099914
-0.021175837
0.0051344873
-0.024032505
0.0051601576
-0.027273994
0.0051866379
-0.030952034
0.0052134104
-0.035125324
0.0052400124
-0.039860527
0.005266106
-0.045233356
0.0052916555
-0.051329853
0.0053170189
-0.058247889
0.0053429639
-0.066098813
0.0053707394
-0.075009342
0.0054020684
-0.085123745
0.0054389785
-0.09660631
0.0054835381
-0.10964414
0.0055381888
-0.1244504
0.0056073532
-0.14126779
0.0056999347
-0.16037203
0.0058323372
-0.18207413
0.0060257274
-0.20671906
0.0062939651
-0.23468094
0.0066340756
-0.26634605
0.0069343375
-0.3021868
0.007068597
-0.34292648
0.0069543429
-0.38935588
0.0065436497
-0.44202497
0.0059153099
-0.5015558
0.0050702627
-0.56950891
0.0038730282
-0.6466039
0.002233485
-0.7361917
-0.83200074
0.0037181626
-0.0037216984
0.0037138079
0.0037047056
0.0036896081
0.0036672928
0.0036366922
0.0035970184
0.0035478472
0.0034891244
0.0034210656
0.0033439303
0.003257678
0.0031614346
0.0030531551
0.002928803
0.0027813545
0.0026002043
0.0023708752
0.0020769886
0.0017085606
0.0012803655
0.00086891365
0.00059520543
0.00044916577
0.0002747345
0.00010510286
0.00015624802
0.00023230069
-2.8486134e-05
-0.0024702143
0.013971539
-0.015374328
0.01470068
-0.013296266
0.014746751
-0.018354774
0.0175814
0.015613103
-0.021818738
0.020954452
0.016527276
-0.025806843
0.024894986
0.017442673
-0.030380484
0.029467682
0.018319939
-0.035579932
0.034705554
0.019120574
-0.041441675
0.040644276
0.019826402
-0.048007868
0.047305704
0.020422501
-0.05536151
0.054769475
0.020891239
-0.063575285
0.063111029
0.021222057
-0.072735458
0.072409562
0.021413691
-0.082956847
0.08277059
0.02147148
-0.09438601
0.094334049
0.021404197
-0.10720115
0.10727467
0.021224841
-0.12162145
0.12180738
0.020944199
-0.13790217
0.13818952
0.020566565
-0.15633497
0.15671924
0.020095206
-0.17726105
0.1777386
0.019530428
-0.20107061
0.20164081
0.018869976
-0.22822165
0.22888597
0.018105894
-0.25918978
0.2599555
0.0172227
-0.29451726
0.29539925
0.0161998
-0.33478848
0.33580598
0.015012671
-0.38056042
0.38173739
0.013629666
-0.43229853
0.43366582
0.011996006
-0.49028184
0.49189372
0.010038688
-0.55405985
0.55598924
0.0077477689
-0.62237575
0.62463887
0.005239258
-0.69731757
0.69981275
0.0026678925
-0.77459833
0.77712228
-0.84825715
0.85091999
0.013113598
-0.016182885
-0.01230333
0.013989814
-0.019229071
0.014893349
-0.022720121
0.015798904
-0.026709987
0.016676282
-0.031255166
0.017497845
-0.036398488
0.018238237
-0.042178698
0.018883727
-0.048649567
0.019417855
-0.055891426
0.019827678
-0.063980457
0.020108
-0.073010674
0.020260288
-0.083103563
0.020289841
-0.094409525
0.020207647
-0.1071125
0.020026095
-0.12143313
0.019750894
-0.1376201
0.01938601
-0.15596329
0.01893393
-0.17680264
0.018396119
-0.20052726
0.017769913
-0.22759148
0.017045687
-0.25846389
0.016209441
-0.29368237
0.015241443
-0.33382615
0.014119006
-0.37944849
0.012812124
-0.43100779
0.011267026
-0.48875906
0.0094124237
-0.55223343
0.0072443476
-0.62023431
0.0048841364
-0.69496267
0.0024860536
-0.77224818
-0.84591882
0.012117999
-0.01708051
-0.011218567
0.01303896
-0.020148025
0.01395935
-0.023638268
0.014859096
-0.027607225
0.015713792
-0.032107061
0.016499427
-0.037181002
0.017198444
-0.042874229
0.017797451
-0.049244649
0.018281936
-0.056371555
0.018645934
-0.064339655
0.018887196
-0.073246677
0.019007755
-0.083218384
0.019016907
-0.094412462
0.018927548
-0.10701651
0.01874656
-0.12124524
0.018478545
-0.13734508
0.018127449
-0.15560529
0.017697402
-0.17636618
0.017189838
-0.20001412
0.016599231
-0.22699698
0.015917531
-0.25778055
0.015131635
-0.29289803
0.014222655
-0.33292314
0.013169837
-0.37840653
0.011944705
-0.42979921
0.010494567
-0.48733172
0.0087500625
-0.55051743
0.0067130078
-0.61822254
0.0045098882
-0.6927576
0.0022945117
-0.77008091
-0.84377316
0.011110361
-0.018027424
-0.0101616
0.012056423
-0.021092032
0.012981039
-0.024560579
0.013864957
-0.028488561
0.014686949
-0.032926168
0.015428842
-0.037919673
0.016078112
-0.043519894
0.016623662
-0.049786154
0.017057002
-0.056800416
0.01737589
-0.064653614
0.017577834
-0.073443227
0.01767027
-0.083304929
0.017665736
-0.094401566
0.017570881
-0.10691492
0.017391261
-0.12105859
0.017131352
-0.13707806
0.016795879
-0.15526282
0.016391002
-0.17595484
0.01591585
-0.19953337
0.015363076
-0.22644035
0.014726672
-0.25714265
0.013994347
-0.29216745
0.013148195
-0.33208322
0.012169471
-0.37743896
0.011031183
-0.42867785
0.0096818927
-0.48600564
0.0080544074
-0.54891859
0.0061560828
-0.61634816
0.00411825
-0.69071186
0.0020942161
-0.76810498
-0.84168362
0.010076701
-0.019014993
-0.0090873303
0.011036577
-0.022049824
0.011950736
-0.025472375
0.012805426
-0.029340598
0.013585013
-0.033702796
0.014277295
-0.038608648
0.014873196
-0.044112088
0.015364636
-0.050273447
0.015748267
-0.057179461
0.016021213
-0.064921523
0.01618769
-0.073604188
0.016259984
-0.083371205
0.016242762
-0.094377876
0.01614284
-0.10680814
0.015965618
-0.12087424
0.015714705
-0.13681994
0.015398518
-0.15493954
0.015021973
-0.17557178
0.01457965
-0.19908546
0.014066859
-0.22592374
0.01347833
-0.25655276
0.012802564
-0.29149361
0.012022843
-0.33130995
0.011122314
-0.37654987
0.010075496
-0.42764832
0.0088325788
-0.48478629
0.0073285464
-0.54744341
0.0055760617
-0.61461847
0.0037109689
-0.68883605
0.0018862517
-0.76632805
-0.83994702
0.0090783832
-0.020002721
-0.0080887678
0.01001235
-0.022981631
0.010886791
-0.026344383
0.011693415
-0.030144509
0.0124187
-0.034425061
0.013053147
-0.039239719
0.013590473
-0.044645626
0.014027299
-0.050706038
0.014359743
-0.057507226
0.014590656
-0.065147302
0.014730273
-0.073738186
0.014782023
-0.083416846
0.0147529
-0.094342191
0.014649426
-0.10669772
0.014474871
-0.12069247
0.014236465
-0.13657425
0.01394338
-0.1546393
0.013594719
-0.17521657
0.013186875
-0.19867202
0.012716167
-0.22544926
0.012177877
-0.25601319
0.011561439
-0.29087924
0.010851485
-0.33060663
0.010032927
-0.37574302
0.0090818402
-0.42671479
0.0079503814
-0.48367872
0.0065757105
-0.54609781
0.0049755587
-0.61304038
0.0032897785
-0.68714106
0.0016712148
-0.76475678
-0.83842748
0.0080909698
-0.020926151
-0.0071654649
0.0089653473
-0.023853765
0.0097862277
-0.027162762
0.0105328
-0.030888311
0.011195482
-0.035084674
0.011763334
-0.039804141
0.012234766
-0.045113199
0.012616188
-0.051083146
0.012903365
-0.057789646
0.013098677
-0.065337398
0.013209555
-0.073843367
0.013242017
-0.083443124
0.013202672
-0.094296209
0.013095788
-0.10658381
0.012925011
-0.12051441
0.012702614
-0.1363445
0.012434644
-0.15436413
0.01211516
-0.17489051
0.011743518
-0.19829479
0.011316819
-0.22501882
0.010830934
-0.25552611
0.010276355
-0.29032685
0.0096392098
-0.32997626
0.008906057
-0.37502179
0.008054563
-0.4258811
0.0070391851
-0.48268751
0.0057992426
-0.54488713
0.0043572865
-0.61162021
0.0028565459
-0.68563689
0.0014499975
-0.76339681
-0.83712998
0.0071171358
-0.021789835
-0.0062513436
0.007925834
-0.024660108
0.0086641794
-0.027898513
0.009328469
-0.03154977
0.0099119581
-0.035665056
0.010411488
-0.040300199
0.010824452
-0.045522247
0.01114925
-0.051403563
0.011389298
-0.058024868
0.011548382
-0.0654912
0.011632181
-0.073921407
0.011647112
-0.083451813
0.011597705
-0.094240106
0.011487179
-0.10646622
0.011325756
-0.12034566
0.011123283
-0.13613463
0.010878767
-0.15411237
0.010589655
-0.17459482
0.01025579
-0.19795535
0.00987484
-0.22463415
0.0094433172
-0.25509346
0.0089528789
-0.2898387
0.0083912766
-0.32942156
0.0077465997
-0.37438921
0.0069981598
-0.42515065
0.0061029934
-0.48181673
0.0050025617
-0.54381611
0.0037239746
-0.61036359
0.0024131396
-0.68433155
0.0012235196
-0.7622528
-0.83606084
0.0061620341
-0.022550438
-0.0053992206
0.006868523
-0.025364126
0.0075116659
-0.02853897
0.008086126
-0.03212135
0.0085872757
-0.036163082
0.0090130533
-0.040722484
0.0093609424
-0.045866173
0.0096298802
-0.05166806
0.0098240055
-0.058214106
0.0099476514
-0.065609512
0.010005891
-0.073973843
0.010003604
-0.083443239
0.0099425612
-0.094172328
0.0098309755
-0.10634752
0.0096836836
-0.120191
0.0095022584
-0.13594576
0.0092821939
-0.15388504
0.0090247451
-0.17433079
0.0087300667
-0.1976551
0.0083964278
-0.22429681
0.0080210003
-0.25471695
0.0075967237
-0.28941679
0.0071130781
-0.3289449
0.0065595809
-0.37384794
0.0059172375
-0.42452643
0.0051459073
-0.48106997
0.0041891611
-0.54288891
0.0030783633
-0.60927533
0.0019613257
-0.68322987
0.00099257479
-0.76132842
-0.83507706
0.0052139132
-0.02318483
-0.004577067
0.0058026512
-0.0259502
0.0063376988
-0.029071195
0.0068135316
-0.032594256
0.0072262849
-0.03657273
0.0075739412
-0.04106666
0.0078543149
-0.046142554
0.0080668973
-0.05187615
0.0082156087
-0.058357883
0.0083046863
-0.065693219
0.008337397
-0.074000717
0.0083160703
-0.083415598
0.0082456566
-0.09409516
0.0081412288
-0.10623597
0.0080101097
-0.12005249
0.0078465351
-0.13577473
0.0076517768
-0.15368301
0.0074271248
-0.17409955
0.007172876
-0.19739528
0.0068879166
-0.22400817
0.0065700984
-0.25439809
0.0062137322
-0.28906284
0.0058101222
-0.32854833
0.0053501317
-0.37340026
0.0048165114
-0.42401104
0.0041721241
-0.4804503
0.0033625838
-0.54210902
0.0024231997
-0.60835935
0.0015030996
-0.68233404
0.00075849935
-0.7606265
-0.83447561
0.0042744036
-0.023673516
-0.0037830042
0.00473122
-0.026404119
0.00514734
-0.029484333
0.0055169419
-0.032960898
0.0058363052
-0.036889088
0.0061026979
-0.041329636
0.006313581
-0.046349431
0.0064691204
-0.052027158
0.0065726157
-0.058456412
0.0066253225
-0.065740531
0.0066290872
-0.073998628
0.006590994
-0.083371184
0.0065215648
-0.094018972
0.0064272853
-0.10613455
0.0063078715
-0.11992567
0.0061629508
-0.13562234
0.0059944748
-0.15350725
0.0058035936
-0.1739021
0.0055908595
-0.19717698
0.0053557535
-0.22376937
0.0050968255
-0.25413813
0.004809844
-0.2887783
0.0044880031
-0.32823355
0.0041234607
-0.37304808
0.0037007728
-0.42360662
0.0031858985
-0.47996024
0.0025264185
-0.54147928
0.0017612489
-0.60761862
0.0010402745
-0.68164432
0.00052206428
-0.76014889
-0.83411219
0.0033320967
-0.024009774
-0.0029928885
0.0036505364
-0.026719455
0.0039420542
-0.029772696
0.0042019784
-0.03321791
0.0044259439
-0.037110317
0.004608943
-0.041509306
0.0047476524
-0.046484108
0.0048416413
-0.052116588
0.0048944893
-0.058504284
0.0049087214
-0.065749363
0.0048880904
-0.073972148
0.0048401343
-0.08331692
0.004774291
-0.093946375
0.0046908442
-0.10604397
0.0045840486
-0.11981148
0.0044587174
-0.13548955
0.0043173276
-0.15335857
0.0041610444
-0.17373925
0.003990743
-0.19700112
0.0038064666
-0.22358138
0.0036074786
-0.2539381
0.0033910682
-0.28856432
0.0031523807
-0.3280019
0.0028848344
-0.37279289
0.0025748351
-0.42331488
0.0021915095
-0.47960178
0.0016842759
-0.54100182
0.0010952978
-0.60705519
0.00057469948
-0.68115984
0.00028392293
-0.75989593
-0.83383922
0.0023818952
-0.024195005
-0.0021941186
0.0025582527
-0.026892698
0.0027195024
-0.02993072
0.0028613881
-0.033357015
0.0029816223
-0.037228076
0.0030762735
-0.041600627
0.0031413141
-0.046545086
0.0031750902
-0.052145833
0.0031801029
-0.058504357
0.003163908
-0.065727796
0.0031294665
-0.073931875
0.0030800136
-0.083261175
0.0030190349
-0.093878662
0.0029400936
-0.10595792
0.0028461439
-0.11971015
0.0027410936
-0.13537704
0.0026274294
-0.15323763
0.0025064203
-0.1736117
0.0023793072
-0.19686846
0.0022466371
-0.22344497
0.0021083997
-0.25379881
0.0019634641
-0.28842179
0.0018089537
-0.32785437
0.0016395552
-0.3726358
0.0014435394
-0.42313707
0.0011932368
-0.47937633
0.00083977918
-0.54067815
0.00042814817
-0.60667013
0.00010842565
-0.68087911
4.5637124e-05
-0.75986762
-0.83395208
0.0012657596
-0.024285053
-0.0011730807
0.0013484068
-0.026972312
0.0014154518
-0.029993487
0.0014619167
-0.033399584
0.0014868004
-0.037251231
0.0014941935
-0.041605339
0.0014913316
-0.046538559
0.0014795602
-0.052129689
0.0014525266
-0.058472437
0.0014131738
-0.065683109
0.0013721252
-0.073885029
0.0013210158
-0.083203805
0.0012563433
-0.09380729
0.0011822984
-0.10587679
0.0011016216
-0.11962212
0.0010173452
-0.13528533
0.00093189721
-0.15314492
0.00084668573
-0.17351997
0.00076334547
-0.19677958
0.00068285976
-0.22336069
0.00060595222
-0.2537208
0.00053310307
-0.28835128
0.00046342941
-0.32779159
0.00039293016
-0.37257751
0.00031173094
-0.42307396
0.00019537457
-0.47928477
-3.454948e-06
-0.54050903
-0.00023738426
-0.60646367
-0.0003566625
-0.68079995
-0.00019225185
-0.76006278
-0.8343021
7.3974706e-05
-0.02421868
-0.00013916364
3.6893208e-05
-0.026933261
2.3029005e-05
-0.029975116
1.0538296e-05
-0.033384978
-2.8689572e-05
-0.037212805
-8.7332861e-05
-0.041543671
-0.00015199841
-0.046469795
-0.00020550718
-0.052071745
-0.00025457261
-0.058418534
-0.00030852778
-0.065623875
-0.00037181115
-0.073815998
-0.00043777092
-0.083131633
-0.00050620283
-0.093732209
-0.00057499318
-0.10580097
-0.00064212044
-0.11954768
-0.00070527762
-0.13521476
-0.00076215936
-0.15308079
-0.00081121001
-0.17346443
-0.00085035462
-0.1967349
-0.00087827503
-0.22332893
-0.00089351289
-0.2537044
-0.0008939464
-0.28835311
-0.00087849197
-0.3278138
-0.00084974615
-0.37261833
-0.0008157594
-0.42312588
-0.00079781512
-0.47932739
-0.00084182322
-0.54049457
-0.00089848855
-0.60643515
-0.00081855624
-0.68091955
-0.00042850569
-0.76047923
-0.83488792
-0.00047174
-0.023865119
0.00011902092
-0.00078401513
-0.026621155
-0.0010653379
-0.029696264
-0.0012982798
-0.033150897
-0.0014682315
-0.037034665
-0.0015961173
-0.041410493
-0.0017086856
-0.046352896
-0.0018218402
-0.05195416
-0.0019262892
-0.058309336
-0.002021038
-0.065523924
-0.00210874
-0.073722613
-0.0021887236
-0.083045502
-0.002260919
-0.093653431
-0.0023243119
-0.10573062
-0.0023777455
-0.11948699
-0.0024195682
-0.13516557
-0.0024476721
-0.15304547
-0.0024603474
-0.17344529
-0.0024550395
-0.19673467
-0.0024302179
-0.22334984
-0.0023836894
-0.25374969
-0.0023116569
-0.28842728
-0.0022111371
-0.32792092
-0.0020832127
-0.37275813
-0.0019341457
-0.42329267
-0.0017821039
-0.47950392
-0.0016717569
-0.54063416
-0.001552354
-0.60658317
-0.0012753315
-0.68123438
-0.00066236717
-0.76111382
-0.83570774
-0.0012691255
-0.023407731
0.00081337509
-0.0016980857
-0.02619062
-0.0020935279
-0.029299277
-0.0024486992
-0.032792246
-0.0027574901
-0.036721123
-0.0030188962
-0.04114491
-0.0032370237
-0.046130693
-0.003422611
-0.051764345
-0.0035817683
-0.058145558
-0.0037165157
-0.065384062
-0.0038299801
-0.073603541
-0.003924187
-0.082945224
-0.0040002593
-0.093570857
-0.0040582914
-0.1056657
-0.0040980034
-0.11944009
-0.0041183998
-0.13513786
-0.0041176451
-0.15303905
-0.0040938762
-0.17346264
-0.0040440207
-0.19677899
-0.0039664932
-0.22342339
-0.0038583475
-0.25385653
-0.0037140631
-0.28857355
-0.0035288915
-0.3281125
-0.00330227
-0.37299639
-0.0030387022
-0.42357369
-0.0027533304
-0.47981355
-0.0024897295
-0.54092658
-0.0021961852
-0.60690557
-0.0017250042
-0.68174064
-0.00089311124
-0.7619626
-0.83675815
-0.0021070601
-0.022821238
0.0015225958
-0.0026579704
-0.025637426
-0.0031718852
-0.028782756
-0.00364142
-0.032319589
-0.0040610811
-0.036298033
-0.0044272061
-0.040775209
-0.0047377523
-0.045816451
-0.0049969927
-0.051501084
-0.0052119941
-0.057926053
-0.0053874066
-0.065203622
-0.0055275908
-0.073457834
-0.0056365261
-0.08283031
-0.0057168093
-0.09348417
-0.0057696794
-0.10560604
-0.0057957624
-0.11940689
-0.0057947635
-0.1351316
-0.0057651936
-0.1530615
-0.0057050451
-0.17351642
-0.0056107682
-0.19686773
-0.0054807445
-0.22354936
-0.0053112996
-0.25402456
-0.0050952859
-0.28879138
-0.0048262196
-0.32838773
-0.0045018033
-0.37333218
-0.0041247805
-0.42396785
-0.0037074011
-0.48025489
-0.0032922779
-0.54136998
-0.0028272138
-0.60739955
-0.0021656562
-0.68243419
-0.0011203043
-0.76302012
-0.83803495
-0.0029388398
-0.02210757
0.0022270933
-0.0036123761
-0.024961682
-0.0042434675
-0.028149139
-0.004823789
-0.031736411
-0.0053474762
-0.035771248
-0.0058096128
-0.040309837
-0.0062060676
-0.045416515
-0.0065372062
-0.051166049
-0.0068086837
-0.057650161
-0.0070257717
-0.064981591
-0.0071937849
-0.073284392
-0.0073182432
-0.08269998
-0.0074032972
-0.093392829
-0.0074513749
-0.10555129
-0.0074640512
-0.11938721
-0.007441802
-0.13514667
-0.0073835714
-0.15311268
-0.0072872497
-0.17360642
-0.0071488537
-0.1970006
-0.0069667271
-0.22372737
-0.0067365137
-0.25425324
-0.0064495619
-0.28907995
-0.0060976978
-0.32874551
-0.0056767938
-0.37376413
-0.0051878277
-0.42447359
-0.0046403083
-0.48082602
-0.0040760114
-0.54196194
-0.0034427257
-0.60806166
-0.0025953742
-0.6833107
-0.0013428457
-0.76428074
-0.83953255
-0.0037471428
-0.021275961
0.0029173296
-0.004538682
-0.024168087
-0.0052842136
-0.027401258
-0.0059731074
-0.031044875
-0.0065982404
-0.035143239
-0.0071535108
-0.039751482
-0.0076332582
-0.044933379
-0.0080352787
-0.0507602
-0.0083637926
-0.057317302
-0.0086237962
-0.064716729
-0.0088209891
-0.073081879
-0.008962043
-0.08255318
-0.0090526462
-0.093296074
-0.0090964707
-0.10550094
-0.0090960914
-0.11938069
-0.009052839
-0.13518283
-0.0089662089
-0.15319234
-0.0088340417
-0.17373233
-0.0086520038
-0.19717713
-0.0084183559
-0.22395682
-0.0081281064
-0.25454183
-0.0077712665
-0.28943821
-0.007338027
-0.32918438
-0.0068223482
-0.37429049
-0.0062233797
-0.42508893
-0.0055481234
-0.48152447
-0.0048376346
-0.54269955
-0.0040401484
-0.60888773
-0.0030124185
-0.68436534
-0.0015603836
-0.76573726
-0.84108023
-0.0045278415
-0.020341755
0.0035953512
-0.0054278639
-0.023266119
-0.0062823234
-0.026544595
-0.0070761296
-0.030248593
-0.0078003793
-0.034416255
-0.0084474814
-0.039101384
-0.0090100192
-0.044367509
-0.0094830127
-0.050283431
-0.0098694656
-0.056926574
-0.010173885
-0.064407551
-0.01040189
-0.07284868
-0.010560879
-0.08238859
-0.010658011
-0.093192944
-0.010698286
-0.10545429
-0.010685327
-0.11938689
-0.01062142
-0.13523975
-0.010506734
-0.15330016
-0.010339168
-0.1738937
-0.010114135
-0.19739667
-0.0098297269
-0.22423697
-0.0094803679
-0.25488939
-0.0090549336
-0.28986484
-0.0085420607
-0.32970256
-0.0079337191
-0.37490913
-0.007227123
-0.42581147
-0.006427048
-0.48234728
-0.0055739532
-0.54357942
-0.0046169747
-0.60987295
-0.0034150045
-0.68559268
-0.0017709802
-0.76738323
-0.84300219
-0.0052824835
-0.019325934
0.0042683112
-0.0062775476
-0.022269193
-0.0072322571
-0.025587786
-0.0081249941
-0.0293535
-0.0089445049
-0.033594121
-0.0096814063
-0.038361568
-0.01032683
-0.043718819
-0.010871887
-0.04973467
-0.011317813
-0.056476467
-0.011668554
-0.064052172
-0.011929373
-0.072582814
-0.012107957
-0.082204569
-0.012212825
-0.09308225
-0.012250414
-0.1054105
-0.012225473
-0.11940523
-0.012141351
-0.13531701
-0.011999018
-0.15343574
-0.011796595
-0.17409
-0.01152937
-0.19765842
-0.01119513
-0.2245669
-0.010787784
-0.25529478
-0.010295285
-0.2903583
-0.0097048217
-0.33029801
-0.0090063127
-0.37561752
-0.008194909
-0.42663834
-0.0072734378
-0.48329099
-0.006281905
-0.5445976
-0.0051708052
-0.61101186
-0.003801485
-0.68698656
-0.001974858
-0.76920981
-0.84496854
-0.0060041008
-0.018255279
0.0049350232
-0.0070797881
-0.021191725
-0.0081177626
-0.024547806
-0.0091048438
-0.028364167
-0.010017879
-0.032678563
-0.010843377
-0.037533245
-0.011572375
-0.042986645
-0.012192424
-0.049111018
-0.012700699
-0.055964133
-0.013100358
-0.063648021
-0.013396512
-0.072281781
-0.01359676
-0.081999063
-0.013710825
-0.092962547
-0.013746754
-0.10536857
-0.01371054
-0.11943502
-0.013606713
-0.13541411
-0.013437195
-0.15359864
-0.013200537
-0.17432061
-0.012892073
-0.19796144
-0.012509095
-0.22494551
-0.012045056
-0.25575671
-0.011487246
-0.29091683
-0.01082152
-0.33096836
-0.010035718
-0.37641275
-0.0091227568
-0.42756629
-0.0080838269
-0.48435162
-0.0069585931
-0.54574919
-0.00569937
-0.61229842
-0.0041702402
-0.68853987
-0.0021704726
-0.77120879
-0.84712965
-0.0066743481
0.0055885715
-0.0077804979
-0.0088788692
-0.0099515946
-0.010966835
-0.011892116
-0.012713221
-0.013421738
-0.014002494
-0.014457959
-0.014794648
-0.015020248
-0.015145834
-0.015181531
-0.015134922
-0.015011935
-0.014815666
-0.014545416
-0.01419676
-0.013766268
-0.013247012
-0.012625872
-0.011887517
-0.011017697
-0.010006882
-0.0088549154
-0.0076012896
-0.006200492
-0.0045198303
-0.0023572018
-0.0018063028
0.014718344
0.0017901191
-0.0018341138
0.017610885
-0.0018079985
0.020930217
-0.0017133508
0.024802447
-0.0015292559
0.02928595
-0.0012754773
0.034454421
-0.00096745053
0.040339205
-0.00062573812
0.046967315
-0.00026960274
0.054417012
8.2588346e-05
0.062762881
0.00041375519
0.072082827
0.00071082288
0.082478352
0.00096552188
0.094084568
0.0011737896
0.10707196
0.0013369168
0.12165008
0.0014582527
0.13807412
0.0015402511
0.15664309
0.0015867585
0.17769755
0.0016020367
0.20163033
0.0015911231
0.22890026
0.0015582937
0.25998989
0.0015046561
0.29545205
0.001429992
0.33587637
0.0013346211
0.38182471
0.0012159654
0.43377214
0.0010581945
0.49203472
0.00083395564
0.5561923
0.0005371703
0.62491431
0.00025697777
0.70007776
0.0001006403
0.77724666
0.85092544
-0.0017986468
0.014752111
0.0017664583
-0.0018052357
0.017619254
-0.001774143
0.02090113
-0.0016894137
0.024719972
-0.0015340602
0.029133123
-0.0013057345
0.034228928
-0.001016342
0.040053009
-0.00068645968
0.046640997
-0.00033354149
0.054068033
2.3883713e-05
0.062409794
0.00036744487
0.071744023
0.00068183366
0.08216915
0.00095644211
0.093815566
0.0011853044
0.10684907
0.0013676897
0.12147395
0.0015056488
0.13794254
0.0016015891
0.15655345
0.0016591987
0.1776458
0.001682915
0.20161184
0.0016774188
0.22890945
0.0016469641
0.26002208
0.001593667
0.29550443
0.0015175339
0.33594793
0.0014187481
0.38191486
0.0012944601
0.4338832
0.0011282167
0.49218299
0.00089183308
0.55640599
0.00057696287
0.62520565
0.00027780894
0.70035619
0.00010825167
0.77738387
0.85093017
-0.001730016
0.014797969
0.0016858276
-0.0017591421
0.017650267
-0.0017490478
0.020893168
-0.0016771749
0.024650508
-0.0015423851
0.029001036
-0.0013372017
0.034026777
-0.0010674144
0.039786642
-0.00075052612
0.04632792
-0.00040262766
0.053724353
-4.1717158e-05
0.062053535
0.00031298956
0.071394421
0.00064426273
0.081843444
0.00093919101
0.093526654
0.0011896694
0.10660501
0.0013928275
0.12127751
0.0015492115
0.137793
0.0016607989
0.15644862
0.0017310301
0.17758188
0.0017642769
0.20158428
0.0017652202
0.2289125
0.0017383445
0.2600508
0.001686196
0.29555559
0.0016090349
0.33602021
0.0015070762
0.38200757
0.0013771667
0.43399891
0.0012022689
0.49233864
0.00095344869
0.55663034
0.000619751
0.62551345
0.00030055972
0.70065027
0.00011664398
0.77753529
0.85093597
-0.0016952116
0.014851053
0.0016439088
-0.0017307864
0.017687858
-0.0017301904
0.020894847
-0.0016737913
0.024596671
-0.0015573967
0.02888753
-0.0013732195
0.033845848
-0.0011228339
0.03953991
-0.00081947118
0.046028635
-0.00047780001
0.053387206
-0.00011492653
0.061695656
0.00024966952
0.071035308
0.0005972634
0.081501832
0.00091276826
0.093217613
0.0011858231
0.10633884
0.0014112198
0.12105932
0.0015878612
0.13762371
0.0017169966
0.15632675
0.0018015665
0.1775041
0.0018459208
0.20154599
0.001854601
0.22890811
0.001832283
0.26007507
0.0017820746
0.29560474
0.0017044326
0.33609264
0.0015996294
0.38210248
0.0014641619
0.43411917
0.00128047
0.49250173
0.0010189821
0.5568655
0.00066573748
0.62583824
0.00032537148
0.00012577296
-0.0016887788
0.014902063
0.0016396707
-0.0017208602
0.017722095
-0.0017245346
0.020900955
-0.0016824654
0.024557346
-0.0015830435
0.028791202
-0.0014175509
0.033683837
-0.0011851716
0.039311444
-0.00089521246
0.045743047
-0.0005604223
0.053057271
-0.00019673047
0.06133733
0.00017662625
0.070667847
0.00053992455
0.00087613665
0.0011726227
0.0014217238
0.0016204577
0.0017691184
0.0018700095
0.0019272174
0.001945044
0.0019284032
0.0018810716
0.001803607
0.0016963787
0.0015554826
0.0013629172
0.0010886112
-0.001710372
-0.0017377414
-0.0017425074
-0.0017116067
-0.0016255475
-0.001475192
-0.0012581737
-0.00098042887
-0.00065239728
-0.00028849917
0.013486248
-0.013048525
0.013872034
0.014187712
0.014439409
0.010846212
-0.0082980076
-0.0098272007
-0.0049333999
0.017630193
0.01839426
-0.0060083242
0.0071718866
-0.0069217454
0.0097724824
-0.0088639684
0.011728744
-0.010252479
-0.011392732
0.0055971934
-0.0070975475
0.0078524809
-0.0091757691
0.0095082948
-0.01051826
0.010923224
-0.011665645
-0.012770865
0.0027870646
-0.0069484876
0.0051118925
-0.0094216754
0.006837745
-0.010900278
0.0083591083
-0.012038002
0.0098058287
-0.013110513
-0.014181579
0.0022794451
-0.009222875
0.0042183784
-0.011358076
0.0058930798
-0.012572948
0.0073947365
-0.013537678
0.0087991424
-0.01451291
-0.015541965
0.0018298183
-0.011048548
0.0035659415
-0.013091848
0.0050758373
-0.014081242
0.0064642187
-0.014924469
0.0077847108
-0.01583147
-0.016842697
0.0015929216
-0.012647453
0.0030419889
-0.014542678
0.0043560756
-0.015395235
0.0056213782
-0.016188836
0.0068665332
-0.017075146
-0.018063138
0.0013130531
-0.013956412
0.0025961136
-0.015823178
0.0038029366
-0.016600087
0.0049463589
-0.017330402
0.0060625052
-0.018189412
-0.019164056
0.0012181759
-0.015173532
0.0023067622
-0.016910665
0.0033060458
-0.017598143
0.0042872317
-0.018310148
0.0052665061
-0.019166983
-0.020146922
0.001060746
-0.016233571
0.0019749553
-0.01782397
0.0028341358
-0.018456224
0.0036881058
-0.019162728
0.0045419369
-0.020019123
-0.021002212
0.00093856766
-0.017171714
0.0016929989
-0.018577803
0.0024096344
-0.019171809
0.0031315398
-0.019883235
0.0038532479
-0.020738975
-0.021723817
0.00088341667
-0.018054974
0.0014891548
-0.019182835
0.0020544486
-0.01973624
0.0026251455
-0.02045241
0.003201362
-0.021312998
-0.022302882
0.00078739195
-0.018844423
0.0013201382
-0.019715702
0.0017155339
-0.020130685
0.0021214238
-0.020856076
0.0025504125
-0.021738852
-0.022742085
0.00039691051
-0.01924624
0.00078224418
-0.020098898
0.0011829398
-0.020527615
0.0015452201
-0.021215743
0.0018761388
-0.022067975
-0.023058045
-9.6733328e-05
-0.019152287
6.7754666e-05
-0.020256536
0.00038574071
-0.020840586
0.00066934161
-0.021495646
0.00092995014
-0.022325415
-0.023298482
0.00017610865
-0.019319663
2.3266537e-05
-0.020106316
-8.2292869e-05
-0.020736981
-5.2054809e-05
-0.021526048
3.4858767e-05
-0.02241163
-0.023401727
0.00010928938
-0.019428047
0.00024105299
-0.020237333
0.00022847744
-0.020721509
0.00012935291
-0.021424615
7.3336917e-06
-0.022287874
-0.023274033
-6.176033e-05
-0.019364863
-0.00018782909
-0.020109597
-0.00029927098
-0.020608303
-0.00043952756
-0.021282627
-0.00061349736
-0.022112253
-0.023072471
-0.0001461769
-0.019217116
-0.00037863385
-0.019875492
-0.00063573123
-0.020349463
-0.00091031587
-0.021006279
-0.0012051621
-0.021815572
-0.022753045
-0.00027274884
-0.018943005
-0.00061926068
-0.019527522
-0.0009898682
-0.019977327
-0.0013792853
-0.020615245
-0.0017907191
-0.021402396
-0.022314757
-0.00038560052
-0.018556192
-0.0008484114
-0.019063404
-0.0013332755
-0.01949105
-0.0018368105
-0.020110178
-0.0023633402
-0.020874193
-0.021758924
-0.00049536961
-0.018059671
-0.0010746768
-0.01848285
-0.0016718782
-0.018892485
-0.0022873549
-0.019493202
-0.0029266558
-0.020233242
-0.021088404
-0.0006182641
-0.0013037282
-0.017796162
-0.0020118438
-0.01818302
-0.0027390608
-0.018764496
-0.0034898095
-0.019480844
-0.020308076
-0.0015281802
-0.0023463175
-0.017363539
-0.0031861158
-0.017923209
-0.0040498852
-0.018615426
-0.019421111
-0.0026369544
-0.0035799453
-0.0045635377
-0.0061543289
-0.0064227957
-0.0068237443
-0.0073434896
-0.0079642083
-0.0086639587
-0.0094173007
-0.010195105
-0.010977343
-0.011765804
-0.012550584
-0.013312135
0.020819088
-0.015320561
-0.014049339
0.022006025
-0.016012744
-0.014768086
0.023185482
-0.016701241
-0.015484439
0.024240249
-0.017403797
-0.016216602
0.025044911
-0.018136221
-0.016981326
0.025453718
-0.018908168
-0.017789099
0.02535079
-0.019725414
-0.018646387
0.024578016
-0.020589605
-0.019555568
0.022973997
-0.021500987
-0.020517265
0.020249354
-0.022462976
-0.021536268
0.015913937
-0.023447191
-0.022588685
0.010517486
-0.024324403
-0.023547065
0.0074719702
-0.025010929
-0.024317142
0.0075116076
-0.025637066
-0.02502742
0.0067364372
-0.026303524
-0.025787687
0.006293518
-0.027013251
-0.026602835
0.005428669
-0.02776109
-0.027470215
0.0041476492
-0.028550517
-0.02839513
0.0027607059
)
;

boundaryField
{
    Side1
    {
        type            empty;
    }
    Inlet
    {
        type            calculated;
        value           nonuniform List<scalar> 
92
(
6.419284e-06
-1.2902526e-07
-1.8623031e-05
-4.5365234e-05
-8.119664e-05
-0.00012752827
-0.00018637735
-0.00026070128
-0.00035170535
-0.00045995626
-0.00058611495
-0.00072962221
-0.00088894994
-0.0010643855
5.0744508e-06
3.5510719e-06
-0.0016857864
-0.0018946045
0.00017800442
-0.0026021886
-0.0028097639
0.0010697677
0.0012589378
0.0012087046
-1.7811155e-05
-0.0050169189
-1.4471216e-05
0.0060893174
0.0043139732
0.0029078593
-0.018678437
-0.021197774
-0.024052687
-0.027291529
-0.03096611
-0.035135339
-0.039866221
-0.045234891
-0.051327824
-0.058243225
-0.066092549
-0.075002259
-0.085115796
-0.096596187
-0.10962832
-0.12442192
-0.14121539
-0.16027932
-0.18192108
-0.20648976
-0.23438188
-0.26604763
-0.30199881
-0.34281651
-0.38915816
-0.44176978
-0.50149949
-0.56930488
-0.64627014
-0.73354277
-0.00049452474
-0.83276705
-8.7285575e-05
5.7038826e-05
5.956379e-05
-8.2342397e-05
6.5466278e-05
6.8730259e-05
7.217622e-05
7.5795419e-05
-6.7400902e-05
8.3505898e-05
8.7477406e-05
-5.614966e-05
9.5304061e-05
9.9315555e-05
0.00010355208
0.00010780008
0.00011138674
0.00011376745
0.00011520079
-4.9922552e-05
0.00011459704
-4.3495534e-05
-4.3573721e-05
-3.4175926e-05
3.3409351e-05
3.4639719e-05
3.6372995e-05
3.8390575e-05
-0.029388971
-0.029393249
)
;
    }
    Side2
    {
        type            empty;
    }
    Outlet
    {
        type            calculated;
        value           nonuniform List<scalar> 0();
    }
    Botwall
    {
        type            calculated;
        value           nonuniform List<scalar> 0();
    }
    Cyli
    {
        type            calculated;
        value           uniform 0;
    }
    procBoundary2to0
    {
        type            processor;
        value           nonuniform List<scalar> 
55
(
0.0013540718
0.0013824603
0.001372058
0.0013942451
0.0014357653
0.0052670787
0.00762687
0.0039760456
-0.0078135004
0.0062649761
-0.01644732
0.0038975135
-0.016978737
-0.016592681
-0.017317533
-0.0042247311
0.0043147112
-0.0028134978
0.0041615045
-0.017440277
0.00073150145
-0.016998266
0.0017220707
-0.011176079
-0.012010599
-0.012779419
-0.013502103
-0.014184052
-0.014838209
-0.015490337
-0.016171156
-0.016926008
-0.017756324
-0.018669817
-0.019694295
0.014607893
-0.020099734
-0.021306335
-0.022488588
-0.02352842
-0.024302262
-0.024670737
-0.024521662
-0.023701477
-0.02204916
-0.019274439
-0.014918171
-0.0096280236
-0.0067725586
-0.0068768661
-0.0060680874
-0.0055873934
-0.0046843742
-0.0033657663
-0.0019596866
)
;
    }
    procBoundary2to3
    {
        type            processor;
        value           nonuniform List<scalar> 
35
(
0.70096241
0.77770182
0.85093944
0.081144967
0.092888353
0.10604976
0.12081797
0.13743288
0.1561859
0.17741052
0.20149523
0.22889492
0.26009384
0.29565096
0.33616455
0.38219912
0.43424376
0.49267222
0.5571115
0.00071516002
0.62618046
0.014950963
0.0016635106
0.017751771
0.020908329
0.024529387
0.028708464
0.033537219
0.039098623
0.045469993
0.052734456
0.0609792
9.276169e-05
0.070292927
0.014645497
)
;
    }
}


// ************************************************************************* //
