/*--------------------------------*- C++ -*----------------------------------*\
| =========                 |                                                 |
| \\      /  F ield         | OpenFOAM: The Open Source CFD Toolbox           |
|  \\    /   O peration     | Version:  2406                                  |
|   \\  /    A nd           | Website:  www.openfoam.com                      |
|    \\/     M anipulation  |                                                 |
\*---------------------------------------------------------------------------*/
FoamFile
{
    version     2.0;
    format      ascii;
    arch        "LSB;label=32;scalar=64";
    class       surfaceScalarField;
    location    "0.03";
    object      phi;
}
// * * * * * * * * * * * * * * * * * * * * * * * * * * * * * * * * * * * * * //

dimensions      [1 0 -1 0 0 0 0];

oriented        oriented;

internalField   nonuniform List<scalar> 
4029
(
0.011471614
-0.0160652
0.016562031
-0.011968827
0.010979006
-0.01886892
0.019361109
0.010461939
-0.022084995
0.022601617
0.0099238748
-0.025799853
0.026337435
0.0093724441
-0.030088811
0.030639736
0.0088190263
-0.035023407
0.035576308
0.0082776939
-0.040684945
0.041225727
0.0077593974
-0.047169702
0.047687379
0.0072713013
-0.054606711
0.055094074
0.0068166319
-0.063149146
0.063602935
0.0063963359
-0.072939876
0.073359145
0.0060063047
-0.08416227
0.084551156
0.0056365423
-0.097001825
0.097370361
0.0052715811
-0.11163715
0.11200082
0.0048875454
-0.12794582
0.12832849
0.004416925
-0.14566569
0.14613486
0.0037982678
-0.16381922
0.16443642
0.0031809845
-0.18235764
0.1829735
0.0027238728
-0.20442497
0.20488073
0.0023521522
-0.23046073
0.23083126
0.0020205291
-0.26010575
0.26043653
0.0017216225
-0.29366166
0.29396033
0.0014487021
-0.33157424
0.33184785
0.0011986058
-0.37423874
0.37449101
0.00096671549
-0.42235726
0.42259324
0.00075118979
-0.47718174
0.47740355
0.00054117544
-0.53869487
0.53891382
0.00034465803
-0.60903724
0.60924589
0.00015086604
-0.68887333
0.68908269
4.3399202e-06
-0.77834126
0.77851501
-0.84904352
0.84905212
0.012714375
-0.015630183
-0.013149784
0.012224777
-0.018379752
0.011704481
-0.021565163
0.011157633
-0.025253504
0.010589571
-0.029521278
0.010010736
-0.034445143
0.0094342897
-0.040109126
0.0088735741
-0.046609705
0.0083367636
-0.054070757
0.0078282282
-0.062641629
0.0073512457
-0.072464067
0.0069032575
-0.083715574
0.006474897
-0.096574841
0.006045476
-0.11120918
0.0055893651
-0.12749125
0.005028694
-0.14510664
0.0043002531
-0.16309242
0.0036000963
-0.18165907
0.0030900592
-0.20391643
0.0026699156
-0.2300419
0.0022938013
-0.25973055
0.0019545164
-0.29332261
0.0016446313
-0.33126352
0.0013605332
-0.37395213
0.0010978254
-0.42208988
0.00085265047
-0.47692941
0.00061463443
-0.53844668
0.00039145853
-0.60880025
0.00017019551
-0.68863436
3.565195e-06
-0.77814391
-0.84902808
0.013951668
-0.015249822
-0.014332422
0.013506851
-0.017935373
0.013012546
-0.021071342
0.0124777
-0.02471919
0.011909644
-0.028953803
0.011318649
-0.03385479
0.010717611
-0.039508811
0.010121046
-0.046013979
0.0095395462
-0.05349025
0.0089778226
-0.062081072
0.0084420056
-0.071929575
0.0079310046
-0.083206023
0.0074362926
-0.096081668
0.0069327374
-0.11070725
0.0063911513
-0.12695139
0.0057202421
-0.14443755
0.0048656123
-0.16223962
0.0040844727
-0.1808797
0.0035192023
-0.20335282
0.0030430718
-0.2295672
0.0026149402
-0.25930339
0.0022280431
-0.29293591
0.001874425
-0.3309089
0.0015501397
-0.37362493
0.0012512033
-0.42178559
0.00097119538
-0.47664125
0.0007006351
-0.53816453
0.00044632107
-0.60853021
0.00019264429
-0.68836045
1.880766e-06
-0.77791758
-0.84880208
0.015201046
-0.014933902
-0.015517362
0.014818352
-0.017553128
0.014373712
-0.020627208
0.013873836
-0.024219885
0.013326214
-0.028406825
0.012740695
-0.033269999
0.012129874
-0.038898823
0.011508389
-0.045393467
0.010888613
-0.052871616
0.010277385
-0.061471167
0.0096823452
-0.071336024
0.0091041745
-0.082629471
0.0085351618
-0.095514374
0.0079464303
-0.11012034
0.0073027544
-0.12630965
0.0064968805
-0.14363371
0.0054971457
-0.16124193
0.0046347992
-0.18001933
0.0040057052
-0.20272554
0.0034650862
-0.22902815
0.0029777301
-0.25881707
0.0025367718
-0.29249512
0.0021335937
-0.33050451
0.0017639025
-0.37325187
0.0014244048
-0.42143997
0.0011047991
-0.47631234
0.00079789071
-0.53784441
0.00050801806
-0.60822241
0.00021778163
-0.68804708
-1.3969038e-06
-0.77765809
-0.84869735
0.016457835
-0.014692101
-0.01670005
0.016149404
-0.017245172
0.015772877
-0.020251226
0.015330159
-0.023777794
0.014825833
-0.027903216
0.01426756
-0.032712552
0.013666353
-0.038298573
0.013035862
-0.044764092
0.012389189
-0.052226242
0.011735598
-0.060819065
0.011083737
-0.070685825
0.010435905
-0.081983444
0.0097849372
-0.094865324
0.0090984425
-0.10943589
0.0083313351
-0.12554471
0.0073609163
-0.14266555
0.0061983046
-0.16008161
0.0052596273
-0.17908284
0.0045589933
-0.20202688
0.0039463435
-0.22841719
0.0033924045
-0.25826423
0.0028901742
-0.29199298
0.0024304161
-0.33004329
0.0020087686
-0.37282632
0.0016231622
-0.42104735
0.0012577292
-0.4759363
0.0009098157
-0.53748141
0.00057864894
-0.6078708
0.00024661895
-0.68768857
-3.9782666e-06
-0.7773618
-0.84851965
0.017710235
-0.01453264
-0.017870156
0.017487469
-0.017022936
0.017195048
-0.019959416
0.016829883
-0.023413333
0.016391927
-0.027466073
0.015884794
-0.03220636
0.015316149
-0.037731019
0.014697159
-0.044146371
0.014040168
-0.051570715
0.013355678
-0.06013624
0.012652946
-0.069984945
0.011935288
-0.081267798
0.011195406
-0.094127582
0.010396552
-0.10863933
0.0094789615
-0.12462955
0.0083084612
-0.14149757
0.0069730461
-0.15874876
0.0059676296
-0.17807985
0.0051862862
-0.20124768
0.0044925349
-0.22772526
0.0038634882
-0.25763631
0.0032918361
-0.29142132
0.0027676647
-0.32951732
0.0022869884
-0.37234109
0.0018494165
-0.42060174
0.0014313054
-0.47550606
0.001037531
-0.53707043
0.00065879318
-0.60746875
0.00027954911
-0.68727903
-7.4922903e-06
-0.77702406
-0.84829519
0.018954771
-0.014461211
-0.019026739
0.018825718
-0.016894502
0.018629967
-0.019764374
0.018359271
-0.02314345
0.018008278
-0.027116015
0.017575459
-0.031774619
0.017063571
-0.037220374
0.016479512
-0.043563744
0.01583285
-0.050925694
0.015133272
-0.059438519
0.0143894
-0.069243134
0.013604329
-0.080484967
0.01276914
-0.093294782
0.011840058
-0.10771283
0.010737102
-0.12352932
0.0093268281
-0.1400901
0.0078298049
-0.15725461
0.006765935
-0.17701865
0.0058957848
-0.20037981
0.0051118071
-0.22694322
0.0043988807
-0.25692453
0.0037491567
-0.29077144
0.0031519682
-0.32891794
0.0026043308
-0.37178814
0.002107933
-0.42009611
0.0016293954
-0.47501366
0.0011838383
-0.53660523
0.00075054042
-0.60700884
0.00031749854
-0.68681139
-1.1957933e-05
-0.77663895
-0.84806504
0.020206652
-0.014477796
-0.020190715
0.020173426
-0.016862016
0.020078697
-0.019670484
0.019911341
-0.022977049
0.019661456
-0.026867218
0.01932176
-0.031436165
0.018888718
-0.03678875
0.01836307
-0.043039714
0.017749231
-0.050313692
0.017053342
-0.058744699
0.016281072
-0.068473158
0.015432907
-0.079639297
0.014495366
-0.092359906
0.013412255
-0.10663262
0.012077766
-0.12219787
0.010395547
-0.138411
0.0087841409
-0.15564641
0.007658945
-0.17589637
0.0066944783
-0.1994177
0.005811248
-0.22606206
0.0050049864
-0.25611939
0.0042676993
-0.2900338
0.0035882503
-0.32823579
0.0029650848
-0.37115877
0.0024020568
-0.41952248
0.0018551513
-0.4744509
0.0013507804
-0.53607843
0.00085558459
-0.60648328
0.00036114527
-0.68627766
-1.7463797e-05
-0.77619971
-0.84793579
0.021475974
-0.014574738
-0.021379811
0.021534194
-0.016921122
0.021539812
-0.019677103
0.021478821
-0.022917185
0.021337646
-0.026727315
0.021103492
-0.031203447
0.020766065
-0.036452944
0.020318724
-0.042594201
0.019758586
-0.049755612
0.019085187
-0.058073606
0.018297836
-0.067688361
0.017390393
-0.078734629
0.016339246
-0.091311727
0.015067218
-0.10536384
0.013435583
-0.12056962
0.011493787
-0.13647269
0.009855457
-0.15401172
0.008651869
-0.17469596
0.007587599
-0.19835572
0.0065979581
-0.22507465
0.0056890374
-0.25521155
0.0048542616
-0.28919839
0.0040832212
-0.32746142
0.0033754552
-0.37044375
0.0027366301
-0.41887148
0.0021127658
-0.47380887
0.0015412718
-0.53548129
0.00097649573
-0.60588386
0.0004115978
-0.68566851
-2.3472127e-05
-0.77569869
-0.84762551
0.022779176
-0.0147389
-0.022615928
0.022915491
-0.017058481
0.023012731
-0.019775522
0.023053829
-0.022959602
0.023020351
-0.026695316
0.022894518
-0.031079273
0.022659941
-0.03622022
0.022302409
-0.042238735
0.021810242
-0.049265746
0.02117325
-0.057439177
0.02037983
-0.066897773
0.019410672
-0.077768537
0.018221949
-0.090126294
0.016707039
-0.10385253
0.014719891
-0.11858623
0.012623011
-0.13437973
0.011035349
-0.15242834
0.0097478714
-0.17341188
0.0085775672
-0.19718724
0.0074772645
-0.22397691
0.0064564907
-0.25419175
0.0055140682
-0.28825497
0.0046423993
-0.32658564
0.0038408835
-0.36963371
0.0031156866
-0.41813231
0.0024058002
-0.47307815
0.0017578657
-0.53480397
0.0011155943
-0.60520209
0.00047013707
-0.68497388
-3.2300932e-05
-0.77512511
-0.84732886
0.024128656
-0.014967171
-0.023901402
0.024335174
-0.017266176
0.024506388
-0.019948037
0.024628417
-0.023083064
0.024683291
-0.026751859
0.024650912
-0.031048804
0.024510044
-0.036081478
0.024239058
-0.041970083
0.023816047
-0.048845295
0.023217429
-0.056843383
0.022414273
-0.066097717
0.021363344
-0.076720946
0.01997599
-0.088742554
0.018154035
-0.10203452
0.015888638
-0.11632498
0.013812062
-0.13230753
0.012294458
-0.15091613
0.010945595
-0.17206573
0.009664956
-0.19590796
0.00845424
-0.22276953
0.0073114084
-0.25304974
0.0062520448
-0.28719412
0.005271602
-0.3256001
0.0043677653
-0.36871985
0.0035440723
-0.41729255
0.0027388278
-0.47224899
0.0020040217
-0.53403546
0.001275647
-0.60442873
0.00053855982
-0.68418311
-4.3349914e-05
-0.77447068
-0.84750583
0.025404154
-0.015234252
-0.025137839
0.025657434
-0.017520323
0.025885623
-0.020177565
0.026071642
-0.023270917
0.026196596
-0.026878983
0.026239013
-0.031093625
0.026174182
-0.036019193
0.025973766
-0.041772325
0.025604881
-0.048479233
0.025026735
-0.056268306
0.02418434
-0.065258654
0.022996539
-0.075536686
0.021325266
-0.087075192
0.019121751
-0.099835299
0.016925971
-0.11413374
0.015206961
-0.13059323
0.013663754
-0.14937775
0.012210766
-0.17061605
0.010840078
-0.19454046
0.0095013239
-0.22143317
0.0082570681
-0.25180599
0.0070708123
-0.28600565
0.0059745722
-0.32449754
0.0049611113
-0.3676946
0.0040255738
-0.41633853
0.0031155635
-0.47131148
0.0022828445
-0.53316401
0.0014583189
-0.60355301
0.00061838239
-0.68328583
-5.8507688e-05
-0.77372751
-0.8469777
0.026423054
-0.015510766
-0.026146831
0.02669194
-0.017790631
0.026940424
-0.020428803
0.027152799
-0.023486425
0.027309779
-0.027039062
0.027388288
-0.031175066
0.027359022
-0.035992739
0.027185312
-0.041601413
0.026820882
-0.048117798
0.026202552
-0.055653347
0.025242657
-0.064302465
0.023836465
-0.074134343
0.021966734
-0.085209705
0.01988884
-0.097762063
0.018053781
-0.11230365
0.016485616
-0.12903019
0.015024998
-0.1479221
0.013565144
-0.16916019
0.012117012
-0.19309545
0.010688494
-0.22000672
0.0092682962
-0.25038578
0.0079639685
-0.28469817
0.0067557434
-0.32328153
0.0056253799
-0.36655035
0.0045632232
-0.41525509
0.0035396694
-0.47025629
0.0025978461
-0.53217759
0.0016653558
-0.60256229
0.00070972665
-0.68227044
-7.334131e-05
-0.77288914
-0.84682184
0.026610861
-0.015747678
-0.026376607
0.026835141
-0.018016722
0.027044179
-0.020638482
0.027232578
-0.023675146
0.027380191
-0.02718725
0.027453917
-0.03124987
0.027411434
-0.035951909
0.027204625
-0.041396898
0.026776088
-0.047692253
0.026054408
-0.054935471
0.024992265
-0.063244917
0.023608525
-0.072755629
0.022082107
-0.083688546
0.020702526
-0.096388009
0.019406977
-0.11101395
0.01799892
-0.12762795
0.016484099
-0.14641249
0.014950818
-0.16763103
0.013419922
-0.19156763
0.01189904
-0.21848746
0.010403869
-0.24888992
0.0089402747
-0.28323021
0.0076039275
-0.32193559
0.0063621652
-0.36529232
0.0051587348
-0.41402707
0.0040135648
-0.46907476
0.0029518405
-0.53106448
0.0018992094
-0.60144337
0.00081403411
-0.68112445
-0.00011875336
-0.77191833
-0.84579827
0.025401384
-0.016010874
-0.025139344
0.025644642
-0.018261123
0.025845162
-0.020840117
0.025978783
-0.02380982
0.026033906
-0.027243495
0.025998694
-0.031215987
0.025861809
-0.035816605
0.025620204
-0.041157017
0.025273525
-0.047347252
0.024782609
-0.054446335
0.024145975
-0.062611149
0.023412131
-0.072027412
0.022658026
-0.082941912
0.021794803
-0.095532145
0.020655762
-0.10988218
0.019290878
-0.12626998
0.017846285
-0.14497363
0.016350136
-0.16613898
0.014792248
-0.19001248
0.013194058
-0.21689027
0.011566464
-0.2472606
0.010010333
-0.28166806
0.0085281609
-0.3204418
0.0071572133
-0.36390241
0.0058220821
-0.4126634
0.0045401861
-0.46775118
0.0033475425
-0.52981272
0.0021602199
-0.60018042
0.000934519
-0.67983736
-0.00014710946
-0.77081747
-0.84439643
0.022895082
-0.016361464
-0.022545787
0.023275008
-0.018642513
0.023682893
-0.02124966
0.024098841
-0.024227636
0.024496355
-0.027643099
0.024838578
-0.031560488
0.025060013
-0.036040641
0.025058118
-0.041158231
0.024840526
-0.047132762
0.024540701
-0.054148896
0.024236083
-0.062307739
0.023866468
-0.071660427
0.023369689
-0.082451156
0.022655339
-0.094825124
0.021724023
-0.10895794
0.020575789
-0.12512866
0.019214714
-0.14361888
0.017720095
-0.16464872
0.01612448
-0.18841907
0.014471287
-0.215237
0.012788797
-0.24557486
0.011128498
-0.27999984
0.0095309714
-0.31883013
0.0080092275
-0.36235841
0.0065537393
-0.41117497
0.005122489
-0.46627233
0.0037856969
-0.52840832
0.0024458886
-0.59875428
0.0010655945
-0.67839463
-0.00015115387
-0.76961053
-0.84389817
0.020318299
-0.016633723
-0.020047705
0.020611748
-0.018937839
0.020926993
-0.021567047
0.021267436
-0.024570569
0.02162949
-0.028008117
0.022020652
-0.031955285
0.022477837
-0.036502152
0.023066919
-0.041752169
0.023628152
-0.047699732
0.023991701
-0.054521104
0.0240982
-0.062424684
0.024054567
-0.071623267
0.023716534
-0.082114269
0.023134043
-0.094244445
0.022358408
-0.10818647
0.021390642
-0.12416554
0.020248424
-0.14248126
0.018915756
-0.16332025
0.017395292
-0.18690025
0.015730086
-0.21357012
0.013987827
-0.24382709
0.012285135
-0.27828693
0.010581499
-0.31710932
0.0089232948
-0.36067394
0.0073302532
-0.40954391
0.0057636044
-0.46465152
0.0042661753
-0.52683454
0.0027613235
-0.59715165
0.0012050643
-0.67677307
-0.00022857352
-0.76822199
-0.84342335
0.020076738
-0.016900808
-0.019812005
0.020361924
-0.019225678
0.020669679
-0.021877772
0.021002325
-0.024906537
0.021360698
-0.028370202
0.021736385
-0.032335097
0.022108179
-0.036878527
0.022434935
-0.042084129
0.022739926
-0.048010754
0.02302287
-0.054809472
0.02318928
-0.062596771
0.023192523
-0.071636989
0.023233951
-0.08216577
0.023040095
-0.094055937
0.022606835
-0.10775733
0.021967034
-0.12352786
0.021022725
-0.1415378
0.019813121
-0.16211174
0.018414785
-0.18550238
0.016816779
-0.21196844
0.015124544
-0.24212631
0.013401955
-0.27655086
0.011657103
-0.31534374
0.0098770668
-0.35886314
0.0081562724
-0.407779
0.0064587101
-0.46289245
0.004786026
-0.52507745
0.0031054799
-0.59536372
0.0013630561
-0.67495991
-0.000247723
-0.76669859
-0.84137932
0.018733281
-0.017158516
-0.018478024
0.019013263
-0.019508427
0.019317187
-0.022184781
0.019641665
-0.025234406
0.019979974
-0.028712171
0.020322213
-0.032681216
0.020650106
-0.03721046
0.020945509
-0.042383611
0.02124298
-0.048312085
0.021545019
-0.055114992
0.021876252
-0.062929828
0.022055407
-0.071815309
0.021886267
-0.082000408
0.021858994
-0.094039236
0.02189866
-0.10780822
0.021668653
-0.1233084
0.021109781
-0.14098505
0.020220609
-0.16122347
0.019074562
-0.1843544
0.017698443
-0.2105864
0.016128627
-0.24054489
0.014461742
-0.27486677
0.012698732
-0.31355543
0.010854414
-0.35698253
0.009011827
-0.40588485
0.0071713283
-0.46098201
0.0053399006
-0.52315549
0.0034708873
-0.59338348
0.001524895
-0.67293515
-0.00017922148
-0.76512323
-0.84181495
0.018355691
-0.017393918
-0.01812254
0.018611975
-0.019767265
0.01889342
-0.022469108
0.019201919
-0.02554613
0.019538329
-0.029052143
0.019902323
-0.033049055
0.020296454
-0.037608621
0.020721589
-0.042812811
0.02115908
-0.048753432
0.021578719
-0.055538002
0.021923959
-0.063277923
0.022225232
-0.072118396
0.022382849
-0.082158549
0.022039128
-0.093695686
0.021465575
-0.10723803
0.021147626
-0.12300392
0.020860664
-0.14071078
0.02029375
-0.16066446
0.019413369
-0.18347459
0.018266194
-0.20943173
0.016950539
-0.23921494
0.015417758
-0.27331331
0.013689297
-0.31179641
0.01180425
-0.35505374
0.0098595196
-0.40387907
0.0079016343
-0.45894475
0.0059166844
-0.52107643
0.0038719085
-0.59123262
0.001704455
-0.67068306
-0.00037375409
-0.76317696
-0.84019699
0.016866171
-0.017618859
-0.016643149
0.01711305
-0.020016337
0.017384528
-0.022743094
0.017680803
-0.025845279
0.018000628
-0.029375282
0.018341151
-0.033393438
0.018695953
-0.037967959
0.019056352
-0.043178575
0.019417733
-0.049121235
0.019779831
-0.055907809
0.020165677
-0.06367271
0.020605389
-0.072567731
0.021245593
-0.08280761
0.021898647
-0.094354498
0.021953704
-0.10729404
0.021318975
-0.12236533
0.020662119
-0.14005585
0.020179752
-0.16019053
0.019596846
-0.18289564
0.018751096
-0.20857758
0.017606139
-0.23805243
0.01619096
-0.27187273
0.014556447
-0.3101247
0.012697646
-0.35314152
0.010685714
-0.40179474
0.0086324822
-0.45680131
0.0065042753
-0.51885222
0.0043096611
-0.58894569
0.0019445941
-0.66822299
-0.00032157867
-0.76095157
-0.83841524
0.016239435
-0.017825297
-0.016034844
0.016466231
-0.020245204
0.016716933
-0.022996112
0.016993098
-0.026124031
0.017296822
-0.029681894
0.017630751
-0.033730587
0.017999538
-0.038340337
0.018408013
-0.04359107
0.018854397
-0.049572141
0.019324799
-0.056383313
0.019784774
-0.064138401
0.020187955
-0.072976909
0.020436588
-0.083061753
0.020711059
-0.094635775
0.021281213
-0.10787288
0.021658192
-0.12274046
0.021315484
-0.13970382
0.020471367
-0.15934122
0.019666364
-0.18208795
0.019020274
-0.20792421
0.018160195
-0.23717245
0.016835381
-0.27051461
0.01520013
-0.30844151
0.013418539
-0.35129406
0.011440492
-0.39973053
0.0093138346
-0.45457246
0.0070697078
-0.51651185
0.0047555024
-0.58656011
0.0022571121
-0.66563028
6.7856625e-05
-0.7586116
-0.84014586
0.014383888
-0.018016455
-0.014194512
0.014595111
-0.020458422
0.014829371
-0.023232598
0.015087593
-0.026384736
0.015370074
-0.029967142
0.015675916
-0.034039507
0.016002186
-0.038670019
0.016343832
-0.043936476
0.016694649
-0.049927079
0.017052123
-0.056745267
0.017420923
-0.064511981
0.017806302
-0.073367214
0.018207675
-0.08346768
0.0185545
-0.094985286
0.018862958
-0.10818151
0.019380308
-0.12326224
0.020054368
-0.14038619
0.020301231
-0.15958261
0.01975864
-0.18152931
0.019040082
-0.20718357
0.018275564
-0.23637694
0.017137674
-0.26932821
0.015640024
-0.30687858
0.013951509
-0.34952319
0.011986772
-0.39766266
0.009880243
-0.45235208
0.0075938558
-0.51413233
0.0051430656
-0.58406796
0.0024782442
-0.66293637
-0.00035266982
-0.75576828
-0.83679704
0.013568379
-0.018181551
-0.013405011
0.01375025
-0.020642209
0.01395285
-0.023437314
0.014178511
-0.026612721
0.014429638
-0.030220813
0.014708729
-0.034321367
0.015018451
-0.038982746
0.015361992
-0.044283276
0.015744196
-0.050312818
0.016168354
-0.05717327
0.016629755
-0.064977567
0.017109104
-0.073851048
0.017582026
-0.083945295
0.018019555
-0.095427415
0.018324517
-0.10848945
0.018462623
-0.12340105
0.018532068
-0.1404536
0.018935437
-0.15998075
0.019219642
-0.1817889
0.018826849
-0.20674945
0.017897689
-0.23539628
0.016837523
-0.26819757
0.015580197
-0.30553243
0.014105511
-0.34794624
0.012348157
-0.39578677
0.010276487
-0.45015901
0.0079719682
-0.51174494
0.0054097243
-0.58150898
0.002516406
-0.66015414
7.862477e-05
-0.75362979
-0.83684555
0.011669613
-0.018332033
-0.01152083
0.011836248
-0.020810714
0.01202211
-0.023625226
0.012228456
-0.026821298
0.012456196
-0.030450954
0.012705652
-0.034573366
0.012976131
-0.039255864
0.013265271
-0.044575068
0.013568289
-0.050618381
0.013878829
-0.057486059
0.014193668
-0.065294077
0.014516396
-0.074174436
0.014851528
-0.084279349
0.015227289
-0.095799194
0.015670698
-0.10892444
0.016126162
-0.12384053
0.016455328
-0.1407538
0.01653196
-0.16001331
0.016810076
-0.18202661
0.017054484
-0.20695571
0.016678359
-0.23496217
0.015952947
-0.26739325
0.01507479
-0.30455022
0.01386325
-0.34661737
0.01235322
-0.3941547
0.010449723
-0.44814537
0.0081860505
-0.50942607
0.005565437
-0.57894511
0.0024272177
-0.65729394
-0.00097181647
-0.75064099
-0.83522258
0.011278854
-0.018454307
-0.011157082
0.011415107
-0.020947465
0.011567431
-0.023778004
0.011737394
-0.026991625
0.011926719
-0.030640483
0.012137335
-0.034783917
0.012371441
-0.039489472
0.012631514
-0.04483397
0.012920203
-0.050904877
0.013239961
-0.057802118
0.013591346
-0.065639597
0.013972036
-0.074546156
0.014368899
-0.084663107
0.014730006
-0.096141826
0.015008369
-0.10917767
0.015190803
-0.12399047
0.015314753
-0.14083742
0.015374641
-0.16002334
0.015292218
-0.18188032
0.015087201
-0.206668
0.015121562
-0.23490388
0.014992819
-0.2671617
0.014415545
-0.30386692
0.013405561
-0.34549452
0.012029802
-0.39267784
0.010272312
-0.44633047
0.0081165011
-0.5072868
0.0055838828
-0.57650882
0.0023424205
-0.65441769
-0.001477918
-0.74743506
-0.83315729
0.0096627677
-0.018567693
-0.0095482316
0.0097909301
-0.021074158
0.0099337381
-0.023918947
0.010092333
-0.027147854
0.010267815
-0.030812954
0.01046126
-0.034973517
0.010673407
-0.03969669
0.010904551
-0.04505877
0.011154431
-0.051146557
0.011421498
-0.058058517
0.011702437
-0.065906542
0.011991625
-0.07481693
0.012286972
-0.084934071
0.012603696
-0.096426271
0.012952885
-0.10948432
0.013357016
-0.12433884
0.013811826
-0.14122008
0.014246932
-0.16036939
0.01449637
-0.18204233
0.014526378
-0.20658956
0.014331586
-0.2345881
0.013996374
-0.26672688
0.013437872
-0.3032033
0.012536876
-0.34449359
0.011288641
-0.39136861
0.0097412059
-0.44480956
0.0077350133
-0.50543253
0.0052958312
-0.57429533
0.0021958475
-0.65168084
-0.0017457836
-0.74418412
-0.83286771
0.0082109185
-0.018644917
-0.0081304359
0.0083019936
-0.021161308
0.0084048957
-0.024017063
0.0085210528
-0.027258145
0.0086520119
-0.030936693
0.0087993287
-0.035111917
0.0089645705
-0.039850911
0.0091493411
-0.045229901
0.0093553498
-0.051335663
0.0095846728
-0.05826692
0.0098401786
-0.066136245
0.010126753
-0.075071823
0.010448984
-0.0852176
0.010805365
-0.096735753
0.011186572
-0.10980946
0.011557047
-0.124644
0.011890673
-0.14148068
0.012177175
-0.16057419
0.01239506
-0.18214309
0.01252663
-0.20660587
0.012567891
-0.23452893
0.012361391
-0.26640561
0.011958118
-0.30272933
0.011302487
-0.3438049
0.01033296
-0.3904155
0.0089216571
-0.44351889
0.0070985769
-0.5038866
0.0047893155
-0.57240537
0.0018866784
-0.64939242
-0.0021409021
-0.74095903
-0.83207524
0.0071500084
-0.01869985
-0.0070877205
0.0072215358
-0.021224241
0.0073041039
-0.02408957
0.0073995456
-0.027341792
0.0075100202
-0.031033344
0.007638129
-0.035223777
0.0077870074
-0.039980697
0.0079600768
-0.045380569
0.0081604071
-0.051509788
0.0083899038
-0.058465876
0.0086479354
-0.066358946
0.0089314648
-0.075314944
0.0092340086
-0.085474707
0.0095462435
-0.096998162
0.0098540835
-0.11006408
0.010135215
-0.1248691
0.010382248
-0.14166618
0.010639911
-0.16073633
0.010862231
-0.18228087
0.010855731
-0.20653371
0.010727422
-0.23428168
0.010498306
-0.26611159
0.01001417
-0.30226091
0.009364847
-0.34325123
0.0085276097
-0.38974148
0.0072574853
-0.4424941
0.0056026706
-0.50258273
0.0036205921
-0.57087473
0.0012948506
-0.64780936
-0.002603954
-0.73802845
-0.83115356
0.006467014
-0.018719318
-0.0064343277
0.0065030529
-0.021245313
0.0065423185
-0.024111928
0.0065846
-0.027365009
0.006629383
-0.031056697
0.0066756821
-0.035246116
0.0067219467
-0.040000327
0.0067661783
-0.045395417
0.0068063129
-0.051517824
0.0068408928
-0.058465888
0.0068704129
-0.06635177
0.0068972479
-0.075303248
0.0069283585
-0.08546539
0.0069780524
-0.097004387
0.0070778361
-0.11011386
0.0072558269
-0.12498344
0.0074868812
-0.14181324
0.007688813
-0.16086314
0.0078811078
-0.18238644
0.0081007815
-0.20662875
0.0079685257
-0.23415118
0.0076209916
-0.26590494
0.0073060752
-0.30210482
0.0068933543
-0.34300228
0.0062587441
-0.38934062
0.0053815443
-0.44194791
0.0042234381
-0.50182102
0.0027327816
-0.56984097
0.00079796102
-0.64662318
-0.0028268434
-0.73541883
-0.83052066
0.0028948149
-0.0029259231
0.0028591069
0.0028170618
0.00276836
0.0027126702
0.0026496393
0.0025789459
0.0025002804
0.0024132375
0.0023170633
0.0022100568
0.0020888981
0.0019484072
0.0017796892
0.0015650198
0.0013052211
0.0010364765
0.00080676554
0.00069531315
0.00085622592
0.0013169956
0.0017432623
0.0019166988
0.0020099831
0.0020672375
0.0021063204
0.0019260055
0.0013564904
0.00066802153
-0.0020929138
0.012878901
-0.012723938
0.010298954
-0.010454393
0.014713006
-0.016262649
0.014428003
0.016096568
-0.019830746
0.018446572
0.017207996
-0.023783964
0.022671822
0.018187918
-0.028313988
0.02733325
0.0191031
-0.033541608
0.032625509
0.019952924
-0.039545898
0.038695043
0.020753277
-0.046402407
0.0456009
0.021504754
-0.054273604
0.053520839
0.022182056
-0.063281749
0.062603022
0.022764389
-0.073566901
0.072983007
0.023239595
-0.085302176
0.084825269
0.023598279
-0.098685042
0.098324502
0.02382815
-0.11391618
0.11368428
0.023911702
-0.13119137
0.13110559
0.023790221
-0.1505945
0.15071351
0.023403503
-0.17193605
0.17232008
0.022638834
-0.19480304
0.19556492
0.021352069
-0.21771806
0.21900208
0.019892174
-0.24101364
0.24247081
0.018578154
-0.26859681
0.2699083
0.017286323
-0.301189
0.3024789
0.015930757
-0.33840486
0.33975957
0.014478579
-0.38050559
0.38195878
0.012913861
-0.42820954
0.42977805
0.011215014
-0.48259912
0.48430544
0.009350743
-0.54389529
0.54577104
0.0072927777
-0.61403553
0.61611056
0.0050218065
-0.69347198
0.6957731
0.0025190622
-0.78148844
0.78403505
-0.85141867
0.85407089
0.014034641
-0.014258589
-0.012500502
0.015082112
-0.017310708
0.015958919
-0.020708228
0.016785324
-0.024611139
0.017605952
-0.029135488
0.018419718
-0.034356353
0.019204143
-0.04033142
0.01995082
-0.047150307
0.020640191
-0.054964334
0.021248221
-0.063891274
0.021762924
-0.074083233
0.022176626
-0.085717646
0.022481395
-0.098991735
0.022665306
-0.11410219
0.022709988
-0.13123835
0.022551309
-0.15043834
0.022136021
-0.17152349
0.021340894
-0.19401074
0.020046005
-0.21642595
0.018657699
-0.23962817
0.017427996
-0.2673696
0.016207836
-0.29997071
0.014925426
-0.33712319
0.013553772
-0.37913275
0.012078285
-0.42673001
0.010479657
-0.48099273
0.0087276396
-0.54213148
0.0067971149
-0.61208769
0.0046711961
-0.6913159
0.0023378385
-0.77911017
-0.84871139
0.013493534
-0.01513052
-0.012622163
0.014271106
-0.018088917
0.015064666
-0.021502509
0.015889853
-0.025437137
0.016718986
-0.029965533
0.017518918
-0.035157313
0.018273218
-0.04108687
0.01897692
-0.047855291
0.019609668
-0.055598502
0.020159254
-0.064442415
0.020618114
-0.074543778
0.020980898
-0.086082253
0.021240766
-0.099253582
0.021386598
-0.11425017
0.021401058
-0.13125516
0.021213062
-0.15025289
0.020775917
-0.17108911
0.019956665
-0.19319433
0.018674724
-0.21514683
0.017373274
-0.23832949
0.016225795
-0.26622461
0.01507692
-0.29882364
0.013870134
-0.33591702
0.012582381
-0.37784362
0.01120021
-0.42534355
0.0097064049
-0.47949088
0.0080725537
-0.54048554
0.0062757632
-0.61027339
0.0043022916
-0.68931226
0.0021459055
-0.77690746
-0.84622517
0.012499949
-0.015933661
-0.011697393
0.01332736
-0.018916994
0.014163075
-0.022338973
0.014989834
-0.026264741
0.015790221
-0.030766871
0.01654822
-0.035916379
0.017254168
-0.041794014
0.017901516
-0.048503973
0.018474865
-0.056173325
0.01896619
-0.064935346
0.019370698
-0.074950019
0.019684663
-0.086398086
0.019901975
-0.099472918
0.020011864
-0.11436226
0.019993265
-0.13123897
0.019779557
-0.15004177
0.019331106
-0.17064345
0.018492827
-0.1923589
0.017237662
-0.2138945
0.016027746
-0.23712233
0.014960073
-0.2651594
0.013885227
-0.29775052
0.012758369
-0.33479064
0.011559557
-0.37664324
0.010276303
-0.42405575
0.0088934521
-0.47809971
0.0073844237
-0.53896413
0.0057286401
-0.60859992
0.0039160488
-0.68746959
0.0019451411
-0.77488917
-0.84396273
0.011492776
-0.016791567
-0.010635476
0.012343565
-0.019768472
0.013177752
-0.023173935
0.013986503
-0.027074365
0.014756575
-0.031537925
0.015475044
-0.036635954
0.016133673
-0.042453885
0.016725518
-0.0490972
0.017241147
-0.056690475
0.017676349
-0.065372198
0.018028857
-0.075304299
0.018296357
-0.086667493
0.018473351
-0.099651973
0.018548991
-0.11444013
0.018497119
-0.13118954
0.018262802
-0.14981008
0.01780821
-0.17019168
0.016958422
-0.19151196
0.015744229
-0.21268315
0.014628592
-0.23600945
0.013641094
-0.2641743
0.01264315
-0.29675421
0.01159976
-0.3337476
0.010493885
-0.37553561
0.0093139078
-0.42287101
0.0080468634
-0.4768241
0.0066680885
-0.53757274
0.0051593401
-0.60707336
0.0035142295
-0.68579454
0.0017349478
-0.77306117
-0.84219649
0.010451135
-0.017667668
-0.0095756496
0.0113041
-0.020622139
0.012128289
-0.023998915
0.012913228
-0.027860199
0.013646276
-0.032271984
0.014318464
-0.037309283
0.014924178
-0.043060879
0.015458509
-0.049632955
0.015916685
-0.057150211
0.016297313
-0.065754511
0.01659988
-0.075608669
0.016823114
-0.086892662
0.016962023
-0.099792971
0.017005625
-0.11448599
0.016923442
-0.13110982
0.016674671
-0.14956397
0.016215832
-0.16973566
0.015360835
-0.1906598
0.014200566
-0.21152572
0.013180945
-0.23499254
0.012273031
-0.26326874
0.011354155
-0.29583688
0.010397401
-0.33279106
0.0093881987
-0.37452448
0.0083156969
-0.42179351
0.0071691264
-0.47566874
0.0059257559
-0.53631652
0.004569717
-0.60569941
0.0030981704
-0.68429332
0.0015178822
-0.77143121
-0.84065787
0.0093827355
-0.018552093
-0.0084989487
0.010229976
-0.0214701
0.011032674
-0.024802426
0.011780878
-0.028609322
0.012466732
-0.032958876
0.013085483
-0.037929205
0.013633692
-0.043610402
0.014109063
-0.050109784
0.01451012
-0.057552858
0.014837471
-0.066083572
0.015091857
-0.075864881
0.015272793
-0.087075553
0.015375867
-0.099898153
0.015390259
-0.11450266
0.015283904
-0.13100594
0.015030011
-0.14931275
0.014566318
-0.16927479
0.013708521
-0.1898048
0.012614551
-0.21043458
0.011690657
-0.23407136
0.010862132
-0.2624425
0.010024579
-0.29500078
0.0091573709
-0.33192394
0.0082481325
-0.37361313
0.0072867257
-0.42082691
0.0062646334
-0.47463766
0.0051610967
-0.53519996
0.0039626315
-0.60448296
0.0026698152
-0.68297117
0.0012955554
-0.77000679
-0.83907428
0.0083422682
-0.019414271
-0.0074807414
0.0091541301
-0.022282697
0.0099095841
-0.02555871
0.010602187
-0.029302864
0.011228558
-0.033586307
0.011785907
-0.038487751
0.012272137
-0.044097972
0.012686944
-0.050526072
0.013030893
-0.057898418
0.013305899
-0.066360306
0.013513518
-0.076074338
0.01365387
-0.087217871
0.013723312
-0.099969713
0.013711825
-0.11449346
0.013587241
-0.13088383
0.013332165
-0.14906036
0.012863959
-0.16880942
0.012010326
-0.18895394
0.010993149
-0.20942022
0.01016351
-0.23324438
0.0094141907
-0.26169541
0.0086598242
-0.29424776
0.0078846476
-0.3311487
0.0070782187
-0.37280442
0.0062311004
-0.4199744
0.0053370096
-0.47373441
0.0043771889
-0.53422697
0.0033405402
-0.60342829
0.0022309446
-0.68183268
0.0010671871
-0.76879275
-0.83772029
0.0073359563
-0.02020816
-0.0065426889
0.0080765977
-0.023024071
0.0087616264
-0.026244581
0.0093832759
-0.02992547
0.0099399765
-0.034144089
0.01042901
-0.038978
0.01084928
-0.044519598
0.011201911
-0.0508802
0.01148855
-0.058186679
0.011711853
-0.066585343
0.011873825
-0.076238154
0.011975035
-0.087321052
0.012012733
-0.10000953
0.011976831
-0.11445986
0.011839487
-0.13074898
0.011583493
-0.14880705
0.011110004
-0.16833872
0.010274759
-0.18812146
0.0093433473
-0.20849159
0.0086053697
-0.23250902
0.0079353317
-0.26102752
0.0072658434
-0.29357952
0.0065848602
-0.33046753
0.0058836626
-0.37210078
0.005153533
-0.41923871
0.0043903936
-0.47296197
0.003577528
-0.53340081
0.0027061981
-0.60253891
0.0017834949
-0.68088156
0.00083462183
-0.76779392
-0.83659885
0.0063486481
-0.020911126
-0.0056463104
0.0069980382
-0.023674205
0.0075916449
-0.026839046
0.0081320361
-0.030466835
0.0086103231
-0.034623473
0.009024416
-0.039393319
0.0093749894
-0.044871534
0.0096638245
-0.051170536
0.0098927533
-0.058417232
0.010064741
-0.066759064
0.010181908
-0.076357162
0.010245126
-0.087386237
0.010252559
-0.10001908
0.010187227
-0.11439682
0.010035898
-0.13060014
0.0097868034
-0.14856061
0.0093142764
-0.16786892
0.008511471
-0.18732139
0.0076716937
-0.20765453
0.0070223083
-0.23186219
0.006431754
-0.26043904
0.0058485083
-0.29299743
0.005263479
-0.3298822
0.004669486
-0.37150421
0.0040585625
-0.41862208
0.0034287807
-0.47232276
0.0027654954
-0.53272415
0.0020622949
-0.60181764
0.0013293317
-0.68012067
0.00059864028
-0.76701348
-0.83571125
0.0053744719
-0.021494628
-0.0047916208
0.0059183678
-0.024218876
0.0064165227
-0.02733809
0.0068615798
-0.030912894
0.0072497022
-0.03501271
0.007580832
-0.039725682
0.0078591541
-0.045151216
0.0080825894
-0.051395466
0.0082532568
-0.058589515
0.0083741079
-0.066881637
0.0084470943
-0.076431977
0.0084731136
-0.087414212
0.0084514697
-0.099999548
0.0083690269
-0.11431666
0.0082076707
-0.13044125
0.0079536575
-0.14830921
0.0074876067
-0.16740554
0.0067305337
-0.18656702
0.0059844266
-0.20691111
0.0054205367
-0.23130081
0.0049097347
-0.25993023
0.0044138316
-0.29250258
0.0039261464
-0.32939408
0.0034408961
-0.37101624
0.002950914
-0.41812626
0.0024563205
-0.47181865
0.0019446056
-0.53219901
0.0014116206
-0.60126657
0.00087038132
-0.67955196
0.00036001044
-0.76645389
-0.83506047
0.0044284898
-0.021942207
-0.0039816153
0.0048465987
-0.024637816
0.0052286175
-0.027721053
0.0055685434
-0.031253859
0.0058642924
-0.035309593
0.0061124427
-0.03997507
0.0063123036
-0.045352428
0.0064680033
-0.051552641
0.0065798905
-0.058702998
0.0066496418
-0.06695309
0.006678961
-0.076463106
0.0066682906
-0.087405481
0.006608708
-0.099942056
0.0064975783
-0.11420779
0.0063375531
-0.13028368
0.0060944009
-0.14806863
0.0056417187
-0.16695548
0.0049401117
-0.18586806
0.0042877413
-0.20626137
0.003806439
-0.23082194
0.0033756092
-0.25950131
0.0029678326
-0.29209576
0.0025784914
-0.32900421
0.0022030797
-0.37063799
0.0018352818
-0.41775252
0.0014771546
-0.47145094
0.00111835
-0.53182675
0.00075697475
-0.60088711
0.00040862079
-0.67917657
0.00011801149
-0.76611442
-0.83492079
0.0034998912
-0.022242537
-0.003200463
0.0037818399
-0.024920743
0.0040391868
-0.027979456
0.0042671848
-0.031482967
0.0044626789
-0.035506249
0.0046227292
-0.040136355
0.0047448461
-0.045475876
0.0048309304
-0.051640172
0.0048827631
-0.058756393
0.0049012324
-0.066973233
0.0048862085
-0.076449869
0.0048352687
-0.087356458
0.0047522392
-0.099861085
0.004634895
-0.11409266
0.0044652304
-0.13011643
0.0042202354
-0.14782615
0.0037872048
-0.166525
0.0031476624
-0.1852311
0.0025877901
-0.20570406
0.002186451
-0.23042296
0.001835721
-0.25915241
0.001516564
-0.29177747
0.0012261795
-0.3287132
0.00096127343
-0.37037015
0.00071640117
-0.41750162
0.00049546647
-0.47122039
0.00029022142
-0.53160804
0.00010125726
-0.60068004
-5.3790641e-05
-0.67899488
-0.00012295811
-0.76599695
-0.83474433
0.002587201
-0.022389467
-0.0024414289
0.002725143
-0.025059863
0.0028515495
-0.028107057
0.0029631978
-0.031595795
0.0030557336
-0.035599965
0.0031247211
-0.040206558
0.0031658165
-0.045518266
0.0031777414
-0.051653504
0.0031636106
-0.058743786
0.0031269468
-0.066938209
0.0030619271
-0.076386609
0.0029802816
-0.087276695
0.0028873257
-0.099770145
0.0027587957
-0.11396631
0.0025821197
-0.12994211
0.0023385506
-0.14758501
0.0019324308
-0.16612137
0.0013602811
-0.18466147
0.00089071284
-0.205237
0.00056703956
-0.23010158
0.00029635766
-0.25888348
6.5939903e-05
-0.29154784
-0.00012523691
-0.32852131
-0.00027931001
-0.37021307
-0.00040099557
-0.41737386
-0.00048458649
-0.47112717
-0.00053613628
-0.53154302
-0.00055295865
-0.60064511
-0.00051525817
-0.67900634
-0.00036357783
-0.76610042
-0.83480544
0.001612182
-0.02240874
-0.0015935337
0.0016211777
-0.025069686
0.0016241593
-0.028111016
0.0016225681
-0.031595278
0.0016133142
-0.035591838
0.0015910245
-0.040185445
0.0015502833
-0.04547878
0.0014915305
-0.051596115
0.0014118309
-0.058665565
0.0013187542
-0.066846728
0.0012314714
-0.076301043
0.0011341882
-0.087181252
0.0010173954
-0.099655326
0.00087774327
-0.11382878
0.00069839197
-0.12976505
0.00046069215
-0.14734967
8.5683831e-05
-0.16574879
-0.00041534179
-0.1841629
-0.00079737118
-0.2048574
-0.0010451748
-0.229856
-0.0012359852
-0.25869434
-0.0013776782
-0.29140685
-0.001469843
-0.32842836
-0.0015134701
-0.37016637
-0.0015121179
-0.4173691
-0.0014588596
-0.47117081
-0.0013572834
-0.53163115
-0.0012026708
-0.60078163
-0.00097334715
-0.67920982
-0.00060256462
-0.76642329
-0.83510454
0.00046779633
-0.022329632
-0.00054814396
0.00039440381
-0.024997336
0.00031447584
-0.028032039
0.00022490303
-0.031506672
0.00012737287
-0.035495347
2.2559043e-05
-0.040081759
-9.3803797e-05
-0.045363634
-0.00021511916
-0.051476105
-0.00032393082
-0.058558174
-0.00044008419
-0.066732117
-0.00057147092
-0.076171325
-0.00070769689
-0.087046823
-0.00084906001
-0.099515893
-0.00099952273
-0.11368038
-0.0011773393
-0.12958945
-0.0014042048
-0.14712511
-0.0017444867
-0.16541087
-0.0021728555
-0.1837369
-0.0024703736
-0.20456223
-0.0026438538
-0.22968465
-0.0027552465
-0.25858455
-0.002808718
-0.29135402
-0.0028023758
-0.32843386
-0.002736064
-0.37022956
-0.0026124152
-0.41748662
-0.0024231928
-0.47135045
-0.0021697617
-0.53187116
-0.0018451981
-0.60108814
-0.0014261344
-0.67960343
-0.000839836
-0.76696108
-0.83591299
-0.00052167032
-0.022036122
0.00022814685
-0.00076391028
-0.02475549
-0.00097391698
-0.027822672
-0.0011643572
-0.031317033
-0.0013438521
-0.03531677
-0.0015154581
-0.039911171
-0.0016753991
-0.04520481
-0.0018366329
-0.051316095
-0.0020100061
-0.058386148
-0.0021855664
-0.066558037
-0.0023626913
-0.075995816
-0.0025365209
-0.086874741
-0.0027034583
-0.099350834
-0.0028647279
-0.11352113
-0.0030384998
-0.12941785
-0.0032495851
-0.14691629
-0.0035512626
-0.16511148
-0.0039057757
-0.18338469
-0.0041220678
-0.20434821
-0.0042225776
-0.2295862
-0.0042552289
-0.25855342
-0.0042212102
-0.29138861
-0.0041172497
-0.32853694
-0.0039420075
-0.37040166
-0.0036972507
-0.41772527
-0.003373528
-0.47166464
-0.0029701071
-0.5322612
-0.0024778821
-0.60156235
-0.0018716831
-0.68018459
-0.0010732596
-0.76771246
-0.83695549
-0.00099331948
-0.021528356
0.00048492714
-0.0014590791
-0.024290326
-0.0018788678
-0.027403531
-0.002253279
-0.030943351
-0.0025884612
-0.034982403
-0.0028921598
-0.039608378
-0.003170547
-0.04492743
-0.003427607
-0.051060161
-0.0036717898
-0.05814323
-0.0039066933
-0.066324546
-0.0041316339
-0.075772434
-0.0043436136
-0.086664457
-0.0045371676
-0.099159104
-0.0047096345
-0.11335062
-0.0048792154
-0.12925037
-0.0050706247
-0.1467271
-0.0053277835
-0.16485655
-0.0056078966
-0.1831068
-0.0057462526
-0.20421204
-0.0057750558
-0.22955938
-0.0057298852
-0.25860003
-0.0056094023
-0.29150962
-0.0054090623
-0.32873637
-0.005126309
-0.37068127
-0.0047621015
-0.41808341
-0.0043058694
-0.47211144
-0.0037549393
-0.53279882
-0.0030980839
-0.60220127
-0.0023086606
-0.6809494
-0.0013017516
-0.76867521
-0.83795451
-0.0017319653
-0.020932121
0.0011352292
-0.0023086359
-0.023714204
-0.0028558652
-0.026856906
-0.0033633671
-0.030436513
-0.0038270636
-0.034519433
-0.004248648
-0.039187595
-0.0046320137
-0.044544964
-0.0049802418
-0.05071296
-0.0052989868
-0.057825662
-0.0055948744
-0.066029997
-0.0058690135
-0.075499793
-0.0061200586
-0.086415051
-0.0063415503
-0.098939379
-0.0065259875
-0.11316807
-0.0066906574
-0.12908772
-0.0068593143
-0.14656059
-0.0070675959
-0.16465041
-0.0072733532
-0.18290319
-0.0073368871
-0.20415061
-0.0072951726
-0.22960299
-0.007173318
-0.25872327
-0.0069676828
-0.29171573
-0.0066725424
-0.32903058
-0.0062840864
-0.3710666
-0.0058025547
-0.41855894
-0.0052163179
-0.47268834
-0.0045209534
-0.53348097
-0.0037031594
-0.60300121
-0.0027349859
-0.68189338
-0.0015247072
-0.76984384
-0.83918088
-0.0025081616
-0.020227351
0.0018027859
-0.0031921076
-0.023030862
-0.0038487632
-0.026200866
-0.0044684965
-0.029817416
-0.005043913
-0.033944685
-0.0055722164
-0.038660012
-0.0060527618
-0.044065225
-0.0064887397
-0.050277915
-0.006884404
-0.057431088
-0.0072418274
-0.06567384
-0.0075660713
-0.075176983
-0.0078570555
-0.086125648
-0.0081080093
-0.098690132
-0.0083058087
-0.1129721
-0.0084650325
-0.12893046
-0.0086082503
-0.14641944
-0.0087645028
-0.16449624
-0.0088963856
-0.18277338
-0.0088879673
-0.20416104
-0.0087770345
-0.22971574
-0.0085798393
-0.25892178
-0.0082906307
-0.29200537
-0.0079025828
-0.32941769
-0.0074106112
-0.37155549
-0.0068143245
-0.41914931
-0.0061010933
-0.47339237
-0.0052649433
-0.53430402
-0.0042905033
-0.6039579
-0.003149172
-0.6830109
-0.0017415141
-0.7712114
-0.84063089
-0.0032672091
-0.019417081
0.0024563366
-0.0040589097
-0.022239783
-0.0048215919
-0.025438812
-0.0055465294
-0.029093112
-0.0062253447
-0.033266511
-0.0068528836
-0.038033141
-0.0074266049
-0.043492242
-0.0079473788
-0.049757995
-0.0084187576
-0.05696072
-0.0088391456
-0.065254645
-0.0092144649
-0.074803034
-0.0095461357
-0.085795499
-0.0098280694
-0.098409844
-0.01004136
-0.11276056
-0.01019512
-0.12877858
-0.010310441
-0.14630611
-0.010412673
-0.16439601
-0.010471602
-0.18271643
-0.010393849
-0.20424072
-0.010215066
-0.22989626
-0.0099440323
-0.25919406
-0.009573053
-0.29237676
-0.0090942758
-0.32989554
-0.0085013297
-0.3721454
-0.0077932811
-0.41985155
-0.0069565505
-0.47422005
-0.0059837969
-0.53526383
-0.0048576125
-0.60506645
-0.0035495597
-0.68429549
-0.0019508437
-0.77277133
-0.84256828
-0.0039986274
-0.018517803
0.0030987681
-0.0048918214
-0.021347205
-0.0057557173
-0.02457555
-0.0065818175
-0.02826765
-0.0073596307
-0.032489332
-0.0080794863
-0.037313927
-0.0087426085
-0.042829811
-0.0093495774
-0.049151817
-0.0098949049
-0.056416334
-0.010378749
-0.064771928
-0.01080612
-0.074376973
-0.0111791
-0.085423981
-0.011493294
-0.098097234
-0.011724945
-0.1125306
-0.01187492
-0.12863041
-0.011960827
-0.14622212
-0.012007081
-0.16435169
-0.011994289
-0.18273113
-0.011849287
-0.20438758
-0.01160396
-0.23014325
-0.011260714
-0.25953851
-0.010809953
-0.2928279
-0.010242872
-0.33046172
-0.0095518206
-0.37283348
-0.0087354075
-0.42066228
-0.0077791464
-0.47516744
-0.0066744922
-0.53635572
-0.0054020616
-0.6063214
-0.003933866
-0.68574057
-0.0021518619
-0.77451468
-0.84471455
-0.0046968913
-0.017554171
0.0037327282
-0.0056725997
-0.020372078
-0.0066287309
-0.023620042
-0.0075493746
-0.02734764
-0.0084240166
-0.031615307
-0.00924135
-0.036497217
-0.0099939793
-0.042077842
-0.010681667
-0.048464872
-0.011302558
-0.055796326
-0.011851689
-0.064223861
-0.01233262
-0.073897291
-0.012747758
-0.085010248
-0.013095135
-0.097751378
-0.013348434
-0.11227892
-0.013499988
-0.12848058
-0.013558086
-0.14616586
-0.013544053
-0.16436758
-0.0134604
-0.18281661
-0.013249001
-0.20460074
-0.012938383
-0.23045545
-0.012524665
-0.25995337
-0.011996314
-0.29335662
-0.01134362
-0.33111353
-0.010557688
-0.37361653
-0.0096367165
-0.4215777
-0.0085653836
-0.47623009
-0.0073340404
-0.5375745
-0.0059214786
-0.60771664
-0.0043003523
-0.68733886
-0.0023436622
-0.77643254
-0.8467898
-0.0053439061
0.0043512906
-0.006355388
-0.0073743846
-0.0083852113
-0.0093613891
-0.010282886
-0.01113563
-0.011913827
-0.01261691
-0.013238845
-0.013778184
-0.014238621
-0.014621093
-0.014900737
-0.015054471
-0.015087212
-0.015020146
-0.014865004
-0.014586703
-0.014212404
-0.013730323
-0.013126951
-0.012391765
-0.01151447
-0.010493526
-0.0093115667
-0.0079599038
-0.0064135129
-0.0046470994
-0.0025253536
4.500405e-05
0.010353274
-9.9751468e-05
-5.1505166e-06
0.01447764
2.7542203e-05
0.01841333
0.00010486742
0.022593849
0.00021149938
0.027225882
0.00035152059
0.03248466
0.00053049204
0.038515145
0.00074451481
0.045385843
0.00098095925
0.053283242
0.0012290196
0.062353687
0.0014741842
0.072736447
0.0017044859
0.084593446
0.001911614
0.098115718
0.0020889573
0.11350513
0.0022341016
0.13095848
0.0023295546
0.15061589
0.0023699872
0.17227733
0.0023168053
0.19561567
0.0020788737
0.21923762
0.0017728338
0.24277453
0.0015417367
0.27013723
0.0013395191
0.30267944
0.0011463648
0.33995194
0.0009591521
0.38214669
0.00077551181
0.42996455
0.00060065117
0.48448594
0.00042620461
0.54595404
0.00025300706
0.61629632
9.6620506e-05
0.69595125
-1.2118037e-05
0.78417324
0.85418676
0.00011890857
0.010327686
-9.377963e-05
0.00012994383
0.014466076
0.0001410161
0.018401655
0.00018170329
0.02255247
0.00026497341
0.02714183
0.00038957381
0.032359181
0.00055933175
0.038344404
0.00076167329
0.045182405
0.00099202235
0.053051671
0.0012402623
0.062104094
0.0014920193
0.072483204
0.0017339512
0.084349888
0.0019559953
0.097891894
0.0021499574
0.11330922
0.0023111757
0.13079513
0.0024234071
0.1505013
0.0024745449
0.1722237
0.0024291219
0.19565845
0.0021977184
0.21946641
0.0018785172
0.24309117
0.0016338347
0.27037954
0.0014213118
0.30289012
0.0012177322
0.34015461
0.0010197902
0.38234531
0.00082506169
0.43016227
0.00063941193
0.48467757
0.00045362916
0.54614893
0.00026911964
0.61649434
0.00010276428
0.69614115
-1.3474709e-05
0.78432032
0.85432895
0.00015930681
0.010262558
-9.4681473e-05
0.00018761994
0.014437191
0.00020701174
0.018381614
0.00024601187
0.022512731
0.00031460395
0.027072402
0.0004248331
0.032248015
0.00058237549
0.038185817
0.00077432799
0.044989288
0.00099816615
0.052826536
0.0012456803
0.061855144
0.00150317
0.072224132
0.001756348
0.084094971
0.0019935492
0.097652784
0.0022049944
0.11309568
0.0023837698
0.13061406
0.0025157418
0.15036678
0.0025823102
0.17215442
0.0025464848
0.19569141
0.0023199959
0.21969005
0.0019882932
0.24342008
0.0017299328
0.27063533
0.0015068296
0.3031112
0.0012926422
0.34036778
0.0010835315
0.38255511
0.00087736532
0.43037159
0.00068020115
0.48488107
0.00048263004
0.54635621
0.00028592819
0.61670558
0.00010904588
0.69634349
-1.4172008e-05
0.78447611
0.85446375
0.00019071431
0.01020055
-0.00012926128
0.00022599183
0.014401292
0.00024869174
0.018358216
0.00028680479
0.022473827
0.00035059803
0.027007718
0.00045094546
0.03214667
0.00059649298
0.038039158
0.0007792817
0.044805264
0.00099701242
0.052607431
0.0012434504
0.061607182
0.0015060753
0.071959821
0.0017702178
0.083828968
0.0020228476
0.097398104
0.002252679
0.1128636
0.0024507118
0.13041354
0.0026055808
0.15020915
0.0026894873
0.17206756
0.0026645018
0.1957133
0.0024451035
0.21990636
0.0021017583
0.24376039
0.0018296276
0.27090465
0.0015958792
0.30334272
0.0013709261
0.34059158
0.0011503363
0.38277637
0.00093231203
0.43059293
0.00072309869
0.48509702
0.00051315257
0.5465765
0.00030360204
0.61693079
0.00011560623
-1.521824e-05
0.00020894604
0.010151139
-0.00016013866
0.00025171959
0.014357852
0.00027761444
0.018331574
0.00031272916
0.02243787
0.00037058393
0.026948917
0.00046300478
0.032053191
0.00059846909
0.037902516
0.00077328158
0.04462914
0.00098580574
0.05239345
0.0012313791
0.06135999
0.0014989192
0.071690486
0.0017739088
0.0020422914
0.0022914349
0.0025105056
0.0026913049
0.0027947942
0.0027820471
0.0025725003
0.0022184245
0.0019326006
0.0016882575
0.0014524713
0.0012201531
0.00098989612
0.00076810812
0.00054520458
0.00019275425
0.00024585635
0.00027929919
0.00031430153
0.00036865381
0.00045551132
0.00058364814
0.00075244145
0.00096130928
0.0012068669
0.0061035663
-0.0058243384
0.0064087511
0.0067097471
0.0069917901
0.0039033515
-0.0025249405
-0.0037155955
-0.0038554756
0.01752496
0.018345084
-0.0047267359
0.002284597
-0.0013671537
0.0043904824
-0.003089823
0.0070678451
-0.0052028445
-0.0071027211
0.0020606786
-0.0015634646
0.0042468333
-0.0035537733
0.0071029283
-0.0059463939
0.0099481406
-0.0080485835
-0.0096556612
0.0015068926
-0.00097564056
0.0036865293
-0.0037435604
0.0065408588
-0.0064085647
0.0091019678
-0.008508009
0.011058595
-0.010005771
-0.011219851
0.0024167509
-0.0033929974
0.0051015515
-0.0064289092
0.0074065176
-0.0087140718
0.0090387159
-0.010140763
0.010383694
-0.011351336
-0.012534188
0.002656103
-0.0060500559
0.0049679268
-0.0087414738
0.0065795475
-0.010326266
0.0079812671
-0.011543042
0.0093201992
-0.012690849
-0.013850104
0.0022279302
-0.0082766907
0.0040709538
-0.010584507
0.0056249393
-0.011880513
0.0070159051
-0.012934396
0.0083150432
-0.013990499
-0.015111313
0.0017689169
-0.010044408
0.0033912547
-0.012206719
0.0048028008
-0.013292369
0.0060886179
-0.014220707
0.0073050235
-0.015207473
-0.016305869
0.0014702248
-0.011517411
0.0028834177
-0.01362141
0.0041190903
-0.014528939
0.0052672394
-0.015369559
0.0063848389
-0.016325717
-0.017402432
0.0012782073
-0.012794997
0.0024384896
-0.014781625
0.0035072832
-0.015597955
0.0045390368
-0.016401657
0.0055473903
-0.017334537
-0.018398304
0.0011295038
-0.013924802
0.0021104558
-0.015762951
0.003022002
-0.016509819
0.0039035113
-0.017283568
0.0047766332
-0.018208134
-0.019268547
0.0010007932
-0.014925974
0.0018107357
-0.016573178
0.0025679215
-0.01726729
0.0033133604
-0.018029322
0.0040532476
-0.018948457
-0.02000748
0.00095093115
-0.015877323
0.0015836161
-0.017206095
0.0021749394
-0.017858665
0.0027748114
-0.018629408
0.0033774578
-0.019551504
-0.0206122
0.00083885626
-0.016717061
0.0013312737
-0.017698329
0.001784591
-0.018311561
0.0022561372
-0.019101171
0.0027288727
-0.020024828
-0.021084561
0.00060934735
-0.017326163
0.0010814952
-0.018169385
0.0014347105
-0.018663774
0.0017666904
-0.01943353
0.0021031157
-0.020362219
-0.021423957
0.00017382839
-0.017500599
0.00044143703
-0.018436368
0.00077875488
-0.018999523
0.0010926131
-0.019747989
0.0013589672
-0.02062895
-0.021658914
-4.0291487e-05
-0.017466949
-4.8172135e-05
-0.018422946
7.602551e-05
-0.019117858
0.00022623751
-0.019903314
0.0004025123
-0.020809201
-0.021806425
8.883729e-05
-0.017552711
9.0379927e-05
-0.018425912
6.7375365e-06
-0.019042414
-8.3785988e-05
-0.019809339
-0.00017967839
-0.02071034
-0.021757312
4.0973133e-05
-0.017591602
3.0827826e-05
-0.018415805
-4.8256154e-05
-0.018965508
-0.00016972366
-0.019689538
-0.00031187296
-0.020569178
-0.021585083
-8.8176541e-05
-0.017503873
-0.00025816183
-0.018246447
-0.00043649912
-0.018788011
-0.00063864611
-0.01948811
-0.00087062845
-0.020337701
-0.021320969
-0.00019130095
-0.017313112
-0.00046019523
-0.017978208
-0.00076047083
-0.018488452
-0.0010811016
-0.019168228
-0.0014265783
-0.019992952
-0.020945469
-0.00030347321
-0.017010141
-0.00068305064
-0.017599189
-0.0010892957
-0.018082795
-0.0015168596
-0.018741291
-0.0019703375
-0.01954013
-0.020460153
-0.00040258953
-0.00089564724
-0.017106652
-0.0014112461
-0.017567765
-0.0019469499
-0.018206197
-0.002507461
-0.018980265
-0.019869524
-0.0011045914
-0.0017238739
-0.016949006
-0.0023679848
-0.017562653
-0.0030383487
-0.018310507
-0.019175786
-0.001992485
-0.0027338896
-0.0035199942
-0.0047641586
-0.0049067139
-0.0051675142
-0.0055459399
-0.0060447881
-0.0066577787
-0.0073676513
-0.0081537798
-0.0089950162
-0.0098849782
-0.010830899
-0.011830267
0.025062981
-0.01429984
-0.012914644
0.025185451
-0.015485236
-0.014109228
0.023784204
-0.016808831
-0.015465725
0.021172622
-0.018093867
-0.016840465
0.019031568
-0.019016084
-0.017858642
0.018913611
-0.019872288
-0.01875992
0.017625647
-0.020672768
-0.019615287
0.017313063
-0.021436596
-0.020427507
0.015850562
-0.022177268
-0.021222458
0.015259167
-0.022900185
-0.022000488
0.013426722
-0.023607275
-0.02277059
0.012653238
-0.024295786
-0.023524662
0.010762329
-0.024981383
-0.024285447
0.010396145
-0.025661066
-0.025047146
0.0087303524
-0.026384123
-0.025863583
0.0072994124
-0.027103441
-0.026690347
0.0062021535
-0.027857612
-0.027565535
0.0054932245
-0.028642007
-0.028486708
0.0019891442
)
;

boundaryField
{
    Side1
    {
        type            empty;
    }
    Inlet
    {
        type            calculated;
        value           nonuniform List<scalar> 
92
(
-5.495654e-07
-1.4339458e-06
-0.00020014907
-3.3190973e-07
-9.9914823e-08
2.8065409e-07
8.8402401e-07
2.1713713e-06
-0.00055587299
-0.00065017936
3.1208268e-06
-0.00088313861
6.1083458e-06
-0.001181801
-3.0643383e-06
4.7885875e-05
-0.001772263
-0.0020029854
0.00017935256
-0.0026556131
-0.0029356577
0.00049241727
-0.0037991401
0.00080542484
-4.3664947e-05
-0.00019329539
-4.400123e-05
-0.0076291588
-0.00021954428
-0.00040392885
-0.018666063
-0.021185091
-0.024042788
-0.027286396
-0.030968046
-0.035146879
-0.039890038
-0.045273702
-0.05138432
-0.058320038
-0.066192245
-0.075127345
-0.08526883
-0.096779596
-0.10984443
-0.12467339
-0.14150523
-0.16061088
-0.18229435
-0.20689632
-0.23481021
-0.26649814
-0.30247896
-0.34332038
-0.38967174
-0.44227599
-0.50197806
-0.5697349
-0.64662925
-0.7337971
-0.00019390432
-0.83285173
5.0482424e-06
-0.00026664183
-0.00026543006
-0.00026434818
7.8267127e-06
8.1744348e-06
-0.00026416857
-0.00026344349
-0.00026234839
-0.00026122854
-0.00026030782
1.3612794e-05
-0.00026106486
-0.00026097775
-0.00026063015
1.2083445e-05
1.0273001e-05
-0.00026349698
-0.00026395727
-0.00026396495
5.7250638e-06
5.0973886e-06
-0.00026438046
-0.00026158102
-5.6487244e-07
-1.9948347e-06
-1.1629736e-06
-1.3684533e-06
-0.029387332
-0.029388391
)
;
    }
    Side2
    {
        type            empty;
    }
    Outlet
    {
        type            calculated;
        value           nonuniform List<scalar> 0();
    }
    Botwall
    {
        type            calculated;
        value           nonuniform List<scalar> 0();
    }
    Cyli
    {
        type            calculated;
        value           uniform 0;
    }
    procBoundary2to0
    {
        type            processor;
        value           nonuniform List<scalar> 
55
(
-0.00037949815
-0.00039952763
-0.00039629217
-0.00041197894
-0.00041956655
0.00072329252
0.0017939994
-0.00010280932
-0.002102282
0.0009834136
-0.016241252
0.0030236965
-0.016821766
-0.016693683
-0.017474365
-0.00081511494
-2.0778737e-05
-0.00047687314
-0.00053169611
-0.016608038
0.00051463636
-0.016517169
0.0012842589
-0.01193181
-0.013007644
-0.014072038
-0.015139361
-0.016201654
-0.017257677
-0.018317479
-0.019405328
-0.020539466
-0.021727002
-0.022956586
-0.024139293
0.01322527
-0.023989475
-0.024003499
-0.022461919
-0.019889283
-0.018111562
-0.018060424
-0.016828226
-0.016552006
-0.015112291
-0.014538703
-0.012722042
-0.011967137
-0.010079119
-0.009717305
-0.0080060489
-0.0065761184
-0.0054378766
-0.0046887488
-0.0012079604
)
;
    }
    procBoundary2to3
    {
        type            processor;
        value           nonuniform List<scalar> 
35
(
0.69655908
0.78464141
0.85459698
0.083551989
0.09712752
0.11261202
0.13019179
0.15002536
0.17196087
0.19572267
0.22011254
0.24411116
0.27118741
0.30358461
0.34082607
0.38300935
0.43082668
0.48532593
0.54681041
0.00032216018
0.61717069
0.010113552
-0.00015581915
0.014304039
0.018297338
0.022401975
0.026893563
0.031965214
0.037773133
0.044458962
0.052183041
0.061112717
0.0014795947
0.071415847
0.0072504842
)
;
    }
}


// ************************************************************************* //
