/*--------------------------------*- C++ -*----------------------------------*\
| =========                 |                                                 |
| \\      /  F ield         | OpenFOAM: The Open Source CFD Toolbox           |
|  \\    /   O peration     | Version:  2406                                  |
|   \\  /    A nd           | Website:  www.openfoam.com                      |
|    \\/     M anipulation  |                                                 |
\*---------------------------------------------------------------------------*/
FoamFile
{
    version     2.0;
    format      ascii;
    arch        "LSB;label=32;scalar=64";
    class       volScalarField;
    location    "0.092";
    object      Ma;
}
// * * * * * * * * * * * * * * * * * * * * * * * * * * * * * * * * * * * * * //

dimensions      [0 0 0 0 0 0 0];

internalField   nonuniform List<scalar> 
8260
(
0.14452708
0.14567197
0.14685934
0.14811955
0.14938299
0.15062795
0.15186241
0.15307888
0.15437131
0.15582863
0.15729731
0.15880381
0.16029254
0.16161695
0.16226912
0.1616964
0.15903687
0.15560714
0.15375973
0.15267509
0.15185458
0.15113757
0.15041623
0.14982093
0.14935281
0.14892141
0.14855469
0.14825258
0.14799882
0.14784645
0.14772701
0.14082504
0.14232554
0.14392731
0.14554802
0.14715669
0.14873935
0.1502944
0.15182677
0.15338767
0.15501908
0.15665114
0.15827918
0.1598443
0.16119129
0.16179941
0.16110588
0.15833699
0.15505836
0.15341735
0.15242616
0.15165957
0.15098163
0.15029348
0.14972408
0.14927638
0.14885878
0.1485026
0.14820899
0.14796124
0.14781331
0.14769835
0.13655991
0.13840656
0.14044646
0.14248465
0.14448804
0.14644926
0.14836404
0.15023452
0.15209082
0.153954
0.15578325
0.15756189
0.15922836
0.16061616
0.16120431
0.16040956
0.15755155
0.15449838
0.15305724
0.15215178
0.15144102
0.15080739
0.15015679
0.14961504
0.14918994
0.14878802
0.14844366
0.14815959
0.14791859
0.14777567
0.14766311
0.1324745
0.13460969
0.13697816
0.13936436
0.14171971
0.14403071
0.14628729
0.14848297
0.15063052
0.1527397
0.15477604
0.15671524
0.15849047
0.15991715
0.16047818
0.15956077
0.15663296
0.15387373
0.15264283
0.15183396
0.15118752
0.15060447
0.14999725
0.14948847
0.14908983
0.14870625
0.14837576
0.14810276
0.1478698
0.14773267
0.14762373
0.1286904
0.13103354
0.13362836
0.13627789
0.13892326
0.14153853
0.14410401
0.14660261
0.14902973
0.15138199
0.15362668
0.15572999
0.15761617
0.15907524
0.15959134
0.1585234
0.15556953
0.15319729
0.15217712
0.15147315
0.15089914
0.15037365
0.14981592
0.14934459
0.14897588
0.14861333
0.14829864
0.14803813
0.14781439
0.14768377
0.14757842
0.12530836
0.12777789
0.13050506
0.13332645
0.13618221
0.13903581
0.14185737
0.1446187
0.14729888
0.14987915
0.1523235
0.15458632
0.15657895
0.15805728
0.1584995
0.15725827
0.15435824
0.15246441
0.15165128
0.15106288
0.1505703
0.15010983
0.14960837
0.14918004
0.14884546
0.14850713
0.1482107
0.14796436
0.14775138
0.14762805
0.14752718
0.1224344
0.12495969
0.1277315
0.13062863
0.13360082
0.1366075
0.13961131
0.14257435
0.14546143
0.1482381
0.15085914
0.1532644
0.1553475
0.15681948
0.15714487
0.15571404
0.15303032
0.15166998
0.15106016
0.15059806
0.15019557
0.1498093
0.1493723
0.14899289
0.1486968
0.14838618
0.1481107
0.14788038
0.14767985
0.14756459
0.1474688
0.12022636
0.12270476
0.12542433
0.12829718
0.13128412
0.13434579
0.13744135
0.14052613
0.14355364
0.14647489
0.14923113
0.15174421
0.1538836
0.15530482
0.15545547
0.1538354
0.1516257
0.15080398
0.15039759
0.1500735
0.14976743
0.14946662
0.14910349
0.14878013
0.14852734
0.14824824
0.14799673
0.14778458
0.14759859
0.14749217
0.14740252
0.11871751
0.12106614
0.12364995
0.12640792
0.12931277
0.13232938
0.13541762
0.13853038
0.14161402
0.14460741
0.14743629
0.14999999
0.15213408
0.15343799
0.15334153
0.15162436
0.15020933
0.14985965
0.14966006
0.14948242
0.14927909
0.14907711
0.1487968
0.14853867
0.14833461
0.14809113
0.14786673
0.14767518
0.14750622
0.14740942
0.14732704
0.11788091
0.12004283
0.12243065
0.12500062
0.12773532
0.13060966
0.13358889
0.1366279
0.13967003
0.14264479
0.14546177
0.1479922
0.15002228
0.15110031
0.15066924
0.14926536
0.14880802
0.14882729
0.14884335
0.14881483
0.14872916
0.14863622
0.14844471
0.1482638
0.14811506
0.14791203
0.14771803
0.14754986
0.14740094
0.14731479
0.14724102
0.11761683
0.11955457
0.1217038
0.1240299
0.12652599
0.12917534
0.13195281
0.13481882
0.13771625
0.14056694
0.14326328
0.14564019
0.14741192
0.14807291
0.14747988
0.14708684
0.14738628
0.14770939
0.14794297
0.14806554
0.1481211
0.14813866
0.14804087
0.14795009
0.14786408
0.14770757
0.14754784
0.14740621
0.14728075
0.14720667
0.14714279
0.11789377
0.11952992
0.12137198
0.12339182
0.12558338
0.12793679
0.13043268
0.13303404
0.13568049
0.13828278
0.14070852
0.1427364
0.14403564
0.14432365
0.14444269
0.14513766
0.1459331
0.1465148
0.14695071
0.1472412
0.14745007
0.14758152
0.14758217
0.14759207
0.1475756
0.14747384
0.14735341
0.14724211
0.14714342
0.14708356
0.14703075
0.1182315
0.11956315
0.12108972
0.12278165
0.12463276
0.12664119
0.12879088
0.13104006
0.13331678
0.1355189
0.13751428
0.13908503
0.13999166
0.14073934
0.14203124
0.14336895
0.14441008
0.14524427
0.14588361
0.14634699
0.14670599
0.14696186
0.1470763
0.14718583
0.14724519
0.14720673
0.14713269
0.14705608
0.14698678
0.14694412
0.14690321
0.11822062
0.11929143
0.12051627
0.12189563
0.12343049
0.125098
0.12686688
0.12869996
0.13053137
0.13227385
0.13383276
0.13521658
0.13663501
0.13836962
0.14011367
0.14159841
0.14288344
0.14392273
0.14475724
0.14538272
0.14589195
0.14628584
0.1465199
0.1467339
0.14687093
0.1469033
0.14688403
0.14684683
0.14680885
0.14678705
0.14675879
0.1179087
0.1186016
0.11947833
0.12054605
0.12182055
0.12321143
0.12464911
0.12616322
0.1277501
0.12937974
0.13104171
0.13279699
0.13472993
0.13661422
0.13836185
0.13996472
0.14137584
0.14258924
0.14359238
0.14437736
0.14501601
0.14553786
0.14592032
0.14624612
0.1464571
0.14656046
0.14660464
0.14661259
0.14660839
0.14661088
0.14659608
0.11903659
0.11955905
0.12012903
0.12075239
0.12149125
0.12242471
0.12354493
0.12484064
0.12627272
0.12781579
0.12952167
0.13139952
0.13329719
0.13510609
0.13684079
0.13844776
0.13996208
0.14128918
0.14242181
0.1433523
0.14410206
0.14473012
0.14526887
0.1457216
0.14601004
0.14617786
0.1462897
0.14635091
0.14638475
0.14641398
0.14641367
0.12042144
0.12095101
0.12155251
0.12221997
0.12291353
0.1236524
0.12444996
0.1252152
0.12609522
0.12728732
0.12879221
0.1303304
0.13198105
0.13383009
0.13553657
0.13708938
0.1386403
0.14007518
0.141289
0.14233435
0.14318307
0.14388399
0.14456497
0.14514853
0.14552939
0.14575843
0.14593424
0.14605916
0.14613616
0.14619452
0.14620988
0.12184021
0.1221752
0.12256596
0.12302482
0.12356938
0.12422429
0.12503115
0.12601674
0.12699454
0.12790406
0.12873117
0.12988112
0.13123574
0.13274983
0.13439014
0.13595669
0.13745407
0.13894339
0.1402306
0.14134574
0.14228168
0.14303391
0.14382379
0.14451767
0.14500225
0.14530501
0.14553986
0.14573392
0.14585984
0.14595071
0.14598304
0.1236477
0.12395865
0.12431495
0.1247163
0.12516272
0.12565083
0.12616992
0.12671931
0.12736157
0.12818821
0.12920602
0.13011548
0.13102327
0.13219471
0.13356444
0.13509008
0.13649146
0.13791386
0.13925048
0.14041974
0.14141468
0.14221361
0.14308639
0.14384423
0.14441589
0.14481974
0.14511189
0.14537442
0.1455543
0.14567972
0.14573099
0.12514091
0.12534432
0.12557936
0.12585182
0.12617163
0.12655137
0.12700881
0.12755748
0.12818209
0.12883874
0.12951741
0.13040132
0.13137175
0.13209154
0.13318557
0.13442961
0.13571185
0.13702598
0.1383341
0.13956442
0.14060483
0.14146225
0.14240037
0.14316747
0.14378245
0.14430208
0.14465853
0.14498349
0.14521845
0.14537941
0.14545108
0.12685056
0.12703508
0.12724655
0.12748665
0.12775814
0.12806309
0.12840008
0.12876838
0.12918246
0.12967749
0.13027415
0.13088212
0.13157028
0.13248294
0.13317675
0.13414595
0.13514549
0.13625723
0.13744796
0.13871697
0.1398588
0.14080522
0.14177335
0.14253532
0.14313751
0.1437518
0.14418685
0.14456329
0.14485061
0.1450477
0.14514072
0.12826501
0.12838412
0.1285216
0.12868072
0.12886696
0.12908704
0.12934902
0.12966189
0.13002935
0.13044396
0.13090243
0.13145562
0.13208798
0.132735
0.13353785
0.13416314
0.13497347
0.13588254
0.13687085
0.13794857
0.13912216
0.14020285
0.14116249
0.14193607
0.14251883
0.14316687
0.14369063
0.14411773
0.14445019
0.1446828
0.14479835
0.12983922
0.12994791
0.13007258
0.13021474
0.13037645
0.13055949
0.13076536
0.13099421
0.13124854
0.13153831
0.13187465
0.13224591
0.13266782
0.13319203
0.13372
0.134405
0.13517049
0.13583592
0.13664794
0.13753263
0.13849243
0.13955507
0.14049385
0.14127698
0.14192889
0.14257061
0.14316325
0.14364586
0.14402121
0.14428519
0.14442382
0.13109503
0.13115862
0.131232
0.13131701
0.13141671
0.13153549
0.13167988
0.13185159
0.13205584
0.13229815
0.13258338
0.13292409
0.13332017
0.13374118
0.13426763
0.13480019
0.13530756
0.13602083
0.1366547
0.13736962
0.13815649
0.13898856
0.13977753
0.14055889
0.14134584
0.14200195
0.14262488
0.14315289
0.14356904
0.14385919
0.14401912
0.13248929
0.13255265
0.13262502
0.13270705
0.13279907
0.1329004
0.13300958
0.13313313
0.13327614
0.1334428
0.13363712
0.13385855
0.13410677
0.13440661
0.13470951
0.1351059
0.13563937
0.13610372
0.13670612
0.1372973
0.13799489
0.13870214
0.13935321
0.14003042
0.14079665
0.14149162
0.14211958
0.1426558
0.14310171
0.14341184
0.14358748
0.1334439
0.13347373
0.13350905
0.13355189
0.13360497
0.13366946
0.13374739
0.13384039
0.13395005
0.13407847
0.13422917
0.1344091
0.13463174
0.13489714
0.13522102
0.13553372
0.13584448
0.13631898
0.13671893
0.13720584
0.13779291
0.13850693
0.13912585
0.13973696
0.14038442
0.14105164
0.14165814
0.14217654
0.14262726
0.14294869
0.14313335
0.13457839
0.13461408
0.13465361
0.13469642
0.13474222
0.13479309
0.13485088
0.1349172
0.13499351
0.13508122
0.13518173
0.1352964
0.13542138
0.13555841
0.13571818
0.13594442
0.1362146
0.1364852
0.13692722
0.13727461
0.1377066
0.13821505
0.13883458
0.1394854
0.1400789
0.14063974
0.1412091
0.14171177
0.14214273
0.14247456
0.14266543
0.13527264
0.13529065
0.13531219
0.13533786
0.13536843
0.13540454
0.13544689
0.13549633
0.13555386
0.1356206
0.13569761
0.13578633
0.13589209
0.13603798
0.1362296
0.13644196
0.13666916
0.13689382
0.13710873
0.13749357
0.13776149
0.13812078
0.13858641
0.13912926
0.13970993
0.14023523
0.14075311
0.14124274
0.14166115
0.14199759
0.14219448
0.13606065
0.13607472
0.13609068
0.13610902
0.13613038
0.13615556
0.13618549
0.1362213
0.13626429
0.1363159
0.13637755
0.13644995
0.13653067
0.13660374
0.13668213
0.13679681
0.13695536
0.13715777
0.13738389
0.13760764
0.13791909
0.13819737
0.13855048
0.138973
0.13941171
0.13987773
0.14034494
0.14080447
0.1412149
0.14153927
0.14173743
0.13647494
0.13648504
0.13649697
0.13651118
0.13652826
0.13654885
0.13657373
0.13660381
0.13664017
0.13668414
0.13673741
0.13680222
0.13688084
0.13697233
0.13707535
0.13718339
0.13730915
0.13745699
0.13762908
0.13783068
0.13806355
0.1383357
0.13862099
0.13891373
0.1392672
0.13967089
0.14008816
0.14049897
0.14087648
0.14118353
0.14137212
0.13682379
0.13683254
0.1368431
0.13685579
0.13687094
0.13688896
0.13691029
0.13693545
0.13696507
0.13699987
0.13704066
0.13708917
0.13714898
0.13722025
0.13729854
0.13738842
0.13749358
0.13761879
0.13776595
0.13793935
0.13814297
0.13837036
0.13861711
0.13889228
0.13921347
0.13957458
0.13996119
0.1403482
0.14070932
0.14100683
0.1411902
0.079256796
0.095680952
0.10665537
0.11486938
0.12176797
0.12798324
0.13366664
0.13847342
0.14316906
0.14753753
0.15153816
0.15517557
0.15846638
0.16139371
0.16392449
0.1658654
0.16680383
0.16633293
0.16359122
0.15969784
0.1571084
0.15535397
0.15389031
0.1526872
0.15170714
0.15091126
0.15025505
0.14972406
0.14931075
0.14903599
0.14884386
0.10122067
0.10962242
0.11605859
0.12168117
0.12708726
0.13235584
0.13723267
0.14170663
0.14594296
0.14984543
0.15341986
0.15668723
0.15966022
0.16231077
0.16459327
0.16625538
0.16688804
0.16608679
0.16300557
0.15919498
0.15681037
0.15514384
0.15372408
0.1525552
0.15160221
0.15082563
0.15018368
0.14966344
0.14925765
0.1489882
0.14879963
0.10776752
0.11388792
0.1197183
0.12533163
0.13068467
0.13566274
0.14019154
0.14431991
0.14815359
0.15167665
0.15491454
0.15788979
0.16060831
0.16303333
0.1651088
0.16652234
0.16689788
0.16579038
0.16244086
0.15878394
0.15656371
0.15495623
0.15357062
0.15243061
0.15150138
0.1507422
0.1501136
0.14960352
0.14920483
0.14894047
0.14875662
0.11381594
0.11963498
0.12508688
0.13014405
0.13484613
0.13919052
0.14316899
0.14682791
0.15022933
0.15337324
0.15628481
0.15898185
0.16146021
0.16367271
0.16554623
0.16670696
0.16685094
0.16543247
0.16187696
0.15838235
0.15630783
0.15475949
0.15341042
0.15230148
0.1513975
0.15065661
0.15004198
0.14954251
0.14915128
0.1488923
0.14871589
0.12035453
0.12550461
0.13023387
0.13461952
0.13870539
0.14248061
0.14595009
0.14915658
0.15214467
0.1549286
0.15753307
0.15996986
0.16222343
0.16423539
0.16590733
0.166832
0.16676743
0.16503134
0.16130563
0.15800543
0.15606391
0.15456841
0.15325359
0.15217434
0.1512946
0.1505713
0.14997032
0.14948129
0.14909741
0.14884382
0.14867322
0.12728109
0.1314766
0.13538501
0.13904317
0.14245925
0.14562828
0.14856876
0.15131417
0.15389863
0.15633986
0.15865653
0.16085129
0.16289583
0.16472011
0.16619472
0.16690365
0.16664683
0.16457914
0.16073845
0.15764914
0.15582346
0.15437737
0.15309623
0.15204656
0.15119099
0.15048522
0.14989795
0.14941943
0.14904302
0.14879495
0.14862855
0.13415389
0.13739464
0.14044253
0.14331889
0.14602997
0.14858311
0.15099439
0.15328754
0.15548648
0.15760554
0.1596546
0.16162569
0.16347741
0.16512877
0.1664163
0.16693905
0.16647015
0.16407578
0.16018555
0.15731299
0.15558854
0.15418878
0.15294036
0.15191963
0.1510877
0.15039908
0.14982533
0.14935726
0.14898826
0.14874576
0.14858262
0.1410448
0.14322552
0.14532838
0.14737914
0.1493784
0.15132127
0.15321514
0.15507328
0.1569084
0.1587272
0.16052915
0.16229492
0.16397041
0.1654644
0.1665761
0.16693124
0.16623991
0.16352902
0.15965514
0.15699362
0.15535713
0.1540016
0.15278526
0.15179299
0.15098438
0.15031265
0.14975235
0.1492947
0.14893311
0.14869624
0.14853631
0.1475821
0.14870344
0.1498842
0.15114056
0.15245768
0.15381559
0.15521785
0.15666672
0.15816356
0.15970571
0.16128168
0.16286065
0.16437624
0.16572174
0.16665987
0.16687327
0.16595495
0.16295735
0.15915249
0.1566886
0.15512924
0.15381625
0.1526314
0.15166705
0.15088135
0.1502262
0.14967918
0.14923188
0.14887767
0.14864644
0.1484897
0.15351895
0.15367652
0.15403272
0.15455517
0.15523194
0.15604457
0.15699188
0.15806354
0.15925077
0.16054152
0.16191331
0.16332423
0.16469605
0.16589604
0.16668214
0.16677727
0.16562177
0.16237861
0.15867823
0.15639507
0.15490418
0.15363258
0.15247871
0.15154176
0.15077861
0.15013974
0.14960587
0.14916884
0.14882195
0.14859639
0.14844283
0.15879872
0.15811101
0.15771688
0.15757002
0.15766314
0.15798852
0.15852733
0.15925947
0.16016887
0.16123512
0.16242503
0.16368633
0.16492845
0.16598558
0.16664989
0.16664194
0.1652469
0.16179975
0.15823121
0.15611083
0.15468185
0.15345069
0.15232736
0.15141728
0.15067629
0.15005341
0.14953251
0.14910567
0.14876603
0.14854612
0.14839573
0.16330034
0.16190735
0.16086352
0.16013984
0.15973323
0.15963495
0.15981222
0.16024958
0.16091639
0.16178663
0.16281703
0.16394608
0.16506798
0.16600609
0.16658584
0.16646713
0.16483939
0.16122942
0.15780973
0.15583409
0.15446198
0.15327061
0.15217743
0.15129368
0.15057451
0.14996728
0.14945918
0.14904243
0.14870993
0.14849566
0.14834841
0.16689816
0.16496506
0.16341769
0.1622403
0.1614276
0.16096669
0.16084221
0.16102613
0.1614885
0.16219299
0.16308643
0.16409875
0.1651233
0.16598463
0.16648556
0.16624912
0.16440507
0.16067351
0.15741127
0.15556347
0.15424456
0.1530924
0.15202903
0.15117106
0.15047336
0.14988148
0.14938597
0.1489792
0.14865373
0.14844505
0.14830089
0.16953642
0.1672388
0.16534743
0.16384312
0.16272251
0.16197981
0.1616059
0.16157721
0.16186742
0.16243448
0.16321919
0.16415011
0.16512214
0.16591815
0.16633441
0.16598205
0.16394755
0.16013491
0.15703369
0.155298
0.15402955
0.15291617
0.15188228
0.15104954
0.15037298
0.14979611
0.14931297
0.14891603
0.14859748
0.14839432
0.14825317
0.17128611
0.16872647
0.16660825
0.16489018
0.16356088
0.16261564
0.16205226
0.16186576
0.16203548
0.16251458
0.16324712
0.16413713
0.16505886
0.16579556
0.16613925
0.16567729
0.16347121
0.15961627
0.1566749
0.15503712
0.15381701
0.15274202
0.15173732
0.15092922
0.15027345
0.14971128
0.14924027
0.14885301
0.14854122
0.14834349
0.14820527
0.1723315
0.16961281
0.16732334
0.16544756
0.1639769
0.16290195
0.16221724
0.16195398
0.16207439
0.16250379
0.16319276
0.16404466
0.16492114
0.16561667
0.16590242
0.16534013
0.16298663
0.15911963
0.15633316
0.1547806
0.15360704
0.15257004
0.15159425
0.15081022
0.15017487
0.14962707
0.14916793
0.14879018
0.14848501
0.14829262
0.1481572
0.1727772
0.17004619
0.16767571
0.1657035
0.16414342
0.16299316
0.16224865
0.16193644
0.16200688
0.16238568
0.16302559
0.16384889
0.16470699
0.16538228
0.16562576
0.16497479
0.16250172
0.15864588
0.15600571
0.15452828
0.15339967
0.15240026
0.15145315
0.15069259
0.15007732
0.14954358
0.14909604
0.14872762
0.1484289
0.14824171
0.14810899
0.1719775
0.16956826
0.16738938
0.1655085
0.16397708
0.1628273
0.16207929
0.16173531
0.16175835
0.16210922
0.16273308
0.16355165
0.16441554
0.16509342
0.16531244
0.16458962
0.16202222
0.15819474
0.15569085
0.15428016
0.15319489
0.15223268
0.15131408
0.15057639
0.14998088
0.14946091
0.14902469
0.14866541
0.14837298
0.14819084
0.14806066
0.17009591
0.16804401
0.16619284
0.16457879
0.16324038
0.16221851
0.16155289
0.16125398
0.16130226
0.16167307
0.16231457
0.16315371
0.16404625
0.16475089
0.16496542
0.16419033
0.16155316
0.15776617
0.1553871
0.15403615
0.15299276
0.15206735
0.15117721
0.1504618
0.14988571
0.14937922
0.148954
0.14860364
0.14831732
0.14814003
0.1480122
0.16750934
0.16582911
0.16433234
0.16304352
0.16198188
0.16118131
0.16068716
0.16050566
0.16063847
0.16107741
0.16177063
0.16265555
0.16359888
0.16435509
0.16458737
0.16378176
0.16109802
0.15735927
0.15509329
0.15379673
0.15279382
0.1519048
0.15104301
0.15034921
0.14979212
0.14929877
0.14888416
0.14854244
0.148262
0.14808932
0.14796369
0.16417546
0.16296408
0.16189961
0.16100062
0.16027829
0.15977034
0.15951274
0.15950332
0.15977298
0.16032372
0.16110258
0.16205861
0.16307379
0.16390636
0.1641806
0.16336926
0.16065979
0.15697477
0.15481053
0.15356362
0.15259959
0.15174615
0.15091237
0.15023925
0.1497005
0.14921981
0.14881533
0.14848186
0.14820705
0.14803869
0.14791518
0.16007739
0.15943139
0.1589014
0.15847738
0.1581708
0.15801559
0.15803231
0.15825195
0.15871092
0.15941237
0.16030951
0.16136243
0.16246994
0.16340356
0.16374653
0.16296057
0.16024364
0.15661889
0.15454267
0.15333954
0.15241194
0.15159257
0.15078598
0.15013227
0.14961097
0.14914238
0.14874743
0.14842182
0.14815238
0.14798806
0.14786643
0.15514906
0.15512107
0.15523248
0.15539895
0.15560225
0.15586396
0.15622389
0.1567293
0.15743342
0.15832893
0.15937958
0.16055813
0.16177993
0.16284052
0.16328368
0.16256141
0.15985954
0.15629974
0.15429235
0.15312434
0.15222994
0.15144281
0.15066268
0.15002728
0.14952278
0.1490659
0.14868004
0.14836204
0.14809776
0.14793735
0.14781684
0.14952804
0.14985148
0.15052807
0.15134608
0.15218523
0.15301254
0.15386
0.15475035
0.15579553
0.15697108
0.15823586
0.159586
0.16095612
0.16218007
0.16276996
0.1621683
0.15952043
0.15601091
0.15404908
0.15290899
0.15204622
0.1512912
0.15053826
0.14992123
0.14943395
0.14898916
0.1486125
0.14830226
0.14804314
0.1478867
0.1477664
0.073207108
0.091305331
0.10313193
0.11199778
0.11928836
0.1257116
0.13158308
0.13677684
0.14167097
0.14624002
0.15044603
0.1542786
0.15774742
0.16083626
0.16351259
0.16561826
0.16673562
0.1664506
0.16390241
0.16001487
0.15731832
0.15551485
0.15402203
0.1527949
0.1517943
0.15098285
0.1503146
0.14977438
0.1493546
0.149075
0.14887871
0.072234111
0.091098416
0.10305179
0.11184338
0.11905122
0.12537288
0.13113076
0.13632411
0.1411877
0.14575528
0.14999404
0.15388079
0.15741252
0.16056682
0.16330102
0.16547549
0.16664997
0.16646956
0.16404113
0.16017089
0.1574244
0.15560264
0.15409925
0.15286203
0.15185126
0.15103158
0.15035666
0.14981098
0.14938745
0.14910467
0.14890846
0.072015531
0.09121335
0.10318975
0.11182677
0.11885278
0.12501764
0.13064441
0.13577743
0.14060584
0.14517515
0.14945109
0.15339923
0.15700355
0.16023458
0.16304055
0.16529772
0.16655365
0.16647111
0.16419448
0.16034039
0.15753114
0.15568749
0.1541743
0.15292815
0.15190815
0.15108097
0.15039995
0.14984915
0.1494221
0.14913617
0.14893968
0.071752566
0.091125772
0.10315433
0.11173524
0.11861494
0.12464399
0.13015096
0.13521984
0.14001345
0.14457862
0.14888425
0.15288847
0.15656331
0.15987179
0.16275396
0.16509733
0.16644572
0.16646691
0.16434829
0.16052585
0.15765053
0.15578116
0.15425663
0.15300044
0.15197025
0.15113473
0.15044698
0.14989054
0.14945957
0.14917009
0.14897956
0.071304204
0.090826266
0.10300005
0.11154243
0.11835676
0.12428157
0.12968072
0.13468452
0.1394368
0.14398645
0.14830945
0.15236003
0.15609961
0.15948324
0.16244325
0.16487285
0.16632059
0.16645402
0.16449511
0.16072176
0.15778066
0.1558835
0.15434667
0.15307945
0.152038
0.15119326
0.15049801
0.14993533
0.14949994
0.14920652
0.14901436
0.070874368
0.090392088
0.10277394
0.11136024
0.11812194
0.12395068
0.129246
0.13417781
0.13887923
0.14340194
0.14773
0.15181648
0.15561393
0.15906918
0.16210709
0.16462032
0.1661754
0.16642857
0.1646318
0.16092181
0.15791716
0.15599129
0.15444211
0.1531636
0.15211037
0.15125579
0.15055255
0.1499832
0.14954306
0.14924543
0.14904871
0.070624542
0.089982376
0.1025466
0.111188
0.11790454
0.12364179
0.1288362
0.13368996
0.13833302
0.14282025
0.14714328
0.15125625
0.1551048
0.15862778
0.16174267
0.16433489
0.16601112
0.16638952
0.16476159
0.16112442
0.15805799
0.15610238
0.15454123
0.15325162
0.15218648
0.1513217
0.15061021
0.15003396
0.14958888
0.14928689
0.14907856
0.070632513
0.089569393
0.10227018
0.11098647
0.11767604
0.12333353
0.12843403
0.13320831
0.13778919
0.1422355
0.14654604
0.15067752
0.15457082
0.15815743
0.16134757
0.16401445
0.16581276
0.16633323
0.16487534
0.16133451
0.15820277
0.15621613
0.15464351
0.15334318
0.15226609
0.15139103
0.15067109
0.15008773
0.14963751
0.14933099
0.14912482
0.070752266
0.089181011
0.10194876
0.11073502
0.11741136
0.1230034
0.12802044
0.13271847
0.13723745
0.14164079
0.14593408
0.15007792
0.15401033
0.15765657
0.16091992
0.16366126
0.16557866
0.16625425
0.16496719
0.16154677
0.15835171
0.15633277
0.15474911
0.15343845
0.15234946
0.15146384
0.15073529
0.15014465
0.14968912
0.14937789
0.14917259
0.071078307
0.088857237
0.10158573
0.11041656
0.11708614
0.12262674
0.1275734
0.13220317
0.13666483
0.14102721
0.145302
0.14945443
0.1534216
0.15712384
0.16045846
0.16327702
0.1653118
0.16615043
0.16504441
0.16175726
0.15850461
0.15645198
0.15485795
0.15353748
0.15243666
0.15154032
0.15080301
0.1502049
0.1497439
0.14942772
0.14922654
0.071663204
0.088592478
0.10115705
0.10999917
0.11666645
0.1221718
0.12706542
0.13164065
0.136055
0.14038308
0.14464216
0.14880244
0.15280185
0.15655739
0.15996171
0.16286038
0.16500708
0.16600048
0.16509889
0.1619666
0.15866115
0.15657328
0.15496979
0.15364022
0.15252775
0.15162059
0.15087439
0.15026864
0.14980199
0.14948064
0.14927614
0.072436176
0.088362047
0.10062398
0.10943563
0.11610704
0.12159887
0.12646352
0.13100512
0.13538886
0.13969486
0.1439455
0.14811643
0.15214785
0.15595529
0.15942827
0.1624094
0.16466783
0.16582105
0.1651204
0.16216476
0.15882059
0.15669606
0.15508418
0.15374642
0.15262263
0.15170461
0.15094948
0.15033597
0.14986352
0.14953682
0.14932691
0.07326428
0.088094673
0.099929326
0.10866933
0.11535555
0.12086306
0.12573098
0.13026797
0.13464486
0.13894705
0.14320158
0.14738984
0.15145575
0.15531527
0.15885665
0.16192228
0.16429364
0.16560697
0.16511044
0.16234117
0.15898193
0.15681914
0.15520051
0.15385576
0.15272117
0.15179243
0.15102833
0.15040699
0.1499286
0.14959642
0.14938102
0.074060882
0.087768294
0.099060136
0.10766814
0.11436911
0.11992271
0.12483227
0.12940095
0.13380169
0.13812386
0.14239952
0.14661577
0.15072146
0.154635
0.15824544
0.16139744
0.16388234
0.16534736
0.16506525
0.16250331
0.15914475
0.15694201
0.15531802
0.15396777
0.15282294
0.1518838
0.15111092
0.15048177
0.14999733
0.14965961
0.14943967
0.074518896
0.087112188
0.097844226
0.10632974
0.11308444
0.11873362
0.12373466
0.12837939
0.13284087
0.1372119
0.14152982
0.14578796
0.14994119
0.15391229
0.15759335
0.16083352
0.16343261
0.16503966
0.16497247
0.16264548
0.15930733
0.15706257
0.15543604
0.15408191
0.15292803
0.15197882
0.15119724
0.15056034
0.15006983
0.14972649
0.14950308
0.07448006
0.086052297
0.096249549
0.10463137
0.11148134
0.11727959
0.12242427
0.12719122
0.13175223
0.13620306
0.14058643
0.14490215
0.1491123
0.15314564
0.15689938
0.16022931
0.16294379
0.1646864
0.16482578
0.16275714
0.15946961
0.15718137
0.15555302
0.15419756
0.15303522
0.15207697
0.15128719
0.15064279
0.15014615
0.14979724
0.14957068
0.07402605
0.084686582
0.09437968
0.10265596
0.10961297
0.11558924
0.12091592
0.12584359
0.13053853
0.13509771
0.13956862
0.14395756
0.1482342
0.15233473
0.15616294
0.1595829
0.16241058
0.16428655
0.16463232
0.16283092
0.15962526
0.15729362
0.15566933
0.15431399
0.1531453
0.15217837
0.15138066
0.15072896
0.15022641
0.14987188
0.14964187
0.072891383
0.082828825
0.092149473
0.10038846
0.10749891
0.11369317
0.11923844
0.12435953
0.12921649
0.1339072
0.13848339
0.14295834
0.1473094
0.15148082
0.15538393
0.15889104
0.16182162
0.16384346
0.16441254
0.16287664
0.15978093
0.15740253
0.15578006
0.15442984
0.15325578
0.15228234
0.15147754
0.15081907
0.15031058
0.14995061
0.14971679
0.0712699
0.080610419
0.089645072
0.097898055
0.10520107
0.11164902
0.11744299
0.12278106
0.12781826
0.13265468
0.13734678
0.14191495
0.14634449
0.15058769
0.15456376
0.15815226
0.1611738
0.16331942
0.16411632
0.16287666
0.1599184
0.15749857
0.15589109
0.15454511
0.15336793
0.15238844
0.15157731
0.15091256
0.15039872
0.15003337
0.14979573
0.069340327
0.07818534
0.086991779
0.095289406
0.10281054
0.1095359
0.11559709
0.12116452
0.1263888
0.1313742
0.13618339
0.14084431
0.14535039
0.14966223
0.15370666
0.15737042
0.16048046
0.16276375
0.16379098
0.16284454
0.16002678
0.15758922
0.1559876
0.15465621
0.15347965
0.15249684
0.15168026
0.15101002
0.1504907
0.15012037
0.14987899
0.067348789
0.075761451
0.084353848
0.092686437
0.1004235
0.10743428
0.1137707
0.11957039
0.12497862
0.13010586
0.13502327
0.13976816
0.1443422
0.14871432
0.15281931
0.15655159
0.15974796
0.16216099
0.16339743
0.16274558
0.16012728
0.15766303
0.15608649
0.15476395
0.15358811
0.15260464
0.15178483
0.15111011
0.15058649
0.15021142
0.14996636
0.065641737
0.073625492
0.081962971
0.090262862
0.098160379
0.10542932
0.11203154
0.11805602
0.12363645
0.12888973
0.13389797
0.13870977
0.14333659
0.1477558
0.15191004
0.15570178
0.15897895
0.16151356
0.16294304
0.16256356
0.16021587
0.15772244
0.15616641
0.1548667
0.15369909
0.15271519
0.15189223
0.15121403
0.15068591
0.15030665
0.1500581
0.064523105
0.072066451
0.080078283
0.08823545
0.096178817
0.10362483
0.11044671
0.11666911
0.12240011
0.12775726
0.13283348
0.13768988
0.14234921
0.14679823
0.15098741
0.15482727
0.15817681
0.16082585
0.16244345
0.1623412
0.16022709
0.15777585
0.156232
0.15495258
0.15379832
0.15282164
0.15199974
0.1513197
0.15078869
0.15040585
0.1501539
0.064216448
0.07133111
0.078951967
0.086837565
0.094672708
0.10215535
0.10909576
0.11545352
0.12129547
0.12672662
0.13184468
0.13672157
0.14139131
0.14585061
0.15005852
0.15393356
0.157345
0.16009958
0.16189517
0.16209238
0.16020609
0.15777654
0.15629826
0.15503892
0.15389782
0.15292784
0.15210818
0.15142812
0.15089465
0.15050882
0.15025412
0.064773249
0.071448388
0.078652045
0.08616106
0.093738506
0.1011016
0.10803416
0.11443869
0.12033383
0.12580034
0.13093162
0.1358052
0.14046497
0.14491652
0.14912728
0.15302393
0.15648553
0.15933159
0.16127974
0.16179113
0.16015242
0.1577809
0.15632817
0.15511081
0.15399491
0.15303418
0.15221711
0.15153827
0.15100318
0.15061556
0.15035802
0.066400126
0.072457925
0.079104833
0.086177944
0.093375458
0.10047441
0.10726716
0.11361629
0.11949623
0.12495589
0.13007402
0.1349259
0.13956072
0.14399116
0.14819244
0.15209915
0.15559939
0.15852219
0.16059988
0.16134527
0.16007295
0.15780407
0.15632255
0.1551269
0.15406447
0.15312283
0.15232137
0.15164767
0.15111419
0.15072513
0.15046597
0.068898321
0.074378702
0.080376844
0.086799084
0.093503837
0.10021954
0.10674769
0.1129411
0.11873741
0.12415014
0.12923456
0.13405475
0.13865846
0.14306264
0.14724848
0.15115797
0.1546881
0.15767902
0.15988385
0.16087444
0.15997514
0.15779331
0.15628887
0.1551302
0.15413794
0.15322519
0.15242811
0.15176027
0.15122661
0.15083814
0.15057698
0.07180094
0.076705311
0.082099428
0.087910891
0.094008829
0.10024163
0.10640516
0.11235474
0.11800484
0.12333486
0.1283705
0.13315643
0.13773174
0.14211325
0.14628542
0.15019648
0.1537523
0.15680529
0.15912941
0.16034719
0.15979675
0.15773349
0.15619208
0.15515522
0.15421343
0.15330258
0.15252736
0.15186723
0.15134041
0.15095257
0.1506913
0.074725438
0.07907031
0.083867876
0.089074467
0.094599044
0.10031358
0.10607965
0.1117488
0.11722252
0.12245342
0.12743768
0.13219655
0.13675517
0.14112513
0.1452921
0.14920936
0.15279098
0.15590132
0.15833365
0.1597485
0.159478
0.15761384
0.15614637
0.15515888
0.15423299
0.15336116
0.15261935
0.15197643
0.15145389
0.15106952
0.15080766
0.07730737
0.081143813
0.085397669
0.090048261
0.095038253
0.10027452
0.10564933
0.11103572
0.1163307
0.12146445
0.1264059
0.13115213
0.13571145
0.1400868
0.14426222
0.14819435
0.15180491
0.15497006
0.15750172
0.15909694
0.15917278
0.15751514
0.15609064
0.15512235
0.15423386
0.15345685
0.15271662
0.15208093
0.15156735
0.15118661
0.15092615
0.079291101
0.082694181
0.086484951
0.090658519
0.09518075
0.10001086
0.10503434
0.11016219
0.11529387
0.12034573
0.12526229
0.13001619
0.13459714
0.1389971
0.1431968
0.14715463
0.15079889
0.15401759
0.1566409
0.15839682
0.15876033
0.15736145
0.15593537
0.15503136
0.15424539
0.1535058
0.1527861
0.15217803
0.15167771
0.15130374
0.15104498
0.080598976
0.083649373
0.087066122
0.090852709
0.095011531
0.09948659
0.10421729
0.10912377
0.11411409
0.11910163
0.12401407
0.128799
0.13342448
0.13786899
0.14210792
0.14610118
0.14978337
0.15305386
0.15576113
0.15766256
0.15829966
0.15715855
0.1557996
0.15499085
0.15423907
0.15350943
0.15285273
0.15227753
0.15178681
0.1514204
0.15116468
0.081388571
0.084160669
0.087275232
0.090741501
0.094565405
0.098734746
0.10320868
0.10792531
0.1128066
0.11775579
0.12268461
0.12752198
0.13221409
0.13672283
0.14101564
0.14505255
0.14877464
0.15209286
0.15487349
0.15690241
0.1577861
0.1569348
0.15566296
0.15489716
0.15417426
0.15353116
0.15292691
0.15236031
0.15188885
0.15153306
0.15128162
0.081868604
0.084410944
0.087281088
0.090489273
0.094050703
0.097965101
0.10221529
0.10675724
0.11152212
0.11642266
0.12136266
0.12625137
0.13101445
0.13559514
0.13994941
0.14403382
0.14779407
0.15115282
0.1539935
0.1561308
0.15722859
0.15668725
0.15547223
0.15473703
0.15410941
0.15354145
0.15296539
0.15243559
0.15198821
0.1516442
0.15139851
0.082370776
0.084739009
0.087425191
0.090448341
0.093811603
0.097518671
0.10156412
0.10591937
0.11053548
0.1153396
0.12023925
0.12513437
0.1299335
0.13456232
0.1389618
0.1430816
0.14686895
0.15025505
0.15313942
0.15536534
0.15664426
0.15641018
0.15527652
0.15462152
0.15407712
0.15351377
0.15299793
0.15251538
0.15207808
0.15174823
0.15150817
0.08329593
0.085488835
0.087982133
0.090805558
0.093985025
0.09752192
0.10139253
0.10557086
0.1100189
0.11468295
0.11947937
0.12431342
0.1290871
0.13371142
0.13811432
0.14223771
0.14602748
0.14941976
0.15232749
0.15461887
0.15604486
0.15609565
0.15507112
0.15445518
0.15399398
0.15347351
0.15301491
0.1525615
0.15215646
0.15184563
0.1516161
0.085040506
0.08704951
0.08932955
0.091909389
0.0948187
0.09808517
0.10172322
0.10570969
0.10999163
0.11448499
0.11912428
0.12383508
0.12851677
0.13307513
0.1374295
0.14151567
0.14527716
0.14865191
0.15156223
0.15389608
0.15544021
0.15575033
0.15486763
0.15427454
0.15391793
0.15345979
0.1530051
0.15260203
0.15223018
0.15193619
0.15171356
0.087454546
0.089307879
0.091413963
0.093794913
0.096472583
0.099462778
0.1027784
0.10642576
0.11039265
0.11465035
0.11911105
0.1236458
0.1281793
0.13262026
0.13688216
0.14089438
0.14459881
0.14793704
0.15083583
0.15319472
0.15483453
0.15538109
0.15466434
0.15411158
0.1538137
0.1534219
0.15297881
0.15263203
0.15228496
0.15201301
0.15180327
0.08991097
0.091618235
0.093559692
0.095761157
0.09824348
0.10102477
0.10411565
0.10751585
0.11120915
0.11515882
0.1193181
0.12362401
0.1279706
0.1322599
0.13640397
0.14032473
0.14395902
0.1472501
0.15012938
0.15250555
0.15422773
0.15498552
0.15445807
0.15394376
0.1536618
0.15334813
0.15297132
0.15262859
0.15232106
0.15207915
0.15188231
0.092029382
0.093609601
0.095405291
0.097441072
0.099739194
0.10231882
0.10519304
0.10836518
0.11182449
0.11554259
0.11947098
0.12356
0.12772626
0.13186668
0.13589547
0.13973343
0.14330924
0.14656079
0.14942532
0.15182018
0.15361945
0.15456349
0.15424707
0.1537653
0.15350602
0.1532612
0.15294697
0.15260638
0.15236131
0.15213804
0.15194867
0.0936978
0.09515953
0.096820897
0.098704749
0.10083351
0.10322727
0.10590158
0.10886399
0.11211032
0.11562081
0.11937169
0.12329371
0.12730247
0.13132618
0.13527356
0.13905863
0.1426048
0.14584386
0.14871145
0.15113378
0.15300891
0.15411412
0.15401833
0.15356655
0.1533335
0.15312054
0.15287083
0.15259678
0.15236531
0.15216298
0.15199571
0.095023986
0.096378495
0.097918459
0.099664675
0.10163888
0.10386185
0.10635244
0.10912402
0.11218037
0.11550967
0.11907022
0.12282022
0.12670304
0.13063768
0.13453262
0.13829557
0.14184154
0.14509376
0.14798523
0.15044809
0.15239641
0.153643
0.15377348
0.15336095
0.15315352
0.15297839
0.15279965
0.15257878
0.15235119
0.15218318
0.15203696
0.096285232
0.097543138
0.098972963
0.10059459
0.10242922
0.10449764
0.10681894
0.10940808
0.11227302
0.11540186
0.1187729
0.12236052
0.12610986
0.12994707
0.13378275
0.1375208
0.14106816
0.14434047
0.14726457
0.14977194
0.15178738
0.15316117
0.15352105
0.15316619
0.15296421
0.15282568
0.15268852
0.1525129
0.1523226
0.15218545
0.15204541
0.097757447
0.098926313
0.10025318
0.10175682
0.10345672
0.10537254
0.10752306
0.10992464
0.11258887
0.11552753
0.11872279
0.12212611
0.12570942
0.12940941
0.13314523
0.13682334
0.14034683
0.1436237
0.14657102
0.14911692
0.15119181
0.15267915
0.15326416
0.15300337
0.15280212
0.15268353
0.15257073
0.15243675
0.15230131
0.15217696
0.15204091
0.099380503
0.10047172
0.10170953
0.10311079
0.10469374
0.10647704
0.10847897
0.11071504
0.11319515
0.11592226
0.11890053
0.12212115
0.12552426
0.1290615
0.13266064
0.13623704
0.13969875
0.14295256
0.14590683
0.14848167
0.15060829
0.15219735
0.15299355
0.15285206
0.15264838
0.15253902
0.15244426
0.15234565
0.15224651
0.15214376
0.15202495
0.10084517
0.10186539
0.10302251
0.10433299
0.10581421
0.10748387
0.10935916
0.11145545
0.1137846
0.11635252
0.11915776
0.12218904
0.12542137
0.12880003
0.13226381
0.13573227
0.1391136
0.1423189
0.14526117
0.14785437
0.15002533
0.15170481
0.15268474
0.15269805
0.15250765
0.15240548
0.15232892
0.15225943
0.15218582
0.15210922
0.15200373
0.1021013
0.10305514
0.10413732
0.10536333
0.10674978
0.10831373
0.11007217
0.11204095
0.11423314
0.11665697
0.11931416
0.12219387
0.1252728
0.12851003
0.13184939
0.13521769
0.13852919
0.14168941
0.14461148
0.14721475
0.14942371
0.15117735
0.15231345
0.15250639
0.15236903
0.15227737
0.15220024
0.15214811
0.15209721
0.15204055
0.15194891
0.10331581
0.10420802
0.1052197
0.10636549
0.10766107
0.10912284
0.11076733
0.11261045
0.11466609
0.11694421
0.11944878
0.1221745
0.12509928
0.1281943
0.13140976
0.13467862
0.13791914
0.14104046
0.14394973
0.14656338
0.14880901
0.15062839
0.15189892
0.15227743
0.15221104
0.1521559
0.15210489
0.15206435
0.15202323
0.15197958
0.15189695
0.10454522
0.10537944
0.10632487
0.10739517
0.10860499
0.10996981
0.11150542
0.11322733
0.11514962
0.11728332
0.1196346
0.12220216
0.12497305
0.12792121
0.13100424
0.13416271
0.13732118
0.14039225
0.14328363
0.1459079
0.14818941
0.15006977
0.15145874
0.15202586
0.1520399
0.15201353
0.15197789
0.15194
0.15190475
0.15187438
0.15180186
0.10572638
0.10650866
0.10739489
0.10839784
0.10953125
0.1108097
0.1122482
0.11386166
0.11566394
0.11766644
0.11987641
0.12229465
0.1249158
0.12771722
0.13066389
0.13370407
0.13676951
0.13977845
0.14264162
0.14527002
0.14758371
0.14952107
0.15101558
0.15176925
0.15186807
0.15187633
0.15186651
0.15183844
0.1518093
0.15178777
0.15172353
0.10683247
0.10756639
0.10839769
0.10933834
0.11040131
0.11160041
0.11294999
0.11446448
0.11615761
0.11804122
0.12012374
0.12240825
0.12489014
0.12755387
0.13037023
0.13329431
0.13626495
0.13920659
0.14203394
0.14465793
0.14699562
0.1489824
0.15057013
0.1515076
0.15166142
0.15167766
0.15169023
0.15168368
0.15166895
0.15165347
0.15159489
0.10787186
0.10856118
0.10934181
0.11022497
0.11122291
0.1123487
0.11361605
0.11503888
0.11663073
0.11840367
0.12036703
0.12252562
0.12487747
0.12741137
0.13010387
0.13291654
0.13579483
0.13866879
0.14145658
0.14407217
0.14643357
0.14847275
0.1501474
0.15123716
0.15150372
0.15150046
0.15151635
0.15153162
0.15154209
0.15153954
0.15149019
0.10887358
0.10951984
0.11025161
0.11107944
0.11201485
0.11307023
0.11425863
0.11559346
0.11708797
0.11875436
0.12060261
0.12263904
0.12486412
0.12726984
0.12983787
0.13253601
0.13531658
0.13811622
0.140858
0.14345845
0.14583537
0.14791777
0.14966313
0.15093006
0.15134664
0.15134965
0.15134092
0.15135172
0.15137067
0.1513764
0.15133363
0.10980197
0.11040943
0.11109716
0.11187508
0.11275407
0.11374584
0.11486284
0.11611793
0.11752402
0.11909328
0.12083616
0.12276013
0.12486775
0.127153
0.12960196
0.1321878
0.1348692
0.13758947
0.14027818
0.14285498
0.14523758
0.14735407
0.14916202
0.15057602
0.15115871
0.15122492
0.15123508
0.15124411
0.15125647
0.15126125
0.15121939
0.11074334
0.11131204
0.1119559
0.11268424
0.11350732
0.11443621
0.11548274
0.11665923
0.11797818
0.11945161
0.12109017
0.12290202
0.12489119
0.12705668
0.12938649
0.13185864
0.13443773
0.13707348
0.13970127
0.14224495
0.14462418
0.14676534
0.14862023
0.15014037
0.15093281
0.15105077
0.15106548
0.15107702
0.15108629
0.1510895
0.1510481
0.11158023
0.11211546
0.1127214
0.11340686
0.11418153
0.11505593
0.1160413
0.11714947
0.11839253
0.11978231
0.12132959
0.12304312
0.12492817
0.12698485
0.12920569
0.13157296
0.13405645
0.13661184
0.1391805
0.14169174
0.14406772
0.14623423
0.1481399
0.14976069
0.15070268
0.15089797
0.15092919
0.1509488
0.15096306
0.15096869
0.15092869
0.11248716
0.11298604
0.11355096
0.11419023
0.11491296
0.11572913
0.11664944
0.11768523
0.11884821
0.12015004
0.12160162
0.1232123
0.12498852
0.12693227
0.12903888
0.13129473
0.13367474
0.13614042
0.13863901
0.14110453
0.14346304
0.14564123
0.14758285
0.14926834
0.15041538
0.15072278
0.15074414
0.15076003
0.1507763
0.15078302
0.15074501
0.11322719
0.11369701
0.11422909
0.11483127
0.11551223
0.11628142
0.11714909
0.11812612
0.11922383
0.12045363
0.12182643
0.12335185
0.12503715
0.12688548
0.12889456
0.13105396
0.133343
0.13572886
0.13816433
0.14058878
0.14293307
0.14512659
0.14711135
0.14886904
0.1501745
0.1505755
0.15062667
0.15064363
0.15065996
0.1506667
0.15063011
0.1141557
0.11459
0.11508207
0.11563927
0.11626975
0.11698245
0.11778708
0.11869406
0.11971432
0.12085905
0.12213916
0.12356469
0.12514378
0.12688148
0.12877863
0.13082773
0.13301005
0.13529709
0.13764989
0.14001394
0.14232325
0.14450846
0.14650972
0.14829775
0.1497666
0.15038937
0.15044524
0.1504592
0.15047272
0.15047741
0.15044025
0.11479171
0.11520178
0.1156665
0.11619288
0.11678869
0.11746248
0.11822358
0.11908204
0.12004849
0.12113392
0.12234925
0.12370482
0.12520944
0.12686654
0.12867481
0.13063526
0.13273489
0.13494786
0.13723796
0.13955851
0.14184921
0.14404157
0.14607159
0.14790933
0.14949258
0.1502154
0.15033991
0.15035718
0.15036927
0.15037273
0.15033628
0.11580984
0.11618452
0.11660943
0.11709098
0.11763642
0.11825374
0.11895172
0.11973986
0.12062831
0.12162769
0.12274872
0.12400174
0.12539589
0.12693989
0.12863928
0.13048725
0.13247219
0.13457551
0.13676637
0.13900239
0.14122944
0.14338743
0.14541781
0.14728088
0.14896517
0.14999487
0.15015431
0.15017122
0.15018002
0.15018074
0.15014465
0.11631487
0.11667225
0.11707747
0.11753674
0.11805696
0.11864578
0.11931157
0.12006343
0.12091105
0.12186455
0.12293413
0.12412948
0.12545916
0.1269294
0.12854407
0.13030945
0.13222425
0.13427046
0.13642083
0.13863558
0.14086068
0.14302794
0.14507048
0.14695481
0.14867921
0.14977406
0.15006587
0.1500858
0.15009205
0.15009069
0.15005424
0.11764083
0.11795772
0.11831711
0.11872451
0.11918614
0.11970892
0.12030049
0.12096923
0.12172417
0.12257495
0.12353181
0.12460534
0.12580619
0.1271449
0.12863093
0.13026296
0.1320341
0.13393286
0.13593953
0.13802299
0.14014011
0.14223492
0.1442512
0.14614759
0.1479225
0.14934498
0.14980524
0.14984613
0.14984873
0.14984234
0.14980486
0.093456909
0.095821145
0.097839754
0.09946105
0.1007493
0.10179881
0.10264976
0.10332291
0.10380592
0.10406154
0.10412632
0.10406648
0.10388908
0.10361159
0.10334662
0.10317645
0.10314638
0.10323395
0.10343287
0.10342966
0.1030769
0.10198961
0.10003697
0.097284775
0.093886697
0.090046589
0.085954401
0.081854802
0.078187829
0.075386095
0.073684711
0.073126443
0.073396061
0.074523644
0.075543273
0.075876816
0.075492112
0.074258932
0.073080413
0.072585602
0.072738317
0.073643406
0.074685257
0.075395246
0.076130742
0.077049902
0.078233897
0.079608622
0.081113635
0.082684674
0.084402305
0.086086575
0.087913132
0.089607932
0.091523008
0.093181409
0.095179996
0.096725893
0.098821746
0.10015244
0.10239005
0.10334261
0.10599545
0.060792876
0.065071638
0.069218816
0.073087878
0.076496159
0.079395546
0.081776753
0.083686541
0.085169696
0.086263373
0.087065424
0.087673305
0.088161389
0.088582558
0.089055708
0.089690531
0.090525033
0.091548903
0.092709737
0.093716554
0.094205078
0.093908259
0.092715488
0.090551647
0.087649215
0.084225212
0.080497733
0.076759209
0.073493679
0.071103314
0.069760351
0.069459425
0.069957128
0.071350001
0.072561891
0.07317145
0.073094886
0.072337508
0.07157917
0.0713495
0.071657717
0.072734829
0.073899405
0.07486088
0.075887023
0.077051034
0.07842001
0.079926275
0.08154873
0.083219537
0.085000785
0.086727628
0.088569318
0.090274062
0.092174234
0.093822196
0.095787656
0.097314042
0.099369545
0.10068042
0.10287467
0.10381538
0.10642411
0.029552613
0.032482426
0.036022502
0.040034717
0.044186293
0.048258434
0.052133217
0.055704621
0.058886969
0.06164201
0.064044768
0.066157838
0.068075746
0.069874493
0.071674808
0.073597592
0.075674688
0.077895782
0.080241326
0.082384622
0.083990069
0.084667573
0.084348252
0.08302552
0.080776841
0.077904772
0.074665047
0.071401
0.068625993
0.06669771
0.065725549
0.065686012
0.066478435
0.068129111
0.069561326
0.070493708
0.070790121
0.070509468
0.070185906
0.070217461
0.070725611
0.071978672
0.073280205
0.074502274
0.075805733
0.077199279
0.078736209
0.080360799
0.082082523
0.083834766
0.085663484
0.087421043
0.089268902
0.090976514
0.092856494
0.094489649
0.096419184
0.097923102
0.099936045
0.10122533
0.10337415
0.10430207
0.10686251
0.010782066
0.012968328
0.015340629
0.017998655
0.021006188
0.024305571
0.027945498
0.03166649
0.035300332
0.038805494
0.042136243
0.045298166
0.048323755
0.051253002
0.054168906
0.057166464
0.060275447
0.063490131
0.066829947
0.070013995
0.072718703
0.074513286
0.07515725
0.074735961
0.073375605
0.071181181
0.068555823
0.065875897
0.063668359
0.062240272
0.061649551
0.061878219
0.063050293
0.064921193
0.066606795
0.06789275
0.068624351
0.068821661
0.068930365
0.069230018
0.06999417
0.071405213
0.072858401
0.074334254
0.075892567
0.077495211
0.079177875
0.080904984
0.082707518
0.084523382
0.086384921
0.088162287
0.090008133
0.091711994
0.093567189
0.095181338
0.097072406
0.098551036
0.10051932
0.10178519
0.1038866
0.10480059
0.10731081
0.0058287991
0.0067438749
0.0078517628
0.0091437206
0.010691732
0.012507479
0.01465522
0.017123565
0.019877978
0.022830392
0.025885676
0.029012508
0.032196273
0.035421356
0.038711196
0.042120698
0.045679655
0.049393961
0.053291609
0.057209024
0.060851045
0.063712383
0.065439861
0.065970927
0.065563472
0.064210639
0.062306264
0.060304392
0.058723126
0.057816328
0.057611697
0.058165743
0.059740979
0.061808433
0.063768771
0.06543086
0.066624676
0.067320138
0.067847151
0.068447044
0.069486208
0.071044616
0.072656489
0.074364147
0.076149484
0.077934144
0.079738411
0.081550384
0.083416036
0.085278693
0.087159939
0.088947118
0.090783567
0.092477463
0.09430391
0.095895088
0.097745332
0.099196068
0.10111771
0.10235841
0.10441057
0.10530937
0.10776757
0.0060187419
0.005614233
0.0054478374
0.0054749843
0.0057545973
0.0063137498
0.0072112488
0.0084811814
0.01013237
0.012129847
0.014420691
0.016945255
0.019699814
0.022619945
0.025680103
0.028933873
0.032423978
0.036175606
0.040228361
0.044526351
0.048853545
0.052667706
0.055447484
0.057077348
0.05757423
0.057170924
0.056076208
0.054823724
0.053906285
0.053519003
0.053714687
0.054699647
0.056629001
0.05888445
0.061126155
0.063174319
0.064837985
0.066036932
0.066982063
0.067905161
0.069218435
0.070922083
0.072685059
0.074592364
0.07657288
0.078508491
0.080410035
0.08228808
0.08420041
0.086094329
0.087983627
0.08977143
0.091591993
0.093270129
0.095064269
0.096628865
0.098436081
0.09985657
0.10172977
0.10294361
0.10494484
0.10582716
0.10823164
0.006878325
0.0061316454
0.0054757431
0.0048916971
0.0043963704
0.0039794838
0.0036952772
0.0036844828
0.0041022882
0.0049830286
0.0063421697
0.008035438
0.010038551
0.012299729
0.014754759
0.017488039
0.020565851
0.024050206
0.027988448
0.032427696
0.037216748
0.041819773
0.045588557
0.048266471
0.049737046
0.05024768
0.05003803
0.04958064
0.049325603
0.049458799
0.05013249
0.051606018
0.053809653
0.056253713
0.058764394
0.061190685
0.063316197
0.065009754
0.066371693
0.067628493
0.069203729
0.071047309
0.072943648
0.075014197
0.077153831
0.079208458
0.081183771
0.083109281
0.085053081
0.08696425
0.088851184
0.090631333
0.092430268
0.094087314
0.095845885
0.097380676
0.099142834
0.10053099
0.10235411
0.10353956
0.10548834
0.10635293
0.10870218
0.0075838988
0.0070756154
0.0066657126
0.0063320275
0.0060411628
0.0057471051
0.0054032649
0.0049805408
0.0044693466
0.0038959255
0.0034599756
0.0033613067
0.0038259168
0.0048605362
0.0062789295
0.0081309839
0.010343166
0.013208053
0.016846178
0.021269585
0.02639367
0.031624915
0.036255338
0.03985922
0.042298577
0.043704059
0.044366514
0.044700795
0.045096314
0.045807394
0.0470485
0.048967945
0.051412006
0.054027181
0.056772133
0.059546713
0.062110777
0.064275334
0.066043808
0.067629919
0.069444283
0.071416845
0.0734216
0.07561739
0.077880324
0.080023065
0.082049546
0.084005346
0.085966693
0.087882655
0.089757949
0.091523114
0.093295185
0.094926359
0.096646393
0.098148532
0.099863814
0.10121781
0.10298944
0.10414511
0.10604012
0.10688583
0.10917851
0.0082008483
0.0081447382
0.0081800455
0.0082888152
0.0084326793
0.0085710499
0.0086613843
0.0086800531
0.0085881362
0.0083564496
0.008007644
0.0075324186
0.0068941277
0.0061308109
0.0051919457
0.0043043268
0.0036686668
0.0043359702
0.0070816333
0.011345614
0.016750026
0.022475871
0.027794081
0.032181427
0.035482168
0.037720423
0.039215335
0.040304025
0.041375875
0.042735889
0.044568272
0.046909003
0.04956429
0.052311897
0.05523455
0.058304591
0.061266902
0.063863639
0.066014493
0.067909418
0.069931053
0.072014799
0.074101286
0.076386422
0.078738213
0.080940884
0.082997347
0.084967741
0.086934139
0.088843903
0.090699424
0.092443058
0.09418351
0.095784587
0.097463426
0.098930426
0.10059725
0.10191551
0.10363446
0.10475916
0.1065993
0.10742513
0.10966008
0.0087513576
0.0091638769
0.0096338765
0.010141626
0.010660167
0.011165587
0.011635084
0.012049639
0.012387808
0.012616928
0.012709939
0.012651147
0.012382179
0.011881956
0.011060652
0.0098410055
0.0079818339
0.0052848082
0.0015963946
0.0031248174
0.008636801
0.014678524
0.020461716
0.025445845
0.029456813
0.03243861
0.034697313
0.036529311
0.038322696
0.040381371
0.0428104
0.045543066
0.048374705
0.051198772
0.054223212
0.057515427
0.060817922
0.063794109
0.066282999
0.068457909
0.07064738
0.07281829
0.07496133
0.077303766
0.079712461
0.081950274
0.084017602
0.085988228
0.087948547
0.089842485
0.091671142
0.09338743
0.095092012
0.096659291
0.098294603
0.099724329
0.10134139
0.10262258
0.10428793
0.10538062
0.10716507
0.10797019
0.1101464
0.0091983159
0.010020027
0.010840906
0.011658177
0.012465281
0.013256476
0.014023456
0.01475454
0.015432286
0.016030362
0.016518457
0.016842173
0.016944302
0.016798158
0.016336976
0.015412956
0.013811047
0.01138066
0.0079589006
0.0039500973
0.0032734096
0.0085518934
0.014429421
0.019765218
0.02432718
0.02795605
0.030929656
0.033514358
0.03607331
0.038853676
0.041857686
0.044935695
0.04789588
0.050738457
0.053784483
0.057211401
0.06077911
0.064064285
0.066846985
0.069254659
0.071571991
0.073802055
0.075979101
0.078350853
0.080788157
0.083039546
0.085100863
0.087058896
0.089003265
0.090872994
0.092668651
0.094352469
0.096017451
0.097547734
0.099137527
0.10052819
0.10209443
0.10333751
0.10494859
0.1060085
0.10773661
0.10852034
0.11063702
0.0095583527
0.010649742
0.011697216
0.012716775
0.013718485
0.014708644
0.01568704
0.016646671
0.017571844
0.018436797
0.019208927
0.019850335
0.02024104
0.020354592
0.020183991
0.019525917
0.018181438
0.016019193
0.012887849
0.0088687852
0.0048020676
0.0047934713
0.0097882182
0.015182523
0.020155456
0.024355818
0.028025535
0.031382622
0.034730167
0.038210958
0.041722199
0.045066438
0.048104319
0.050916782
0.053921651
0.057396563
0.061137814
0.064669618
0.067684333
0.070273972
0.072680823
0.07494141
0.077131897
0.079508918
0.08195104
0.084197144
0.086237843
0.088172145
0.090091817
0.091930101
0.093687498
0.095334396
0.096956574
0.098447152
0.099989782
0.10133993
0.10285461
0.10405878
0.10561519
0.10664175
0.10831312
0.10907496
0.11113155
0.0098253647
0.011002362
0.012130782
0.013234447
0.01432854
0.015422301
0.016517215
0.017606987
0.018676556
0.019699475
0.020632958
0.021464293
0.022034054
0.022317328
0.022344522
0.021914477
0.020808534
0.018900454
0.016043509
0.012208599
0.0077185382
0.0041851262
0.006512897
0.011657208
0.016972884
0.021718928
0.026090357
0.030227161
0.034339739
0.038444578
0.0423647
0.045892995
0.048957362
0.051699158
0.054606624
0.058050242
0.06188327
0.065581732
0.068766874
0.071487818
0.073948758
0.076213289
0.078397866
0.080759867
0.083187449
0.085411837
0.087419437
0.08932068
0.091207882
0.093008543
0.094723235
0.096329419
0.097906121
0.099354761
0.10084895
0.10215747
0.10362013
0.10478485
0.10628648
0.10727927
0.10889383
0.10963345
0.11162961
0.0099502002
0.011040364
0.012115106
0.013192773
0.014281667
0.015386899
0.016507805
0.017636373
0.018755954
0.019840014
0.020844926
0.021740386
0.022455486
0.022824766
0.022928555
0.022617681
0.021686734
0.019987374
0.01737857
0.013799496
0.0093103076
0.0048030175
0.0041723009
0.0091491028
0.014833544
0.020143793
0.025209302
0.030089803
0.034872134
0.039493386
0.043705126
0.047332055
0.050370476
0.053012243
0.055781201
0.059130436
0.062974035
0.066764897
0.070063364
0.072867802
0.075351161
0.077596016
0.079756687
0.082086802
0.084484233
0.08667275
0.088636895
0.090497404
0.092345268
0.094103117
0.095771431
0.097333756
0.098862835
0.10026777
0.1017126
0.10297871
0.1043892
0.1055142
0.10696121
0.10792003
0.10947802
0.11019521
0.11213085
0.0099451416
0.010784433
0.011668878
0.012604068
0.013583061
0.014600144
0.015648126
0.016715979
0.017785571
0.018828455
0.019805159
0.020679879
0.021413584
0.021842426
0.02197924
0.021742792
0.020956817
0.019458425
0.017107064
0.013792637
0.0094403176
0.0046708284
0.0022853186
0.0077641859
0.013881686
0.01974142
0.025424306
0.03092946
0.036273545
0.041259458
0.045643507
0.049289629
0.052252771
0.054771068
0.057373227
0.060578089
0.064363682
0.068181592
0.071541268
0.074386287
0.076864489
0.079069261
0.081189719
0.083474587
0.085828661
0.087969476
0.089881794
0.091695318
0.093497902
0.095208687
0.09682769
0.098343647
0.099823475
0.10118341
0.10257832
0.10380159
0.10516005
0.10624531
0.10763813
0.10856303
0.11006493
0.11075963
0.11263491
0.0097767799
0.010240023
0.010816608
0.01150163
0.012270471
0.013103037
0.013982348
0.014890371
0.015805728
0.01670167
0.017543908
0.018300311
0.018958897
0.019379536
0.019519
0.019336841
0.01869412
0.017422225
0.01538728
0.012405223
0.0083869145
0.003778001
0.0021775697
0.0080009077
0.01434664
0.020575337
0.02673151
0.032731579
0.038442528
0.043634309
0.048079719
0.051673525
0.054518006
0.056891561
0.059308144
0.062331366
0.066003964
0.069794025
0.073168007
0.07601705
0.07846639
0.080613967
0.082679999
0.084909533
0.087208371
0.089292101
0.091145944
0.092907522
0.094659839
0.09632021
0.097887674
0.099355376
0.10078484
0.10209891
0.10344373
0.10462405
0.10593091
0.10697669
0.10831599
0.10920727
0.11065381
0.11132614
0.11314146
0.0094357154
0.0094641825
0.0096516446
0.0099918729
0.010451963
0.010999133
0.0116058
0.012245535
0.012893884
0.013528072
0.014123024
0.014656746
0.015159568
0.015547734
0.015712015
0.015662928
0.015262771
0.014353361
0.012812688
0.01040825
0.0072118508
0.0042182707
0.0053620614
0.010256901
0.016382079
0.022720627
0.029129451
0.035377639
0.041260235
0.046514184
0.05092091
0.054400773
0.057088462
0.059296892
0.061515518
0.064330043
0.067849825
0.071565388
0.074912033
0.077735413
0.080135656
0.082212219
0.08421198
0.086377075
0.088611449
0.090631125
0.092421453
0.094127234
0.095825293
0.097432749
0.09894713
0.1003653
0.10174379
0.10301157
0.10430649
0.10544406
0.10670005
0.10770686
0.10899357
0.10985176
0.1112439
0.11189415
0.11365012
0.0089775747
0.0086008273
0.0083722677
0.0082962461
0.0083477855
0.0084956595
0.0087043813
0.0089390404
0.0091732896
0.0093951475
0.0096075195
0.0098107602
0.010125089
0.010552933
0.010981524
0.011462608
0.011815325
0.01170623
0.011000282
0.0096837866
0.0082464224
0.0079642419
0.010071292
0.014326164
0.01992749
0.026080574
0.032462315
0.038737333
0.044616518
0.049802597
0.054082452
0.057396278
0.059895961
0.06192043
0.063932691
0.066519516
0.069858085
0.073458776
0.076743592
0.079517615
0.081852262
0.0838474
0.085770996
0.087862977
0.090026847
0.091977477
0.093700834
0.095347831
0.096988635
0.098541495
0.10000192
0.10136987
0.10269725
0.10391876
0.10516431
0.10625964
0.10746578
0.10843437
0.10966968
0.11049553
0.11183445
0.11246311
0.11416053
0.0084571752
0.0078399337
0.0073107394
0.0068649727
0.0064917276
0.0061654862
0.005846522
0.005486201
0.0050473543
0.0045345487
0.0040489811
0.0038853315
0.0044755061
0.0057810143
0.0074064257
0.0091631361
0.01070553
0.011804195
0.012460619
0.012658309
0.01286094
0.013779902
0.015990853
0.019708878
0.024698232
0.030449171
0.036581581
0.042687381
0.048408182
0.053411661
0.057487255
0.060590398
0.062877467
0.064701724
0.066502185
0.068849532
0.071982076
0.075439488
0.078635941
0.081341125
0.08359724
0.085503534
0.087343264
0.089355401
0.0914442
0.093322493
0.094976883
0.096562899
0.098144471
0.099641814
0.10104804
0.10236564
0.10364227
0.10481791
0.10601497
0.10706889
0.10822646
0.10915782
0.11034316
0.11113764
0.11242472
0.11303247
0.1146723
0.0079053743
0.0074077301
0.0069781464
0.0065679637
0.0061638035
0.0057546789
0.0053187137
0.0048138995
0.0042104038
0.0035674075
0.0031681273
0.003665029
0.0053662228
0.0077387096
0.010358281
0.012953544
0.01526904
0.017070827
0.018357671
0.019170775
0.019879775
0.020982037
0.022937454
0.026084527
0.030419893
0.035625149
0.041333054
0.047104106
0.052534313
0.057260474
0.061066697
0.063921246
0.065977107
0.067587547
0.069170864
0.071271372
0.074179091
0.077475309
0.080564496
0.083185608
0.085353531
0.087166163
0.088915709
0.090842721
0.09285347
0.094658157
0.096242862
0.09776635
0.099287593
0.10072925
0.10208166
0.10334932
0.10457599
0.10570655
0.10685634
0.10786996
0.10898051
0.10987587
0.11101288
0.11177718
0.11301399
0.11360171
0.11518505
0.0075479347
0.0077024152
0.0078584773
0.0080247998
0.008206943
0.0084369757
0.008735895
0.0091158075
0.009600148
0.0102716
0.011280761
0.012629204
0.014506466
0.016857186
0.019453027
0.021992832
0.024235508
0.025968771
0.027133148
0.027837484
0.02840103
0.029231365
0.030706314
0.033208198
0.036842543
0.041404701
0.046559355
0.051866935
0.056898941
0.06127337
0.064758963
0.067332241
0.069141959
0.070527703
0.071887905
0.0737395
0.07641282
0.079536179
0.082507096
0.085033435
0.087105816
0.088821791
0.090475712
0.092313687
0.094245326
0.095977032
0.097492387
0.098952434
0.10041306
0.10179959
0.10309914
0.10431778
0.10549569
0.10658235
0.10768638
0.10866109
0.10972642
0.11058721
0.11167779
0.11241325
0.11360157
0.11417031
0.11569838
0.0084027025
0.0095362338
0.010559829
0.011674611
0.012777844
0.013897844
0.015089264
0.016406485
0.017857307
0.019487628
0.021491256
0.023619985
0.026046296
0.02869385
0.031357951
0.033750688
0.035673201
0.036974577
0.037660417
0.03787003
0.037937733
0.038238696
0.039083337
0.040849648
0.043731351
0.047585428
0.052099598
0.056850935
0.061405029
0.065370668
0.068500786
0.070768557
0.07232125
0.073477455
0.074611169
0.07621612
0.078650493
0.081594885
0.084442636
0.086867403
0.08883928
0.090457306
0.092012084
0.093758599
0.095611297
0.097271962
0.098719225
0.1001158
0.10151633
0.10284888
0.10409705
0.10526804
0.10639881
0.10744309
0.10850317
0.10944062
0.11046274
0.11129062
0.11233683
0.11304501
0.11418678
0.11473781
0.11621189
0.015010631
0.016457229
0.018007251
0.01976919
0.02165528
0.023637579
0.025559353
0.027588239
0.02975332
0.032053979
0.034597089
0.037287676
0.040038687
0.042776285
0.045291087
0.047289403
0.048612929
0.049223712
0.049176247
0.048678283
0.04804308
0.047672635
0.047828932
0.048784942
0.050856263
0.053962479
0.057786939
0.061924809
0.065950416
0.069470873
0.072227806
0.074180167
0.075472584
0.076400631
0.077308759
0.078670404
0.080863169
0.083625406
0.086346002
0.088670166
0.090540397
0.092060847
0.09351534
0.095168884
0.09694344
0.098536205
0.099917528
0.10125153
0.10259317
0.10387343
0.10507218
0.10619735
0.10728296
0.10828668
0.10930492
0.11020697
0.11118814
0.11198494
0.11298904
0.11367164
0.11476898
0.11530374
0.11672516
0.034272612
0.036267848
0.038205766
0.039852624
0.041229623
0.042737371
0.04439593
0.046187623
0.048046726
0.049994218
0.052090433
0.054309976
0.056517655
0.058613574
0.060369911
0.061539488
0.062006292
0.061778218
0.060930797
0.059633716
0.058248187
0.057139764
0.056593509
0.056814676
0.058010651
0.060341463
0.06346176
0.066963649
0.070438532
0.073499074
0.075879541
0.07751577
0.078559675
0.079260903
0.079951187
0.081075258
0.083026875
0.085607337
0.088198026
0.090424977
0.092196809
0.09362097
0.094976439
0.096537022
0.098234809
0.099763586
0.10108181
0.10235508
0.10363977
0.10486987
0.10602158
0.10710314
0.10814591
0.10911121
0.11008994
0.11095871
0.11190135
0.11266909
0.11363349
0.11429237
0.11534754
0.11586777
0.11723778
0.11155142
0.1205604
0.12906376
0.13684942
0.14357348
0.14902296
0.15326942
0.15650813
0.1589423
0.11189466
0.12103277
0.12931218
0.13679467
0.14320697
0.14842772
0.15251638
0.15564816
0.15801841
0.11254898
0.12161752
0.12952747
0.13665055
0.14277392
0.14778385
0.15172526
0.15475532
0.1570576
0.11306749
0.12196689
0.12961217
0.13643735
0.14231217
0.14712826
0.15092825
0.15385785
0.15609135
0.11350686
0.12223379
0.1296662
0.13622665
0.14186237
0.14648738
0.1501461
0.15297544
0.15513974
0.11392232
0.12247503
0.12971239
0.13602879
0.14143084
0.1458655
0.14938316
0.15211203
0.15420734
0.11428026
0.12264295
0.1297046
0.13582482
0.14100674
0.14525742
0.1486366
0.15126725
0.15329444
0.1145533
0.12274118
0.1296622
0.1355893
0.14057398
0.14465492
0.1479041
0.15044135
0.15240403
0.1147064
0.1227345
0.12955025
0.13530693
0.14012222
0.14405443
0.14718545
0.1496358
0.15153746
0.11470787
0.12266488
0.12937223
0.13499057
0.13965846
0.14345829
0.14648171
0.14885216
0.1506972
0.11463091
0.12249725
0.12911952
0.13463344
0.1391804
0.14286619
0.14579427
0.14809104
0.14988297
0.114422
0.12221021
0.12879273
0.1342388
0.13869102
0.14227767
0.14512107
0.14735218
0.1490952
0.1140801
0.12183361
0.12841114
0.13381605
0.13819292
0.14169435
0.14446161
0.14663193
0.14832791
0.11365869
0.12139819
0.12798994
0.1333706
0.13768563
0.14111138
0.14380922
0.14592313
0.14757458
0.11321608
0.12093305
0.12753811
0.13290007
0.13716025
0.14051607
0.14314766
0.14520652
0.14681301
0.1127989
0.12044977
0.12704584
0.13238309
0.13658911
0.13987727
0.1424437
0.14444798
0.14601093
0.11241054
0.11992273
0.12647114
0.13176981
0.13591989
0.1391428
0.14164699
0.14359784
0.14511643
0.11207404
0.11935721
0.12577992
0.13099748
0.1350762
0.13823089
0.14067313
0.14257028
0.14404323
0.11171439
0.11863484
0.12483693
0.12992974
0.13392859
0.13702223
0.13941397
0.14126914
0.14270817
0.11106793
0.11752534
0.12344278
0.12839367
0.13232675
0.13538546
0.13775273
0.13958642
0.14100432
0.11002765
0.11594048
0.12149883
0.12627341
0.13014324
0.13318629
0.13555045
0.13738126
0.1387952
0.10829423
0.11367269
0.11887472
0.12348301
0.1273137
0.13037291
0.13276542
0.13461814
0.13604244
0.10578375
0.11068459
0.11556779
0.12003245
0.12384188
0.12693672
0.12937643
0.13126767
0.13271818
0.10256171
0.10706238
0.11167616
0.11602031
0.11982005
0.12295917
0.12545571
0.12739617
0.12888414
0.098787203
0.10297554
0.10738238
0.11164205
0.11545318
0.11865471
0.12122918
0.12324186
0.12478771
0.094649695
0.098605902
0.1028655
0.10707605
0.11091558
0.11418616
0.11683754
0.11891576
0.12050915
0.090319447
0.094114566
0.098286801
0.10249383
0.10639295
0.10975188
0.11249059
0.11464029
0.11628665
0.086010069
0.089702046
0.093844915
0.098106962
0.10212328
0.10562283
0.10849439
0.11075581
0.11249205
0.082118708
0.085726241
0.089860022
0.094208571
0.098389343
0.10208449
0.10513861
0.10754777
0.10939503
0.079075801
0.082589318
0.086691346
0.091102623
0.095439839
0.09934771
0.10262063
0.10522092
0.10722129
0.077151712
0.080570986
0.084619306
0.089054185
0.09350857
0.097610843
0.1011161
0.10395024
0.10616317
0.076428561
0.079772856
0.083767861
0.088201605
0.092727166
0.096966262
0.10064678
0.10365569
0.10601365
0.076572554
0.079854611
0.083792226
0.088185153
0.09269315
0.096942622
0.10065686
0.10371639
0.1061357
0.077480692
0.080564587
0.084299791
0.088498268
0.092840526
0.096983294
0.10065024
0.10369687
0.10611674
0.078299136
0.081131058
0.084574011
0.0885019
0.092651654
0.096656138
0.10022676
0.10321775
0.10561185
0.078389506
0.080971067
0.084147052
0.087774611
0.091587295
0.09527843
0.098604285
0.10143361
0.10373459
0.077696149
0.079881864
0.082560155
0.085656554
0.088974254
0.092272447
0.09531675
0.097952222
0.10012994
0.076031894
0.077800339
0.080024995
0.082647007
0.08552758
0.088462377
0.091240786
0.09371312
0.095813144
0.074495036
0.075930056
0.077768835
0.079986845
0.082480925
0.085084113
0.087613297
0.089925146
0.091943031
0.073772684
0.075008682
0.076612358
0.078573585
0.080810827
0.08318064
0.085519367
0.087691556
0.089617234
0.073823434
0.074986618
0.076504441
0.078366208
0.08049185
0.082743052
0.084965841
0.087036038
0.088878812
0.07459731
0.075651763
0.077064136
0.078833589
0.080877633
0.083050025
0.085193912
0.087189168
0.08896688
0.075528816
0.076461394
0.077721764
0.079315981
0.081196568
0.083247787
0.085318741
0.087274082
0.089026767
0.076022667
0.076740343
0.077757521
0.079125809
0.080810287
0.082708815
0.084679998
0.086587468
0.088332847
0.076491926
0.076942094
0.077621526
0.07856019
0.079782386
0.081238812
0.082837101
0.084471382
0.08604944
0.077190102
0.077426096
0.077847084
0.078519433
0.079433299
0.080570161
0.081870101
0.083241649
0.084601149
0.078203026
0.078271233
0.078473323
0.078888174
0.079591066
0.080555791
0.081692041
0.082920202
0.0841624
0.079456115
0.079405369
0.079454122
0.079677358
0.080137719
0.080865552
0.08183133
0.082941665
0.084101446
0.080846367
0.080678414
0.080566001
0.080582398
0.080805425
0.081284057
0.082012453
0.082932799
0.083954704
0.082318312
0.082049919
0.08179451
0.081618169
0.081602179
0.081817446
0.082292965
0.082997159
0.083847048
0.083969466
0.083633048
0.083275394
0.082951755
0.082737325
0.082707654
0.082913089
0.08336343
0.084034453
0.085610086
0.085231166
0.0848082
0.084387976
0.084039251
0.083838562
0.083847246
0.084090825
0.084552213
0.087419
0.087023481
0.086570344
0.086098945
0.085670045
0.085354397
0.085214305
0.085285274
0.08556524
0.08910303
0.088699616
0.088229658
0.087726907
0.087245702
0.086851297
0.086603852
0.086543141
0.086678581
0.091029328
0.090638423
0.090179104
0.089680792
0.089192093
0.088772212
0.088476567
0.088342955
0.088383038
0.092696631
0.092317539
0.091869301
0.091378301
0.090889072
0.090456461
0.09013227
0.089952275
0.089928463
0.094723215
0.094372029
0.093955763
0.093497899
0.093038626
0.092627722
0.092312147
0.092124097
0.092073927
0.096286408
0.095954769
0.095560535
0.095125121
0.094685672
0.094288672
0.093978329
0.093784833
0.09371757
0.098416073
0.098116651
0.097760835
0.097368047
0.096971812
0.096613766
0.096333216
0.096156782
0.096092141
0.099764901
0.099485707
0.099153531
0.098786288
0.098415187
0.098079249
0.097815398
0.097648441
0.097585141
0.10203803
0.10179104
0.10149752
0.1011737
0.10084768
0.10055445
0.10032676
0.10018596
0.10013666
0.10300258
0.10277112
0.10249572
0.10219158
0.10188519
0.10160971
0.10139625
0.10126497
0.10121994
0.10569432
0.1054936
0.10525616
0.10499593
0.10473562
0.10450496
0.10433109
0.10423094
0.1042069
0.16103195
0.16307909
0.16508134
0.16712363
0.1693386
0.17168941
0.16004101
0.16201823
0.1639524
0.1659308
0.16809786
0.17041144
0.15901768
0.16093815
0.16282318
0.1647609
0.1669038
0.16918942
0.15799218
0.15985659
0.16169454
0.16359496
0.16571082
0.1679686
0.15698294
0.1587894
0.16057672
0.16243243
0.16450836
0.16674017
0.15599212
0.15774073
0.15947548
0.16128207
0.16331121
0.16552184
0.15502307
0.15671469
0.15839676
0.16015304
0.16213186
0.16432325
0.15407881
0.15571565
0.15734638
0.1590524
0.16098093
0.16315119
0.15316086
0.15474501
0.15632512
0.15798013
0.15985603
0.16200696
0.15227232
0.1538064
0.15533808
0.15694382
0.15876835
0.16089329
0.15141185
0.15289719
0.15438013
0.15593496
0.1577052
0.15980948
0.15058125
0.15202174
0.15346033
0.1549688
0.15668873
0.15875615
0.14977172
0.15116731
0.15255905
0.15401684
0.15568137
0.15772524
0.1489798
0.15033623
0.15168911
0.15310582
0.1547234
0.1567114
0.14817844
0.14949385
0.15080227
0.15216934
0.15373113
0.15568748
0.14734117
0.14862379
0.14989944
0.15123135
0.15275101
0.15467453
0.14641087
0.14765986
0.14889687
0.15018362
0.1516584
0.15369681
0.14530338
0.14652285
0.14772785
0.14898395
0.15044957
0.15263918
0.1439494
0.14516036
0.1463612
0.14762447
0.14912294
0.15130728
0.14223398
0.14343616
0.14461378
0.14582966
0.14722565
0.14917078
0.14003413
0.14125994
0.14246992
0.14374012
0.14525033
0.14751887
0.13729155
0.13852458
0.13972038
0.14094379
0.14234571
0.14439804
0.13399428
0.1352595
0.1364896
0.13776087
0.13925573
0.1414755
0.13019295
0.13149222
0.13275818
0.13407392
0.13562518
0.13774554
0.12613984
0.1274706
0.12875229
0.13005031
0.13149329
0.13316349
0.12188928
0.12323442
0.12452332
0.12582916
0.12733688
0.1297933
0.11769727
0.11905841
0.12036992
0.12172902
0.12341128
0.12675044
0.11396526
0.11537366
0.11674737
0.11820789
0.12011642
0.12426217
0.11093907
0.11239309
0.11382053
0.11537199
0.1174974
0.12244423
0.10887538
0.11041228
0.11193118
0.1136029
0.11593566
0.12144327
0.10799695
0.10969795
0.1113785
0.11320596
0.11568029
0.12112424
0.10795217
0.10972426
0.11146378
0.113346
0.11587685
0.12142977
0.10814791
0.110019
0.11186818
0.11386283
0.1164932
0.12189965
0.10813971
0.11002994
0.11190148
0.1139245
0.11659446
0.12209746
0.1076374
0.10955199
0.11145241
0.11350576
0.11620296
0.12158341
0.10572755
0.10766011
0.10960346
0.11172828
0.11455566
0.12032553
0.10205823
0.10397658
0.1059589
0.10822297
0.11145724
0.1187091
0.09772606
0.099688873
0.10179665
0.10432366
0.10813021
0.11693455
0.093823906
0.095805123
0.098010062
0.1007646
0.10507131
0.11513296
0.091429935
0.093363324
0.095562291
0.098374964
0.10286018
0.11348444
0.090615015
0.092470327
0.094593056
0.097324042
0.1017042
0.11222442
0.090645543
0.092445554
0.094506222
0.097157543
0.10140575
0.11155158
0.090690957
0.092483017
0.094538416
0.097193145
0.10147189
0.11171217
0.090024982
0.091882217
0.09403168
0.09682282
0.10131598
0.11193367
0.087663989
0.089543819
0.091838265
0.094953742
0.10004551
0.11147432
0.086025822
0.087735249
0.089904976
0.092991358
0.09827408
0.11062249
0.085483812
0.087092572
0.089164092
0.092163935
0.097393534
0.10986562
0.085365469
0.086936459
0.088986222
0.0919835
0.097235607
0.10969252
0.085123882
0.086647326
0.088705275
0.091782404
0.097193476
0.10982943
0.084876522
0.086301781
0.088327104
0.091467352
0.097069541
0.10998907
0.084938992
0.086274861
0.088250548
0.091412585
0.097117838
0.11023084
0.085265604
0.086450041
0.088340237
0.091490049
0.097271606
0.11055185
0.086077067
0.087039636
0.088741457
0.091802785
0.097626786
0.11096249
0.087031453
0.087808223
0.089313898
0.092217994
0.097981611
0.11137895
0.088609827
0.089206786
0.090477886
0.09311467
0.098664609
0.11190755
0.090065971
0.090523433
0.091587707
0.093954471
0.099261695
0.11243969
0.092162063
0.092523095
0.093408869
0.095462252
0.10034451
0.11312861
0.09377385
0.094074063
0.094846465
0.096688747
0.10125458
0.11382024
0.096135802
0.096394531
0.097067771
0.098690117
0.10284134
0.11482454
0.097622133
0.097862619
0.098495602
0.10003125
0.10401816
0.11582806
0.10017638
0.10039948
0.10097051
0.10234142
0.10596723
0.11718963
0.10126003
0.1014817
0.10204832
0.10341169
0.10705044
0.11832983
0.10425815
0.10448322
0.10502378
0.10629002
0.10962793
0.1202981
0.12815972
0.129078
0.13006401
0.13134017
0.13368248
0.14322346
0.13319232
0.13410921
0.13511985
0.13644239
0.13882627
0.14655862
0.13867876
0.13961116
0.1406721
0.14207456
0.14454328
0.15122189
0.14455259
0.14550082
0.14657992
0.14795658
0.15016926
0.15527794
0.15070224
0.15168351
0.15280942
0.15423895
0.15647883
0.16135149
0.15696713
0.15797916
0.1591273
0.1605266
0.16250547
0.16589805
0.16313353
0.164175
0.16535245
0.16677912
0.16881763
0.17315262
0.16899317
0.170062
0.17126873
0.17273293
0.1748338
0.17909364
0.17441845
0.17554394
0.17681026
0.17832589
0.18039368
0.18362928
0.17916482
0.1803501
0.18166998
0.18321226
0.18519655
0.18765987
0.18300623
0.18425929
0.18564391
0.18723465
0.18916925
0.19089481
0.18574634
0.18704287
0.18843661
0.18998763
0.19179116
0.19313456
0.18718923
0.18864364
0.19019901
0.19189308
0.19372679
0.19439904
0.18720872
0.18867064
0.19022146
0.1918966
0.19369547
0.19446703
0.18673186
0.18820166
0.1897457
0.19139055
0.19309424
0.19349937
0.18539966
0.18692809
0.18851417
0.19020524
0.19198284
0.19234557
0.18327542
0.18488767
0.18653625
0.18826058
0.19003993
0.1904294
0.18064808
0.18233782
0.18404146
0.18579535
0.18758138
0.18810591
0.17768671
0.17946061
0.18123834
0.18306327
0.18492731
0.18556567
0.17456271
0.17640417
0.17822922
0.18008253
0.18197668
0.18289731
0.17144591
0.17336341
0.17526391
0.17720505
0.17921543
0.18027062
0.16838757
0.17034572
0.17226578
0.17420989
0.17624287
0.17768998
0.16559946
0.16763168
0.16962493
0.17165117
0.17378818
0.17531716
0.16269465
0.1647636
0.16679462
0.16886345
0.17107676
0.17300726
0.11678818
0.11805892
0.12006865
0.12216358
0.12403304
0.12549278
0.12649998
0.12714046
0.1275372
0.12588038
0.12649465
0.12759739
0.12886415
0.13006596
0.13104974
0.13176491
0.13225344
0.13259575
0.13474842
0.13464987
0.13494923
0.13551797
0.13618979
0.13681846
0.13733844
0.13774592
0.13807968
0.14324017
0.14252233
0.14217892
0.14217711
0.14241351
0.14276843
0.14316209
0.14354757
0.14392085
0.15129947
0.15005547
0.14917474
0.14871852
0.1486233
0.14879283
0.14912947
0.14955004
0.15000798
0.15875717
0.15709942
0.15580067
0.15499402
0.15467538
0.15475219
0.15510191
0.15561038
0.15619093
0.16543955
0.16348408
0.16190014
0.16086363
0.16042095
0.16048528
0.16090822
0.16154314
0.16226764
0.17122347
0.16907584
0.16732871
0.16618044
0.16570574
0.16582563
0.16636976
0.16715803
0.1680367
0.17585182
0.1736823
0.17191595
0.17077965
0.17036699
0.17060471
0.17131287
0.17228562
0.17334439
0.17968686
0.17748396
0.1756631
0.17455768
0.17425604
0.17465259
0.17555212
0.17672394
0.1779686
0.18161885
0.17953709
0.17798852
0.17717093
0.1771201
0.17774326
0.1788734
0.18025855
0.18168771
0.18155358
0.17977558
0.17862265
0.17818329
0.17852638
0.17955437
0.18102383
0.1826855
0.18431801
0.18091903
0.17937118
0.1783917
0.17817326
0.17882792
0.18017545
0.1818979
0.18375702
0.18558077
0.17907849
0.17796352
0.17741356
0.1776076
0.17851708
0.18000544
0.18182342
0.18373651
0.18558669
0.17539078
0.1749657
0.17510411
0.175901
0.17729713
0.17911917
0.18115465
0.18320055
0.18510077
0.17018031
0.17055855
0.17147886
0.17295588
0.17490707
0.17714978
0.17948475
0.18171422
0.1837091
0.16383244
0.16517125
0.16698383
0.16923319
0.1717832
0.17444638
0.17704202
0.17942361
0.18150703
0.15655326
0.15899283
0.16182488
0.16492854
0.16812479
0.17123618
0.17411328
0.17665159
0.17881343
0.14873387
0.15237406
0.15629766
0.16029718
0.16415719
0.16771776
0.17087133
0.17355792
0.1757881
0.14090901
0.14573178
0.15071815
0.15559137
0.16009748
0.1640858
0.16749851
0.17032279
0.1726116
0.13339454
0.13940806
0.1453909
0.15105314
0.15614263
0.16051311
0.16415482
0.16710163
0.16944235
0.1265919
0.13345234
0.14029646
0.14669799
0.1523443
0.15707673
0.16092291
0.16397399
0.16635263
0.12075533
0.12868481
0.13616912
0.14300376
0.14899538
0.15397639
0.15797294
0.16110406
0.16351506
0.1131975
0.12177113
0.13046437
0.13837537
0.14512719
0.15058514
0.15485048
0.15811969
0.16058232
0.14266513
0.13398233
0.12769088
0.12336814
0.12015278
0.11768436
0.15376893
0.14533339
0.1386174
0.13378574
0.13004886
0.12704409
0.16390554
0.15592213
0.14892371
0.14372855
0.13964464
0.13632565
0.17308803
0.16573174
0.15855556
0.15310414
0.14877485
0.14522546
0.181259
0.17457747
0.16737701
0.1617847
0.15730565
0.15361456
0.18833128
0.1824768
0.17527612
0.16962242
0.16507385
0.16131678
0.19409256
0.18914645
0.18205216
0.17643498
0.17190007
0.16815229
0.19836488
0.19449603
0.18762084
0.1821223
0.17767433
0.1740043
0.20114205
0.1985164
0.19172857
0.18634258
0.18204411
0.17854998
0.20156251
0.20011451
0.19418263
0.18932851
0.18543179
0.18224233
0.20115848
0.2008149
0.19568404
0.19108728
0.18727127
0.18414185
0.20178366
0.20142691
0.19567061
0.19081919
0.18695029
0.183899
0.19938064
0.19979786
0.19385867
0.18925037
0.18568784
0.18294672
0.1951182
0.19564668
0.19031736
0.18614664
0.18301353
0.18068287
0.18314254
0.1877639
0.18420499
0.18076272
0.17819652
0.1763975
0.17028818
0.17830305
0.17602943
0.17347897
0.17163522
0.17046856
0.15637843
0.16795071
0.16661275
0.16476602
0.16367201
0.16325762
0.14116193
0.15382525
0.15458565
0.15431156
0.1544061
0.15495378
0.12448155
0.13932157
0.14175648
0.14290388
0.14429885
0.14599429
0.10331753
0.11890897
0.12649595
0.13059265
0.13387757
0.13695563
0.082143866
0.10182681
0.11109889
0.1178574
0.12333492
0.12810208
0.038055942
0.074360632
0.097623044
0.1076241
0.11462868
0.1204803
0.012975312
0.038586669
0.071596171
0.095125034
0.10577999
0.11313164
0.021240784
0.021903035
0.04076816
0.069032802
0.094157646
0.1062867
0.015449358
0.003457845
0.018585124
0.036254503
0.059551077
0.087546916
0.016987396
0.011707802
0.0053904499
0.013674717
0.029042435
0.053496287
0.014526929
0.012736003
0.0097319741
0.0055992115
0.0089199621
0.026515069
0.013908554
0.012577236
0.010418574
0.007875917
0.00420174
0.0074216516
0.014030084
0.012625259
0.010740746
0.008868701
0.0067995743
0.0051393585
0.014368216
0.012842027
0.011162426
0.0096850002
0.0082314871
0.0068120591
0.014446047
0.012885131
0.011353112
0.010069717
0.0089115872
0.0078111543
0.013999777
0.012343331
0.01098867
0.0099466605
0.0090663372
0.0082720812
0.012979652
0.011147624
0.010033712
0.0093219155
0.008830642
0.0084535588
0.010199678
0.0091864281
0.0085793983
0.008357539
0.0083651045
0.0084995449
0.0072802415
0.0066015589
0.0066941934
0.0071310409
0.0077572978
0.0084535705
0.0040675834
0.0039089674
0.0051226286
0.0062316252
0.0073640766
0.008468864
0.0029794906
0.0028030922
0.0047125359
0.0060966215
0.0074029173
0.0086366355
0.0052143966
0.0049183699
0.0057515576
0.0067612933
0.0078332894
0.0088990277
0.0081838328
0.0076820073
0.0076817126
0.0080346893
0.0085916702
0.0092429245
0.011306484
0.010337822
0.0097067431
0.0094521586
0.0094312116
0.00954849
0.014205744
0.012406269
0.011275419
0.010540605
0.010038624
0.0096663377
0.015487931
0.013714667
0.012276133
0.011193781
0.010321687
0.0095781439
0.015913256
0.014138929
0.01252159
0.011250407
0.010181344
0.0092503984
0.015438374
0.013770415
0.012097837
0.010750112
0.0095744554
0.0085741862
0.014334466
0.012867264
0.011092539
0.0095499251
0.0082081684
0.0074743392
0.013136099
0.011732987
0.0097331773
0.0077022295
0.00586219
0.0067566842
0.011747949
0.010686484
0.0087839401
0.005900291
0.0047264971
0.012983965
0.010620154
0.010240644
0.0086264821
0.0069635559
0.017765966
0.031558969
0.17051191
0.16254566
0.15561071
0.15067999
0.14696174
0.14416496
0.16167832
0.15375229
0.14723319
0.1426983
0.1393504
0.13687223
0.15196469
0.14417668
0.13810585
0.13399341
0.1310487
0.1289725
0.14151594
0.1339423
0.12837024
0.12472533
0.12222816
0.12058411
0.13039246
0.12306072
0.11804736
0.11492674
0.11293099
0.11176144
0.11863287
0.11155954
0.107191
0.10466773
0.1032444
0.10259962
0.10644035
0.099575525
0.095951194
0.094106845
0.093294068
0.093196338
0.094293966
0.087536846
0.08466247
0.08348289
0.083254377
0.083701984
0.077913433
0.074855829
0.073142243
0.072689178
0.073093203
0.074170122
0.064822832
0.062402258
0.061448478
0.061721272
0.062879007
0.064712585
0.050814549
0.049636205
0.049629161
0.05084565
0.052931729
0.055639298
0.036809421
0.036672125
0.037931096
0.040382988
0.043628839
0.047351367
0.023856413
0.023932242
0.027017079
0.031119913
0.035704943
0.04049028
0.014749772
0.014232156
0.019687985
0.025126765
0.030669287
0.036171518
0.010646382
0.012105512
0.017702332
0.023489187
0.029275701
0.034947933
0.02108982
0.021047421
0.023793844
0.027813246
0.032473319
0.037398608
0.03464293
0.033506141
0.034099027
0.036185404
0.039273395
0.042989667
0.048614496
0.046203525
0.04554951
0.046298319
0.048078182
0.050631627
0.062473172
0.058856553
0.057249501
0.057058309
0.057862143
0.059437882
0.075609639
0.071514732
0.069089624
0.068146925
0.068141922
0.068890772
0.091575146
0.08447294
0.080992455
0.079263089
0.07858361
0.078682718
0.10531549
0.097028269
0.092771846
0.090391089
0.089085464
0.08857618
0.11801482
0.10977624
0.10480796
0.10176279
0.099800162
0.098605913
0.13064686
0.12193821
0.11630907
0.11264493
0.11007687
0.10823775
0.010112049
0.0098329513
0.008164725
0.022416851
0.040297976
0.053505002
0.011241022
0.0097562345
0.025647332
0.046603619
0.069383146
0.087360096
0.0059875111
0.025882554
0.050511765
0.077429761
0.093205366
0.10117099
0.025636253
0.052917141
0.083095232
0.096723584
0.10338027
0.10836228
0.058206748
0.086630407
0.099061601
0.10587457
0.11111191
0.11548198
0.087389713
0.10295057
0.11206486
0.11710134
0.12061486
0.12354941
0.10842694
0.12295087
0.12685684
0.12836371
0.12983878
0.13147238
0.12506339
0.13727455
0.13865607
0.13858722
0.13881479
0.13941585
0.14054114
0.15177153
0.15055765
0.14858915
0.14746843
0.14701817
0.15447585
0.16276535
0.16011134
0.15719491
0.15519354
0.15390697
0.16704511
0.1729084
0.16873991
0.16480333
0.16199256
0.16000705
0.17870992
0.180608
0.17546688
0.1710423
0.16768663
0.16515756
0.18998527
0.18743423
0.18075566
0.1759244
0.17218586
0.16925327
0.19666762
0.19310848
0.18513944
0.17961137
0.17551119
0.17225564
0.20054494
0.19627484
0.18868832
0.18278275
0.1781142
0.17437363
0.20087465
0.19742403
0.19065082
0.18468394
0.17966309
0.17561875
0.20142558
0.1974498
0.19058207
0.18479919
0.18000786
0.17603557
0.20212663
0.19694853
0.1890133
0.18316782
0.17867414
0.17492235
0.20128344
0.19580341
0.18796666
0.1817621
0.17687224
0.1729089
0.19918232
0.19287131
0.18505915
0.17897018
0.17412184
0.17014318
0.19584225
0.18910619
0.18126008
0.17524492
0.170467
0.16652693
0.19121221
0.18391761
0.17626654
0.17048706
0.16589545
0.16207437
0.18536867
0.17768866
0.17023923
0.16472523
0.16037222
0.1567414
0.17840238
0.17047686
0.16325275
0.15801653
0.15396846
0.15075394
0.10505066
0.095908951
0.086649427
0.077507796
0.068571043
0.060161179
0.052579332
0.046294058
0.041989881
0.040345599
0.041584398
0.045337624
0.051214609
0.058425546
0.066470361
0.07498567
0.083700753
0.092478009
0.10123071
0.10980651
0.11810434
0.12604504
0.13358767
0.14066832
0.10084592
0.091986427
0.083598046
0.075435151
0.067693338
0.060586932
0.054462826
0.049669331
0.046667419
0.045806611
0.047120844
0.050392115
0.055338068
0.061442925
0.068350948
0.075767367
0.083484049
0.091335338
0.099245008
0.10709175
0.11477686
0.12222134
0.1293929
0.13660119
0.096757673
0.088721562
0.081291764
0.074212561
0.067677595
0.061908162
0.05715022
0.053647031
0.051669188
0.051371116
0.052713875
0.055575407
0.059742381
0.064885865
0.070758999
0.077140951
0.083863635
0.090801524
0.097833886
0.10491199
0.11192836
0.11881269
0.12551079
0.13238725
0.093206404
0.086163579
0.079752569
0.073810931
0.068510719
0.0640295
0.060496526
0.058073329
0.056891581
0.05699797
0.058340082
0.060847593
0.064359715
0.068671802
0.073616756
0.079037997
0.084806402
0.090830389
0.097009391
0.10327349
0.10957182
0.11582835
0.12199201
0.12838751
0.090381047
0.084404438
0.079068242
0.074277702
0.070184002
0.066860461
0.064380028
0.062824837
0.062242563
0.06263035
0.063948095
0.066148626
0.069112461
0.072716458
0.076850338
0.081408149
0.086296318
0.091439205
0.096778124
0.10224147
0.10778592
0.11336034
0.11891755
0.1247407
0.088417792
0.083544067
0.079278928
0.075622753
0.072618025
0.070289133
0.06866827
0.067783758
0.067638741
0.068213845
0.069487966
0.07142005
0.073926047
0.076933793
0.080371836
0.084170877
0.088267129
0.092604381
0.097135794
0.10182418
0.10661893
0.11148706
0.11638678
0.12155135
0.087427663
0.083605348
0.080400345
0.077766323
0.075693453
0.074179679
0.073229169
0.072841747
0.073004055
0.073697831
0.074912144
0.076607726
0.078732638
0.081243081
0.084093729
0.087240152
0.090640398
0.094255925
0.098052533
0.10200329
0.10608476
0.11025545
0.11448847
0.11895377
0.087356438
0.084583374
0.082345739
0.080580376
0.079264936
0.078387257
0.077938128
0.077904756
0.078272617
0.079034071
0.080175525
0.081664532
0.083472086
0.085570943
0.087932848
0.09052975
0.093334626
0.096322098
0.099468931
0.10275533
0.10616483
0.10968175
0.11327282
0.11706791
0.088215524
0.086385305
0.084960786
0.083895292
0.083168803
0.082767557
0.082678519
0.082888158
0.083389039
0.084177965
0.085237101
0.086546442
0.088089623
0.089849817
0.091809605
0.093951446
0.096258104
0.098713097
0.10130118
0.10400888
0.10682411
0.10973559
0.11273213
0.11590037
0.089931863
0.088861596
0.088080057
0.087551362
0.08726146
0.087200038
0.087357146
0.087726705
0.08830777
0.089090947
0.090063236
0.091214809
0.092536295
0.094017652
0.095648371
0.097417563
0.09931421
0.10132751
0.10344734
0.10566474
0.10797162
0.11035958
0.11282025
0.11542757
0.092382921
0.091898652
0.091582227
0.0914228
0.091430104
0.091594647
0.091911433
0.092379304
0.092992275
0.093742502
0.094624509
0.095633879
0.096765901
0.098014588
0.09937433
0.1008385
0.10240007
0.10405187
0.10578688
0.10759869
0.10948155
0.11143024
0.11343915
0.11555466
0.095300219
0.095214365
0.095236555
0.095357126
0.095573211
0.095884777
0.096296312
0.096804478
0.09740541
0.098096806
0.098877747
0.099747755
0.10070598
0.10175073
0.10287946
0.10408849
0.10537335
0.1067292
0.10815112
0.10963404
0.11117267
0.11276358
0.11441156
0.11616871
0.098682357
0.098862132
0.099093081
0.099375594
0.099710692
0.10009916
0.10053996
0.10103224
0.10157683
0.10217588
0.10283236
0.10354986
0.10433079
0.10517575
0.10608368
0.10705286
0.10808204
0.10916982
0.11031437
0.1115128
0.11275987
0.11404857
0.11537906
0.11681082
0.10268812
0.10298071
0.10331058
0.10365859
0.10402267
0.10440359
0.10480332
0.10522457
0.10567161
0.10614746
0.10664875
0.10718224
0.10775439
0.1083647
0.10901455
0.10970667
0.11044436
0.11123081
0.11206863
0.11295926
0.11390082
0.11488571
0.11590468
0.11701053
0.1068571
0.10714838
0.10745235
0.10775716
0.10806433
0.10838137
0.10871154
0.10905633
0.10942013
0.10980226
0.11020128
0.11061641
0.11104709
0.11149371
0.11195699
0.11243742
0.11293586
0.11345406
0.11399514
0.11456391
0.11516509
0.11579885
0.11645384
0.11714705
0.10991053
0.11020556
0.11050622
0.11080793
0.11111493
0.11142928
0.11175043
0.11207981
0.11241735
0.11276308
0.11311749
0.1134813
0.11385528
0.11424017
0.11463655
0.11504447
0.11546317
0.1158908
0.11632488
0.11676286
0.11720181
0.11763769
0.11806463
0.11850104
0.11267424
0.11298466
0.113309
0.11363141
0.11395
0.11426438
0.11457473
0.11488144
0.11518516
0.11548629
0.11578496
0.11608099
0.11637418
0.11666509
0.11695523
0.11724702
0.11754329
0.11784734
0.11816247
0.11849119
0.11883445
0.11918997
0.11955259
0.11993414
0.11539683
0.11571423
0.11602538
0.11632595
0.11661944
0.11690914
0.11719735
0.11748543
0.11777377
0.11806221
0.11835025
0.11863714
0.11892215
0.11920448
0.11948297
0.11975628
0.12002244
0.12027822
0.12052087
0.12075001
0.12096701
0.12117402
0.12137233
0.12156972
0.1180692
0.11834681
0.11862072
0.11888927
0.11915345
0.11941332
0.11966817
0.11991702
0.12015944
0.12039563
0.12062615
0.1208518
0.12107353
0.12129226
0.12150889
0.12172405
0.12193826
0.12215232
0.12236684
0.12258101
0.12279255
0.12299858
0.12319788
0.12339669
0.12068163
0.12093227
0.12117675
0.1214138
0.12164387
0.12186784
0.12208664
0.12230118
0.12251218
0.12271986
0.12292401
0.12312414
0.12331938
0.12350874
0.12369122
0.12386612
0.12403311
0.12419197
0.12434285
0.12448624
0.12462233
0.12475091
0.12487174
0.12498758
0.12314703
0.1233436
0.12353455
0.12372031
0.12390198
0.12408015
0.12425484
0.124426
0.12459352
0.12475735
0.12491752
0.12507401
0.12522694
0.12537665
0.12552383
0.12566907
0.12581254
0.12595374
0.12609144
0.12622436
0.12635191
0.1264741
0.12659143
0.12670646
0.1255006
0.12566214
0.12582014
0.12597409
0.12612395
0.12626984
0.12641202
0.12655073
0.12668608
0.12681801
0.12694633
0.12707088
0.12719148
0.12730774
0.12741905
0.12752478
0.12762461
0.12771868
0.12780763
0.12789208
0.12797185
0.12804626
0.12811496
0.12817921
0.12760437
0.12771999
0.12783238
0.12794178
0.12804876
0.12815386
0.1282574
0.12835953
0.12846026
0.12855956
0.1286574
0.12875365
0.12884821
0.1289411
0.12903249
0.12912252
0.12921115
0.12929801
0.12938234
0.12946341
0.12954097
0.12961516
0.12968632
0.12975544
0.12957654
0.12966298
0.12974837
0.12983241
0.12991507
0.12999631
0.13007607
0.13015422
0.13023062
0.1303051
0.1303775
0.13044767
0.13051544
0.13058054
0.13064264
0.13070143
0.13075671
0.1308085
0.130857
0.13090243
0.13094473
0.13098368
0.13101925
0.13105185
0.1312134
0.13126939
0.13132433
0.13137845
0.13143205
0.13148543
0.13153883
0.1315924
0.13164624
0.13170039
0.13175484
0.13180955
0.13186445
0.13191951
0.13197465
0.13202977
0.13208467
0.13213905
0.13219252
0.1322447
0.13229537
0.13234447
0.1323921
0.1324386
0.13272509
0.13276085
0.13279716
0.13283391
0.13287103
0.13290839
0.13294581
0.1329831
0.13302003
0.13305638
0.13309196
0.13312658
0.13316008
0.1331923
0.1332231
0.13325235
0.13327999
0.13330598
0.1333303
0.1333529
0.1333737
0.13339263
0.1334097
0.13342511
0.13388279
0.13390358
0.13392457
0.13394587
0.13396766
0.13399009
0.13401329
0.13403737
0.13406238
0.13408837
0.13411538
0.13414341
0.13417249
0.13420262
0.13423379
0.13426602
0.13429933
0.13433372
0.13436905
0.134405
0.13444117
0.13447715
0.13451253
0.13454694
0.13495799
0.13496644
0.13497621
0.13498718
0.1349992
0.13501212
0.13502574
0.13503984
0.1350542
0.13506858
0.13508277
0.13509657
0.13510984
0.13512249
0.13513455
0.1351462
0.13515798
0.13517106
0.13518527
0.13519989
0.13521463
0.13522944
0.13524432
0.13525923
0.13573228
0.13573342
0.13573558
0.135739
0.13574386
0.1357503
0.13575844
0.13576837
0.13578013
0.13579373
0.13580915
0.13582631
0.13584507
0.13586524
0.13588653
0.13590842
0.13593005
0.13594994
0.13596802
0.135985
0.13600125
0.136017
0.13603246
0.13604788
0.1362839
0.13627842
0.13627505
0.13627378
0.13627447
0.136277
0.13628116
0.13628674
0.13629353
0.13630133
0.13630997
0.13631929
0.13632914
0.13633941
0.13635004
0.13636104
0.13637248
0.13638448
0.13639707
0.13641018
0.1364237
0.13643748
0.13645131
0.13646498
0.13663669
0.13663133
0.13662791
0.13662644
0.13662685
0.13662897
0.13663262
0.1366376
0.1366437
0.1366508
0.13665894
0.13666788
0.13667752
0.1366878
0.13669866
0.13671003
0.13672188
0.13673416
0.13674683
0.13675985
0.13677316
0.13678668
0.13680028
0.13681369
0.12398945
0.12352797
0.12277833
0.12158491
0.11984052
0.11758635
0.1150231
0.11245302
0.11025522
0.12159985
0.12105848
0.12021337
0.11888887
0.11696276
0.11446366
0.11160114
0.10870089
0.10616901
0.1190897
0.11848776
0.11755135
0.11610019
0.11400189
0.11127179
0.10811065
0.10484943
0.10199206
0.11655804
0.1158915
0.11487163
0.11331566
0.11108677
0.10819219
0.10482547
0.10132023
0.098205588
0.11408343
0.11335013
0.11225549
0.11062078
0.10831195
0.1053351
0.10188082
0.098278189
0.095022689
0.11176431
0.11096074
0.10980112
0.10811813
0.10578812
0.10282185
0.099406605
0.095855724
0.092595308
0.10970477
0.10883171
0.10761909
0.10592035
0.10362986
0.1007672
0.097506422
0.094133516
0.091018855
0.10801459
0.10706133
0.10580968
0.10412683
0.10192465
0.099226658
0.096205396
0.093122323
0.090292591
0.10694512
0.10582461
0.10450232
0.10284477
0.10077221
0.098305658
0.09559874
0.092900576
0.090475228
0.10658853
0.10525435
0.10385725
0.1022461
0.10033256
0.098150189
0.095851492
0.093612533
0.091602141
0.10739703
0.10567426
0.10395877
0.10231983
0.10062125
0.09880145
0.096927573
0.095128732
0.093539312
0.1081753
0.1074651
0.1057488
0.10364157
0.10172987
0.10008181
0.098580602
0.097211591
0.09602659
0.10832099
0.10827709
0.10773694
0.10643265
0.10457225
0.10279936
0.10128942
0.10006178
0.099107507
0.10900135
0.10866336
0.10858234
0.10833497
0.1075232
0.10624477
0.10494007
0.10384259
0.10299352
0.11017532
0.11004083
0.10966986
0.10933359
0.10912855
0.10878511
0.10821015
0.10756961
0.10700816
0.11183009
0.11163319
0.11151964
0.1112938
0.11092619
0.11058885
0.11032671
0.11009019
0.10987152
0.11381419
0.11370861
0.11352965
0.113381
0.11326248
0.11309912
0.11290126
0.11272168
0.11258182
0.11614157
0.11601743
0.1159167
0.11578083
0.11562237
0.115492
0.11539404
0.11531724
0.1152589
0.11850388
0.11843687
0.11835365
0.11827899
0.11820783
0.11812761
0.11804928
0.11798627
0.11794241
0.12102434
0.1209384
0.12086001
0.1207794
0.12070438
0.12064589
0.1206032
0.12057383
0.12055656
0.12335466
0.12331257
0.12326764
0.12322241
0.12317668
0.12313205
0.12309393
0.12306591
0.12304832
0.12571741
0.12565744
0.12560034
0.12554735
0.12550193
0.12546664
0.12544131
0.12542496
0.1254163
0.12774357
0.12771605
0.12768818
0.12765846
0.12762764
0.12759847
0.12757404
0.12755597
0.12754423
0.1297643
0.12971816
0.12967404
0.12963405
0.12960003
0.129573
0.12955292
0.12953913
0.12953055
0.13130864
0.13129413
0.13127892
0.13126133
0.13124189
0.13122268
0.13120588
0.13119269
0.13118327
0.13292591
0.1328825
0.13284108
0.13280396
0.13277264
0.13274774
0.1327289
0.1327153
0.13270597
0.13394021
0.13393181
0.13392408
0.13391516
0.13390521
0.13389492
0.13388509
0.13387658
0.13387008
0.13511214
0.1350842
0.13505612
0.13502982
0.13500658
0.13498716
0.13497195
0.13496067
0.13495279
0.13578864
0.13578062
0.13577319
0.13576555
0.13575749
0.13574938
0.13574184
0.13573539
0.13573031
0.13638789
0.13637398
0.13635899
0.13634349
0.13632835
0.13631457
0.13630296
0.13629384
0.13628715
0.13672451
0.13671246
0.13669958
0.13668639
0.13667375
0.13666258
0.13665351
0.13664674
0.13664202
0.12465898
0.12229341
0.11978033
0.11726659
0.11481407
0.1125263
0.11049864
0.10890088
0.10806814
0.10799171
0.10842496
0.10841151
0.10840295
0.10927558
0.11024248
0.11202332
0.11386067
0.11626318
0.11853933
0.12110364
0.12338387
0.12577135
0.12776786
0.12980933
0.13132387
0.13297243
0.13395388
0.13514211
0.13580103
0.13640436
0.13673833
0.12558345
0.1232268
0.12068856
0.11815976
0.11569171
0.11340685
0.11138957
0.10998193
0.10945632
0.10941768
0.10892657
0.1086916
0.10866912
0.10942329
0.11044479
0.11215638
0.11397155
0.11636993
0.11860373
0.12118743
0.12343089
0.12583165
0.12780635
0.12986238
0.13135022
0.13302767
0.13398121
0.13517434
0.13581949
0.13642528
0.13675788
0.12655668
0.12420983
0.12164942
0.11911962
0.11663958
0.1143943
0.11253081
0.11153588
0.11114889
0.11004019
0.1094234
0.10914114
0.10910375
0.10983464
0.11083857
0.1124831
0.11428436
0.11662035
0.11884174
0.12137706
0.1236067
0.12596786
0.12793416
0.12996671
0.13143932
0.13311176
0.13405097
0.13522893
0.13585965
0.13645897
0.13678767
0.12780898
0.1254834
0.12294982
0.12048549
0.1180439
0.11606547
0.11476397
0.11409909
0.11250391
0.11143791
0.11076162
0.11043092
0.11037112
0.11101313
0.11200499
0.11350971
0.11527288
0.11745535
0.11964252
0.1220275
0.12422814
0.12644569
0.12838828
0.13027805
0.13174328
0.13332409
0.13426332
0.13537302
0.13597572
0.13653446
0.13684868
0.13034819
0.12798092
0.12594712
0.12393538
0.12238439
0.12143277
0.11996776
0.11841423
0.1167583
0.11572275
0.11497952
0.11461629
0.1145326
0.11492837
0.11587435
0.11707883
0.1187131
0.12057025
0.12263891
0.12470276
0.12679774
0.12872877
0.13060005
0.13193064
0.13319952
0.1342381
0.13519765
0.13599344
0.13653635
0.13683082
0.13702434
0.1407261
0.14012165
0.13835152
0.1373927
0.13519571
0.13393386
0.13173642
0.13027288
0.12892289
0.12785376
0.12704499
0.12651282
0.12625224
0.12619847
0.12686071
0.12766131
0.12877498
0.13010997
0.13160852
0.13319014
0.13475379
0.13623077
0.13754301
0.13867914
0.13958477
0.14024145
0.140642
0.14083529
0.14080848
0.14034104
0.13981544
)
;

boundaryField
{
    Side1
    {
        type            empty;
    }
    Inlet
    {
        type            calculated;
        value           nonuniform List<scalar> 
70
(
0.13683089
0.13683967
0.13685048
0.13686334
0.13687859
0.13689662
0.1369179
0.13694293
0.13697236
0.1370069
0.13704737
0.13709548
0.13715479
0.13722547
0.13730317
0.13739241
0.13749688
0.1376213
0.13776754
0.13793986
0.13814214
0.1383683
0.13861538
0.13889168
0.13921166
0.13957183
0.13995765
0.1403443
0.1407053
0.14100282
0.14118619
0.13664506
0.13664018
0.13663705
0.13663583
0.13663644
0.13663871
0.13664245
0.13664748
0.13665361
0.1366607
0.13666879
0.13667764
0.13668719
0.13669736
0.1367081
0.13671935
0.13673106
0.13674319
0.13675572
0.13676859
0.13678175
0.13679511
0.13680854
0.1368217
0.13672887
0.13671731
0.13670499
0.13669232
0.1366801
0.13666921
0.13666021
0.13665323
0.13664848
0.13674275
0.13676205
0.13679135
0.13685098
0.13702448
0.13976128
)
;
    }
    Freestream
    {
        type            calculated;
        value           nonuniform List<scalar> 
118
(
0.14772567
0.14769701
0.14766177
0.14762238
0.14757706
0.14752582
0.14746743
0.14740115
0.14732565
0.14723962
0.14714139
0.14702935
0.1469018
0.14675738
0.14659467
0.14641227
0.14620849
0.14598167
0.14572965
0.14544978
0.14513949
0.14479719
0.14442276
0.14401819
0.14358669
0.14313273
0.14266496
0.14219417
0.14173725
0.14137205
0.14119018
0.14884279
0.14879854
0.14875552
0.14871479
0.14867211
0.14862743
0.14858149
0.14853517
0.14848855
0.14844167
0.14839456
0.14834723
0.14829969
0.14825196
0.14820404
0.14815596
0.14810774
0.1480594
0.14801093
0.1479624
0.14791389
0.14786512
0.14781552
0.14776507
0.14887764
0.1489074
0.14893863
0.14897851
0.14901333
0.14904769
0.14907755
0.14912382
0.1491716
0.14922557
0.14927518
0.14932596
0.1493801
0.14943876
0.1495022
0.14956981
0.14964102
0.14971597
0.14979494
0.14987824
0.14996564
0.15005741
0.15015324
0.1502535
0.15035743
0.15046543
0.15057648
0.15069084
0.15080725
0.15092578
0.15104465
0.1511644
0.15128138
0.15139831
0.15150801
0.15161598
0.15171347
0.15180321
0.15188227
0.15194864
0.1519957
0.15203696
0.15204541
0.15204091
0.15202495
0.15200373
0.15194891
0.15189694
0.15180185
0.15172352
0.15159488
0.15149017
0.15133362
0.15121937
0.15104809
0.15092868
0.150745
0.1506301
0.15044024
0.15033627
0.15014465
0.15005424
0.14980486
)
;
    }
    Side2
    {
        type            empty;
    }
    Outlet
    {
        type            calculated;
        value           nonuniform List<scalar> 
70
(
0.11764083
0.11795772
0.11831711
0.11872451
0.11918614
0.11970892
0.12030049
0.12096923
0.12172417
0.12257495
0.12353181
0.12460534
0.12580619
0.1271449
0.12863093
0.13026296
0.1320341
0.13393286
0.13593953
0.13802299
0.14014011
0.14223492
0.1442512
0.14614759
0.1479225
0.14934498
0.14980524
0.14984613
0.14984873
0.14984234
0.14980486
0.10599545
0.10642411
0.10686251
0.10731081
0.10776757
0.10823164
0.10870218
0.10917851
0.10966008
0.1101464
0.11063702
0.11113155
0.11162961
0.11213085
0.11263491
0.11314146
0.11365012
0.11416053
0.1146723
0.11518505
0.11569838
0.11621189
0.11672516
0.11723778
0.10569432
0.1054936
0.10525616
0.10499593
0.10473562
0.10450496
0.10433109
0.10423094
0.1042069
0.10425815
0.10448322
0.10502378
0.10629002
0.10962793
0.1202981
)
;
    }
    Botwall
    {
        type            calculated;
        value           nonuniform List<scalar> 
118
(
0.14982923
0.14982223
0.14981521
0.14980821
0.14980113
0.14979413
0.14978726
0.14978055
0.14977398
0.14976759
0.14976133
0.14975524
0.14974922
0.14974332
0.1497373
0.14973123
0.14972523
0.14971833
0.14971123
0.14970051
0.14969262
0.14968038
0.14966919
0.14965635
0.14964347
0.149634
0.14962478
0.14961653
0.14960927
0.149603
0.14959725
0.14959111
0.14958234
0.14957183
0.14956372
0.14955848
0.14955552
0.14955403
0.14955217
0.14954759
0.14953623
0.1495183
0.14950698
0.1495083
0.14951401
0.1495162
0.14951341
0.14950924
0.14950985
0.14951424
0.14951995
0.14952456
0.14953048
0.14953854
0.14954929
0.14956113
0.14957571
0.1495906
0.14960757
0.14962202
0.1496386
0.14964711
0.14966691
0.14972415
0.14973784
0.14975988
0.14977936
0.14981076
0.14983584
0.14986877
0.14989794
0.14992292
0.14994482
0.14996281
0.1499743
0.14998199
0.14997966
0.14997164
0.14996265
0.14994926
0.14993338
0.1499167
0.14989916
0.14988289
0.14986624
0.1498526
0.14983745
0.14971065
0.14971152
0.14970375
0.14970437
0.14969256
0.14969082
0.14967732
0.14967279
0.14966634
0.14966194
0.14965845
0.14965613
0.14965467
0.14965384
0.14965668
0.14965976
0.14966445
0.14967002
0.14967669
0.14968375
0.14969106
0.14969812
0.14970478
0.14971063
0.14971608
0.14972002
0.14972358
0.14972576
0.14972768
0.14972751
0.14972726
)
;
    }
    Cyli
    {
        type            calculated;
        value           uniform 0;
    }
}


// ************************************************************************* //
