/*--------------------------------*- C++ -*----------------------------------*\
| =========                 |                                                 |
| \\      /  F ield         | OpenFOAM: The Open Source CFD Toolbox           |
|  \\    /   O peration     | Version:  2406                                  |
|   \\  /    A nd           | Website:  www.openfoam.com                      |
|    \\/     M anipulation  |                                                 |
\*---------------------------------------------------------------------------*/
FoamFile
{
    version     2.0;
    format      ascii;
    arch        "LSB;label=32;scalar=64";
    class       volVectorField;
    location    "0.09";
    object      U;
}
// * * * * * * * * * * * * * * * * * * * * * * * * * * * * * * * * * * * * * //

dimensions      [0 1 -1 0 0 0 0];

internalField   nonuniform List<vector> 
2065
(
(35.668532 3.7075327 0)
(36.553638 3.6087396 -6.4746021e-18)
(37.350741 3.3250164 5.9865122e-18)
(38.01427 3.0209767 -5.5387038e-18)
(38.585975 2.7526772 4.5900548e-18)
(23.650103 1.8419607 -9.7210383e-23)
(25.276981 1.8536255 1.3984577e-17)
(26.911222 1.8627804 -4.176523e-18)
(28.407872 1.8603046 0)
(29.776083 1.8082862 0)
(11.610207 0.098891313 -7.0501627e-21)
(12.823026 -0.0074704239 -6.7947118e-21)
(14.154563 -0.037959052 0)
(15.786091 0.095659238 5.816497e-21)
(4.5539726 -1.3315876 6.2495476e-21)
(5.579546 -1.4236491 -6.0473353e-18)
(6.6469327 -1.4212289 0)
(2.0719355 -2.4682192 -6.1285636e-18)
(2.8595619 -2.4600193 1.1312702e-17)
(3.6169311 -2.4122821 -5.2326183e-18)
(0.84237288 -3.3221958 5.5942434e-18)
(1.3821266 -3.1719024 0)
(-0.17488475 -3.817099 -5.2213948e-18)
(-1.1165102 -3.9922657 -4.9141432e-18)
(-1.9793052 -3.8881466 2.3293449e-18)
(-3.1651145 0.35782895 -2.2716486e-18)
(-2.655894 0.95558748 -4.6998885e-18)
(-2.0124297 1.4360191 -4.9204143e-18)
(-1.2559098 1.7815548 0)
(-1.3503525 1.4687833 -4.8258727e-18)
(-0.40168428 1.9424836 0)
(-0.34184219 1.6586157 -5.1770665e-18)
(0.58900481 1.8206801 1.0552196e-17)
(0.7841634 1.6417193 -5.5976997e-18)
(0.98318762 1.4360337 -5.2003648e-18)
(2.0750319 1.4717493 6.830233e-18)
(2.4292535 1.4135763 -6.2693096e-18)
(2.78966 1.2679373 0)
(3.1819113 1.0733586 0)
(5.6424762 1.0049871 7.562706e-18)
(5.9900741 1.0308257 -7.0011194e-18)
(6.4021548 0.92205602 6.3134605e-18)
(6.916096 0.77930512 0)
(7.4851181 0.59570763 0)
(42.153222 4.3084652 -5.4093782e-19)
(45.465894 4.4883753 0)
(48.720973 4.6362287 0)
(51.791405 4.6354109 1.439565e-18)
(54.519393 4.3313905 0)
(56.777821 3.8624941 -1.1792839e-18)
(58.566783 3.3214789 1.2615677e-18)
(59.947212 2.7875775 1.4667768e-18)
(60.992081 2.31145 4.4798117e-19)
(42.320802 4.1024901 6.9888685e-19)
(45.707589 4.2009221 -1.0057436e-18)
(48.86765 4.3439821 1.4983063e-18)
(51.813714 4.2582205 -7.445404e-21)
(54.394809 4.0254116 1.1443298e-18)
(56.54341 3.6118377 8.3750965e-22)
(58.255948 3.1202196 1.1703716e-18)
(59.58363 2.6270157 -1.3589848e-18)
(60.593809 2.1818189 -8.298218e-19)
(42.660655 3.7200215 7.520217e-19)
(46.026302 3.8135971 2.1691874e-18)
(49.025923 3.9716883 -1.6310558e-18)
(51.802785 3.9575414 1.2507391e-18)
(54.249299 3.7348527 -4.2146608e-21)
(56.293469 3.366715 1.0933746e-18)
(57.931731 2.9191326 -1.1699807e-18)
(59.20712 2.4648418 -1.5396503e-22)
(60.181281 2.0509309 4.1078227e-19)
(42.943917 3.3595092 -1.4268103e-18)
(46.24547 3.4728808 -1.0110816e-18)
(49.13177 3.6333158 -6.1273787e-21)
(51.769276 3.6366282 -2.5352777e-18)
(54.092916 3.4538307 2.3904535e-21)
(56.039729 3.1277593 -1.0869978e-18)
(57.60504 2.7210629 -1.1654906e-18)
(58.8276 2.3034788 -1.4616104e-21)
(59.764834 1.9200947 4.0506147e-19)
(43.215838 3.0539323 1.311722e-18)
(46.445092 3.1835293 0)
(49.232921 3.3349253 -1.4996619e-18)
(51.742763 3.3473575 1.2255011e-18)
(53.944628 3.1929746 -1.0898272e-18)
(55.792933 2.9014867 2.1461298e-18)
(57.283778 2.5310952 1.1527473e-18)
(43.504468 2.831209 -5.9278949e-19)
(61.856725 1.9193407 0)
(62.667304 1.538505 0)
(63.444504 1.1698431 0)
(64.208763 0.81759536 0)
(64.964973 0.45939086 0)
(65.409103 0.1636541 0)
(61.428128 1.8133452 0)
(62.209519 1.4566808 0)
(62.959009 1.1104423 0)
(63.697247 0.78021895 0)
(64.432542 0.44940525 0)
(64.8712 0.16340615 0)
(60.986826 1.7080676 0)
(61.743084 1.3757933 0)
(62.470496 1.0526714 0)
(63.189875 0.74397251 0)
(63.912347 0.43588981 0)
(64.347754 0.16087762 0)
(60.541586 1.6018254 0)
(61.272548 1.2923397 0)
(61.978342 0.99069098 0)
(62.679858 0.7016506 0)
(63.389316 0.41311972 0)
(63.81957 0.15509157 0)
(50.038217 -4.3621179 7.177615e-19)
(50.383365 -3.4561406 -9.1143166e-19)
(50.721666 -2.6045548 0)
(51.109443 -1.8128549 0)
(51.697134 -1.040856 -3.9901725e-19)
(53.06226 -0.24173368 6.0090424e-19)
(51.926334 -4.4920075 -3.8911425e-19)
(52.276567 -3.5622661 5.0231055e-19)
(52.628195 -2.6919148 -7.0753932e-19)
(53.02654 -1.8833204 1.1154773e-18)
(53.586267 -1.0972291 -1.4093058e-20)
(54.690194 -0.30310208 -2.0634244e-20)
(53.941194 -4.5338019 -6.5865638e-21)
(54.30329 -3.5982081 -8.3625683e-21)
(54.676776 -2.7239006 3.7627382e-19)
(55.103487 -1.9121886 -1.1971908e-18)
(55.694393 -1.1283973 9.4565837e-19)
(56.774474 -0.31786496 4.3410246e-20)
(56.055665 -4.4886714 -3.2316337e-22)
(56.426368 -3.5690289 5.7647924e-19)
(56.809812 -2.7125088 0)
(57.232877 -1.91971 3.0777552e-23)
(57.759342 -1.1644574 5.2388277e-19)
(58.579175 -0.38918037 -7.1980667e-19)
(58.218298 -4.3451676 -4.7418075e-19)
(58.594054 -3.4585205 5.9902637e-19)
(58.988048 -2.6343703 1.3018672e-20)
(59.433791 -1.8719618 3.314109e-23)
(60.042841 -1.1501297 -2.8818038e-19)
(61.48929 -0.39413512 3.064142e-19)
(60.389339 -4.0846495 5.0073146e-19)
(60.77208 -3.2381616 0)
(61.177351 -2.4476793 4.2317032e-19)
(61.638063 -1.7086989 -2.8856708e-19)
(62.257504 -0.97724854 -7.95333e-19)
(63.42809 -0.31170234 2.9641183e-19)
(62.525738 -3.7420318 8.2531974e-21)
(62.926435 -2.9588637 0)
(63.356729 -2.2274962 0)
(63.845568 -1.5452801 -2.1491865e-20)
(64.474804 -0.86997382 0)
(65.388784 -0.26130406 -1.7824342e-20)
(64.547363 -3.333097 -8.7124385e-21)
(64.966204 -2.633909 3.4816284e-19)
(65.419097 -1.9814926 -4.7708152e-19)
(65.929372 -1.3744338 0)
(66.553697 -0.77820475 3.0085102e-19)
(67.252761 -0.22793062 -2.7345896e-19)
(66.382022 -2.8618849 0)
(66.818441 -2.2610792 1.8815592e-19)
(67.291869 -1.7003276 9.6771634e-23)
(67.82084 -1.178974 -1.8418571e-19)
(68.438833 -0.67097593 -3.0941767e-19)
(68.939343 -0.19490771 -3.1817996e-23)
(67.963606 -2.3397217 -3.0812359e-19)
(68.414468 -1.8485514 -5.9677266e-21)
(68.90099 -1.3883976 0)
(69.436563 -0.95754808 1.8995708e-19)
(70.036039 -0.53774039 -3.0708502e-19)
(70.386653 -0.15790395 -9.4527452e-21)
(69.243302 -1.7732984 0)
(69.715325 -1.4009533 -3.1138247e-21)
(70.224223 -1.0518777 0)
(70.781529 -0.72711326 0)
(71.385415 -0.41043389 8.5460749e-20)
(71.558689 -0.11933216 -8.5718886e-20)
(70.16327 -1.1793989 0)
(70.653407 -0.9357875 3.2482571e-21)
(71.170983 -0.70189712 -3.4753491e-20)
(71.722022 -0.4809284 5.017322e-20)
(72.293904 -0.26120504 0)
(72.387835 -0.080136834 0)
(70.679896 -0.56119089 4.4059106e-20)
(71.224409 -0.46240426 -5.3876674e-20)
(71.795873 -0.3612807 -3.5828648e-20)
(72.396772 -0.262471 5.1297178e-20)
(72.992382 -0.14724874 0)
(72.908579 -0.038153896 0)
(70.754113 0.078124708 1.7151277e-19)
(71.317281 0.075602533 9.7035228e-20)
(71.904941 0.071823177 -2.6876506e-19)
(72.517851 0.064492871 1.8519306e-19)
(73.114358 0.051781284 -5.8077792e-20)
(73.042755 0.011183704 6.643317e-20)
(70.627073 0.4007354 1.7432316e-19)
(71.192932 0.31929911 -1.3691788e-23)
(71.778771 0.24536461 4.0658249e-19)
(72.378747 0.16879723 -3.0869748e-19)
(72.933114 0.082203839 1.0974291e-19)
(72.789834 0.043107708 4.2952442e-21)
(70.245672 0.78915237 -3.8268569e-19)
(70.838661 0.62211834 7.2199521e-21)
(71.454134 0.47415341 0)
(72.090682 0.34748862 0)
(72.664725 0.22916263 3.8123146e-20)
(72.488411 0.098555904 0)
(69.590144 1.1608425 0)
(70.216404 0.91084392 4.7747709e-19)
(70.849673 0.68434588 -6.1729632e-19)
(71.493725 0.4777 -3.9862906e-19)
(72.101303 0.2829817 2.6545602e-19)
(71.913132 0.12224677 3.0594429e-19)
(68.752901 1.467357 0)
(69.41171 1.1543518 -1.5093423e-20)
(70.06594 0.86943062 0)
(70.719153 0.60725332 -4.4911246e-19)
(71.326287 0.35403832 6.206224e-19)
(71.182658 0.14646658 0)
(67.782078 1.7029266 -8.2813371e-19)
(68.475854 1.3423815 9.8710244e-19)
(69.15868 1.0121424 0)
(69.836788 0.70734721 -2.6161676e-20)
(70.468432 0.41004655 3.3066007e-19)
(70.359537 0.16667008 -2.7074141e-19)
(66.731093 1.8671168 -8.315271e-19)
(67.455423 1.4744378 9.5629829e-19)
(68.160214 1.1127334 0)
(68.852619 0.77848307 2.5686263e-20)
(69.497643 0.45160282 -3.5638036e-20)
(69.469296 0.18169823 0)
(65.654746 1.9675288 8.4416599e-19)
(66.409756 1.5560011 3.0235604e-20)
(67.142487 1.1734954 0)
(67.864647 0.81781152 2.5201536e-20)
(68.547134 0.47064575 -5.2122425e-19)
(68.563552 0.18734983 4.8772999e-19)
(64.575871 2.0152425 1.6255978e-18)
(65.351251 1.6014092 -1.4926172e-20)
(66.096926 1.2150375 -6.1440201e-19)
(66.82636 0.85481357 1.5161362e-18)
(67.522049 0.50106855 -1.1021037e-18)
(67.656321 0.19009768 3.0081056e-20)
(63.570456 2.0080475 0)
(64.370741 1.5894406 9.4403702e-19)
(65.139885 1.1956163 -2.3333044e-18)
(65.894809 0.82836109 1.5499598e-18)
(66.623005 0.47550493 -1.6095756e-20)
(66.796143 0.18668077 -1.4350843e-20)
(62.513845 2.0261324 -1.579555e-18)
(63.334206 1.6249378 1.8472992e-18)
(64.121618 1.239858 8.927453e-21)
(64.89581 0.87242837 0)
(65.656524 0.5038408 5.2242901e-19)
(65.953984 0.17665969 -4.3590262e-19)
(40.018674 -20.243969 1.3426001e-18)
(41.628653 -18.436812 8.4959964e-19)
(43.474119 -16.444732 -9.7473795e-19)
(45.242736 -14.306491 -4.2914023e-19)
(46.760214 -12.132519 -8.0169018e-19)
(47.939073 -10.07011 8.1096032e-19)
(48.779953 -8.2260439 -4.4268642e-19)
(49.344131 -6.6620663 -5.0863429e-19)
(49.710295 -5.3982603 1.5045019e-19)
(43.497371 -20.954345 1.4624617e-18)
(44.895292 -19.00473 -9.3465484e-19)
(46.396707 -16.862702 0)
(47.824991 -14.608019 -2.3915228e-19)
(49.057464 -12.369892 8.9962978e-19)
(50.032322 -10.274528 -4.5573464e-19)
(50.750375 -8.4097311 -4.9594798e-19)
(51.253977 -6.827996 4.2496015e-19)
(51.602115 -5.5485327 -3.3253046e-19)
(47.08416 -21.175896 -1.5458276e-18)
(48.149421 -19.134957 0)
(49.279373 -16.930881 0)
(50.386044 -14.638916 5.0822167e-19)
(51.369425 -12.392751 0)
(52.176306 -10.303768 4.8501801e-19)
(52.800654 -8.4479334 -5.2795036e-19)
(53.265966 -6.8720337 -2.3076716e-22)
(53.611003 -5.5938325 1.7698523e-19)
(50.677578 -20.892804 1.6188096e-18)
(51.39416 -18.855094 -1.3848502e-18)
(52.178483 -16.658224 0)
(52.979538 -14.398108 -2.6985808e-19)
(53.729327 -12.194139 0)
(54.38435 -10.14943 1.2889239e-19)
(54.928759 -8.3323724 5.6211767e-19)
(55.366808 -6.787042 2.4900294e-22)
(55.7159 -5.5312127 -1.1269382e-18)
(54.213339 -20.141384 1.7158505e-18)
(54.597148 -18.144372 -1.4649844e-18)
(55.050243 -16.035091 1.4326957e-18)
(55.564632 -13.875966 5.6962291e-19)
(56.102171 -11.758997 -5.3989104e-19)
(56.62125 -9.7976022 -6.8619229e-19)
(57.097637 -8.0509501 5.9733486e-19)
(57.515397 -6.5623698 -8.5346118e-20)
(57.870515 -5.3507586 0)
(57.600702 -18.912157 -3.6102932e-18)
(57.668741 -17.041899 1.644512e-18)
(57.818358 -15.073306 -1.6907251e-19)
(58.080033 -13.052271 7.5391856e-19)
(58.430783 -11.084408 -5.7166732e-19)
(58.836665 -9.2422776 4.3756094e-19)
(59.259469 -7.5980992 -6.3447081e-19)
(59.665513 -6.1910693 -9.0400453e-20)
(60.031051 -5.041247 -3.6905323e-19)
(60.727295 -17.234934 -9.4962457e-19)
(60.519017 -15.552961 -9.6845939e-19)
(60.410861 -13.784282 -8.9166433e-20)
(60.456341 -11.957193 4.7968619e-19)
(60.654203 -10.172601 -6.0660331e-19)
(60.971964 -8.4922133 1.5480657e-19)
(61.358235 -6.9846698 3.3682858e-19)
(61.763628 -5.6889508 -3.8269931e-19)
(62.148034 -4.6265106 -8.8623671e-23)
(63.499592 -15.152578 -1.0001245e-18)
(63.063857 -13.712615 5.3776859e-20)
(62.75088 -12.192842 4.726408e-20)
(62.627695 -10.609623 6.7737083e-19)
(62.708542 -9.0472296 -6.430392e-19)
(62.962506 -7.5661949 0)
(63.328168 -6.228225 0)
(63.741443 -5.0730446 -5.0605623e-20)
(64.148448 -4.1231933 -5.8873432e-20)
(65.799475 -12.713413 0)
(65.212317 -11.560964 0)
(64.759088 -10.331234 4.9732029e-20)
(64.52203 -9.0332857 4.4694071e-20)
(64.526621 -7.7325403 -2.979486e-19)
(64.742237 -6.4855508 4.3070151e-20)
(65.10189 -5.3467973 3.7729902e-19)
(65.529927 -4.3573581 5.3554516e-20)
(65.961552 -3.5407093 0)
(67.684212 -10.06283 5.5545747e-19)
(66.977954 -9.176835 0)
(66.405716 -8.2385573 -2.6155371e-20)
(66.084534 -7.251272 -4.2452847e-19)
(66.04474 -6.2473103 2.6889017e-19)
(66.246011 -5.2688948 -2.2883313e-19)
(66.614968 -4.3591788 -1.5899484e-22)
(67.065042 -3.5589927 2.2576311e-19)
(67.52268 -2.8935037 2.6153882e-19)
(68.852303 -6.3831128 -5.584717e-19)
(68.08772 -6.1522314 5.0193842e-19)
(67.516087 -5.7191389 -6.3290533e-19)
(67.207935 -5.1805128 2.1067262e-19)
(67.180028 -4.5657605 4.7168129e-20)
(67.399939 -3.911801 -1.9243008e-19)
(67.801159 -3.2707038 2.0941235e-19)
(68.286402 -2.687039 -1.4836869e-20)
(68.776621 -2.1904331 0)
(69.059236 -3.131797 1.4421924e-19)
(68.388967 -2.9943638 -1.2294252e-19)
(67.916324 -2.9432602 0)
(67.696291 -2.8261072 -1.2104827e-20)
(67.763733 -2.7197599 -4.9403635e-20)
(68.091508 -2.4298534 5.0426013e-20)
(68.582068 -2.0913328 0)
(69.132619 -1.7518756 1.555399e-20)
(69.667203 -1.4450031 -2.143749e-27)
(68.864361 -0.54964945 1.4666789e-19)
(68.269222 -0.80791798 1.7372477e-22)
(67.864891 -1.004659 -2.3179784e-19)
(67.728259 -1.0779078 9.5738505e-20)
(67.905266 -0.98604998 -2.399122e-20)
(68.332401 -0.93152174 4.9102499e-20)
(68.898251 -0.83438186 -1.0682872e-19)
(69.519342 -0.77083507 6.4916807e-20)
(70.124118 -0.66235627 2.2381038e-27)
(68.110965 1.9209922 -6.5700358e-19)
(67.69691 1.3602135 0)
(67.479288 0.87149984 2.5685021e-19)
(67.517635 0.47815149 -4.1730836e-19)
(67.800023 0.2322969 7.2509983e-20)
(68.284224 0.094735336 1.9707161e-19)
(68.891206 0.043304486 2.650648e-20)
(69.544835 0.079909694 -1.2606086e-19)
(70.176775 0.079337166 1.8241609e-20)
(66.57732 4.5114591 6.7258571e-19)
(66.483957 3.5752083 0)
(66.565387 2.7418974 0)
(66.859532 2.0190938 0)
(67.350296 1.4648993 -1.0851191e-19)
(67.983427 1.0742274 1.6404732e-19)
(68.690433 0.80631071 -5.510565e-19)
(69.396498 0.62370215 2.5545462e-19)
(70.043778 0.49647246 -3.1556724e-19)
(64.412744 6.6945643 1.5941237e-18)
(64.690716 5.5341204 -1.2633306e-18)
(65.125889 4.4323195 6.8933096e-20)
(65.723074 3.4695487 0)
(66.462646 2.6764943 1.7342331e-19)
(67.289689 2.0561083 5.8413651e-20)
(68.136261 1.5833941 6.2593961e-20)
(68.929992 1.2359625 0)
(69.629162 0.98349143 3.2680501e-19)
(61.776875 8.3511634 5.0197522e-20)
(62.495654 7.0220974 -1.2531794e-18)
(63.332989 5.77195 1.2155795e-18)
(64.277757 4.6455717 1.2651998e-19)
(65.289144 3.6848945 -9.5008892e-19)
(66.311668 2.9036383 9.6022853e-19)
(67.289037 2.2867829 0)
(68.171513 1.8095495 0)
(68.930669 1.446278 -8.5117513e-20)
(58.817171 9.3845968 4.8669758e-18)
(60.010313 8.0143443 8.8311098e-20)
(61.287934 6.7104048 -1.1848724e-18)
(62.607087 5.509039 -3.9018681e-19)
(63.909555 4.4532512 -3.6426699e-19)
(65.142529 3.5660131 2.4472386e-19)
(66.262373 2.8428185 -6.6042342e-19)
(67.236413 2.2675882 5.9695787e-19)
(68.052744 1.8209494 8.6558153e-20)
(55.723174 9.7474842 3.6968114e-18)
(57.393055 8.4696539 -1.8240177e-19)
(59.114906 7.2244867 -4.5973229e-19)
(60.811119 6.0440767 -2.9485057e-22)
(62.406115 4.9693749 -2.2880992e-22)
(63.84858 4.034912 -2.4783485e-19)
(65.109 3.2493936 1.3353713e-19)
(66.17173 2.609869 0)
(67.042174 2.105106 1.752724e-19)
(52.700122 9.4612369 -3.8161976e-18)
(54.806657 8.404674 5.7361848e-18)
(56.93845 7.3286834 3.1676514e-19)
(58.987538 6.2618287 -1.6363196e-18)
(60.859499 5.2416582 -7.5246081e-19)
(62.499251 4.3161281 1.0003592e-18)
(63.891314 3.5109726 0)
(65.036472 2.8387908 0)
(65.955769 2.2993798 -3.5263423e-19)
(49.892375 8.665726 -8.1589786e-18)
(52.384216 7.9306587 3.6079297e-18)
(54.872694 7.1031849 2.6156181e-18)
(57.228135 6.2153511 -2.5048759e-18)
(59.344322 5.3046914 0)
(61.158902 4.4324902 0)
(62.667445 3.643825 0)
(63.885638 2.9668203 0)
(64.847502 2.4135928 -3.5318966e-19)
(47.404577 7.5123826 -3.8690062e-18)
(50.157582 7.13221 -4.2456295e-19)
(52.929527 6.6065773 -6.78856e-19)
(55.550505 5.9516494 5.6893849e-19)
(57.886557 5.1948913 1.5367781e-18)
(59.859463 4.4117528 -2.0130057e-18)
(61.46935 3.6672186 -1.6107686e-18)
(62.749288 3.0075153 1.2094859e-18)
(63.745146 2.4585233 -1.5836913e-18)
(45.265621 6.343683 -5.9613476e-19)
(48.348487 6.3159815 -4.4643259e-19)
(51.344554 6.0474172 7.0030357e-19)
(54.127031 5.5965482 -4.0526922e-18)
(56.60121 4.9913132 4.6434474e-18)
(58.68315 4.3059323 -2.0103298e-18)
(60.367521 3.6173456 -2.7837537e-22)
(61.69408 2.9863126 1.199497e-18)
(62.716571 2.4478271 -1.3978832e-18)
(42.658556 5.1745189 -5.4594375e-18)
(45.855841 5.3578291 9.8615809e-19)
(49.219831 5.3668511 5.9559818e-18)
(52.37124 5.1455797 -2.3882353e-18)
(55.123136 4.7087335 0)
(57.390354 4.1419864 0)
(59.188798 3.5321746 -5.2528363e-19)
(60.581658 2.9493576 -1.7698061e-18)
(61.638382 2.4409643 1.3758663e-18)
(39.676688 -37.372916 -2.4726645e-21)
(39.536266 -32.499246 1.2478531e-17)
(38.913518 -29.430796 -4.4036905e-18)
(38.775925 -26.825871 7.426613e-19)
(38.889714 -24.445882 -2.1720325e-18)
(39.061496 -22.36709 1.9600211e-21)
(45.03446 -37.650845 -2.0148563e-18)
(44.756012 -32.786367 1.8584209e-18)
(43.669911 -29.929883 0)
(43.150763 -27.40477 -1.5552205e-18)
(42.914576 -25.080187 -5.6761684e-19)
(42.766371 -23.028807 0)
(50.323155 -37.153696 3.0830987e-18)
(49.950443 -32.355066 -1.5420504e-17)
(48.437794 -29.793338 4.7950453e-18)
(47.571543 -27.407129 1.6252961e-18)
(47.0287 -25.19851 5.9716641e-19)
(46.622537 -23.240946 1.8483976e-18)
(55.413216 -35.941539 -1.041141e-17)
(54.989642 -31.233084 0)
(53.131453 -28.989002 4.9995519e-18)
(51.962477 -26.780977 -4.2452492e-18)
(51.146238 -24.728582 0)
(50.503852 -22.906023 0)
(60.213797 -34.034132 1.0601929e-18)
(59.764726 -29.427242 -1.0361326e-18)
(57.637195 -27.540231 0)
(56.217624 -25.545407 -3.5450856e-18)
(55.168267 -23.687514 2.6120083e-18)
(54.322152 -22.036459 -2.0300388e-18)
(64.606526 -31.454138 -8.602917e-18)
(64.157183 -26.977961 5.377254e-18)
(61.823596 -25.469984 -5.4208564e-18)
(60.208801 -23.716224 3.6991709e-18)
(58.970997 -22.086952 0)
(57.96119 -20.639686 2.6568182e-18)
(68.46027 -28.24953 0)
(68.088964 -23.894163 1.109488e-18)
(65.593316 -22.805532 -2.8161217e-18)
(63.818663 -21.342199 1.9286409e-18)
(62.435118 -19.969735 -3.56614e-19)
(61.30219 -18.748283 1.6701779e-18)
(71.618826 -24.495614 0)
(71.330549 -20.267254 -1.1537167e-18)
(68.784075 -19.620758 -7.3279381e-19)
(66.921359 -18.476934 2.019304e-18)
(65.449117 -17.386011 -1.1216686e-18)
(64.241457 -16.410604 1.461392e-18)
(74.033069 -20.283529 0)
(73.984721 -16.119055 5.9242749e-19)
(71.354804 -15.953199 7.6330763e-19)
(69.402354 -15.174354 0)
(67.871801 -14.397564 0)
(66.63728 -13.68354 -3.0732234e-19)
(75.467645 -15.718251 0)
(75.343718 -11.838729 -6.13995e-19)
(72.899244 -12.276723 -1.5947415e-18)
(71.119606 -11.847944 1.1058415e-18)
(69.71264 -11.307459 2.0603471e-19)
(68.55545 -10.794356 -6.4664065e-19)
(75.828982 -12.497851 1.4340275e-18)
(76.361119 -6.5701005 -3.7834591e-18)
(74.298624 -6.9110895 1.4356303e-18)
(72.483213 -6.8540219 -9.1016261e-19)
(71.000799 -6.6909612 5.954926e-19)
(69.788032 -6.5907963 6.3357934e-19)
(76.535723 -5.2534478 0)
(76.808372 -1.3070495 -1.0524292e-18)
(74.569368 -2.8756083 9.7411668e-19)
(72.658258 -2.8887566 -6.0929897e-19)
(71.134662 -2.9971859 3.8179755e-19)
(69.942482 -3.1143824 -1.5447766e-19)
(76.10546 -1.2650742 4.9483155e-19)
(76.091045 2.3340941 -4.942283e-19)
(73.845135 0.81872851 0)
(72.074744 0.40641177 -2.6822226e-19)
(70.697682 0.040799814 2.0788781e-19)
(69.636009 -0.27203082 2.4945675e-27)
(74.528541 -0.23111049 0)
(74.20884 6.7513422 1.2174127e-18)
(72.30865 4.6282182 1.7005784e-18)
(70.778047 3.685735 -2.501751e-18)
(69.601379 3.017296 -2.4001511e-19)
(68.712082 2.4599436 1.3249154e-18)
(69.916409 5.2771141 6.1286932e-19)
(70.635128 11.520974 0)
(69.621464 8.4346748 0)
(68.410827 7.1762737 -3.4258917e-19)
(67.513217 6.2038096 7.8426871e-19)
(66.886882 5.3571722 -1.0379424e-18)
(64.618299 9.3876413 -6.2216264e-19)
(66.421907 14.781817 0)
(66.086657 11.532998 -3.9101089e-18)
(65.299578 10.022395 6.1065897e-18)
(64.73021 8.8177674 -1.6521378e-18)
(64.391533 7.7470744 -8.7891037e-19)
(58.7607 12.308721 -1.2702562e-18)
(61.739483 17.205807 -4.2166689e-18)
(61.944035 14.001014 4.0381937e-18)
(61.566479 12.186655 0)
(61.363011 10.768737 0)
(61.370093 9.5034869 1.3948922e-18)
(52.532397 13.939916 1.3327047e-18)
(55.759746 18.840999 -2.9165951e-18)
(56.957751 15.349216 0)
(57.223803 13.548528 0)
(57.558837 11.900614 0)
(57.97542 10.570519 -4.8241747e-18)
(45.763183 14.340924 4.8494194e-21)
(49.620633 19.356766 2.9619696e-18)
(51.702604 15.837518 -4.4252486e-18)
(52.64268 13.857497 0)
(53.527241 12.224141 0)
(54.443615 10.80127 -4.1941189e-18)
(38.030737 12.973093 0)
(42.106519 17.935074 -1.4918424e-18)
(45.958998 14.894827 1.1541123e-17)
(47.956683 13.0792 -5.3107254e-18)
(49.53956 11.602933 -1.3965106e-18)
(50.987501 10.26966 -1.1232218e-18)
(30.526309 10.899313 1.2508097e-17)
(35.9029 15.226572 0)
(40.455457 12.774529 7.2663878e-18)
(43.437384 11.30911 -1.8914272e-18)
(45.756587 10.190182 -2.0957086e-21)
(47.767357 9.1170324 1.2087182e-18)
(15.713411 2.4991539 -1.5754782e-17)
(27.48796 10.16343 1.2175262e-17)
(35.832412 9.6379779 0)
(39.767564 8.8309442 -8.1729882e-18)
(42.610323 8.2678683 8.1721293e-18)
(45.009285 7.5796424 5.277686e-18)
(6.8331053 -0.65605256 1.302188e-18)
(15.390203 4.464565 0)
(27.648903 6.1416276 0)
(35.806719 6.4191481 -2.2029177e-18)
(39.622853 6.2988033 0)
(42.438857 5.9775549 0)
(-6.8434192 -5.6739146 0)
(8.8526902 1.0123365 1.1359389e-17)
(15.973817 3.023938 -6.794007e-18)
(26.842526 4.3443774 2.0592919e-18)
(35.765055 5.0282125 0)
(40.082973 4.8749827 0)
(-4.2428777 -4.9121982 0)
(0.63320007 -1.2954606 0)
(7.5008516 0.49922493 0)
(14.316788 1.7632041 7.2476693e-18)
(23.34927 3.0398717 -7.9116751e-18)
(33.443262 3.9331092 0)
(-4.7702745 -5.1879598 -2.8517289e-18)
(-3.3407257 -3.2733273 -1.3919371e-17)
(0.65704225 -2.0083341 9.9141138e-18)
(5.6675107 -0.55589178 0)
(11.540198 0.6967644 3.7904668e-18)
(20.771393 2.1405453 -6.995949e-18)
(-3.491325 -4.8305056 -1.2286689e-17)
(-3.2916826 -3.946907 -8.351229e-18)
(-2.1093843 -3.2912687 2.474004e-18)
(0.081173636 -2.2224652 1.7521047e-17)
(3.5357555 -0.79659051 -1.4720246e-17)
(10.404914 0.32261503 0)
(-2.9015304 -5.0024614 -1.5384336e-17)
(-2.8285691 -4.3939246 -2.6838837e-18)
(-2.1878091 -3.7490838 -1.2178619e-17)
(-1.4297184 -2.9812083 8.5544226e-18)
(0.034720754 -1.9941602 -3.8110191e-18)
(3.149077 -1.1717982 1.0179937e-17)
(-2.4106788 -5.6955303 0)
(-2.3952668 -4.9185786 -7.0470708e-18)
(-1.7580371 -4.3456563 9.5579833e-18)
(-1.1899703 -3.7604724 -2.0610458e-18)
(-0.39103191 -3.1788118 0)
(1.0666009 -2.6147484 0)
(-2.5381199 -6.1112059 -9.1139183e-18)
(-2.2472463 -5.4663623 -1.0735581e-17)
(-1.7058446 -4.9219471 1.1487187e-17)
(-1.2169473 -4.4367741 1.9694163e-18)
(-0.6414442 -3.9895668 0)
(0.15032719 -3.5777311 -6.1250822e-18)
(-2.2645712 -6.5055367 0)
(-2.082657 -5.7947929 0)
(-1.718189 -5.2431432 -4.3824911e-18)
(-1.4079753 -4.8030433 0)
(-1.0580842 -4.4261361 4.8488684e-18)
(-0.59270984 -4.0923727 -1.4391007e-18)
(-1.9733943 -6.6402274 0)
(-1.935715 -5.929029 1.3083979e-18)
(-1.7676172 -5.3476072 1.0792522e-18)
(-1.6341099 -4.8995686 0)
(-1.4950487 -4.5370258 -2.2615766e-23)
(-1.2928485 -4.2480638 2.7150653e-18)
(-1.6488094 -6.3983269 0)
(-1.7497434 -5.6832461 -1.3224436e-18)
(-1.8279871 -5.1335175 1.0720434e-18)
(-1.891634 -4.721589 -3.5471502e-18)
(-1.9260059 -4.3965945 4.4815605e-18)
(-1.9286 -4.1305439 -1.3137368e-18)
(-1.2400138 -5.6887971 -3.9035692e-18)
(-1.5653835 -5.0713263 2.6144003e-18)
(-1.8448564 -4.6123346 -2.097214e-18)
(-2.0949634 -4.2691809 1.7231952e-18)
(-2.3212789 -3.9935268 -7.3310627e-19)
(-2.5112356 -3.7700491 2.5553798e-18)
(-0.87830681 -4.5909625 3.5665894e-18)
(-1.3812222 -4.1819466 -2.5752001e-18)
(-1.8164512 -3.8520549 -2.0314211e-18)
(-2.2050997 -3.6080603 1.6720424e-18)
(-2.5836965 -3.4045332 1.074863e-18)
(-2.9214894 -3.2472311 1.5774795e-18)
(-0.61739275 -3.2648259 1.1752457e-18)
(-1.1768481 -3.0623673 -3.7132629e-23)
(-1.7602228 -2.8800487 -3.4160293e-23)
(-2.2671501 -2.7520531 -4.1592551e-19)
(-2.7426176 -2.6487492 -3.5313782e-19)
(-3.1835361 -2.5665071 -6.225033e-19)
(-0.47073356 -1.9918566 -3.9223973e-19)
(-1.1143341 -1.7871504 6.3943517e-19)
(-1.7485966 -1.7679808 -2.5304567e-19)
(-2.2986932 -1.7803063 -1.0455068e-23)
(-2.8166906 -1.7898841 3.5127398e-19)
(-3.3029805 -1.7915575 -9.2907055e-19)
(-1.1854639 -0.15938296 0)
(-1.1041084 -0.51735143 -2.1847036e-22)
(-1.7882292 -0.70630927 2.5359111e-19)
(-2.311506 -0.82209769 -4.1453691e-19)
(-2.8112353 -0.91326943 7.0469795e-19)
(-3.2844464 -0.98648932 -1.2423895e-18)
(-0.70343066 1.361685 7.8091438e-19)
(-1.1508844 0.8043586 0)
(-1.7206115 0.42233182 3.0736535e-18)
(-2.2101983 0.16955274 -8.3816421e-19)
(-2.6747776 -0.029357025 -7.1412095e-19)
(-3.1065014 -0.18032568 0)
(-0.97029754 2.3857511 0)
(-1.3543186 1.8083471 0)
(-1.7479544 1.399348 4.13629e-18)
(-2.1331491 1.066748 -8.5470929e-19)
(-2.491043 0.80525818 -2.9074901e-18)
(-2.8219411 0.58071319 2.5648626e-18)
(-1.3866726 3.4782769 6.3693528e-18)
(-1.6005448 2.7635256 -5.2739204e-18)
(-1.8193202 2.2213123 -1.0612813e-18)
(-2.0406261 1.8092423 0)
(-2.2513114 1.4847 0)
(-2.435142 1.2234524 1.3198557e-18)
(-1.792016 4.2540441 0)
(-1.7485684 3.4124165 0)
(-1.7887193 2.8233178 0)
(-1.8490991 2.3795861 0)
(-1.9075476 2.0208573 0)
(-1.9292174 1.729956 2.7378984e-18)
(-1.9943067 4.4323662 -6.1551162e-18)
(-1.8411352 3.7565415 -2.7222379e-18)
(-1.7076307 3.1963246 0)
(-1.5966415 2.757181 0)
(-1.4870382 2.3902179 1.6251214e-18)
(-1.3325487 2.0852151 1.4363623e-18)
(-2.1858463 4.3495242 0)
(-1.9716764 3.7591272 -1.0885408e-17)
(-1.6512093 3.2668959 9.2101108e-18)
(-1.3894304 2.8462155 0)
(-1.0960774 2.4908241 -8.3485594e-18)
(-0.69337248 2.2011633 1.51753e-17)
(-2.3162559 4.0621887 9.3108523e-18)
(-2.0909339 3.5882148 2.7321805e-18)
(-1.6662455 3.1209176 0)
(-1.2646169 2.6802301 8.1784104e-18)
(-0.74136909 2.2885342 -7.2390378e-18)
(0.039058232 1.9906483 -1.2955546e-17)
(-2.4200427 3.7131804 1.5665394e-17)
(-2.27834 3.2866162 -2.5283622e-17)
(-1.8545798 2.7747465 9.7682914e-18)
(-1.326883 2.1909772 0)
(-0.38656989 1.6465623 0)
(1.2880682 1.4091964 3.4071875e-18)
(-2.6487907 3.361092 -3.1410446e-18)
(-2.5771617 3.0468672 1.6868234e-17)
(-2.0457258 2.4866929 -2.4715587e-18)
(-1.0532714 1.7079015 -1.1085865e-17)
(1.3358239 0.69600429 -3.9555221e-18)
(5.1123063 0.76217314 0)
(-2.7077788 3.1349163 1.5662384e-17)
(-2.5356442 2.8872659 -1.3975469e-17)
(-1.7299952 2.4318822 2.5332664e-18)
(2.364595 1.2953634 2.0737533e-18)
(42.964738 47.628115 9.3137718e-18)
(43.680476 42.726387 0)
(42.656226 40.017562 0)
(42.2416 37.716928 3.0363685e-18)
(37.898561 47.521227 -1.8887581e-18)
(38.812813 42.778546 -8.8534934e-18)
(38.241815 39.955994 4.3990657e-18)
(38.169714 37.630107 0)
(38.407749 35.554161 1.0938053e-18)
(38.931163 33.563702 1.6202033e-18)
(32.838867 46.704971 -7.7163886e-18)
(33.931636 42.172927 -5.2719819e-18)
(33.800926 39.311339 1.0873537e-18)
(34.067882 37.004275 5.8514233e-18)
(34.595686 34.969673 -4.2815853e-18)
(35.371768 33.050506 7.9775466e-19)
(27.912254 45.208112 -9.8533112e-18)
(29.171429 40.913975 -1.7467955e-18)
(29.466578 38.086499 -5.3576882e-18)
(30.064253 35.848792 2.8821767e-18)
(30.876358 33.895612 -1.0526032e-18)
(31.894247 32.077572 -7.8306151e-19)
(23.218808 43.051375 4.030551e-18)
(24.599151 39.017759 -5.1993225e-18)
(25.309669 36.289861 4.2430607e-18)
(26.229962 34.17009 -7.1186932e-19)
(27.315766 32.34038 0)
(28.564462 30.65301 0)
(18.868551 40.257702 -6.1928371e-18)
(20.309953 36.500548 -6.8867802e-18)
(21.415869 33.944626 5.2538229e-18)
(22.644909 31.993238 6.9883562e-19)
(23.977507 30.340647 0)
(25.439355 28.816281 1.5327385e-18)
(15.045129 36.91644 0)
(16.466889 33.409702 0)
(17.903273 31.108203 -2.0694292e-18)
(19.398815 29.38272 0)
(20.925268 27.95036 1.4970503e-18)
(22.571532 26.607576 -3.4238685e-18)
(11.792985 33.142879 0)
(13.239537 29.892918 8.4455521e-19)
(14.857102 27.923638 5.0440999e-19)
(16.522978 26.465448 0)
(18.238988 25.225531 -1.0940113e-21)
(19.977013 24.110182 7.5802611e-19)
(8.0193452 27.877074 0)
(10.284725 25.941444 -8.3671066e-19)
(12.102072 24.446097 4.9717485e-19)
(13.933151 23.269056 -1.3463972e-18)
(15.856271 22.213039 1.4926537e-18)
(17.755828 21.2815 -3.8251465e-19)
(5.6172012 23.436816 -3.4493463e-18)
(7.8151675 21.849924 1.645324e-18)
(9.7658544 20.670324 -1.005735e-18)
(11.839521 19.696769 6.8118374e-19)
(13.884016 18.888539 -2.4755912e-19)
(15.901672 18.189523 7.6276095e-19)
(3.7877248 18.400328 3.0508152e-18)
(5.8216233 17.430927 -1.6678996e-18)
(8.048223 16.54081 -1.0174453e-18)
(10.215669 15.879945 6.7844882e-19)
(12.362857 15.345224 3.6945775e-19)
(14.46469 14.893459 4.756803e-19)
(2.3716175 13.254789 1.0023798e-18)
(4.4701506 12.675564 -4.8365218e-22)
(6.8312191 12.18864 -4.1928701e-22)
(9.0883228 11.872633 -1.6888169e-19)
(11.308169 11.635267 -1.2267143e-19)
(13.464797 11.445666 -1.8981573e-19)
(1.8429026 8.4221565 -3.3708078e-19)
(3.8731164 7.7744898 4.1380549e-19)
(6.2688632 7.6823063 -1.2585852e-19)
(8.5466307 7.7320212 -1.5229178e-22)
(10.775943 7.8066175 1.2194356e-19)
(12.939736 7.8889394 -2.836445e-19)
(4.7021183 2.9338211 0)
(4.074251 3.2692729 -2.4862484e-21)
(6.413224 3.5414141 1.2365191e-19)
(8.6097531 3.8083069 -1.6865291e-19)
(10.782742 4.0965378 2.4320705e-19)
(12.909644 4.3938543 -3.7871464e-19)
(2.836377 -3.2557465 5.5421719e-19)
(4.4803366 -1.8109234 0)
(6.7484024 -0.91903459 1.5069486e-18)
(8.9663136 -0.28466759 -3.3663689e-19)
(11.149101 0.29153974 -2.4496968e-19)
(13.271117 0.8484359 0)
(3.7689082 -7.4862468 0)
(5.5812281 -6.2276185 0)
(7.7770486 -5.1565538 2.0120822e-18)
(9.9187822 -4.2520554 -3.3938845e-19)
(12.04085 -3.4125737 -9.8349939e-19)
(14.113454 -2.6142039 -7.5832071e-19)
(5.756064 -12.314175 5.3813327e-18)
(7.5090312 -10.811742 -3.3280411e-18)
(9.5076136 -9.3574731 -5.0906598e-19)
(11.499759 -8.1202458 0)
(13.497248 -6.9941876 0)
(15.471458 -5.940606 3.8110701e-19)
(8.4074025 -16.941763 0)
(10.057233 -14.900097 0)
(11.741569 -13.244964 0)
(13.588757 -11.729338 0)
(15.440516 -10.356781 0)
(17.292201 -9.0706963 -2.2958374e-18)
(11.502588 -21.291225 -5.5346539e-18)
(13.051213 -18.690123 -1.6609087e-18)
(14.545893 -16.711821 0)
(16.139514 -15.03871 0)
(17.848 -13.430772 4.9841536e-19)
(19.545148 -11.936304 3.8250058e-19)
(15.051777 -25.014047 0)
(16.563888 -22.082202 -6.7461919e-18)
(17.824972 -19.813648 4.0261239e-18)
(19.211859 -17.913772 0)
(20.689248 -16.151473 -2.432494e-18)
(22.218877 -14.457518 7.4526371e-19)
(20.044761 -29.120349 7.3285383e-18)
(20.544403 -25.228262 1.6982904e-18)
(21.473436 -22.594463 0)
(22.62351 -20.429629 2.7030379e-18)
(23.873776 -18.504903 -1.9621116e-18)
(25.231482 -16.645004 -1.4922536e-18)
(24.511139 -32.166271 1.0852294e-17)
(24.7081 -27.905447 -1.5361292e-17)
(25.387123 -24.994196 4.1655918e-18)
(26.297713 -22.637207 0)
(27.342852 -20.519619 0)
(28.534661 -18.447274 7.6112414e-19)
(29.210325 -34.556028 -2.0499389e-18)
(29.436399 -30.0817 1.0300659e-17)
(29.75113 -26.995658 -1.0502465e-18)
(30.354283 -24.481987 -3.5241206e-18)
(31.14609 -22.181463 -1.0323831e-18)
(32.092206 -19.926919 7.6483836e-19)
(34.365246 -36.309284 9.9918839e-18)
(34.383879 -31.533605 -8.5869756e-18)
(34.252874 -28.404968 1.0523718e-18)
(34.509469 -25.813314 7.0883871e-19)
(35.00734 -23.412737 3.1215652e-18)
(35.639992 -21.10581 -7.6603729e-19)
(-3.0965248 2.769059 1.5730261e-17)
(-2.8699535 2.7825868 0)
(-3.6042651 2.5285896 -3.144797e-18)
(52.784676 45.6869 -1.8167871e-18)
(47.955313 47.005161 9.1795024e-18)
(48.505156 41.934575 -5.4050382e-18)
(35.255506 -19.353664 9.0338615e-21)
(32.001801 -18.059219 -1.1862533e-18)
(28.786626 -16.598578 2.3420499e-21)
(25.808363 -14.811608 -1.2117617e-18)
(23.103074 -12.680149 1.2034299e-18)
(20.730232 -10.281666 1.2127381e-21)
(18.743555 -7.6021231 2.4925257e-18)
(17.152866 -4.6995124 0)
(15.981081 -1.6357813 1.144161e-21)
(15.2544 1.5623759 0)
(14.948731 4.7940333 -3.1170805e-19)
(15.014489 8.0123538 1.5647439e-19)
(15.512922 11.258016 7.8486975e-20)
(16.420509 14.407311 -6.2765809e-19)
(17.712735 17.428423 -6.2801574e-19)
(19.372233 20.275636 3.0600293e-22)
(21.386737 22.883015 -3.0138192e-22)
(23.677827 25.267825 9.9977803e-22)
(26.259882 27.365643 -1.2367514e-18)
(29.077505 29.136645 0)
(32.086505 30.542644 -1.6483695e-22)
(35.240464 31.552591 0)
(38.491215 32.156221 -1.2514045e-18)
(34.412061 -17.498707 6.3940447e-21)
(31.401087 -15.978449 -1.0135023e-18)
(28.587647 -14.469731 -4.0134738e-21)
(26.01152 -12.673105 1.0336011e-18)
(23.697081 -10.647187 1.0190498e-18)
(21.693987 -8.3873222 1.0297505e-21)
(20.04623 -5.9021733 -1.0608088e-18)
(18.743494 -3.2477692 -1.0608636e-18)
(17.801314 -0.47345413 1.2420868e-21)
(17.225982 2.4023248 -5.3074861e-19)
(16.999758 5.288853 2.6521683e-19)
(17.101984 8.1762095 0)
(17.563224 11.067059 -6.6491861e-20)
(18.361348 13.878082 5.3194839e-22)
(19.481443 16.588317 5.3078402e-19)
(20.906973 19.162095 1.2962474e-22)
(22.615974 21.570567 5.0971903e-22)
(24.635376 23.729075 3.9758226e-22)
(26.866854 25.703131 0)
(29.307045 27.427501 -2.0527428e-21)
(31.928948 28.861052 1.055786e-18)
(34.702407 29.969477 -4.0963822e-21)
(37.608046 30.725209 0)
(33.671435 -15.355918 4.8178775e-21)
(31.036911 -13.764988 1.7790438e-18)
(28.610514 -12.258542 8.9731294e-19)
(26.405173 -10.533304 -8.8844994e-19)
(24.446655 -8.6525617 -8.9875441e-19)
(22.805248 -6.515749 0)
(21.461236 -4.2374737 -8.9557155e-22)
(20.412877 -1.8362135 2.4734927e-21)
(19.669106 0.65464558 4.5971307e-19)
(19.226752 3.2155304 4.5847617e-19)
(19.073786 5.7771023 1.115483e-22)
(19.204495 8.3452257 1.1433785e-19)
(19.630138 10.900888 1.1453653e-19)
(20.332725 13.392577 4.3039739e-22)
(21.302995 15.803352 -4.5732792e-19)
(22.529353 18.105553 0)
(23.995714 20.277952 0)
(25.693555 22.292046 8.9806498e-19)
(27.634395 24.084259 0)
(29.739309 25.721132 9.0168063e-19)
(32.009162 27.134572 9.0724683e-19)
(34.425802 28.292308 9.0281866e-19)
(36.975973 29.15777 0)
(33.11101 -13.088931 -3.7751828e-21)
(30.854965 -11.514831 -1.7002169e-22)
(28.789821 -10.0586 -7.6845801e-19)
(26.934231 -8.4682093 7.7743212e-19)
(25.349175 -6.6480658 7.9434531e-19)
(24.027968 -4.6911638 1.5530729e-21)
(22.957154 -2.6292119 7.9525346e-19)
(22.137986 -0.47937604 7.98604e-19)
(21.570989 1.7366847 0)
(21.248137 3.9969519 0)
(21.162293 6.2527834 0)
(21.314395 8.5163333 -1.4879253e-19)
(21.704864 10.75923 -4.9591882e-20)
(22.320115 12.952054 3.1715743e-22)
(23.153657 15.080784 -1.9274078e-22)
(24.19719 17.125164 -3.9354949e-19)
(25.440557 19.067943 7.672308e-22)
(26.878803 20.891664 -7.6618719e-22)
(28.515209 22.554164 -7.6732704e-19)
(30.314146 24.06758 -7.7715377e-19)
(32.253095 25.432337 -1.5588944e-18)
(34.328968 26.601384 -7.6725273e-19)
(36.537152 27.538253 -7.8242403e-19)
(32.749558 -10.767919 -5.822061e-21)
(30.849172 -9.2750624 -6.6380791e-19)
(29.12778 -7.9409025 -6.7778322e-19)
(27.636774 -6.3914801 0)
(26.380572 -4.7164947 -6.9184435e-19)
(25.345811 -2.9471729 0)
(24.521225 -1.1003085 -6.9438257e-19)
(23.904431 0.80763709 -6.9344007e-19)
(23.490814 2.7623464 0)
(23.272959 4.7345755 3.4419159e-19)
(23.246286 6.7081839 1.7203777e-19)
(23.414083 8.6859069 4.3145394e-20)
(23.771224 10.64021 0)
(24.308363 12.555949 1.7183279e-19)
(25.02073 14.421883 -3.4207447e-19)
(25.90245 16.224046 -1.9210199e-22)
(26.946469 17.949727 5.9200556e-25)
(28.147043 19.586506 6.618343e-22)
(29.501313 21.121742 6.7044889e-19)
(31.027049 22.499391 -2.5898478e-21)
(32.667437 23.776043 6.6759171e-19)
(34.423334 24.919554 -6.6640528e-19)
(36.299891 25.887915 1.3394269e-18)
(32.596113 -8.4481515 2.2831408e-19)
(31.031488 -7.1140355 9.1008061e-21)
(29.654429 -5.8338709 5.9815693e-19)
(28.49329 -4.4051199 4.6956984e-21)
(27.5307 -2.8895397 -4.7104596e-21)
(26.749358 -1.3057614 0)
(26.139542 0.33088844 6.0485849e-19)
(25.696206 2.0076273 1.2109383e-18)
(25.41232 3.7130565 3.0148594e-19)
(25.282982 5.4233478 -3.0093088e-19)
(25.307351 7.1368655 -3.0051076e-19)
(25.486119 8.849195 3.7552263e-20)
(25.812535 10.539742 3.7445892e-20)
(26.280929 12.20108 -1.4923872e-19)
(26.88783 13.824255 2.9768707e-19)
(27.629355 15.399541 2.962988e-19)
(28.501193 16.917661 -5.8886436e-19)
(29.499093 18.369457 -5.8338315e-19)
(30.618773 19.747636 5.7997545e-19)
(31.861534 21.038573 0)
(33.239791 22.199408 -5.7298112e-19)
(34.709079 23.278099 5.655745e-19)
(36.275884 24.236178 -5.5848015e-19)
(32.649316 -6.2783035 -7.875875e-23)
(31.409571 -5.0626288 -5.1300413e-19)
(30.362402 -3.8459605 5.2164642e-19)
(29.496185 -2.5469603 0)
(28.787989 -1.1885924 0)
(28.223239 0.21388753 2.0657402e-21)
(27.793916 1.648277 -2.770909e-21)
(27.494073 3.1080095 -5.2965863e-19)
(27.318505 4.5770372 -2.631083e-19)
(27.263078 6.0504848 1.2852727e-22)
(27.329075 7.526951 1.317177e-19)
(27.514391 8.9972852 -4.9417512e-23)
(27.813095 10.450248 -4.7982578e-23)
(28.221874 11.881363 3.1084423e-22)
(28.738132 13.283949 -3.7986519e-22)
(29.359198 14.651295 2.5176321e-22)
(30.082358 15.976861 5.1225139e-19)
(30.904948 17.254123 4.8738042e-22)
(31.824236 18.477279 -5.0006284e-19)
(32.839245 19.640284 -3.9014642e-21)
(33.951892 20.732544 4.8293722e-19)
(35.171405 21.71665 7.5789488e-21)
(36.465248 22.627183 0)
(32.901965 -4.2852131 -3.6388555e-19)
(31.997005 -3.0940463 4.5342612e-19)
(31.24367 -1.9784204 -3.2688477e-22)
(30.62626 -0.82084295 -4.6059805e-19)
(30.129764 0.37373303 0)
(29.744386 1.594723 -4.6497659e-19)
(29.463331 2.834182 -5.4031367e-22)
(29.280358 4.0881116 0)
(29.19231 5.3435361 -2.3197151e-19)
(29.197819 6.6029751 1.1342577e-22)
(29.29668 7.8643837 -1.70169e-22)
(29.48513 9.1180109 -5.7844651e-20)
(29.759381 10.359665 -5.76771e-20)
(30.117353 11.585505 1.1468733e-19)
(30.557121 12.790857 0)
(31.076799 13.971092 -2.2557608e-19)
(31.674596 15.121611 0)
(32.34888 16.237786 4.4293178e-19)
(33.09815 17.315175 0)
(33.921497 18.349586 0)
(34.819126 19.336134 0)
(35.793905 20.2643 0)
(36.85299 21.100907 0)
(33.38883 -2.3194421 -3.6599657e-19)
(32.767088 -1.2507472 -5.6356108e-25)
(32.256704 -0.26870057 1.2408907e-20)
(31.845983 0.73533475 4.0253649e-19)
(31.525346 1.7628444 -4.0194828e-19)
(31.287535 2.8073736 4.1092393e-19)
(31.1265 3.8645479 -8.2705572e-19)
(31.038301 4.9252834 4.1190583e-19)
(31.021059 5.9898231 6.2630121e-22)
(31.075173 7.0598553 -4.0553197e-22)
(31.198519 8.1288777 5.0591969e-23)
(31.38766 9.1925993 2.575659e-20)
(31.640591 10.248933 2.5654757e-20)
(31.955861 11.294763 -1.0176024e-19)
(32.332061 12.326857 0)
(32.767835 13.34197 1.8254864e-22)
(33.261941 14.336811 3.9314248e-19)
(33.81331 15.308024 -3.8796759e-19)
(34.421099 16.252297 -2.9984271e-21)
(35.084834 17.166438 2.9510966e-21)
(35.804636 18.046663 -3.708752e-19)
(36.581691 18.886862 -3.7509835e-19)
(37.419319 19.675629 1.107589e-20)
(34.080198 -0.55745261 3.7189099e-19)
(33.688245 0.36682878 0)
(33.376876 1.209027 -3.6559937e-19)
(33.135908 2.0630332 3.6982333e-19)
(32.957999 2.9324529 3.7356717e-19)
(32.837572 3.8143229 0)
(32.771409 4.7004312 3.7588475e-19)
(32.757694 5.5917147 -5.6604191e-19)
(32.796784 6.4898104 3.7878877e-19)
(32.887709 7.3911384 1.8929417e-19)
(33.027883 8.292313 -4.6070365e-23)
(33.215576 9.1921342 -2.341156e-20)
(33.449661 10.088564 0)
(33.729093 10.979335 9.218835e-20)
(34.052853 11.862131 1.7834309e-22)
(34.419979 12.734585 1.8030387e-19)
(34.82958 13.59427 -3.5520633e-19)
(35.280872 14.43871 3.519179e-19)
(35.773247 15.265425 2.6741981e-21)
(36.306413 16.071961 -1.9863046e-24)
(36.880601 16.855201 -5.0021634e-21)
(37.496602 17.609978 3.0957473e-19)
(38.156155 18.328626 9.7171009e-21)
(34.960715 0.9369657 0)
(34.751049 1.7062894 -3.3557758e-19)
(34.596471 2.4093859 3.419142e-19)
(34.487269 3.1204222 -3.3575593e-19)
(34.418871 3.8401233 -5.4657641e-21)
(34.388178 4.5687926 -8.2721175e-21)
(34.394387 5.3041408 2.7806607e-21)
(34.437822 6.0479654 1.7916202e-19)
(34.518151 6.7980609 -1.7951035e-19)
(34.634021 7.5525804 -9.0584729e-23)
(34.784218 8.3107025 -8.9200047e-20)
(34.967887 9.0710946 2.2161655e-20)
(35.184278 9.8320979 0)
(35.432695 10.59194 8.6756134e-20)
(35.712501 11.348785 0)
(36.023105 12.100763 0)
(36.363938 12.845996 0)
(36.734442 13.582614 2.5210425e-21)
(37.134099 14.308772 -7.3803417e-21)
(37.562539 15.022563 4.7896151e-21)
(38.019772 15.721459 2.9757261e-19)
(38.50619 16.401749 -2.8806164e-19)
(39.022316 17.058724 2.7817606e-19)
(36.007238 2.0948529 -2.0140269e-20)
(35.94305 2.6976578 2.2312903e-20)
(35.90974 3.2656212 0)
(35.899485 3.834755 1.1086257e-19)
(35.91094 4.4110786 -5.9765502e-21)
(35.945647 4.9997909 0)
(36.002889 5.6013651 2.6884007e-19)
(36.083066 6.2147455 1.6315329e-19)
(36.187325 6.8382831 -1.8235478e-19)
(36.316182 7.469643 -1.8156966e-19)
(36.468365 8.1083361 9.0065537e-20)
(36.643198 8.7531883 -2.2389621e-20)
(36.840245 9.4026842 -2.2019803e-20)
(37.059188 10.055226 -8.6770857e-20)
(37.299791 10.709168 -3.3339249e-22)
(37.561864 11.362848 -1.6815828e-19)
(37.845209 12.014628 -1.2696042e-21)
(38.149573 12.66296 -3.1330345e-19)
(38.474623 13.30641 0)
(38.82 13.943395 -9.2152467e-21)
(39.185519 14.571425 8.8669947e-21)
(39.571207 15.187877 2.7205531e-19)
(39.977621 15.795267 -2.4380508e-19)
(37.212977 2.7653583 -1.3392098e-19)
(37.248338 3.1976764 2.4014076e-20)
(37.295482 3.6205355 -7.6680231e-25)
(37.353677 4.0565558 -4.3448447e-19)
(37.424219 4.5089096 0)
(37.50788 4.9779561 -6.6150647e-21)
(37.604165 5.4629789 -4.2055373e-19)
(37.712476 5.9633297 -4.2884694e-19)
(37.832394 6.478018 2.1415932e-19)
(37.96382 7.005963 0)
(38.107281 7.5459634 0)
(38.263639 8.0964835 5.1812577e-20)
(38.433362 8.6562591 5.0779425e-20)
(38.616803 9.2239805 0)
(38.814339 9.7981113 0)
(39.026384 10.376973 -1.4647549e-23)
(39.253349 10.958835 0)
(39.495555 11.542024 3.4412057e-19)
(39.753131 12.124989 0)
(40.025966 12.706044 -9.7723925e-21)
(40.313598 13.282484 2.8723737e-19)
(40.615928 13.851869 2.8008301e-19)
(38.68472 2.7049578 5.625276e-19)
(38.777207 2.9960388 -5.2643159e-20)
(38.876722 3.3111203 -4.2108266e-19)
(38.97941 3.6435394 0)
(39.085397 3.9927427 0)
(39.194096 4.3580711 4.9062832e-19)
(39.30456 4.7393517 0)
(39.416238 5.1365734 2.4660998e-19)
(39.528994 5.5498456 0)
(39.641985 5.9815156 0)
(39.757176 6.4317419 -2.669113e-22)
(39.879257 6.8954871 -3.3300914e-20)
(40.008121 7.3742966 -3.3090415e-20)
(40.144103 7.8682978 -7.4949195e-22)
(40.287892 8.3765339 9.6910421e-22)
(40.440418 8.8976071 2.4308648e-19)
(40.602798 9.4298101 -3.5896511e-21)
(40.77619 9.9711867 6.8491624e-21)
(40.961548 10.519667 -4.220847e-19)
(41.159239 11.072917 3.9122584e-19)
(41.368428 11.627334 -7.3103793e-19)
(41.587573 12.179066 -3.8139961e-19)
(40.293697 2.1454478 -8.9618513e-20)
(40.39421 2.3692975 2.8881176e-24)
(40.499344 2.6226849 1.5640533e-18)
(40.604444 2.8842497 6.9159246e-19)
(40.708046 3.1550168 7.8276371e-19)
(40.810055 3.4360561 -1.4675481e-18)
(40.91129 3.7280146 -1.1392488e-20)
(41.012666 4.0314939 5.6504066e-21)
(41.114772 4.3473202 5.5941148e-21)
(41.217929 4.6765296 0)
(41.322219 5.02031 0)
(41.427195 5.3798912 -2.5618776e-27)
(41.532457 5.7563523 2.5176092e-27)
(41.63802 6.1506611 1.2935938e-21)
(41.743938 6.5636125 -1.2642737e-21)
(41.850405 6.9957896 0)
(41.957953 7.4474328 9.5544949e-21)
(42.067508 7.9182383 -9.2252981e-21)
(42.180429 8.4073129 1.7798792e-20)
(42.298266 8.9131491 1.6798109e-20)
(42.421244 9.4329191 4.7693994e-19)
(42.545485 9.9616297 -4.1374074e-19)
(41.564723 1.9573832 -8.8265306e-19)
(41.665033 2.1546154 0)
(41.764884 2.3643814 -8.5857934e-19)
(41.862983 2.5724609 -1.690114e-18)
(41.960433 2.7852189 -7.8077145e-19)
(42.05826 3.0045544 7.6995738e-19)
(42.157104 3.2303489 1.2664241e-20)
(42.257142 3.462254 4.0038262e-19)
(42.358311 3.700134 3.8364756e-19)
(42.460539 3.944012 -1.5316706e-21)
(42.563791 4.1940725 1.517185e-21)
(42.668041 4.4507647 5.7340693e-27)
(42.773207 4.7149104 -5.6823847e-27)
(42.879067 4.9877436 1.9032412e-19)
(42.985241 5.2708998 -1.4611842e-21)
(43.091257 5.5664178 0)
(43.196363 5.8766992 -1.1415478e-20)
(43.299442 6.2043499 -1.1242002e-20)
(43.399112 6.5519531 1.4343155e-18)
(43.493904 6.9215197 -6.8940283e-19)
(43.582132 7.3138113 0)
(43.661081 7.7301376 6.4009151e-19)
(42.557154 1.9767903 6.6821755e-19)
(42.661863 2.155361 -8.6704733e-19)
(42.770297 2.3331661 9.5224611e-19)
(42.878387 2.5054079 -1.0294376e-19)
(42.985034 2.68092 -5.0651169e-20)
(43.089525 2.8618827 4.97693e-20)
(43.191379 3.0476955 -7.84187e-19)
(43.290329 3.2376874 -3.8737736e-19)
(43.386305 3.4315171 -2.0381597e-22)
(43.479377 3.6289533 2.9692722e-21)
(43.569715 3.8297493 1.8581352e-19)
(43.657565 4.0335782 4.6964248e-20)
(43.743293 4.2400491 4.6810535e-20)
(43.827469 4.4487058 -1.8408319e-19)
(43.911061 4.6593277 -2.920378e-21)
(43.995222 4.8718169 -3.6231031e-19)
(44.08097 5.0861384 1.1705921e-20)
(44.169256 5.3027677 -7.0350183e-20)
(44.260765 5.5228263 -7.0431591e-19)
(44.355365 5.7478635 7.5044681e-19)
(44.45141 5.9795151 0)
(44.545545 6.2210306 -7.4081558e-19)
(43.606872 1.8613961 0)
(43.718952 2.0102178 7.8963164e-19)
(43.828344 2.1540534 -7.672064e-19)
(43.93357 2.2924406 1.495936e-18)
(44.035017 2.4330094 0)
(44.133413 2.5780086 7.1881503e-19)
(44.229427 2.7272642 7.3066056e-19)
(44.323515 2.8805495 -3.7170857e-19)
(44.41587 3.0379212 5.2347284e-21)
(44.506423 3.1995376 -5.3805009e-21)
(44.59489 3.3655832 -1.7146794e-19)
(44.680806 3.5362177 -4.2775467e-20)
(44.76365 3.7115846 -2.1386458e-23)
(44.842888 3.8918721 -1.7137261e-19)
(44.91782 4.0771158 0)
(44.987546 4.2671761 3.3544934e-19)
(45.051332 4.4617529 1.0899479e-20)
(45.108886 4.6603198 -7.0379617e-19)
(45.160613 4.8622675 8.8904397e-20)
(45.207326 5.066555 -8.989074e-19)
(45.250009 5.2717527 2.7246946e-19)
(45.289507 5.4780744 -1.8308203e-19)
(44.56935 1.7049303 -3.5897626e-19)
(44.66743 1.8281459 3.4972932e-19)
(44.763671 1.9469582 0)
(44.857802 2.0609433 -1.3281777e-18)
(44.949954 2.1766205 0)
(45.04009 2.295881 -6.4007426e-19)
(45.128 2.4183053 3.9429739e-20)
(45.213424 2.543312 2.9241747e-19)
(45.296155 2.6705414 -3.1873198e-19)
(45.376098 2.799724 -7.1932098e-21)
(45.453288 2.9305815 1.4914585e-19)
(45.52798 3.0629586 -3.6910022e-20)
(45.600616 3.1968378 -7.6233403e-20)
(45.671604 3.3321961 1.5284839e-19)
(45.741261 3.4690978 0)
(45.809823 3.6077757 0)
(45.877284 3.7486206 -3.1117225e-19)
(45.943216 3.8921424 1.257187e-18)
(46.006744 4.0388039 0)
(46.066998 4.188942 0)
(46.123642 4.3427351 0)
(46.176471 4.5013076 1.3365171e-18)
(45.569951 1.4766007 0)
(45.661744 1.5812615 -6.239809e-19)
(45.750452 1.6823417 7.5944859e-19)
(45.835842 1.7790986 4.456373e-19)
(45.917801 1.8771393 0)
(45.996354 1.9782002 0)
(46.071624 2.0820345 3.5303523e-20)
(46.143772 2.1883079 2.4431409e-19)
(46.212935 2.2969102 0)
(46.27918 2.4078094 0)
(46.342491 2.5209925 -1.3705449e-19)
(46.402713 2.6364058 1.6411705e-23)
(46.459524 2.7539317 1.6191249e-23)
(46.512553 2.8734323 0)
(46.561521 2.9947386 0)
(46.606324 3.1176402 0)
(46.64711 3.241901 5.2350964e-19)
(46.684327 3.3673069 -2.469548e-19)
(46.718613 3.4936778 0)
(46.750507 3.6207572 7.2307194e-19)
(46.780123 3.7482134 -7.3411779e-19)
(46.807118 3.8768274 -8.9611994e-19)
(46.471986 1.240967 2.8125014e-19)
(46.542979 1.3271741 1.1005178e-18)
(46.611913 1.4098692 -1.0724922e-18)
(46.678882 1.4884184 -2.6230433e-19)
(46.744052 1.5674955 -5.1476032e-19)
(46.807584 1.6485856 4.4333451e-19)
(46.869553 1.7314895 6.2520912e-20)
(46.929913 1.8158736 -4.9480837e-19)
(46.988555 1.9015725 -2.3759974e-19)
(47.045372 1.9885147 -1.2949534e-19)
(47.100293 2.0766327 0)
(47.153294 2.1658625 3.0300583e-20)
(47.204435 2.2561833 2.9355726e-20)
(47.25382 2.3476181 9.4870307e-22)
(47.301521 2.4402318 1.142792e-19)
(47.347485 2.5341172 2.5293409e-19)
(47.391486 2.6293826 -4.9455925e-19)
(47.433141 2.7261149 -3.1224118e-19)
(47.472054 2.8243443 -4.422553e-19)
(47.508006 2.9239725 -1.0255254e-18)
(47.540965 3.024777 5.2119614e-19)
(47.5709 3.1273914 2.6521612e-19)
(47.360008 1.0234463 -4.9559043e-19)
(47.420348 1.0957387 -1.215769e-18)
(47.478689 1.165625 1.424902e-18)
(47.534854 1.2322231 -2.3270441e-19)
(47.588706 1.2993586 4.5742979e-19)
(47.640169 1.3682889 -8.4471631e-19)
(47.689188 1.4388637 1.6678015e-19)
(47.735727 1.5108216 4.4033565e-19)
(47.779764 1.5840405 2.3208683e-19)
(47.82127 1.6584501 9.1602685e-20)
(47.860202 1.733986 1.1145641e-19)
(47.896504 1.8105825 2.6965881e-20)
(47.930117 1.8881656 1.6856936e-21)
(47.961005 1.9666515 -1.6891106e-21)
(47.989191 2.0459521 1.3520231e-20)
(48.014784 2.1259699 -2.320545e-19)
(48.037995 2.2066146 2.7514381e-19)
(48.059095 2.2878269 -2.7774151e-19)
(48.078329 2.369546 5.6212183e-19)
(48.095824 2.4516231 7.9743712e-19)
(48.111572 2.5338677 4.6255594e-19)
(48.125475 2.6169308 7.0576834e-19)
(48.135008 0.795889 4.3375869e-19)
(48.177248 0.85285623 1.9492082e-23)
(48.218425 0.90786553 -6.2571852e-19)
(48.258555 0.96011755 2.0463103e-19)
(48.297761 1.0125069 -1.0065699e-19)
(48.33617 1.0660203 4.964454e-19)
(48.373842 1.1205529 -3.9246564e-19)
(48.410758 1.1759323 -1.9439437e-19)
(48.446856 1.2320928 -2.0488367e-19)
(48.482046 1.2890128 1.1985808e-20)
(48.516245 1.3466774 -9.5543907e-20)
(48.549378 1.4050756 -2.3840418e-20)
(48.581381 1.4642051 2.3829923e-20)
(48.612187 1.5240711 0)
(48.64171 1.58468 -9.5892729e-20)
(48.669843 1.6460513 0)
(48.696448 1.7082051 0)
(48.721344 1.7711347 1.961711e-19)
(48.744369 1.8348072 2.9749358e-19)
(48.765413 1.8991113 -7.0338335e-19)
(48.784412 1.9638902 -6.1196263e-19)
(48.801326 2.029655 -8.2945004e-19)
(48.854214 0.62955986 7.5735201e-19)
(48.887622 0.67499561 -3.737836e-19)
(48.920073 0.71954094 7.3284477e-19)
(48.951448 0.76224306 0)
(48.981626 0.80511368 -3.5490186e-19)
(49.010477 0.84887412 1.7522519e-19)
(49.037866 0.89344438 3.900356e-19)
(49.063666 0.93866548 -4.2952647e-20)
(49.087779 0.98444997 1.7063668e-19)
(49.110139 1.0307429 0)
(49.130711 1.0774937 0)
(49.149488 1.1246514 -2.0123653e-26)
(49.166494 1.172166 -8.03389e-24)
(49.181786 1.2199909 4.2269642e-20)
(49.195452 1.2680833 0)
(49.207598 1.3163992 0)
(49.218353 1.3649027 0)
(49.227862 1.4135805 0)
(49.236262 1.4624111 -3.502146e-19)
(49.243651 1.5113173 5.3174899e-19)
(49.250073 1.5602273 0)
(49.255515 1.6096239 -3.6492618e-19)
(49.451435 0.45776775 -6.5951211e-19)
(49.472989 0.49255314 9.7910069e-19)
(49.494146 0.52695191 -1.2487094e-22)
(49.514866 0.56010852 0)
(49.535165 0.59331445 -1.5574463e-19)
(49.555081 0.62707021 2.3105867e-19)
(49.574639 0.66133919 -2.2886793e-19)
(49.593845 0.6960335 0)
(49.61268 0.73111333 0)
(49.631106 0.76656008 7.4820494e-20)
(49.649064 0.80235674 -2.3310865e-21)
(49.666475 0.8384839 2.0943789e-20)
(49.68325 0.87492012 -2.0950397e-20)
(49.699297 0.91164225 -7.2267753e-20)
(49.714523 0.94862531 7.4825973e-20)
(49.728847 0.98583909 7.5186303e-20)
(49.742212 1.0232514 0)
(49.754574 1.0608292 0)
(49.765927 1.0985303 -1.5399808e-19)
(49.776292 1.1362592 1.5570232e-19)
(49.7857 1.1739528 0)
(49.794161 1.2119583 0)
(50.014642 0.36250609 1.718192e-18)
(50.031939 0.38818358 -1.1380755e-18)
(50.04864 0.41414336 -1.4019533e-19)
(50.064654 0.43942426 1.382658e-19)
(50.079888 0.4647307 2.6758437e-23)
(50.094243 0.49039814 2.7069993e-19)
(50.107609 0.51642063 0)
(50.119874 0.54274013 -3.3322001e-20)
(50.130931 0.56932377 9.9401635e-20)
(50.140693 0.59615349 -8.2699282e-21)
(50.149091 0.6232145 -2.2619126e-20)
(50.156078 0.65049288 -1.8487239e-20)
(50.161634 0.67797603 -1.5669606e-26)
(50.165766 0.70565667 2.4686584e-20)
(50.168507 0.73352796 -5.7761727e-20)
(50.169922 0.7615601 -9.942002e-20)
(50.170111 0.78981653 -3.3290959e-20)
(50.169221 0.81802727 -1.3409069e-19)
(50.167424 0.8465515 1.3538379e-19)
(50.16498 0.87502696 1.3663194e-19)
(50.162207 0.9035076 -4.1445748e-19)
(50.159436 0.93220497 0)
(50.415304 0.21518829 0)
(50.424234 0.23162722 2.4744164e-19)
(50.433231 0.24836765 -2.4437635e-19)
(50.442242 0.26492106 -1.2089205e-19)
(50.451238 0.28149313 1.1974997e-19)
(50.460216 0.29822978 -4.7504957e-19)
(50.469191 0.31514459 1.1792805e-19)
(50.478185 0.33222404 0)
(50.487228 0.34946514 -8.7528675e-20)
(50.496347 0.36687444 -2.9079496e-20)
(50.505553 0.3844636 2.5381844e-20)
(50.514833 0.40224794 3.6211339e-21)
(50.524136 0.42024596 0)
(50.533367 0.43847957 7.2507359e-21)
(50.542386 0.45695773 -7.2677679e-21)
(50.551022 0.47570951 1.1670119e-19)
(50.559092 0.49474055 -5.8613388e-20)
(50.566408 0.5140608 1.7687213e-19)
(50.572779 0.53365895 1.6276035e-23)
(50.577993 0.55350796 -1.196943e-19)
(50.581829 0.57358635 1.2082484e-19)
(50.584109 0.594083 1.220367e-19)
(50.785388 0.15116841 0)
(50.792418 0.16230001 -1.072361e-19)
(50.799132 0.17427388 1.0625014e-19)
(50.805514 0.18612178 -1.053443e-19)
(50.811476 0.19800513 2.091665e-19)
(50.816907 0.2099701 5.1951325e-20)
(50.821674 0.2220179 -1.0334024e-19)
(50.825689 0.23412403 1.0286717e-19)
(50.828924 0.24626915 7.686291e-20)
(50.831401 0.25843726 -2.5551376e-20)
(50.833182 0.2706123 3.1879502e-21)
(50.834345 0.28277859 -3.1848668e-21)
(50.834971 0.29492433 0)
(50.835117 0.30709137 1.2740824e-20)
(50.834819 0.31907636 -1.2764945e-20)
(50.834108 0.33116762 2.561058e-20)
(50.833049 0.34316335 5.1410648e-20)
(50.83173 0.35512474 -5.1651926e-20)
(50.830258 0.36707416 -2.5956702e-19)
(50.828762 0.37903396 3.1345881e-19)
(50.827394 0.39104929 1.052224e-19)
(50.82626 0.40322918 -1.0608436e-19)
(51.020164 0.067004613 9.2343692e-20)
(51.023866 0.070777257 9.2950334e-20)
(51.027625 0.075432082 -7.3889864e-19)
(51.031345 0.080384992 7.8064052e-19)
(51.034963 0.085010364 -4.1119241e-19)
(51.038408 0.089382683 3.1838418e-19)
(51.041673 0.093995601 0)
(51.044773 0.098700569 -2.258284e-20)
(51.047738 0.10349284 -4.5056653e-20)
(51.050599 0.10840192 -2.2482628e-20)
(51.053378 0.11345263 0)
(51.056071 0.11867244 5.6094252e-21)
(51.05865 0.12407365 -8.7858842e-26)
(51.061061 0.12965843 2.8055695e-21)
(51.063244 0.13544371 1.1233552e-20)
(51.065165 0.14142914 0)
(51.066847 0.14762177 0)
(51.068388 0.1540228 -4.526924e-20)
(51.069912 0.16063654 4.0886629e-19)
(51.071493 0.16747263 -3.6496479e-19)
(51.073115 0.17455232 -4.5849324e-20)
(51.074678 0.18189838 7.3735874e-19)
(51.135612 0.014956155 -7.9610841e-20)
(51.136897 0.014866438 4.0243375e-20)
(51.138179 0.015456319 6.8220036e-19)
(51.139467 0.01622452 -9.0051766e-19)
(51.140836 0.016924786 5.9891744e-19)
(51.142374 0.017554264 -4.7813527e-19)
(51.14418 0.018160328 1.5909345e-19)
(51.146291 0.018701162 1.9857873e-20)
(51.14868 0.01922556 0)
(51.151263 0.01982817 1.9816747e-20)
(51.153922 0.02048776 -4.9507992e-21)
(51.156524 0.021208998 -6.1869546e-21)
(51.158943 0.021982752 -1.2374741e-21)
(51.161114 0.022784812 -1.4852265e-20)
(51.163046 0.023623907 -9.9072193e-21)
(51.164812 0.024512626 0)
(51.166546 0.025456482 0)
(51.168456 0.026461958 -1.5903965e-19)
(51.170744 0.027534584 1.593087e-19)
(51.173399 0.028680225 0)
(51.176357 0.029934663 -1.9999239e-20)
(51.179092 0.031350199 -4.0090272e-20)
(51.203277 -0.024389737 -1.4049796e-19)
(51.202723 -0.02618805 -7.3850558e-20)
(51.201935 -0.027979658 3.3695579e-20)
(51.201117 -0.029656884 3.4912652e-20)
(51.200502 -0.031136982 1.8051772e-20)
(51.200353 -0.032471492 -1.8068349e-20)
(51.200877 -0.033882465 0)
(51.202134 -0.03555471 0)
(51.204012 -0.037539638 0)
(51.206306 -0.039808612 -1.1195754e-21)
(51.208751 -0.04230553 1.3945339e-21)
(51.211085 -0.044973753 6.9492809e-23)
(51.21313 -0.047720809 -6.9289876e-23)
(51.214841 -0.05045073 8.2948382e-22)
(51.216291 -0.053148062 -1.1040151e-21)
(51.217632 -0.055862955 0)
(51.219071 -0.05865201 -8.8199474e-21)
(51.22086 -0.061507637 8.8336609e-21)
(51.223201 -0.064223734 -1.7767614e-20)
(51.225925 -0.066894101 1.8554366e-20)
(51.229126 -0.069367052 3.6220922e-20)
(51.231964 -0.071430962 3.9739445e-20)
(48.323084 -5.1119114 1.8256735e-19)
(47.95129 -6.3252965 -8.1812189e-22)
(47.364992 -7.8251826 -4.3147874e-22)
(46.475556 -9.5932306 0)
(45.217023 -11.558591 4.1764572e-19)
(43.595768 -13.603007 4.5021017e-19)
(41.712171 -15.574821 -5.2471778e-19)
(39.731583 -17.382283 0)
(37.838812 -19.047304 1.6385321e-19)
(47.307127 -4.717044 -1.671521e-19)
(46.931839 -5.8535382 2.6582334e-19)
(46.343014 -7.253566 4.4320762e-19)
(45.449379 -8.896012 -3.9134975e-19)
(44.187086 -10.704902 -3.8859331e-19)
(42.567312 -12.56049 -4.112801e-19)
(40.698078 -14.321234 4.6885106e-19)
(38.74716 -15.902826 -2.7625624e-19)
(36.838897 -17.47113 -1.5342346e-19)
(46.224674 -4.2634133 1.2575612e-21)
(45.851114 -5.3068929 -1.0224329e-21)
(45.262867 -6.5895579 0)
(44.369554 -8.0868615 3.9249806e-19)
(43.109757 -9.719212 -3.7925075e-19)
(41.49745 -11.366969 3.9571648e-19)
(39.64143 -12.897899 0)
(37.714128 -14.228342 2.4800988e-19)
(35.877523 -15.54445 0)
(45.119443 -3.7514089 0)
(44.7476 -4.6870803 0)
(44.165617 -5.8356861 -4.3067506e-19)
(43.285787 -7.1696015 -3.8460177e-19)
(42.050598 -8.6072834 -3.488605e-22)
(40.477539 -10.030401 3.7096865e-19)
(38.676422 -11.316294 -3.9890492e-19)
(36.821412 -12.390316 2.2087925e-19)
(35.0887 -13.429392 0)
(44.02022 -3.1890801 -1.4589012e-19)
(43.650912 -4.0025855 9.4604614e-22)
(43.080684 -5.0007214 4.1558349e-19)
(42.227476 -6.1541738 3.7152565e-19)
(41.039807 -7.3818062 3.5234493e-19)
(39.539563 -8.5695788 -1.0804072e-20)
(37.83676 -9.6073591 3.8220392e-19)
(36.09984 -10.435547 -2.0704644e-19)
(34.496761 -11.214523 1.0468752e-20)
(42.965688 -2.5866898 -2.2616334e-21)
(42.598815 -3.2672629 1.800016e-21)
(42.044896 -4.1021915 3.9834691e-19)
(41.230507 -5.0624161 5.561627e-21)
(40.112277 -6.070656 3.294635e-19)
(38.716467 -7.0214297 2.4934142e-22)
(37.149923 -7.8195016 0)
(35.566944 -8.4208826 1.068733e-20)
(34.114112 -8.9646142 -6.9255752e-20)
(42.000174 -1.9612424 1.2985923e-19)
(41.635106 -2.5025293 -2.1942968e-19)
(41.100712 -3.167261 6.2984482e-21)
(40.335126 -3.9283035 -5.2913268e-21)
(39.304477 -4.7157382 -6.3052586e-19)
(38.038175 -5.4374035 -3.1539156e-19)
(36.634969 -6.0129101 3.1275263e-19)
(35.228415 -6.4103837 0)
(33.940308 -6.7669978 1.1607915e-19)
(41.165116 -1.3359978 1.9765901e-21)
(40.802656 -1.7373217 2.0973393e-19)
(40.291114 -2.2323034 -3.6936684e-19)
(39.581671 -2.7959794 5.0334848e-21)
(38.648202 -3.3664868 6.0028756e-19)
(37.519637 -3.8693145 -8.7526186e-21)
(36.282673 -4.2452668 -2.6845707e-19)
(35.058162 -4.4909158 0)
(33.950201 -4.7223444 -3.6263398e-20)
(40.521381 -0.77285618 4.0151142e-21)
(40.144197 -1.0236366 2.05172e-19)
(39.650496 -1.345792 -3.6234407e-19)
(38.996996 -1.7133699 3.147685e-19)
(38.163792 -2.0798524 -2.9061426e-19)
(37.179777 -2.3941551 -4.9076259e-24)
(36.121695 -2.6246622 3.0529082e-20)
(35.093182 -2.703065 -1.4250691e-20)
(34.188486 -2.749048 0)
(40.176967 -0.37090517 4.5836848e-21)
(39.760391 -0.4670346 -2.219652e-19)
(39.265107 -0.61291657 3.6116481e-19)
(38.657307 -0.79090937 -3.0441475e-19)
(37.923355 -0.97738098 2.8199356e-19)
(37.086279 -1.0857648 2.4322917e-19)
(36.218894 -1.0939106 -1.4294347e-20)
(35.395408 -1.035282 7.7779678e-20)
(34.670994 -0.98019332 -5.5789601e-24)
(40.12397 -0.10986993 0)
(39.649807 -0.050242172 1.6597709e-20)
(39.143879 -0.017941032 -4.1192639e-19)
(38.58466 -0.0023631941 3.1712752e-19)
(37.962747 0.041341905 -2.5783186e-19)
(37.28991 0.10682566 -5.0187243e-19)
(36.59792 0.22647071 2.7317695e-20)
(35.943909 0.38901724 -2.411516e-20)
(35.37642 0.52213344 -2.42614e-20)
(40.754534 -0.020776899 -2.5820887e-19)
(40.149296 0.15973667 -2.2661185e-20)
(39.453067 0.39391998 1.635003e-19)
(38.832268 0.59594175 -2.6643333e-20)
(38.276874 0.80285184 -1.0684096e-20)
(37.732207 1.0275336 2.8750332e-19)
(37.192141 1.2677268 -2.2564186e-19)
(36.696295 1.5117732 -9.676281e-20)
(36.275354 1.7063262 1.316329e-19)
(41.072273 -0.046178427 1.1912832e-23)
(40.906502 0.034588166 3.7809908e-19)
(40.477707 0.28373726 6.346163e-19)
(39.821046 0.64249415 -4.1839547e-19)
(39.17072 1.0358243 -4.7910767e-20)
(38.594448 1.4261418 -3.5693235e-19)
(38.099823 1.8002262 -2.8814252e-20)
(37.688415 2.1405103 0)
(37.367086 2.4204934 -5.0269288e-20)
(41.171643 0.20473362 2.4638194e-19)
(41.191284 0.20550929 -7.7353946e-19)
(41.118254 0.26401786 -1.0136639e-18)
(40.860824 0.47543363 6.5573893e-19)
(40.400566 0.82611706 -5.6653855e-20)
(39.887982 1.2466918 8.9983519e-19)
(39.432823 1.6748873 3.5480318e-19)
(39.066948 2.0706628 -4.6070698e-19)
(38.788502 2.4111095 2.6592056e-20)
(41.581286 0.33171012 0)
(41.474407 0.41486231 3.8785341e-19)
(41.415506 0.5171315 2.5069935e-19)
(41.396048 0.61623137 -6.2674637e-20)
(41.311422 0.76801767 5.7686481e-20)
(41.099577 1.0140128 -8.8389736e-19)
(40.825178 1.3149494 0)
(40.563544 1.6246584 2.0702629e-19)
(40.351787 1.9120393 -1.0137866e-19)
(42.114809 0.47592316 0)
(42.125615 0.56728508 2.2744931e-19)
(42.070544 0.69911614 -1.8425669e-24)
(41.951554 0.87770354 5.6181448e-20)
(41.848314 1.0576303 -4.2393766e-19)
(41.780692 1.2319279 2.1187801e-19)
(41.712542 1.418803 4.5946853e-23)
(41.632251 1.6212382 2.3425496e-19)
(41.553056 1.8145598 1.2688957e-19)
(42.867361 0.51450256 4.2402723e-20)
(42.815359 0.61576754 -3.0203983e-19)
(42.795812 0.75980236 3.3569949e-19)
(42.792215 0.93307667 -1.9788086e-19)
(42.759635 1.1241667 8.448534e-19)
(42.69055 1.335473 -3.8155016e-19)
(42.61906 1.5352353 2.0427277e-19)
(42.561989 1.7243213 -2.2545393e-19)
(42.519942 1.896217 -1.8197607e-24)
(43.684319 0.52564895 1.4927798e-19)
(43.691535 0.63390138 -1.7716992e-19)
(43.66797 0.76730492 -2.4677454e-19)
(43.623313 0.93929451 3.5109292e-19)
(43.59266 1.1199504 -1.6674254e-19)
(43.579811 1.2990869 1.6899851e-19)
(43.570658 1.4746334 9.6958018e-23)
(43.560509 1.6462588 0)
(43.550934 1.8056071 1.1710666e-19)
(44.622406 0.49207141 -1.3207869e-19)
(44.596481 0.58382033 2.092265e-19)
(44.587421 0.71759258 0)
(44.586464 0.8694054 -1.6771879e-22)
(44.576526 1.0358516 -2.9412918e-19)
(44.557001 1.2079503 2.9972531e-19)
(44.538458 1.3700903 1.6130329e-19)
(44.525721 1.5224051 1.8023564e-19)
(44.518556 1.6626333 -6.272309e-19)
(45.510788 0.42400519 0)
(45.517692 0.5128967 9.217134e-20)
(45.512631 0.62070776 -7.7071058e-20)
(45.501715 0.75895299 -1.3735389e-19)
(45.497257 0.90828634 -1.3017156e-19)
(45.500049 1.0476653 0)
(45.50567 1.1882934 0)
(45.511468 1.3206342 1.6062917e-19)
(45.517242 1.4437208 5.3087432e-23)
(46.468887 0.36091825 5.1418225e-20)
(46.455165 0.43085163 -4.0765283e-20)
(46.448354 0.52805881 -1.3635868e-19)
(46.445301 0.64120911 1.2130622e-19)
(46.440464 0.76347557 0)
(46.434898 0.88680672 0)
(46.431341 1.0043369 -1.2660283e-19)
(46.430548 1.1123462 1.4210078e-19)
(46.431977 1.2150478 8.3552996e-20)
(47.276769 0.29832627 0)
(47.288041 0.35844011 0)
(47.293926 0.43739772 -2.4127156e-19)
(47.296659 0.53146859 2.1474314e-19)
(47.300193 0.63239662 0)
(47.305382 0.73240762 -3.1263061e-19)
(47.31142 0.82725146 6.1035929e-23)
(47.317727 0.91809715 7.6142612e-19)
(47.323931 1.0026424 -7.0746676e-24)
(48.160102 0.22719365 0)
(48.144296 0.27499703 0)
(48.132126 0.33718504 1.0665178e-19)
(48.123298 0.41050013 9.4921037e-20)
(48.116648 0.48938545 -9.0515852e-20)
(48.112099 0.56777825 -9.2309563e-20)
(48.109849 0.64258674 9.9680409e-20)
(48.109599 0.7127103 1.122519e-19)
(48.110759 0.77910842 6.6233426e-20)
(48.785107 0.18992022 -7.0906793e-20)
(48.798011 0.22711373 1.1185548e-23)
(48.807397 0.27478068 0)
(48.813591 0.33125013 0)
(48.818134 0.39207634 -8.0086535e-20)
(48.822159 0.45244517 0)
(48.826092 0.50946886 0)
(48.829992 0.56413852 0)
(48.83373 0.6152976 -1.0587899e-18)
(49.481041 0.12894667 0)
(49.469672 0.15733418 4.9740942e-20)
(49.459459 0.19260778 0)
(49.451336 0.23413823 0)
(49.445386 0.2790299 7.0874619e-20)
(49.441471 0.32380711 7.2313408e-20)
(49.439333 0.36623572 -7.8258033e-20)
(49.438569 0.40702609 -4.4084353e-20)
(49.438761 0.44528199 7.8216148e-20)
(49.942508 0.116404 -1.1075021e-19)
(49.954423 0.1384184 4.4018928e-20)
(49.966041 0.16513398 3.6908891e-20)
(49.976015 0.19643529 3.2916243e-19)
(49.984065 0.23010519 -3.1401252e-19)
(49.990444 0.2634131 -5.1255911e-19)
(49.995534 0.29461053 6.2381712e-19)
(49.999632 0.32409206 1.3475459e-23)
(50.002947 0.35198806 -1.5031762e-18)
(50.455544 0.052697002 2.4353204e-20)
(50.444833 0.067868129 3.878037e-20)
(50.434259 0.085736245 -3.2577764e-20)
(50.425204 0.10606782 -1.1633171e-19)
(50.418283 0.12779872 -5.5530769e-20)
(50.413644 0.14934212 -1.133854e-19)
(50.411037 0.16954651 0)
(50.409907 0.18870858 9.8533247e-24)
(50.409689 0.2073232 0)
(50.759418 0.045923075 -1.7189185e-19)
(50.762477 0.055353646 -1.3697737e-19)
(50.765656 0.066196315 2.0164943e-19)
(50.768595 0.079018053 5.1501554e-20)
(50.77125 0.093084511 2.4609667e-20)
(50.77369 0.10713407 5.0241489e-20)
(50.775935 0.12042169 8.6929381e-19)
(50.777965 0.13319324 -9.4731527e-19)
(50.779777 0.14535256 0)
(51.012909 0.020918364 -1.8669022e-20)
(51.012678 0.025616791 2.5398524e-19)
(51.012515 0.030598899 -1.7685208e-19)
(51.01257 0.036181266 -2.2678199e-20)
(51.01299 0.04215444 2.1740029e-20)
(51.013814 0.048054301 6.8937459e-19)
(51.014922 0.053654871 -1.5403419e-18)
(51.016109 0.05921106 8.5232636e-19)
(51.017217 0.064632294 0)
(51.134043 0.0055718401 0)
(51.133741 0.0066562963 -4.2520529e-19)
(51.133415 0.0077104001 7.1808766e-19)
(51.133156 0.0089092115 3.4128494e-19)
(51.133067 0.01022562 -6.177888e-19)
(51.133208 0.011447606 1.9788291e-20)
(51.133552 0.012482462 1.3762576e-18)
(51.133998 0.0135684 -1.5275383e-18)
(51.134431 0.014932759 0)
(51.208822 -0.011250541 0)
(51.208135 -0.012464494 2.2679423e-20)
(51.207311 -0.013960673 -2.0450893e-20)
(51.206375 -0.015707165 3.6879849e-20)
(51.205395 -0.017593884 -3.5732353e-20)
(51.204466 -0.01941282 0)
(51.203687 -0.020973074 7.9346848e-20)
(51.203119 -0.022239613 -6.9793192e-26)
(51.202768 -0.023195241 1.0780387e-19)
(48.650388 -4.1219132 0)
(47.629048 -3.794223 0)
(46.535471 -3.4197188 0)
(45.424183 -2.9985332 0)
(44.319966 -2.5382509 0)
(43.262612 -2.0456875 0)
(42.295643 -1.5348558 0)
(41.461442 -1.0267763 0)
(40.852499 -0.59510279 0)
(40.575649 -0.3228601 0)
(40.649674 -0.15461326 0)
(41.062823 -0.12393493 0)
(41.135208 -0.044804654 0)
(41.168883 0.10096045 0)
(41.64786 0.21999557 0)
(42.097115 0.32901558 0)
(42.909584 0.35839268 0)
(43.666616 0.37924453 0)
(44.647682 0.35248369 0)
(45.49727 0.30822792 0)
(46.482334 0.25985373 0)
(47.260206 0.2165789 0)
(48.176654 0.16368862 0)
(48.76875 0.14211742 0)
(49.491778 0.093800374 0)
(49.932135 0.090750418 0)
(50.464198 0.03610782 0)
(50.757013 0.036205988 0)
(51.013253 0.016389597 0)
(51.134414 0.0046523019 0)
(51.209716 -0.01011198 0)
(48.985602 -3.2630028 0)
(47.956174 -2.9987889 0)
(46.846888 -2.695755 0)
(45.725921 -2.3563121 0)
(44.61315 -1.9869568 0)
(43.551629 -1.5916379 0)
(42.580189 -1.1834744 0)
(41.751271 -0.78537031 0)
(41.211595 -0.47718861 0)
(41.03948 -0.30447353 0)
(41.157234 -0.21294899 0)
(41.183074 -0.11800005 0)
(41.128943 -0.057362794 0)
(41.206138 0.095537847 0)
(41.653954 0.18208074 0)
(42.103653 0.27637104 0)
(42.916309 0.30065472 0)
(43.658094 0.31958682 0)
(44.656967 0.29686801 0)
(45.486736 0.25752339 0)
(46.488734 0.2163768 0)
(47.242549 0.17935855 0)
(48.191084 0.13389213 0)
(48.750586 0.11979396 0)
(49.498976 0.076954837 0)
(49.925376 0.077449968 0)
(50.467715 0.027175024 0)
(50.754935 0.031520229 0)
(51.013374 0.014065867 0)
(51.134658 0.0044229788 0)
(51.210235 -0.0089405074 0)
(49.306027 -2.4539986 0)
(48.267459 -2.2456375 0)
(47.139362 -2.0118423 0)
(46.011555 -1.7523503 0)
(44.891781 -1.4710541 0)
(43.834549 -1.1695127 0)
(42.86044 -0.8637712 0)
(42.073122 -0.58035243 0)
(41.665693 -0.39060927 0)
(41.575511 -0.27538304 0)
(41.404762 -0.19110382 0)
(41.218578 -0.093567699 0)
(41.16154 -0.047247021 0)
(41.218444 0.055437923 0)
(41.670649 0.13486229 0)
(42.109892 0.19462233 0)
(42.923573 0.22061999 0)
(43.660404 0.2381317 0)
(44.66108 0.22276761 0)
(45.491434 0.19388705 0)
(46.48796 0.16272722 0)
(47.238589 0.13486542 0)
(48.195966 0.098871281 0)
(48.744059 0.093354731 0)
(49.497726 0.056418029 0)
(49.924163 0.061845172 0)
(50.46862 0.017192323 0)
(50.755461 0.025286462 0)
(51.01368 0.011079883 0)
(51.135006 0.0034086957 0)
(51.210764 -0.0077853752 0)
(49.667342 -1.7082834 0)
(48.623233 -1.5478694 0)
(47.473299 -1.3813448 0)
(46.34292 -1.1994491 0)
(45.211521 -1.0012663 0)
(44.180084 -0.78686848 0)
(43.224916 -0.57609637 0)
(42.566552 -0.39789633 0)
(42.253711 -0.26020864 0)
(41.828207 -0.22099311 0)
(41.477834 -0.14247054 0)
(41.312829 -0.073529971 0)
(41.236955 -0.037434159 0)
(41.261535 0.03198234 0)
(41.732773 0.079791076 0)
(42.143395 0.10915545 0)
(42.960033 0.14265556 0)
(43.69064 0.14546682 0)
(44.673014 0.14590781 0)
(45.532703 0.12462251 0)
(46.475127 0.10427877 0)
(47.278725 0.086831974 0)
(48.161284 0.062763179 0)
(48.782471 0.064683937 0)
(49.47091 0.036228149 0)
(49.943128 0.045224357 0)
(50.460442 0.0069924412 0)
(50.764248 0.019520167 0)
(51.014543 0.0088990081 0)
(51.135783 0.0037690269 0)
(51.211545 -0.0066899651 0)
(50.220316 -0.99231748 0)
(49.202831 -0.86701985 0)
(48.038667 -0.76844902 0)
(46.932754 -0.65533603 0)
(45.76642 -0.542486 0)
(44.865556 -0.40300552 0)
(44.079317 -0.24268573 0)
(43.50116 -0.16509664 0)
(42.968909 -0.1652067 0)
(42.471594 -0.13468747 0)
(42.072481 -0.097421125 0)
(41.795895 -0.041434393 0)
(41.702136 -0.017588494 0)
(41.675883 0.0048061857 0)
(41.921381 0.030652952 0)
(42.624127 0.052507798 0)
(43.052105 0.060913837 0)
(44.081095 0.07389737 0)
(44.701297 0.067394289 0)
(45.833431 0.064606166 0)
(46.45516 0.052452518 0)
(47.491785 0.042807728 0)
(48.055205 0.031308766 0)
(48.916774 0.032546973 0)
(49.398634 0.025435672 0)
(50.062206 0.02215801 0)
(50.409041 0.0022792237 0)
(50.797636 0.0093681283 0)
(51.019412 0.0027687861 0)
(51.138912 -0.00036947035 0)
(51.213115 -0.007597663 0)
(51.703144 -0.21125214 0)
(50.915683 -0.11743512 0)
(49.905371 -0.097359717 0)
(49.222141 -0.01389052 0)
(48.381186 -0.02321047 0)
(47.882013 -0.0065373034 0)
(46.994435 -0.063443659 0)
(46.383454 -0.055334528 0)
(45.783671 -0.056976724 0)
(45.271668 -0.044721539 0)
(44.862193 -0.031795781 0)
(44.560075 -0.016132858 0)
(44.424868 -0.011923019 0)
(44.323065 -0.0019758305 0)
(44.459588 0.001101675 0)
(44.689463 0.0052115853 0)
(45.061373 0.0087529967 0)
(45.540868 0.011492717 0)
(46.131925 0.014601183 0)
(46.768146 0.013591543 0)
(47.401747 0.01343541 0)
(48.010456 0.011483606 0)
(48.56073 0.010325762 0)
(49.065178 0.0098852304 0)
(49.714747 0.01000468 0)
(50.36218 0.0047559412 0)
(50.549201 0.0027374033 0)
(50.881896 0.003065322 0)
(51.079974 0.0033118608 0)
(51.166024 0.0030900994 0)
(51.226444 0.0091781376 0)
)
;

boundaryField
{
    Side1
    {
        type            empty;
    }
    Inlet
    {
        type            freestreamVelocity;
        freestreamValue uniform (51.471881 0 0);
        value           uniform (51.471881 0 0);
    }
    Side2
    {
        type            empty;
    }
    Outlet
    {
        type            zeroGradient;
    }
    Botwall
    {
        type            movingWallVelocity;
        value           uniform (51.471881 0 0);
    }
    Cyli
    {
        type            noSlip;
    }
    procBoundary0to1
    {
        type            processor;
        value           nonuniform List<vector> 
44
(
(39.098929 2.6117511 6.7169454e-21)
(39.098929 2.6117511 6.7169454e-21)
(31.016746 1.801571 -9.9312645e-21)
(17.551036 0.236108 5.4997251e-18)
(17.551036 0.236108 5.4997251e-18)
(7.8363817 -1.3580549 1.0262452e-20)
(7.8363817 -1.3580549 1.0262452e-20)
(4.3889882 -2.3396562 4.8936999e-18)
(1.8466532 -3.0612087 -4.6804049e-18)
(1.8466532 -3.0612087 -4.6804049e-18)
(0.11251235 -3.6141818 4.8414538e-18)
(0.11251235 -3.6141818 4.8414538e-18)
(-1.0508826 -3.7707634 4.5711895e-22)
(-2.0785605 -3.6795216 4.3912976e-18)
(-2.694552 -3.5783558 -2.9365629e-22)
(-2.694552 -3.5783558 -2.9365629e-22)
(-3.2415234 -3.1081891 1.1016124e-18)
(-3.6067181 -2.4914461 -2.7390423e-19)
(-3.7731444 -1.7935983 -5.4520774e-19)
(-3.7512288 -1.062933 0)
(-3.5366188 -0.33260617 -2.7089203e-22)
(-3.5366188 -0.33260617 -2.7089203e-22)
(-3.5618505 0.13534447 0)
(-2.9690153 0.68248939 -4.3773115e-18)
(-2.2259021 1.1322087 4.5621349e-18)
(-2.2259021 1.1322087 4.5621349e-18)
(-1.4441055 1.2017034 4.3633849e-21)
(58.452138 2.1469666 -6.6195617e-19)
(59.351315 1.7923718 3.9762777e-19)
(46.650321 2.9545144 -9.1806584e-19)
(49.338565 3.0864834 0)
(51.723928 3.0981257 0)
(53.804967 2.9608703 -1.0754152e-18)
(55.553174 2.6954891 1.0584829e-18)
(58.452138 2.1469666 -6.6195617e-19)
(56.967888 2.3554183 1.1364016e-18)
(46.650321 2.9545144 -9.1806584e-19)
(43.795371 2.6640735 -5.7044524e-19)
(60.098477 1.4970541 0)
(60.802992 1.2088571 0)
(61.485536 0.9273816 0)
(62.166623 0.65706551 0)
(62.858532 0.38714204 0)
(63.283281 0.14812159 0)
)
;
    }
    procBoundary0to2
    {
        type            processor;
        value           nonuniform List<vector> 
55
(
(13.44381 0.58589763 0)
(14.219148 0.54147829 0)
(14.870888 0.33904262 -5.1720026e-18)
(15.398239 0.17064533 6.5966479e-18)
(15.831229 0.07785719 0)
(6.9819049 0.32109621 3.884111e-18)
(12.358389 0.36465019 -4.8395528e-18)
(3.3149737 1.1220203 0)
(6.9819049 0.32109621 3.884111e-18)
(8.8031557 0.38886779 8.7594954e-18)
(47.083045 39.398826 1.1329217e-18)
(42.17658 35.650428 2.231739e-18)
(46.369365 37.148594 7.7227448e-19)
(42.17658 35.650428 2.231739e-18)
(42.391691 33.717231 0)
(3.3149737 1.1220203 0)
(3.9842958 0.22657793 -9.3547965e-18)
(3.9842958 0.22657793 -9.3547965e-18)
(1.0597875 2.0970488 -7.3290141e-18)
(57.303029 43.677658 8.9832798e-18)
(53.174341 40.538114 1.0930418e-17)
(53.174341 40.538114 1.0930418e-17)
(47.083045 39.398826 1.1329217e-18)
(41.658894 32.498367 4.7958989e-21)
(40.60958 31.327231 -1.0237999e-18)
(39.65167 29.941865 1.7765558e-18)
(38.871833 28.441768 -7.6488132e-19)
(38.295829 26.863456 1.0203581e-20)
(37.943438 25.224401 -7.6820761e-21)
(37.835376 23.581018 0)
(37.96954 21.990114 -2.5943861e-19)
(38.321659 20.476393 3.3024378e-19)
(38.861924 19.069219 -1.1476335e-19)
(39.567404 17.735133 0)
(40.404091 16.441174 -1.5193279e-20)
(40.933588 14.418167 -2.8007668e-19)
(40.933588 14.418167 -2.8007668e-19)
(41.815995 12.730768 -3.908476e-20)
(42.664049 10.494977 1.082505e-19)
(43.72634 8.177306 0)
(44.633863 6.4812145 1.8205837e-19)
(45.325485 5.6897836 0)
(46.224579 4.6688867 -3.405416e-19)
(46.831059 4.0106005 6.0847181e-19)
(47.597736 3.2350838 -2.0659418e-22)
(48.137408 2.7036284 -7.1931443e-19)
(48.816177 2.0986343 9.2039749e-24)
(49.259947 1.6612279 -7.4241562e-19)
(49.80164 1.2514474 0)
(50.156913 0.96169389 2.8345522e-19)
(50.584846 0.61545035 -2.4688333e-19)
(50.825299 0.41570563 1.0699487e-19)
(51.076059 0.18942964 7.4167334e-19)
(51.181293 0.032765016 -8.0405194e-20)
(51.234034 -0.073556407 7.4642307e-20)
)
;
    }
    procBoundary0to3
    {
        type            processor;
        value           nonuniform List<vector> 7((-0.29755994 1.3995594 4.799501e-18) (-0.29755994 1.3995594 4.799501e-18) (1.1780844 1.2011567 -4.8561239e-18) (1.1780844 1.2011567 -4.8561239e-18) (3.5839383 0.84933136 9.7729782e-21) (3.5839383 0.84933136 9.7729782e-21) (8.0739273 0.37560771 5.1388541e-18));
    }
}


// ************************************************************************* //
