/*--------------------------------*- C++ -*----------------------------------*\
| =========                 |                                                 |
| \\      /  F ield         | OpenFOAM: The Open Source CFD Toolbox           |
|  \\    /   O peration     | Version:  2406                                  |
|   \\  /    A nd           | Website:  www.openfoam.com                      |
|    \\/     M anipulation  |                                                 |
\*---------------------------------------------------------------------------*/
FoamFile
{
    version     2.0;
    format      ascii;
    arch        "LSB;label=32;scalar=64";
    class       cellSet;
    location    "constant/polyMesh/sets";
    object      highAspectRatioCells;
}
// * * * * * * * * * * * * * * * * * * * * * * * * * * * * * * * * * * * * * //


652
(
7168
7169
6145
7170
6146
7171
6147
7172
6148
6149
5137
5138
5139
5140
5141
5142
5143
7192
7193
6169
7194
6170
7195
6171
7196
6172
6173
5161
5162
5163
5164
5165
5166
5167
7216
7217
6193
7218
6194
7219
6195
7220
6196
6197
5185
5186
5187
5188
5189
5190
5191
7240
7241
6217
7242
6218
7243
6219
7244
6220
6221
5209
5210
5211
5212
5213
5214
5215
7264
7265
6241
7266
6242
7267
6243
7268
6244
6245
6246
5233
5234
5235
5236
5237
5238
5239
7288
7289
6265
7290
6266
7291
6267
7292
6268
6269
6270
5257
5258
5259
5260
5261
5262
5263
7312
5264
7313
6289
7314
6290
7315
6291
7316
6292
6293
6294
5281
5282
5283
5284
5285
5286
5287
7336
5288
7337
6313
7338
6314
7339
6315
6316
6317
6318
5305
5306
5307
5308
5309
5310
5311
7360
5312
7361
6337
7362
6338
7363
6339
6340
6341
6342
5329
5330
5331
5332
5333
5334
5335
7384
5336
7385
6361
7386
6362
7387
6363
6364
6365
6366
5353
5354
5355
5356
5357
5358
5359
5360
6385
6386
6387
6388
6389
6390
5377
5378
5379
5380
5381
5382
5383
5384
6409
6410
6411
6412
6413
6414
5401
5402
5403
5404
5405
5406
5407
5408
6433
6434
6435
6436
6437
6438
5425
5426
5427
5428
5429
5430
5431
6457
6458
6459
6460
6461
6462
5449
5450
5451
5452
5453
5454
5455
6481
6482
6483
6484
6485
6486
5473
5474
5475
5476
5477
5478
5479
6505
6506
6507
6508
6509
6510
5497
5498
5499
5500
5501
5502
5503
6529
6530
6531
6532
6533
6534
5521
5522
5523
5524
5525
5526
5527
6553
6554
6555
6556
6557
6558
5545
5546
5547
5548
5549
5550
5551
6577
6578
6579
6580
6581
6582
5569
5570
5571
5572
5573
5574
5575
6601
6602
6603
6604
6605
6606
5593
5594
5595
5596
5597
5598
5599
6625
6626
6627
6628
6629
6630
5617
5618
5619
5620
5621
5622
5623
6649
6650
6651
6652
6653
6654
5641
5642
5643
5644
6669
5645
6670
5646
6671
5647
6672
6673
6674
6688
6689
5665
6690
5666
6691
5667
6692
5668
6693
5669
5670
6712
6713
5689
6714
5690
6715
5691
6716
5692
6717
5693
5694
6736
6737
5713
6738
5714
6739
5715
6740
5716
6741
5717
5718
6760
6761
5737
6762
5738
6763
5739
6764
5740
6765
5741
5742
6784
6785
5761
6786
5762
6787
5763
6788
5764
6789
5765
5766
4753
4754
4755
4756
6808
6809
5785
6810
5786
6811
5787
6812
5788
6813
5789
4777
4778
4779
4780
6832
6833
5809
6834
5810
6835
5811
6836
5812
6837
5813
4801
4802
4803
4804
4805
6856
6857
5833
6858
5834
6859
5835
6860
5836
6861
5837
4825
4826
4827
4828
4829
6880
6881
5857
6882
5858
6883
5859
6884
5860
6885
5861
4849
4850
4851
4852
4853
6904
6905
5881
6906
5882
6907
5883
6908
5884
6909
4873
4874
4875
4876
4877
6928
6929
5905
6930
5906
6931
5907
6932
5908
6933
4897
4898
4899
4900
4901
4902
6952
6953
5929
6954
5930
6955
5931
6956
5932
6957
4921
4922
4923
4924
4925
4926
6976
6977
5953
6978
5954
6979
5955
6980
5956
6981
4945
4946
4947
4948
4949
4950
7000
7001
5977
7002
5978
7003
5979
7004
5980
7005
4969
4970
4971
4972
4973
4974
7024
7025
6001
7026
6002
7027
6003
7028
6004
7029
6005
4993
4994
4995
4996
4997
4998
7048
7049
6025
7050
6026
7051
6027
7052
6028
7053
6029
5017
5018
5019
5020
5021
5022
5023
7072
7073
6049
7074
6050
7075
6051
7076
6052
7077
6053
5041
5042
5043
5044
5045
5046
5047
7096
7097
6073
7098
6074
7099
6075
7100
6076
6077
5065
5066
5067
5068
5069
5070
5071
7120
7121
6097
7122
6098
7123
6099
7124
6100
6101
5089
5090
5091
5092
5093
5094
5095
7144
7145
6121
7146
6122
7147
6123
7148
6124
6125
5113
5114
5115
5116
5117
5118
5119
)


// ************************************************************************* //
