/*--------------------------------*- C++ -*----------------------------------*\
| =========                 |                                                 |
| \\      /  F ield         | OpenFOAM: The Open Source CFD Toolbox           |
|  \\    /   O peration     | Version:  2406                                  |
|   \\  /    A nd           | Website:  www.openfoam.com                      |
|    \\/     M anipulation  |                                                 |
\*---------------------------------------------------------------------------*/
FoamFile
{
    version     2.0;
    format      ascii;
    arch        "LSB;label=32;scalar=64";
    class       volScalarField;
    location    "0.07";
    object      rho;
}
// * * * * * * * * * * * * * * * * * * * * * * * * * * * * * * * * * * * * * //

dimensions      [1 -3 0 0 0 0 0];

internalField   nonuniform List<scalar> 
8260
(
1.2000286
1.199095
1.1985497
1.1978686
1.1972287
1.1967454
1.1964531
1.1963538
1.1964391
1.1966921
1.1971208
1.1977016
1.1984053
1.1991874
1.1999978
1.2008181
1.2011936
1.2012623
1.2013597
1.20152
1.201673
1.201802
1.2019227
1.2020256
1.2021197
1.2021968
1.2022605
1.2023122
1.2023548
1.2023816
1.2024012
1.2016072
1.2008122
1.2000262
1.199168
1.1984067
1.1978126
1.1974049
1.1971953
1.1971674
1.1973143
1.1976433
1.198137
1.1987604
1.1994816
1.200201
1.2009409
1.2012444
1.2013124
1.2014093
1.2015625
1.2017074
1.2018293
1.2019446
1.2020431
1.2021339
1.2022083
1.20227
1.2023201
1.2023616
1.2023876
1.2024068
1.2025643
1.2018583
1.2010172
1.2001063
1.1992977
1.1986452
1.1981658
1.1978811
1.1977794
1.1978336
1.1980861
1.1985111
1.1990749
1.1997574
1.2004139
1.2010948
1.2013134
1.2013794
1.201471
1.2016132
1.2017481
1.2018615
1.2019703
1.2020635
1.2021503
1.2022217
1.202281
1.2023293
1.2023695
1.2023945
1.2024131
1.2032921
1.2026486
1.2018332
1.200926
1.2001
1.1994108
1.1988776
1.1985225
1.1983477
1.1983377
1.1985228
1.1988848
1.1993955
1.2000425
1.2006455
1.20126
1.2013993
1.2014567
1.201542
1.2016707
1.2017942
1.2018981
1.2019994
1.2020867
1.202169
1.2022369
1.2022934
1.2023397
1.2023783
1.2024023
1.2024203
1.2038821
1.2032998
1.2025423
1.2016752
1.2008621
1.2001622
1.1995969
1.1991887
1.198951
1.1988839
1.1990048
1.199304
1.1997609
1.2003638
1.2009085
1.2014309
1.2015039
1.2015459
1.2016235
1.2017362
1.2018466
1.2019399
1.2020326
1.2021131
1.2021902
1.2022543
1.2023075
1.2023515
1.2023884
1.2024112
1.2024285
1.204325
1.2037972
1.2031162
1.202322
1.2015559
1.2008761
1.2003061
1.1998701
1.1995883
1.1994718
1.1995347
1.199774
1.2001783
1.2007281
1.2012054
1.2016055
1.2016281
1.2016491
1.2017165
1.2018107
1.2019062
1.2019874
1.2020704
1.2021432
1.2022143
1.202274
1.2023236
1.2023649
1.2023998
1.2024213
1.2024378
1.2046229
1.204148
1.2035475
1.2028511
1.2021624
1.201532
1.2009854
1.2005479
1.200244
1.2000918
1.2001071
1.2002933
1.2006494
1.2011363
1.2015317
1.2017864
1.2017696
1.2017696
1.2018224
1.2018954
1.2019738
1.2020415
1.2021133
1.2021775
1.2022416
1.2022964
1.2023419
1.2023802
1.2024128
1.2024329
1.2024483
1.2047981
1.2043806
1.2038738
1.2032846
1.2026886
1.2021288
1.2016291
1.2012144
1.2009104
1.2007395
1.2007202
1.2008629
1.2011776
1.2015847
1.2018772
1.2019835
1.201926
1.2019098
1.2019421
1.2019913
1.2020503
1.2021029
1.2021621
1.2022166
1.2022727
1.2023219
1.2023626
1.2023977
1.2024275
1.202446
1.2024602
1.2049092
1.2045364
1.2041195
1.2036417
1.2031495
1.2026759
1.2022419
1.2018704
1.2015864
1.2014139
1.2013738
1.2014844
1.2017626
1.2020625
1.2022319
1.2022018
1.2021007
1.2020709
1.2020765
1.2020996
1.2021367
1.2021724
1.2022174
1.2022611
1.2023082
1.2023509
1.2023862
1.2024176
1.2024443
1.2024609
1.2024738
1.204975
1.2046803
1.204337
1.2039618
1.2035782
1.2031994
1.2028421
1.2025272
1.202278
1.2021179
1.20207
1.2021571
1.2023902
1.2025682
1.2025845
1.2024308
1.2023013
1.2022523
1.202226
1.2022212
1.2022337
1.2022508
1.20228
1.2023116
1.2023487
1.202384
1.202413
1.2024403
1.2024635
1.202478
1.2024892
1.205008
1.2049131
1.2047073
1.2044076
1.2040818
1.2037652
1.2034701
1.2032092
1.2029996
1.2028617
1.2028182
1.2028871
1.2030495
1.2030782
1.2029032
1.2026716
1.2025338
1.2024518
1.2023905
1.202356
1.2023424
1.2023391
1.2023506
1.2023687
1.2023948
1.2024217
1.2024436
1.2024661
1.2024855
1.2024974
1.2025068
1.2052859
1.2051759
1.2049975
1.2047889
1.2045656
1.204342
1.2041277
1.2039332
1.203773
1.2036674
1.2036379
1.2036733
1.2036831
1.2035053
1.2031853
1.2029438
1.202789
1.2026645
1.2025691
1.2025034
1.2024638
1.2024379
1.2024302
1.2024333
1.202447
1.2024646
1.2024785
1.2024952
1.2025104
1.2025196
1.2025269
1.2056198
1.2056487
1.2056047
1.2054496
1.2052679
1.2050931
1.204931
1.2047828
1.2046533
1.2045519
1.2044754
1.2043754
1.2041493
1.2037939
1.2034748
1.2032411
1.2030484
1.20289
1.20276
1.2026632
1.2025963
1.2025478
1.2025194
1.2025057
1.2025055
1.2025129
1.2025183
1.2025283
1.2025387
1.2025448
1.2025501
1.2064792
1.2064236
1.2062811
1.2060954
1.2059214
1.2057874
1.2056804
1.2055681
1.20543
1.2052587
1.2050384
1.2047491
1.2044038
1.2040691
1.2037794
1.2035277
1.2033096
1.2031194
1.2029594
1.2028325
1.2027401
1.202668
1.202618
1.2025859
1.2025707
1.202567
1.2025633
1.2025656
1.2025705
1.2025732
1.2025766
1.2067675
1.2068291
1.2068635
1.2068708
1.2067907
1.2066003
1.2063752
1.2061427
1.2058822
1.2055895
1.2052761
1.2049498
1.2046393
1.2043427
1.2040579
1.2037965
1.2035574
1.2033458
1.2031619
1.2030091
1.2028917
1.2027975
1.2027255
1.2026747
1.2026428
1.2026267
1.2026139
1.2026076
1.202606
1.2026051
1.2026069
1.2067708
1.2066975
1.2065837
1.2064414
1.2063353
1.2062815
1.2062385
1.2061923
1.2060636
1.2058177
1.2055099
1.2051892
1.204883
1.2045827
1.2042975
1.2040329
1.2037881
1.2035617
1.2033608
1.2031878
1.2030491
1.2029339
1.2028409
1.202772
1.2027224
1.2026925
1.20267
1.2026547
1.2026457
1.2026406
1.2026411
1.2067624
1.2067057
1.206631
1.2065414
1.2064451
1.2063346
1.2061809
1.2059757
1.205801
1.2057107
1.2055935
1.2053782
1.2050935
1.204795
1.2045068
1.2042365
1.2039931
1.203764
1.2035504
1.2033636
1.203208
1.2030749
1.2029634
1.2028772
1.2028097
1.2027648
1.2027312
1.2027071
1.2026898
1.2026798
1.2026794
1.2064799
1.2064308
1.2063709
1.2063038
1.2062286
1.2061437
1.2060493
1.2059447
1.2058212
1.2056586
1.2054936
1.2053859
1.2052305
1.204977
1.2046913
1.2044139
1.2041703
1.2039468
1.2037268
1.2035297
1.2033637
1.2032167
1.2030896
1.2029891
1.2029043
1.2028435
1.2027974
1.2027643
1.2027389
1.2027233
1.2027217
1.2062944
1.2062573
1.2062111
1.2061581
1.2060967
1.2060247
1.2059397
1.2058413
1.205732
1.2056177
1.2054851
1.2053008
1.2051317
1.2050247
1.2048271
1.204572
1.2043223
1.2041049
1.2038874
1.203683
1.2035096
1.2033537
1.203217
1.2031048
1.2030034
1.2029282
1.2028689
1.2028264
1.202793
1.2027716
1.202768
1.2060141
1.2059823
1.2059434
1.2058997
1.2058507
1.2057955
1.2057333
1.2056633
1.2055829
1.2054878
1.2053806
1.2052749
1.2051431
1.2049858
1.2048812
1.2046949
1.2044561
1.2042389
1.2040337
1.2038261
1.2036438
1.2034809
1.2033392
1.2032199
1.2031056
1.203018
1.2029459
1.2028931
1.2028525
1.202825
1.2028186
1.2058091
1.2057859
1.205757
1.2057242
1.2056867
1.2056432
1.2055923
1.2055328
1.205464
1.2053858
1.2052959
1.2051863
1.2050714
1.2049476
1.204807
1.2047272
1.2045613
1.2043549
1.2041643
1.2039654
1.2037695
1.2035997
1.2034568
1.2033309
1.2032099
1.2031116
1.2030289
1.2029653
1.2029172
1.2028839
1.2028734
1.205546
1.2055262
1.2055021
1.2054751
1.2054448
1.2054105
1.2053716
1.2053275
1.2052775
1.20522
1.2051544
1.2050826
1.2049964
1.2048975
1.2047778
1.2046423
1.2045767
1.204449
1.2042721
1.2040799
1.2038926
1.2037228
1.2035747
1.2034396
1.2033149
1.2032086
1.2031175
1.2030426
1.202987
1.2029482
1.2029328
1.2053481
1.2053342
1.205317
1.2052977
1.2052758
1.2052503
1.2052205
1.2051856
1.2051447
1.2050969
1.2050412
1.2049757
1.2049026
1.2048208
1.2047361
1.2046354
1.2045027
1.2044026
1.2043033
1.2041522
1.2039888
1.2038401
1.2036902
1.2035489
1.2034202
1.2033054
1.2032087
1.2031246
1.2030615
1.2030175
1.2029971
1.20511
1.205098
1.2050835
1.2050674
1.2050494
1.205029
1.2050059
1.2049795
1.2049495
1.2049156
1.2048774
1.2048351
1.2047869
1.2047308
1.2046637
1.2045828
1.2044923
1.2043773
1.2042587
1.2041691
1.20404
1.2039119
1.2037816
1.2036485
1.2035209
1.2033971
1.2032983
1.2032092
1.2031396
1.2030912
1.2030661
1.2049364
1.2049286
1.204919
1.2049083
1.204896
1.2048815
1.2048646
1.204845
1.2048222
1.2047955
1.2047639
1.2047262
1.2046822
1.2046324
1.2045759
1.2045182
1.2044505
1.2043781
1.2043005
1.2041871
1.2040641
1.20394
1.2038244
1.203714
1.2036051
1.2034822
1.2033833
1.203294
1.2032204
1.2031684
1.2031396
1.2047384
1.2047319
1.2047241
1.2047155
1.2047061
1.2046954
1.2046832
1.2046692
1.2046531
1.2046345
1.2046131
1.2045887
1.2045615
1.2045299
1.204493
1.2044438
1.2043858
1.2043207
1.2042381
1.2041948
1.2041401
1.2040207
1.203882
1.203761
1.2036674
1.2035653
1.2034647
1.2033784
1.2033033
1.2032483
1.2032166
1.2046009
1.204597
1.2045921
1.2045866
1.2045801
1.2045725
1.2045637
1.2045533
1.2045413
1.2045272
1.2045105
1.2044899
1.2044637
1.2044317
1.2043947
1.2043577
1.2043171
1.2042718
1.2042325
1.2041712
1.2041177
1.2040676
1.203958
1.2038317
1.2037287
1.2036437
1.2035454
1.2034601
1.203386
1.2033296
1.2032959
1.2044548
1.2044512
1.204447
1.2044423
1.2044371
1.2044312
1.2044245
1.2044169
1.2044082
1.2043983
1.2043872
1.2043749
1.2043619
1.2043476
1.2043306
1.2043069
1.2042782
1.2042436
1.2041965
1.2041403
1.2040691
1.2040229
1.2039815
1.203886
1.2037899
1.2037048
1.2036198
1.2035367
1.2034657
1.2034097
1.203375
1.204378
1.2043756
1.2043728
1.2043696
1.2043661
1.2043621
1.2043574
1.2043519
1.2043456
1.2043382
1.2043294
1.2043188
1.2043056
1.2042888
1.2042681
1.2042445
1.204217
1.2041853
1.2041484
1.20411
1.2040728
1.2039986
1.2039333
1.2039008
1.2038316
1.203752
1.2036791
1.203606
1.2035391
1.2034844
1.2034501
1.2042733
1.2042709
1.2042682
1.2042651
1.2042616
1.2042575
1.2042528
1.2042474
1.2042411
1.2042339
1.2042255
1.2042159
1.2042051
1.2041928
1.2041794
1.2041638
1.2041455
1.2041233
1.2040977
1.2040658
1.2040229
1.2039845
1.2039544
1.203917
1.2038612
1.2037966
1.2037292
1.2036644
1.2036037
1.2035528
1.2035206
1.2041608
1.2041599
1.2041589
1.2041578
1.2041564
1.2041549
1.2041531
1.204151
1.2041485
1.2041455
1.2041419
1.2041375
1.2041322
1.204126
1.2041183
1.204109
1.2040975
1.2040834
1.2040665
1.2040467
1.2040239
1.2039964
1.2039566
1.2039056
1.2038585
1.2038086
1.2037529
1.2036946
1.2036388
1.2035917
1.2035626
1.1885395
1.1888948
1.1893092
1.1896787
1.1899732
1.190255
1.1906118
1.1910666
1.191594
1.1922378
1.1929874
1.1938279
1.1947476
1.1957241
1.1967359
1.1978339
1.1988034
1.1997959
1.2002714
1.2005454
1.2007876
1.2010499
1.2012993
1.2015101
1.2016889
1.2018341
1.2019539
1.2020483
1.2021224
1.2021705
1.2022026
1.1894001
1.1896883
1.1898384
1.189984
1.1901586
1.1904098
1.190779
1.191269
1.1918564
1.1925414
1.1933133
1.1941619
1.1950771
1.1960328
1.1970175
1.1980696
1.1990142
1.199904
1.200283
1.2005706
1.2008171
1.2010808
1.2013258
1.2015319
1.2017069
1.201849
1.2019663
1.2020588
1.2021316
1.2021788
1.2022102
1.1892379
1.1893457
1.1894315
1.1896109
1.1898856
1.1902478
1.1907158
1.1912954
1.1919482
1.1926842
1.1934944
1.1943683
1.195296
1.1962497
1.197231
1.19825
1.1992015
1.200001
1.2003207
1.2006069
1.2008538
1.2011153
1.2013543
1.2015551
1.2017259
1.2018646
1.2019793
1.2020698
1.2021411
1.2021873
1.2022181
1.1888256
1.1889556
1.1891084
1.1893594
1.1897018
1.1901352
1.190671
1.1913064
1.1920127
1.1927935
1.1936377
1.1945346
1.1954749
1.1964309
1.1974232
1.1984097
1.199364
1.2000917
1.2003712
1.2006438
1.2008908
1.2011493
1.2013824
1.201578
1.2017448
1.2018802
1.2019922
1.2020807
1.2021506
1.2021959
1.2022261
1.188222
1.1884222
1.1886618
1.1890099
1.1894547
1.1899885
1.1906121
1.1913158
1.1920816
1.1929078
1.1937839
1.1947014
1.195652
1.1966102
1.1976156
1.1985786
1.1995114
1.2001718
1.2004203
1.2006811
1.2009291
1.2011836
1.2014106
1.2016011
1.2017638
1.2018959
1.2020053
1.2020918
1.2021603
1.2022046
1.2022342
1.1874884
1.1877894
1.1881558
1.1886362
1.1892048
1.1898478
1.1905613
1.1913359
1.1921601
1.1930292
1.1939349
1.1948709
1.1958296
1.1967889
1.1978057
1.1987525
1.1996342
1.2002367
1.2004666
1.2007192
1.2009681
1.2012177
1.2014386
1.2016241
1.2017829
1.2019116
1.2020185
1.202103
1.20217
1.2022133
1.2022424
1.1866041
1.1870791
1.1876225
1.1882601
1.1889627
1.1897174
1.1905208
1.1913664
1.1922458
1.1931547
1.1940871
1.1950394
1.1960038
1.1969627
1.1979828
1.1989124
1.1997537
1.2002949
1.2005107
1.2007585
1.2010077
1.2012517
1.2014666
1.2016471
1.2018019
1.2019275
1.2020317
1.2021142
1.2021797
1.2022221
1.2022506
1.1857273
1.1864004
1.1871247
1.1879158
1.188748
1.1896094
1.1904985
1.1914107
1.1923403
1.1932845
1.1942402
1.195206
1.1961736
1.1971321
1.1981428
1.1990645
1.1998854
1.2003487
1.2005537
1.2007991
1.2010477
1.2012855
1.2014945
1.2016701
1.201821
1.2019434
1.202045
1.2021255
1.2021896
1.2022309
1.2022589
1.1849417
1.1857998
1.1866857
1.1876204
1.1885745
1.1895334
1.1905002
1.1914719
1.1924452
1.1934195
1.1943944
1.1953707
1.1963398
1.1973071
1.1983048
1.1992089
1.200006
1.2004025
1.2005969
1.2008411
1.2010878
1.2013191
1.2015222
1.201693
1.2018401
1.2019592
1.2020583
1.2021368
1.2021995
1.2022398
1.2022672
1.1842839
1.1853132
1.1863308
1.1873974
1.1884595
1.1894988
1.1905315
1.1915529
1.192562
1.1935601
1.1945498
1.1955337
1.196505
1.1974861
1.1984625
1.1993444
1.2001109
1.2004577
1.2006412
1.2008842
1.2011278
1.2013524
1.2015498
1.2017158
1.2018591
1.2019751
1.2020717
1.2021482
1.2022094
1.2022487
1.2022756
1.1837815
1.1849445
1.1861042
1.1872738
1.1884151
1.1895126
1.1905977
1.1916561
1.1926913
1.1937065
1.1947064
1.1956968
1.1966763
1.1976645
1.1986054
1.1994734
1.2002037
1.2005137
1.2006867
1.2009282
1.2011677
1.2013855
1.2015772
1.2017385
1.201878
1.201991
1.202085
1.2021596
1.2022194
1.2022577
1.202284
1.1835167
1.1847778
1.1860216
1.1872446
1.188432
1.189585
1.1907058
1.1917851
1.1928351
1.1938602
1.1948669
1.1958643
1.1968528
1.1978153
1.1987302
1.1995985
1.2002887
1.200569
1.2007332
1.2009727
1.2012074
1.2014183
1.2016044
1.201761
1.2018969
1.2020068
1.2020983
1.2021711
1.2022294
1.2022667
1.2022924
1.1835253
1.1848249
1.1860935
1.1873343
1.1885416
1.1897124
1.1908504
1.1919475
1.1930012
1.1940292
1.1950387
1.1960388
1.1969985
1.1979327
1.1988595
1.1997152
1.2003689
1.2006232
1.2007806
1.2010175
1.2012467
1.2014508
1.2016313
1.2017834
1.2019156
1.2020226
1.2021117
1.2021825
1.2022394
1.2022757
1.2023009
1.1837966
1.1850892
1.1863314
1.1875495
1.1887438
1.1899076
1.1910458
1.1921485
1.1932037
1.1942246
1.1952201
1.1961805
1.1971201
1.1980573
1.1989815
1.1998177
1.2004477
1.2006769
1.2008291
1.2010624
1.2012856
1.2014829
1.201658
1.2018055
1.2019342
1.2020382
1.2021249
1.2021939
1.2022494
1.2022848
1.2023094
1.1842026
1.1854997
1.1867092
1.1878865
1.1890459
1.1901846
1.1913049
1.1923791
1.193412
1.1943988
1.1953433
1.1962919
1.1972566
1.1981802
1.1990924
1.1999207
1.200526
1.2007309
1.2008784
1.2011071
1.201324
1.2015147
1.2016843
1.2018275
1.2019526
1.2020538
1.2021381
1.2022053
1.2022594
1.2022938
1.2023179
1.184588
1.1858873
1.1870996
1.1882638
1.1893924
1.1904895
1.1915653
1.1925695
1.1935324
1.1945062
1.1954857
1.1964416
1.1973945
1.1982981
1.1991981
1.2000259
1.2006024
1.2007859
1.2009281
1.2011515
1.201362
1.201546
1.2017103
1.2018491
1.2019708
1.2020692
1.2021512
1.2022166
1.2022694
1.2023029
1.2023264
1.1855895
1.1866186
1.1876276
1.1886628
1.1897086
1.1907348
1.1917166
1.1927103
1.193726
1.1946948
1.195653
1.1965953
1.1975293
1.1984111
1.1992996
1.2001266
1.2006758
1.2008416
1.2009774
1.2011953
1.2013993
1.2015768
1.2017359
1.2018704
1.2019887
1.2020845
1.2021642
1.2022279
1.2022794
1.202312
1.202335
1.1873134
1.1880616
1.1887612
1.1895251
1.1903593
1.1912306
1.1921078
1.193032
1.1939848
1.1949071
1.1958274
1.1967463
1.1976606
1.19852
1.1993967
1.2002232
1.2007459
1.2008975
1.2010265
1.2012384
1.2014361
1.2016072
1.2017611
1.2018915
1.2020064
1.2020996
1.202177
1.202239
1.2022893
1.202321
1.2023435
1.1888778
1.1894745
1.1899739
1.1905257
1.1911597
1.1918572
1.1925959
1.1934092
1.1942736
1.1951314
1.1960053
1.1968953
1.1977883
1.1986254
1.1994894
1.2003163
1.2008133
1.2009535
1.2010754
1.2012808
1.2014722
1.2016369
1.2017858
1.2019121
1.2020238
1.2021145
1.2021897
1.2022501
1.2022992
1.2023301
1.2023521
1.1905938
1.1909793
1.191251
1.1915861
1.192019
1.1925327
1.1931236
1.1938192
1.1945816
1.1953674
1.1961868
1.1970419
1.1979111
1.1987274
1.1995773
1.2004045
1.2008785
1.2010091
1.2011239
1.2013224
1.2015075
1.201666
1.20181
1.2019322
1.2020409
1.202129
1.2022023
1.2022611
1.202309
1.2023391
1.2023607
1.1924908
1.1926268
1.1926396
1.1927312
1.1929398
1.1932507
1.1936996
1.1942615
1.1949057
1.1956149
1.1963719
1.1971851
1.1980277
1.1988256
1.19966
1.2004852
1.2009412
1.2010628
1.2011713
1.2013626
1.2015415
1.2016941
1.2018334
1.2019518
1.2020574
1.2021433
1.2022146
1.2022719
1.2023187
1.2023481
1.2023692
1.1945706
1.194418
1.1941542
1.1939792
1.1939365
1.1940576
1.1943476
1.1947406
1.1952643
1.1958872
1.196572
1.1973337
1.1981439
1.1989233
1.1997386
1.2005568
1.2009987
1.2011111
1.2012164
1.2014009
1.2015741
1.2017211
1.201856
1.2019708
1.2020736
1.2021574
1.2022267
1.2022826
1.2023284
1.2023571
1.2023778
1.1969199
1.1964872
1.1959699
1.1955063
1.1952033
1.195091
1.1951484
1.1953606
1.1957265
1.1962342
1.196827
1.1975194
1.1982824
1.199035
1.1998209
1.200621
1.2010475
1.2011517
1.2012597
1.2014383
1.201606
1.2017477
1.2018783
1.2019895
1.2020897
1.2021713
1.2022388
1.2022934
1.202338
1.2023661
1.2023865
1.1993156
1.198785
1.1982128
1.1975416
1.1969335
1.1964962
1.1962588
1.1962259
1.1963856
1.1967082
1.1971727
1.1977688
1.1984635
1.1991783
1.1999233
1.2006961
1.2010979
1.2011962
1.2013072
1.2014787
1.2016399
1.2017756
1.2019015
1.2020087
1.2021059
1.2021853
1.2022509
1.202304
1.2023476
1.202375
1.202395
1.1889961
1.1893582
1.1897564
1.1901243
1.1904496
1.1907532
1.1910888
1.1914998
1.1919718
1.192555
1.1932429
1.1940246
1.1948881
1.1958133
1.1967689
1.1978015
1.1987174
1.1996538
1.2002105
1.2004962
1.2007492
1.2010171
1.2012725
1.2014883
1.2016711
1.2018195
1.2019418
1.2020382
1.2021137
1.2021627
1.202195
1.189196
1.1895935
1.1899803
1.1903205
1.1906281
1.1909264
1.1912508
1.1916091
1.1920496
1.1926002
1.1932571
1.1940122
1.1948545
1.1957662
1.1967164
1.1977424
1.198687
1.1995962
1.2001984
1.2004795
1.2007294
1.200998
1.201256
1.2014743
1.2016593
1.2018096
1.2019336
1.2020312
1.2021076
1.2021573
1.2021898
1.189236
1.1896212
1.1900261
1.1903934
1.1907176
1.1910271
1.1913537
1.1917083
1.1921397
1.1926692
1.1933011
1.1940314
1.1948514
1.1957456
1.1966861
1.1976979
1.1986605
1.1995646
1.2001833
1.2004696
1.2007159
1.2009834
1.2012426
1.2014624
1.2016488
1.2018005
1.2019257
1.2020243
1.2021015
1.2021517
1.2021811
1.1892798
1.1896431
1.1900646
1.1904599
1.1908112
1.1911381
1.1914723
1.191834
1.1922593
1.1927693
1.1933758
1.1940794
1.1948735
1.1957455
1.1966705
1.1976595
1.1986256
1.1995327
1.2001615
1.2004563
1.2007012
1.200968
1.2012284
1.2014497
1.2016376
1.2017908
1.2019172
1.2020169
1.2020949
1.2021457
1.2021732
1.189355
1.1896987
1.1901359
1.1905453
1.1909128
1.1912541
1.1915963
1.191963
1.1923823
1.1928755
1.1934587
1.1941361
1.1949042
1.1957525
1.1966593
1.1976214
1.1985852
1.1994941
1.2001348
1.2004405
1.2006842
1.2009506
1.2012126
1.2014357
1.2016253
1.2017801
1.201908
1.2020089
1.2020877
1.2021393
1.2021656
1.1894489
1.1897709
1.1902105
1.1906302
1.1910094
1.1913624
1.1917129
1.1920835
1.1924982
1.1929781
1.193541
1.1941943
1.1949374
1.1957621
1.1966497
1.1975837
1.1985422
1.1994538
1.2001048
1.2004234
1.2006663
1.2009319
1.2011956
1.2014206
1.201612
1.2017686
1.201898
1.2020003
1.2020801
1.2021324
1.20216
1.1895482
1.1898455
1.1902782
1.1907056
1.1910965
1.1914612
1.1918204
1.1921954
1.1926075
1.1930771
1.1936227
1.1942541
1.1949734
1.1957746
1.1966422
1.1975486
1.1985027
1.1994145
1.2000763
1.2004053
1.2006485
1.2009127
1.2011778
1.2014047
1.2015979
1.2017564
1.2018874
1.2019911
1.2020719
1.202125
1.2021521
1.1896539
1.189926
1.1903454
1.1907763
1.1911773
1.1915531
1.191921
1.1923007
1.1927118
1.1931735
1.1937044
1.194316
1.1950129
1.1957909
1.1966378
1.1975212
1.1984674
1.1993715
1.200052
1.2003875
1.200631
1.2008932
1.2011595
1.2013882
1.2015832
1.2017435
1.2018763
1.2019813
1.2020632
1.2021172
1.2021435
1.1897655
1.1900159
1.1904182
1.1908478
1.1912558
1.1916407
1.1920166
1.1924011
1.1928122
1.1932679
1.1937864
1.1943804
1.195056
1.1958115
1.1966373
1.1975028
1.1984295
1.1993214
1.2000278
1.200371
1.2006141
1.2008735
1.2011407
1.201371
1.2015678
1.20173
1.2018645
1.201971
1.202054
1.2021088
1.202134
1.1898794
1.1901185
1.1904989
1.1909222
1.1913339
1.1917259
1.1921086
1.1924976
1.1929093
1.1933607
1.1938689
1.1944472
1.1951031
1.1958368
1.1966412
1.1974897
1.1983898
1.1992718
1.2000005
1.2003556
1.2005978
1.2008538
1.2011215
1.2013533
1.2015517
1.2017159
1.2018521
1.2019601
1.2020442
1.2021
1.2021244
1.1900068
1.1902277
1.1905857
1.1910002
1.1914126
1.1918095
1.1921979
1.1925911
1.1930041
1.1934525
1.1939522
1.1945166
1.1951543
1.195867
1.19665
1.1974809
1.1983601
1.1992283
1.1999666
1.2003412
1.2005824
1.200834
1.2011017
1.2013348
1.2015349
1.2017009
1.2018389
1.2019485
1.2020339
1.2020905
1.2021153
1.1901354
1.1903438
1.1906786
1.1910808
1.1914915
1.1918921
1.1922855
1.1926828
1.1930976
1.1935441
1.194037
1.1945894
1.1952103
1.1959029
1.1966642
1.1974766
1.1983368
1.1991902
1.199932
1.2003284
1.2005682
1.2008144
1.2010817
1.2013158
1.2015174
1.2016853
1.2018251
1.2019363
1.2020229
1.2020805
1.2021061
1.1902669
1.1904633
1.1907757
1.1911631
1.1915706
1.191974
1.1923721
1.1927737
1.193191
1.1936368
1.1941243
1.1946663
1.1952717
1.195945
1.1966848
1.1974775
1.1983174
1.1991496
1.1998953
1.2003193
1.2005556
1.2007954
1.2010614
1.2012963
1.2014993
1.201669
1.2018106
1.2019234
1.2020112
1.2020699
1.2020964
1.1903963
1.1905868
1.1908781
1.1912489
1.1916509
1.1920559
1.1924588
1.1928654
1.1932859
1.1937319
1.1942155
1.1947483
1.1953395
1.1959941
1.1967124
1.1974844
1.1983022
1.1991125
1.1998556
1.2003109
1.2005447
1.200777
1.2010411
1.2012763
1.2014805
1.2016519
1.2017954
1.2019098
1.2019989
1.2020587
1.202086
1.1905217
1.1907021
1.1909718
1.1913302
1.1917294
1.1921378
1.1925467
1.1929594
1.1933842
1.1938316
1.1943122
1.194837
1.1954148
1.1960513
1.196748
1.197498
1.1982922
1.1990815
1.199818
1.2003017
1.2005357
1.2007598
1.201021
1.2012561
1.2014612
1.2016342
1.2017794
1.2018955
1.201986
1.2020468
1.2020748
1.1906344
1.1908147
1.1910767
1.1914215
1.1918139
1.1922246
1.1926399
1.1930593
1.1934894
1.1939388
1.1944171
1.1949344
1.1954993
1.1961178
1.1967925
1.1975193
1.1982882
1.1990555
1.1997826
1.2002934
1.2005284
1.200744
1.2010013
1.2012357
1.2014413
1.2016159
1.2017628
1.2018805
1.2019723
1.2020342
1.2020628
1.1907608
1.1909467
1.1911964
1.191515
1.1919038
1.1923196
1.1927425
1.1931697
1.1936055
1.1940573
1.1945335
1.1950432
1.195595
1.1961952
1.1968471
1.1975488
1.1982886
1.1990309
1.1997524
1.2002876
1.2005239
1.20073
1.2009822
1.2012152
1.2014212
1.201597
1.2017455
1.2018647
1.2019579
1.2020208
1.2020501
1.1908863
1.1910668
1.1913255
1.1916555
1.1920365
1.1924465
1.1928702
1.1933013
1.1937405
1.1941928
1.1946656
1.1951669
1.1957045
1.1962853
1.1969133
1.1975875
1.198294
1.1990113
1.1997403
1.2002861
1.2005229
1.2007184
1.200964
1.201195
1.2014008
1.2015776
1.2017276
1.2018483
1.2019427
1.2020068
1.2020367
1.1910579
1.1912385
1.1914993
1.1918283
1.1922018
1.1926076
1.1930309
1.1934627
1.1939019
1.1943519
1.1948186
1.1953091
1.1958306
1.1963902
1.1969926
1.1976376
1.1983131
1.1990072
1.1997284
1.200282
1.2005223
1.2007092
1.2009469
1.2011752
1.2013804
1.2015579
1.2017091
1.2018311
1.2019269
1.201992
1.2020226
1.1913392
1.1915216
1.1917553
1.1920494
1.1924149
1.1928176
1.1932372
1.1936648
1.1940989
1.1945417
1.1949979
1.1954738
1.1959764
1.1965123
1.1970868
1.1977012
1.1983473
1.1990143
1.1997025
1.200273
1.2005305
1.2007039
1.2009311
1.2011558
1.2013601
1.2015378
1.20169
1.2018133
1.2019103
1.2019765
1.2020077
1.1917046
1.1918818
1.1921207
1.1924132
1.192752
1.1931251
1.1935202
1.1939281
1.194345
1.1947711
1.1952095
1.1956652
1.1961443
1.1966533
1.1971973
1.1977792
1.1983942
1.1990321
1.199688
1.2002669
1.2005404
1.2007005
1.2009174
1.201138
1.2013403
1.2015178
1.2016705
1.2017949
1.201893
1.2019602
1.2019921
1.1922012
1.1923623
1.1925873
1.1928654
1.1931728
1.1935113
1.193874
1.1942526
1.1946426
1.1950432
1.1954562
1.1958854
1.1963362
1.1968142
1.1973249
1.197872
1.198453
1.1990607
1.1996899
1.2002588
1.2005535
1.2007038
1.2009049
1.2011198
1.201321
1.2014976
1.2016507
1.2017759
1.2018749
1.2019431
1.2019758
1.192788
1.1929432
1.1931506
1.1933888
1.1936596
1.1939615
1.1942873
1.1946303
1.1949866
1.195355
1.1957365
1.1961338
1.1965515
1.1969951
1.1974697
1.1979792
1.1985239
1.1990988
1.1996987
1.2002544
1.2005627
1.2007081
1.2008955
1.2011052
1.2013029
1.2014779
1.2016306
1.2017564
1.2018563
1.2019253
1.2019586
1.1934281
1.1935668
1.1937447
1.1939506
1.1941868
1.1944516
1.1947396
1.1950453
1.1953652
1.1956982
1.1960444
1.1964062
1.1967876
1.1971938
1.1976299
1.1981002
1.1986063
1.1991447
1.1997056
1.2002374
1.2005854
1.2007222
1.2008917
1.2010904
1.2012859
1.2014586
1.2016106
1.2017365
1.201837
1.2019068
1.2019407
1.1940779
1.1941955
1.1943446
1.19452
1.1947237
1.1949541
1.1952068
1.195477
1.1957617
1.1960594
1.1963699
1.1966951
1.1970391
1.1974065
1.1978029
1.198233
1.1986993
1.1991993
1.1997224
1.200249
1.2006199
1.2007375
1.2008805
1.201079
1.2012701
1.2014399
1.2015904
1.2017163
1.2018172
1.2018876
1.201922
1.1947057
1.1947991
1.1949232
1.1950713
1.195245
1.1954441
1.1956649
1.1959036
1.1961569
1.1964225
1.1966998
1.1969904
1.197298
1.1976275
1.1979847
1.1983748
1.1988014
1.1992641
1.1997557
1.200267
1.2006399
1.2007465
1.2008859
1.2010779
1.201257
1.2014222
1.2015709
1.201696
1.2017969
1.2018679
1.2019026
1.195293
1.1953671
1.1954681
1.1955904
1.1957359
1.1959056
1.1960976
1.1963083
1.196534
1.1967717
1.1970201
1.1972801
1.1975549
1.1978494
1.1981696
1.1985215
1.1989099
1.199336
1.1997952
1.200278
1.2006521
1.2007727
1.2009034
1.2010701
1.2012416
1.201406
1.2015512
1.2016756
1.2017763
1.2018474
1.2018825
1.1958491
1.1959033
1.195981
1.1960774
1.1961942
1.1963338
1.1964961
1.1966791
1.1968793
1.1970929
1.1973173
1.197552
1.1977994
1.1980638
1.1983512
1.1986684
1.199021
1.1994116
1.1998382
1.2002918
1.2006772
1.2008054
1.2009082
1.2010662
1.2012343
1.2013901
1.2015329
1.2016556
1.2017554
1.2018267
1.2018619
1.1963552
1.196395
1.1964526
1.1965261
1.1966167
1.196727
1.1968594
1.1970137
1.1971881
1.1973788
1.1975823
1.1977965
1.1980221
1.1982623
1.1985228
1.1988102
1.199131
1.1994892
1.1998846
1.2003122
1.2006991
1.2008318
1.2009159
1.2010695
1.2012326
1.2013783
1.2015157
1.2016358
1.2017346
1.2018054
1.2018407
1.1967219
1.19677
1.1968367
1.1969068
1.1969802
1.1970688
1.1971771
1.1973065
1.1974568
1.1976258
1.1978103
1.1980074
1.1982163
1.1984385
1.1986784
1.1989422
1.1992363
1.1995659
1.1999322
1.2003329
1.2007147
1.2008604
1.2009387
1.2010804
1.2012265
1.2013667
1.2014994
1.2016168
1.2017139
1.2017841
1.2018193
1.1970429
1.197058
1.1970889
1.1971428
1.1972207
1.1973152
1.1974192
1.1975335
1.1976676
1.1978211
1.1979922
1.1981778
1.1983761
1.1985872
1.1988137
1.1990605
1.1993338
1.1996395
1.1999803
1.2003557
1.2007276
1.2009002
1.2009692
1.2010898
1.2012218
1.2013574
1.2014874
1.2015992
1.2016936
1.2017627
1.2017975
1.1973033
1.1973239
1.1973507
1.1973834
1.1974252
1.1974814
1.1975642
1.1976767
1.1978098
1.1979591
1.198123
1.1983038
1.1984986
1.1987057
1.198926
1.1991628
1.1994219
1.199709
1.2000283
1.2003806
1.2007422
1.2009421
1.2009966
1.2010977
1.2012275
1.2013561
1.2014739
1.2015818
1.201674
1.2017414
1.2017759
1.1974274
1.1974539
1.1974859
1.1975241
1.197571
1.197629
1.197701
1.1977916
1.197905
1.1980451
1.1982103
1.1983933
1.1985904
1.1987987
1.1990179
1.1992504
1.1995006
1.1997742
1.200076
1.2004086
1.2007618
1.2009823
1.2010294
1.2011186
1.2012362
1.2013499
1.2014617
1.2015674
1.2016551
1.2017208
1.2017544
1.1974964
1.1975213
1.1975516
1.1975889
1.197636
1.1976961
1.1977723
1.1978677
1.1979846
1.1981247
1.1982872
1.1984694
1.1986674
1.1988775
1.1990975
1.199328
1.1995726
1.1998359
1.2001234
1.200439
1.2007795
1.2010205
1.2010667
1.2011384
1.2012388
1.2013525
1.2014602
1.2015541
1.2016374
1.2017004
1.2017332
1.1975873
1.1976125
1.1976424
1.1976789
1.1977252
1.1977845
1.1978597
1.197954
1.1980693
1.1982029
1.1983582
1.1985398
1.1987395
1.198951
1.1991717
1.1994009
1.1996407
1.1998955
1.2001706
1.200471
1.2007971
1.2010567
1.2011066
1.2011626
1.2012576
1.2013563
1.2014499
1.2015407
1.2016209
1.2016814
1.2017128
1.1977282
1.1977509
1.197778
1.1978112
1.1978537
1.1979087
1.1979788
1.1980661
1.1981703
1.1982994
1.1984577
1.1986351
1.1988279
1.199034
1.1992504
1.1994751
1.1997087
1.1999549
1.2002183
1.2005041
1.2008145
1.2010865
1.2011482
1.2011925
1.2012753
1.2013584
1.2014481
1.2015343
1.2016066
1.2016631
1.201693
1.1979527
1.1979703
1.197992
1.1980187
1.1980533
1.1980983
1.1981564
1.1982302
1.1983274
1.1984506
1.1985924
1.1987525
1.1989319
1.1991274
1.1993349
1.1995516
1.1997772
1.2000139
1.2002658
1.2005379
1.2008334
1.2011139
1.2011909
1.2012228
1.2012888
1.2013706
1.2014528
1.2015247
1.2015923
1.2016464
1.2016747
1.1982406
1.1982538
1.198271
1.1982922
1.1983192
1.198354
1.1984008
1.198463
1.198541
1.1986364
1.1987521
1.1988901
1.1990497
1.199228
1.1994216
1.199627
1.1998427
1.2000695
1.2003104
1.2005698
1.2008521
1.2011357
1.2012349
1.2012557
1.2013125
1.2013854
1.2014514
1.2015196
1.2015841
1.2016321
1.2016578
1.1985395
1.1985499
1.1985641
1.1985817
1.1986033
1.1986312
1.1986694
1.1987176
1.1987754
1.1988475
1.1989376
1.1990488
1.1991822
1.1993368
1.1995103
1.1996997
1.1999027
1.2001186
1.200349
1.2005973
1.2008685
1.2011563
1.201278
1.2012908
1.2013366
1.2013947
1.20146
1.2015217
1.2015744
1.2016182
1.2016421
1.1987896
1.1987988
1.1988114
1.1988266
1.1988447
1.198866
1.1988905
1.1989264
1.1989793
1.199041
1.1991121
1.1992007
1.1993098
1.1994406
1.1995928
1.1997645
1.1999535
1.2001583
1.2003793
1.2006184
1.2008808
1.2011677
1.2013177
1.2013281
1.2013629
1.2014136
1.2014702
1.2015179
1.2015674
1.2016093
1.2016299
1.1989708
1.1989827
1.198997
1.1990134
1.1990317
1.199052
1.1990734
1.1990955
1.1991232
1.1991679
1.1992328
1.1993107
1.1994038
1.1995178
1.1996541
1.1998123
1.1999905
1.2001868
1.2004006
1.200633
1.2008887
1.2011711
1.2013512
1.2013666
1.2013903
1.201432
1.201475
1.2015224
1.2015691
1.2016021
1.2016191
1.1990328
1.1990491
1.1990665
1.1990851
1.1991056
1.1991288
1.1991554
1.199186
1.1992208
1.1992604
1.1993088
1.1993746
1.1994612
1.199567
1.1996941
1.1998433
1.2000143
1.2002054
1.2004148
1.2006429
1.2008933
1.2011702
1.2013788
1.2014053
1.2014202
1.2014505
1.2014885
1.2015327
1.2015663
1.2015955
1.2016124
1.1990432
1.1990597
1.199077
1.1990961
1.1991182
1.1991436
1.1991727
1.1992065
1.1992463
1.1992939
1.1993508
1.1994187
1.1995015
1.1996038
1.1997264
1.1998702
1.2000353
1.2002212
1.2004266
1.2006508
1.2008961
1.2011669
1.2013993
1.2014413
1.2014511
1.2014734
1.2015053
1.2015357
1.201566
1.2015965
1.201609
1.1991033
1.1991164
1.1991312
1.1991479
1.199167
1.1991894
1.1992158
1.1992472
1.1992849
1.1993306
1.1993862
1.1994547
1.1995385
1.1996393
1.199759
1.1998991
1.2000598
1.2002405
1.2004407
1.2006597
1.2008987
1.2011628
1.201412
1.2014747
1.2014806
1.2014972
1.2015201
1.2015448
1.201575
1.201597
1.2016071
1.1992274
1.199237
1.1992482
1.1992609
1.1992756
1.1992928
1.1993134
1.1993386
1.1993696
1.1994083
1.1994564
1.1995172
1.1995933
1.1996864
1.1997989
1.1999323
1.2000868
1.2002616
1.2004556
1.200668
1.2008999
1.2011567
1.2014203
1.201506
1.2015088
1.2015204
1.2015378
1.2015598
1.2015827
1.2015993
1.2016092
1.1993782
1.1993863
1.1993956
1.1994061
1.1994179
1.1994315
1.1994475
1.1994667
1.1994903
1.1995202
1.1995595
1.1996096
1.1996722
1.1997515
1.1998506
1.1999715
1.200115
1.2002807
1.2004669
1.2006725
1.2008977
1.201148
1.2014196
1.2015329
1.2015379
1.2015449
1.2015597
1.2015771
1.2015929
1.2016076
1.2016155
1.1994993
1.1995082
1.1995181
1.1995289
1.1995409
1.1995541
1.1995691
1.1995865
1.1996072
1.1996322
1.1996626
1.1997029
1.199756
1.1998229
1.1999078
1.2000142
1.2001439
1.2002975
1.2004741
1.2006721
1.2008907
1.2011348
1.2014084
1.2015557
1.2015685
1.2015713
1.2015808
1.201593
1.2016058
1.2016176
1.2016224
1.1995699
1.1995798
1.1995909
1.199603
1.1996162
1.1996309
1.1996472
1.1996657
1.1996869
1.199712
1.199742
1.199778
1.1998235
1.199883
1.1999588
1.2000541
1.2001717
1.2003136
1.2004799
1.2006698
1.200882
1.2011198
1.2013912
1.2015734
1.2016005
1.2016026
1.2016077
1.201615
1.2016246
1.2016319
1.2016347
1.1996231
1.1996327
1.1996434
1.1996553
1.1996684
1.1996829
1.1996992
1.1997177
1.199739
1.1997639
1.1997936
1.1998298
1.1998745
1.1999306
1.2000011
1.2000893
1.2001985
1.200331
1.2004883
1.2006703
1.200876
1.2011073
1.2013717
1.2015877
1.2016313
1.201633
1.2016343
1.2016371
1.2016423
1.2016464
1.2016481
1.1996911
1.1996996
1.1997091
1.1997196
1.1997313
1.1997444
1.1997591
1.1997759
1.1997953
1.1998182
1.1998457
1.1998793
1.199921
1.1999732
1.2000391
1.2001217
1.2002243
1.2003497
1.2004995
1.2006743
1.200874
1.2010995
1.2013577
1.2015978
1.2016599
1.2016629
1.201663
1.2016635
1.2016651
1.2016672
1.2016673
1.1997695
1.1997771
1.1997857
1.1997951
1.1998056
1.1998172
1.1998302
1.1998451
1.1998623
1.1998825
1.1999069
1.1999367
1.199974
1.2000211
1.2000809
1.2001567
1.2002518
1.2003693
1.2005112
1.2006786
1.2008717
1.2010915
1.2013446
1.2016032
1.2016845
1.2016876
1.2016872
1.2016868
1.2016866
1.201687
1.2016854
1.1998387
1.199846
1.1998541
1.1998631
1.199873
1.1998839
1.1998962
1.1999101
1.199926
1.1999445
1.1999667
1.1999936
1.2000272
1.2000695
1.2001235
1.2001924
1.2002797
1.2003888
1.2005223
1.2006819
1.2008682
1.2010822
1.2013305
1.2016039
1.2017087
1.2017137
1.2017128
1.2017125
1.2017126
1.201712
1.2017099
1.1999029
1.1999098
1.1999174
1.1999259
1.1999352
1.1999456
1.1999571
1.1999702
1.199985
1.2000023
1.2000226
1.2000474
1.2000785
1.2001175
1.2001664
1.2002287
1.2003082
1.2004083
1.2005324
1.2006825
1.2008601
1.2010661
1.2013063
1.2015854
1.2017294
1.2017415
1.2017368
1.2017352
1.2017354
1.2017344
1.2017322
1.1999585
1.1999649
1.199972
1.1999799
1.1999887
1.1999985
1.2000094
1.2000218
1.2000359
1.2000522
1.2000715
1.2000947
1.2001232
1.2001588
1.2002039
1.2002614
1.2003347
1.2004274
1.200543
1.2006843
1.2008531
1.2010504
1.2012817
1.2015594
1.2017457
1.201773
1.2017696
1.2017664
1.2017649
1.2017633
1.2017607
1.2000239
1.2000296
1.2000359
1.2000429
1.2000508
1.2000595
1.2000693
1.2000804
1.2000931
1.2001079
1.2001254
1.2001463
1.2001717
1.2002034
1.2002444
1.2002969
1.200364
1.2004494
1.2005567
1.200689
1.2008486
1.2010371
1.2012596
1.2015298
1.2017552
1.2018008
1.2017982
1.2017937
1.2017905
1.2017879
1.2017848
1.2000773
1.2000824
1.2000882
1.2000946
1.2001018
1.2001098
1.2001189
1.2001292
1.2001411
1.2001549
1.2001712
1.2001908
1.2002149
1.200245
1.2002831
1.2003318
1.2003942
1.2004739
1.2005745
1.2006994
1.2008515
1.2010328
1.2012478
1.2015102
1.2017624
1.2018265
1.201828
1.2018244
1.2018212
1.2018183
1.201815
1.2001421
1.2001464
1.2001512
1.2001566
1.2001627
1.2001696
1.2001773
1.2001862
1.2001965
1.2002085
1.2002228
1.2002402
1.2002617
1.2002886
1.2003229
1.200367
1.2004238
1.2004968
1.2005899
1.2007066
1.2008502
1.2010232
1.2012295
1.2014811
1.2017561
1.2018474
1.2018513
1.2018479
1.2018453
1.2018424
1.2018392
1.2001907
1.2001944
1.2001987
1.2002035
1.200209
1.2002151
1.2002222
1.2002303
1.2002397
1.2002508
1.2002641
1.2002803
1.2003003
1.2003254
1.2003573
1.2003983
1.2004511
1.2005192
1.2006063
1.200716
1.2008521
1.2010175
1.2012162
1.2014592
1.2017458
1.2018683
1.2018811
1.2018786
1.2018761
1.2018735
1.2018705
1.2002618
1.2002645
1.2002676
1.2002712
1.2002753
1.2002799
1.2002853
1.2002915
1.2002989
1.2003078
1.2003186
1.2003319
1.2003486
1.20037
1.2003977
1.2004338
1.200481
1.2005424
1.2006216
1.2007226
1.2008492
1.2010047
1.2011931
1.201424
1.201713
1.2018834
1.2019049
1.201902
1.2018993
1.2018967
1.2018937
1.2003047
1.2003071
1.2003098
1.2003129
1.2003165
1.2003207
1.2003255
1.2003312
1.200338
1.2003462
1.2003562
1.2003687
1.2003848
1.2004059
1.2004326
1.2004663
1.2005102
1.2005677
1.2006421
1.200737
1.2008567
1.2010047
1.201185
1.201407
1.2016911
1.2018969
1.2019321
1.2019318
1.2019294
1.2019269
1.2019239
1.2003935
1.2003946
1.2003959
1.2003972
1.2003989
1.2004009
1.2004034
1.2004064
1.2004103
1.2004153
1.2004219
1.2004307
1.2004422
1.2004569
1.2004771
1.2005059
1.2005445
1.2005954
1.200662
1.2007481
1.2008577
1.2009951
1.2011646
1.2013743
1.2016456
1.201897
1.2019516
1.201952
1.20195
1.2019476
1.201945
1.2004162
1.2004169
1.2004178
1.2004189
1.2004203
1.2004221
1.2004242
1.200427
1.2004306
1.2004352
1.2004414
1.2004496
1.2004609
1.2004772
1.2004994
1.2005271
1.2005626
1.2006105
1.2006742
1.2007573
1.2008635
1.2009967
1.2011605
1.2013624
1.2016228
1.201896
1.2019725
1.2019784
1.201977
1.2019749
1.2019726
1.2005767
1.2005747
1.2005729
1.2005714
1.2005701
1.200569
1.2005683
1.2005681
1.2005687
1.2005701
1.2005727
1.2005766
1.2005822
1.2005897
1.2006004
1.2006177
1.2006438
1.2006798
1.2007287
1.2007943
1.2008808
1.2009931
1.2011367
1.2013176
1.2015521
1.201846
1.2019831
1.2019978
1.2019979
1.2019965
1.2019947
1.1895252
1.1897676
1.1899722
1.1901347
1.190267
1.1903689
1.1904487
1.1905128
1.190563
1.1906014
1.190638
1.1906861
1.1907442
1.1908612
1.1910593
1.1913588
1.1917408
1.192195
1.1926922
1.1931983
1.1936686
1.1940733
1.1943902
1.1945984
1.1946975
1.1947198
1.1947306
1.1947776
1.1949141
1.1951659
1.1955654
1.1960027
1.1964193
1.1967474
1.1969605
1.1970655
1.1970928
1.1971008
1.1970848
1.1971573
1.1973709
1.1976657
1.1978572
1.1979967
1.1980896
1.1981979
1.198368
1.1985521
1.1987107
1.1988565
1.1990064
1.199149
1.1992942
1.1994219
1.1995647
1.1996832
1.1998234
1.1999277
1.2000705
1.2001506
1.2003148
1.2003612
1.2006626
1.1890809
1.1892641
1.1894788
1.1896727
1.1898253
1.1899472
1.1900399
1.1901094
1.1901616
1.1902047
1.190251
1.1903135
1.1904097
1.1905612
1.1907976
1.1911365
1.1915839
1.1920919
1.1926296
1.1931649
1.1936519
1.1940662
1.1943831
1.1945821
1.1946713
1.1946933
1.1947157
1.1947674
1.1949327
1.1952003
1.1956081
1.1960591
1.1964715
1.1967954
1.1970068
1.1971139
1.1971475
1.1971762
1.1971727
1.1972557
1.1974698
1.19775
1.1979412
1.1980877
1.1981928
1.1983053
1.1984671
1.1986394
1.1987912
1.1989325
1.1990756
1.1992098
1.1993466
1.1994675
1.1996034
1.1997159
1.1998498
1.1999494
1.2000871
1.2001638
1.2003234
1.2003676
1.2006556
1.1892442
1.1892923
1.1893767
1.1894742
1.1895596
1.1896354
1.1897013
1.1897563
1.1898035
1.1898479
1.1899022
1.1899794
1.1901027
1.1902925
1.1905842
1.1909625
1.1914487
1.1920089
1.1925827
1.1931416
1.1936397
1.1940602
1.194373
1.1945597
1.1946416
1.1946829
1.1947097
1.1947796
1.194967
1.1952667
1.1956657
1.196124
1.196533
1.1968472
1.1970561
1.1971619
1.1972143
1.1972613
1.1972696
1.1973624
1.1975738
1.1978401
1.1980265
1.1981794
1.1982958
1.1984111
1.1985634
1.1987234
1.1988677
1.199004
1.1991405
1.1992668
1.1993958
1.1995102
1.1996395
1.1997463
1.1998744
1.1999695
1.2001023
1.2001758
1.200331
1.200373
1.2006535
1.189418
1.1894242
1.1894392
1.1894533
1.1894658
1.1894799
1.1895012
1.189529
1.1895602
1.1895968
1.1896537
1.1897424
1.1898839
1.1901015
1.1904205
1.1908416
1.1913537
1.1919371
1.1925372
1.1931126
1.1936163
1.1940421
1.1943474
1.1945215
1.1946211
1.1946836
1.1947167
1.1948107
1.1950178
1.1953407
1.1957414
1.1961908
1.1965979
1.196899
1.1971068
1.1972087
1.1972933
1.1973536
1.1973755
1.1974762
1.1976812
1.1979321
1.198112
1.1982702
1.1983963
1.1985132
1.1986556
1.1988033
1.1989398
1.199071
1.1992011
1.1993201
1.1994417
1.1995501
1.1996732
1.1997748
1.1998973
1.1999881
1.2001163
1.2001869
1.2003377
1.2003777
1.2006506
1.1894327
1.1894249
1.1894149
1.1893995
1.1893841
1.1893748
1.1893756
1.1893856
1.1894038
1.1894346
1.1894959
1.1895971
1.1897568
1.1899923
1.1903279
1.1907694
1.1913014
1.1918916
1.192499
1.1930847
1.1935856
1.1940114
1.1943017
1.1944875
1.1946179
1.1946888
1.1947404
1.1948599
1.1950859
1.1954204
1.1958286
1.1962654
1.196665
1.1969528
1.1971584
1.1972614
1.1973802
1.1974513
1.1974889
1.1975951
1.1977906
1.1980242
1.1981966
1.1983584
1.1984924
1.1986104
1.198743
1.1988786
1.1990072
1.1991334
1.1992576
1.1993698
1.1994847
1.1995873
1.1997048
1.1998013
1.1999187
1.2000055
1.2001291
1.2001971
1.2003436
1.2003817
1.2006471
1.1893992
1.1893908
1.1893767
1.1893551
1.1893356
1.1893223
1.1893173
1.1893185
1.189328
1.1893558
1.1894157
1.189529
1.1897025
1.189949
1.1902941
1.1907422
1.1912751
1.1918617
1.1924638
1.1930436
1.1935474
1.1939568
1.1942526
1.1944685
1.194615
1.1947011
1.1947811
1.1949267
1.1951702
1.1955121
1.1959205
1.196347
1.1967288
1.1970124
1.1972047
1.1973276
1.1974682
1.1975523
1.1976074
1.1977172
1.1979003
1.1981153
1.1982791
1.1984424
1.1985826
1.1987015
1.1988249
1.1989491
1.1990701
1.1991913
1.19931
1.1994161
1.1995247
1.1996221
1.1997342
1.1998262
1.1999386
1.2000217
1.2001411
1.2002065
1.2003489
1.2003851
1.2006432
1.1893748
1.1893657
1.189351
1.1893359
1.1893217
1.1893119
1.1893083
1.189308
1.1893168
1.1893474
1.1894113
1.1895274
1.1897006
1.1899498
1.1902949
1.1907402
1.1912618
1.1918334
1.1924225
1.1929835
1.1934912
1.1938875
1.1942076
1.1944457
1.1946089
1.1947242
1.1948372
1.1950095
1.1952688
1.1956149
1.1960176
1.1964303
1.1967922
1.1970725
1.1972517
1.1973999
1.1975522
1.197654
1.1977276
1.19784
1.1980088
1.1982039
1.198358
1.1985212
1.1986659
1.1987859
1.1989013
1.1990148
1.1991284
1.1992448
1.1993586
1.1994591
1.199562
1.1996546
1.1997617
1.1998493
1.1999572
1.2000367
1.2001521
1.2002152
1.2003536
1.2003882
1.2006391
1.1893753
1.1893674
1.1893565
1.1893453
1.1893354
1.1893277
1.189322
1.1893256
1.1893445
1.1893817
1.1894483
1.1895606
1.1897318
1.1899788
1.1903135
1.190747
1.1912466
1.1917965
1.1923669
1.1929135
1.1934131
1.1938172
1.1941535
1.1944126
1.1946055
1.1947574
1.1949062
1.1951055
1.1953788
1.195726
1.1961192
1.196514
1.1968597
1.1971266
1.1973052
1.1974658
1.1976303
1.1977533
1.1978461
1.1979606
1.1981144
1.1982891
1.1984323
1.1985938
1.1987419
1.1988633
1.1989718
1.1990756
1.1991822
1.1992941
1.1994035
1.199499
1.1995967
1.1996848
1.1997873
1.199871
1.1999746
1.2000508
1.2001623
1.2002233
1.2003578
1.200391
1.2006349
1.1893939
1.1893842
1.1893756
1.1893683
1.189363
1.1893601
1.1893605
1.1893691
1.1893896
1.1894283
1.1894961
1.1896057
1.1897726
1.1900256
1.1903437
1.1907513
1.1912226
1.1917495
1.1922968
1.192829
1.1933199
1.1937384
1.194091
1.1943754
1.1946051
1.1947979
1.1949849
1.1952112
1.195497
1.1958424
1.1962231
1.1965982
1.1969255
1.1971774
1.1973569
1.1975252
1.1977028
1.1978471
1.1979594
1.1980763
1.1982157
1.1983697
1.1985011
1.19866
1.1988105
1.1989336
1.1990366
1.1991318
1.1992317
1.1993394
1.1994448
1.199536
1.199629
1.1997129
1.1998112
1.1998912
1.1999908
1.200064
1.2001718
1.2002308
1.2003616
1.2003935
1.2006306
1.1894226
1.189414
1.1894066
1.1894023
1.189401
1.1894026
1.1894084
1.1894216
1.1894457
1.189487
1.1895555
1.1896585
1.1898219
1.1900635
1.190364
1.1907477
1.1912006
1.1916989
1.192213
1.1927331
1.1932157
1.1936452
1.1940229
1.1943342
1.1946038
1.1948408
1.1950684
1.1953222
1.1956196
1.1959613
1.1963271
1.1966813
1.1969867
1.1972245
1.1974029
1.1975774
1.1977676
1.197932
1.1980641
1.1981848
1.1983112
1.1984453
1.1985644
1.1987195
1.1988718
1.198997
1.1990958
1.1991833
1.1992772
1.1993809
1.1994827
1.19957
1.1996588
1.1997389
1.1998334
1.1999101
1.2000059
1.2000763
1.2001806
1.2002378
1.2003649
1.2003958
1.2006263
1.1894606
1.1894521
1.1894445
1.1894415
1.1894429
1.1894482
1.1894582
1.1894756
1.1895046
1.1895499
1.1896189
1.1897178
1.1898781
1.1901014
1.1903839
1.1907347
1.1911578
1.19163
1.1921285
1.1926291
1.1931028
1.1935389
1.1939445
1.1942871
1.1945971
1.1948806
1.1951505
1.1954332
1.1957424
1.1960795
1.1964292
1.1967611
1.1970433
1.1972664
1.1974413
1.1976213
1.1978231
1.198006
1.1981579
1.1982842
1.1983999
1.1985151
1.198622
1.1987725
1.1989263
1.1990537
1.1991495
1.1992305
1.1993187
1.1994187
1.1995174
1.1996014
1.1996864
1.1997631
1.199854
1.1999277
1.20002
1.2000878
1.2001888
1.2002444
1.2003679
1.2003978
1.200622
1.1894948
1.1894858
1.1894823
1.1894819
1.1894856
1.1894935
1.1895067
1.1895275
1.1895593
1.189607
1.1896778
1.1897778
1.1899265
1.1901312
1.1903942
1.1907198
1.1911112
1.1915539
1.1920255
1.1925072
1.192983
1.193427
1.1938512
1.1942336
1.1945854
1.1949163
1.1952268
1.195539
1.1958608
1.1961938
1.1965271
1.1968357
1.1970945
1.1973012
1.1974723
1.1976564
1.1978688
1.1980686
1.1982398
1.1983736
1.1984814
1.1985793
1.1986741
1.1988195
1.1989742
1.1991041
1.1991981
1.1992736
1.1993566
1.1994532
1.1995491
1.1996302
1.1997118
1.1997855
1.1998732
1.199944
1.2000332
1.2000985
1.2001964
1.2002505
1.2003706
1.2003997
1.2006178
1.1895234
1.1895121
1.1895091
1.1895115
1.1895183
1.1895297
1.1895467
1.1895713
1.1896067
1.1896574
1.1897305
1.1898321
1.1899676
1.1901506
1.1903916
1.1906925
1.1910522
1.1914604
1.1919054
1.1923755
1.192848
1.1933037
1.1937465
1.1941718
1.1945664
1.1949433
1.195295
1.1956363
1.195971
1.196301
1.1966184
1.1969027
1.1971386
1.1973299
1.1974963
1.1976828
1.1979049
1.1981203
1.1983095
1.1984524
1.1985555
1.1986379
1.1987211
1.1988608
1.199016
1.1991485
1.1992418
1.1993129
1.1993911
1.1994845
1.199578
1.1996566
1.1997353
1.1998062
1.1998909
1.1999593
1.2000454
1.2001085
1.2002035
1.2002562
1.2003731
1.2004015
1.2006138
1.189541
1.1895313
1.1895285
1.1895319
1.1895409
1.1895554
1.1895759
1.1896042
1.1896431
1.1896964
1.1897707
1.1898727
1.1899958
1.19016
1.1903805
1.1906534
1.1909809
1.1913569
1.1917771
1.1922334
1.192701
1.1931699
1.1936346
1.1940974
1.1945347
1.1949555
1.1953493
1.1957198
1.1960687
1.1963976
1.1967009
1.1969635
1.1971772
1.1973535
1.1975135
1.1977014
1.1979321
1.1981617
1.1983675
1.1985207
1.1986222
1.1986913
1.1987633
1.1988971
1.1990523
1.1991876
1.1992809
1.1993485
1.1994224
1.1995128
1.1996042
1.1996808
1.1997569
1.1998253
1.1999073
1.1999734
1.2000568
1.2001179
1.2002102
1.2002615
1.2003754
1.2004031
1.2006098
1.1895501
1.1895426
1.1895411
1.1895459
1.1895568
1.1895736
1.1895969
1.1896281
1.1896696
1.1897245
1.1897974
1.1898931
1.1900126
1.1901625
1.1903653
1.1906099
1.1909061
1.1912534
1.1916475
1.1920862
1.1925504
1.1930275
1.1935183
1.1940136
1.1944922
1.1949537
1.1953851
1.1957846
1.1961503
1.1964816
1.1967746
1.1970198
1.1972117
1.1973714
1.197525
1.1977134
1.1979514
1.1981939
1.1984149
1.198579
1.198682
1.1987399
1.1988014
1.1989288
1.1990835
1.1992215
1.1993158
1.1993808
1.1994508
1.1995385
1.199628
1.1997029
1.1997767
1.199843
1.1999225
1.1999866
1.2000675
1.2001267
1.2002163
1.2002665
1.2003775
1.2004046
1.2006061
1.189547
1.1895436
1.1895444
1.1895509
1.1895635
1.1895825
1.1896082
1.1896421
1.1896858
1.1897418
1.1898135
1.189905
1.1900203
1.1901573
1.1903416
1.1905621
1.1908294
1.1911471
1.1915158
1.191936
1.1923973
1.1928832
1.1933996
1.193925
1.194441
1.1949396
1.1954051
1.1958318
1.196215
1.1965517
1.1968389
1.1970692
1.1972407
1.1973851
1.1975323
1.1977203
1.197964
1.1982179
1.1984525
1.1986279
1.1987348
1.198784
1.1988357
1.1989565
1.1991103
1.199251
1.1993468
1.1994099
1.1994766
1.1995616
1.1996495
1.199723
1.1997949
1.1998592
1.1999366
1.1999989
1.2000774
1.200135
1.2002221
1.2002712
1.2003795
1.200406
1.2006025
1.1895375
1.189538
1.1895409
1.1895487
1.1895626
1.1895833
1.189611
1.1896471
1.1896928
1.1897502
1.1898215
1.1899104
1.1900191
1.1901462
1.1903122
1.1905103
1.1907504
1.1910393
1.1913831
1.1917882
1.1922443
1.1927438
1.193281
1.1938346
1.1943832
1.1949151
1.1954117
1.1958627
1.1962635
1.1966077
1.1968924
1.1971111
1.1972657
1.1973961
1.197537
1.1977232
1.197971
1.1982348
1.1984816
1.1986683
1.1987808
1.1988241
1.1988669
1.1989807
1.1991331
1.1992763
1.1993741
1.1994362
1.1994999
1.1995825
1.1996689
1.1997413
1.1998115
1.1998742
1.1999496
1.2000103
1.2000866
1.2001427
1.2002276
1.2002757
1.2003813
1.2004072
1.200599
1.1895266
1.1895298
1.189534
1.1895422
1.1895565
1.189578
1.1896072
1.1896451
1.1896928
1.1897518
1.1898235
1.1899104
1.1900132
1.1901329
1.1902829
1.1904606
1.190675
1.1909375
1.1912559
1.1916462
1.1921001
1.1926105
1.1931668
1.1937449
1.1943214
1.194882
1.1954067
1.1958794
1.1962968
1.1966506
1.1969362
1.1971474
1.1972883
1.197406
1.1975401
1.1977235
1.1979736
1.1982456
1.1985032
1.1987009
1.1988202
1.1988603
1.1988952
1.199002
1.1991524
1.1992979
1.1993982
1.1994599
1.199521
1.1996014
1.1996865
1.199758
1.1998268
1.199888
1.1999616
1.2000209
1.2000953
1.20015
1.2002327
1.2002799
1.200383
1.2004084
1.2005955
1.189519
1.1895227
1.1895263
1.1895337
1.1895479
1.1895696
1.1895994
1.1896389
1.1896886
1.1897497
1.1898228
1.1899086
1.1900089
1.1901224
1.1902583
1.1904183
1.1906092
1.1908462
1.1911431
1.1915164
1.1919675
1.1924868
1.1930601
1.1936591
1.194259
1.194843
1.1953923
1.1958841
1.1963167
1.1966813
1.1969712
1.197179
1.1973094
1.197416
1.1975428
1.1977224
1.197973
1.1982515
1.1985185
1.1987266
1.1988538
1.1988932
1.1989213
1.1990209
1.1991687
1.1993162
1.1994194
1.1994812
1.1995402
1.1996184
1.1997023
1.1997731
1.1998408
1.1999007
1.1999727
1.2000307
1.2001034
1.2001569
1.2002375
1.2002839
1.2003846
1.2004095
1.2005923
1.1895109
1.189514
1.1895172
1.1895244
1.1895387
1.1895603
1.1895908
1.1896318
1.189684
1.1897478
1.1898233
1.1899107
1.1900102
1.1901213
1.1902467
1.1903902
1.1905598
1.190772
1.1910493
1.1914063
1.1918497
1.1923767
1.1929642
1.1935804
1.1942002
1.1948024
1.1953721
1.1958804
1.1963266
1.1967027
1.1969987
1.1972065
1.1973292
1.1974261
1.1975457
1.1977203
1.19797
1.1982536
1.1985288
1.1987464
1.1988829
1.198923
1.1989453
1.1990377
1.1991824
1.1993316
1.1994378
1.1995004
1.1995576
1.1996337
1.1997166
1.1997869
1.1998536
1.1999125
1.199983
1.20004
1.2001109
1.2001633
1.2002421
1.2002878
1.2003862
1.2004106
1.2005891
1.1895044
1.1895073
1.1895087
1.1895136
1.189527
1.1895501
1.1895828
1.1896268
1.1896831
1.1897516
1.1898316
1.1899229
1.1900241
1.1901333
1.1902517
1.1903827
1.1905357
1.1907247
1.1909792
1.1913185
1.1917516
1.1922812
1.1928815
1.1935127
1.1941477
1.1947633
1.1953488
1.1958716
1.1963275
1.1967152
1.1970198
1.1972303
1.1973482
1.1974371
1.1975497
1.1977183
1.1979654
1.1982525
1.1985347
1.1987612
1.1989075
1.1989499
1.1989678
1.1990529
1.1991939
1.1993443
1.1994538
1.1995176
1.1995734
1.1996476
1.1997295
1.1997994
1.1998654
1.1999233
1.1999926
1.2000486
1.2001181
1.2001695
1.2002464
1.2002915
1.2003877
1.2004117
1.2005861
1.189469
1.1894754
1.1894866
1.1894975
1.1895137
1.18954
1.1895772
1.1896265
1.1896892
1.1897648
1.1898513
1.1899486
1.1900547
1.1901651
1.1902799
1.1904021
1.190541
1.1907079
1.190938
1.1912586
1.1916784
1.1922065
1.1928132
1.1934572
1.1941011
1.1947258
1.1953218
1.1958613
1.1963202
1.1967153
1.1970332
1.1972502
1.1973665
1.1974496
1.1975559
1.1977176
1.1979603
1.1982492
1.198537
1.1987714
1.1989276
1.198974
1.1989886
1.1990669
1.1992038
1.1993548
1.1994676
1.1995331
1.1995878
1.1996602
1.1997411
1.1998108
1.1998762
1.1999333
1.2000015
1.2000566
1.2001248
1.2001753
1.2002506
1.200295
1.2003891
1.2004128
1.2005834
1.189304
1.1893433
1.189395
1.1894391
1.1894774
1.1895184
1.189567
1.1896266
1.1896998
1.1897879
1.1898832
1.1899887
1.1901026
1.1902168
1.1903313
1.1904483
1.1905777
1.1907259
1.1909326
1.1912345
1.1916361
1.1921567
1.1927621
1.1934117
1.1940577
1.1946916
1.1952877
1.1958418
1.1963122
1.1966988
1.1970334
1.197264
1.1973831
1.1974635
1.1975652
1.1977197
1.1979559
1.1982441
1.1985356
1.1987764
1.198943
1.1989953
1.1990083
1.1990799
1.1992121
1.1993633
1.1994795
1.1995468
1.1996008
1.1996716
1.1997516
1.1998212
1.1998861
1.1999426
1.2000097
1.2000642
1.2001311
1.2001809
1.2002547
1.2002985
1.2003906
1.200414
1.2005809
1.1889634
1.18905
1.1891493
1.1892476
1.1893423
1.189432
1.1895187
1.1896077
1.1897021
1.1898065
1.1899213
1.1900397
1.1901649
1.1902864
1.1904067
1.1905225
1.1906491
1.1907853
1.1909731
1.1912602
1.1916401
1.1921467
1.1927421
1.1933854
1.1940325
1.194668
1.1952575
1.1958153
1.1963084
1.1966769
1.1970191
1.197271
1.1973978
1.197479
1.1975783
1.197726
1.197954
1.198239
1.1985316
1.1987772
1.198954
1.1990141
1.1990273
1.1990927
1.1992196
1.1993703
1.1994896
1.1995591
1.1996128
1.199682
1.1997612
1.1998306
1.1998952
1.1999512
1.2000175
1.2000713
1.2001372
1.2001863
1.2002586
1.200302
1.2003921
1.2004153
1.2005788
1.1901914
1.1905102
1.1907242
1.1908889
1.191018
1.1911072
1.1911478
1.1911518
1.1911343
1.1903453
1.1906603
1.190872
1.1910355
1.1911649
1.1912358
1.1912666
1.1912661
1.1912477
1.1904411
1.1907497
1.1909841
1.1911487
1.1912708
1.1913461
1.1913762
1.1913751
1.1913573
1.1905496
1.1908652
1.1911138
1.1912839
1.1913954
1.191465
1.1914919
1.1914898
1.1914723
1.190661
1.19098
1.1912331
1.1914041
1.1915134
1.1915782
1.1916033
1.1916017
1.1915859
1.1907487
1.1910683
1.1913245
1.1915001
1.1916133
1.1916799
1.1917074
1.191709
1.1916963
1.1908151
1.1911338
1.1913939
1.1915777
1.1916994
1.1917724
1.1918062
1.1918137
1.1918059
1.1908706
1.1911848
1.1914488
1.1916432
1.1917771
1.1918605
1.1919033
1.1919184
1.1919164
1.1909109
1.1912218
1.1914916
1.1916999
1.1918501
1.1919475
1.1920015
1.1920255
1.1920298
1.1909391
1.1912492
1.1915255
1.1917523
1.1919234
1.1920376
1.1921046
1.192138
1.1921489
1.1909662
1.1912739
1.1915602
1.1918132
1.1920052
1.1921367
1.192217
1.19226
1.1922771
1.1909896
1.1913
1.1916191
1.1918925
1.1921026
1.1922506
1.1923438
1.1923957
1.1924186
1.1910284
1.1913709
1.1917094
1.1919969
1.1922233
1.1923859
1.1924902
1.1925498
1.1925776
1.19115
1.1914975
1.1918387
1.1921366
1.1923759
1.1925494
1.1926617
1.1927271
1.1927588
1.191334
1.1916727
1.1920163
1.1923213
1.1925674
1.1927463
1.1928628
1.1929319
1.1929665
1.1915968
1.1919199
1.192258
1.1925595
1.1928025
1.1929794
1.1930951
1.1931644
1.1931998
1.1919455
1.1922461
1.1925659
1.1928508
1.1930802
1.1932474
1.1933571
1.1934231
1.1934573
1.1923697
1.1926381
1.1929276
1.1931851
1.1933923
1.1935432
1.193642
1.1937017
1.1937325
1.1928398
1.1930693
1.1933209
1.1935447
1.1937247
1.1938557
1.1939418
1.1939946
1.1940227
1.1933221
1.1935099
1.19372
1.193908
1.1940595
1.19417
1.1942435
1.1942896
1.1943152
1.1937734
1.1939214
1.194092
1.1942466
1.194372
1.1944638
1.1945252
1.1945643
1.1945861
1.1941619
1.1942741
1.1944095
1.1945364
1.194642
1.1947214
1.1947767
1.1948139
1.1948366
1.1944661
1.1945486
1.1946545
1.1947602
1.1948537
1.1949286
1.1949845
1.1950249
1.1950523
1.1946655
1.1947271
1.1948121
1.194905
1.1949949
1.1950732
1.1951362
1.1951844
1.1952191
1.1947561
1.194806
1.1948801
1.1949694
1.1950643
1.1951535
1.1952297
1.1952901
1.1953351
1.1947696
1.1948168
1.1948867
1.1949771
1.1950807
1.1951843
1.1952764
1.1953512
1.1954075
1.1947578
1.1948024
1.1948747
1.194971
1.1950845
1.1952014
1.1953077
1.1953948
1.1954607
1.1947932
1.1948356
1.1949076
1.195006
1.1951237
1.1952468
1.1953598
1.1954535
1.1955247
1.1949105
1.1949576
1.1950314
1.1951277
1.1952421
1.1953621
1.1954728
1.1955652
1.1956356
1.1951662
1.1952134
1.1952786
1.1953628
1.1954634
1.1955696
1.1956684
1.1957521
1.195817
1.1955478
1.1955773
1.1956261
1.1956913
1.1957703
1.195855
1.1959354
1.1960053
1.1960607
1.1959784
1.1959952
1.1960273
1.1960714
1.1961266
1.1961881
1.1962486
1.1963034
1.1963486
1.196399
1.1964041
1.1964185
1.1964416
1.1964744
1.1965147
1.1965579
1.1966002
1.1966377
1.1967294
1.196722
1.1967211
1.1967264
1.1967402
1.1967627
1.196792
1.1968246
1.1968563
1.1969426
1.1969232
1.1969068
1.196895
1.196891
1.1968971
1.1969134
1.1969369
1.1969636
1.1970409
1.1970104
1.1969806
1.1969545
1.1969364
1.19693
1.1969363
1.1969526
1.1969747
1.1970583
1.1970191
1.1969781
1.1969392
1.1969083
1.19689
1.196886
1.1968938
1.1969093
1.1970433
1.1969854
1.1969209
1.1968561
1.1967992
1.1967565
1.1967306
1.1967201
1.1967213
1.1970109
1.1969442
1.1968697
1.1967916
1.1967154
1.1966493
1.1965995
1.1965672
1.1965497
1.197073
1.1969994
1.1969154
1.1968285
1.1967506
1.1966897
1.1966476
1.1966227
1.1966101
1.1972928
1.197233
1.1971662
1.1970951
1.1970263
1.1969667
1.1969207
1.1968894
1.1968714
1.1976003
1.1975431
1.1974751
1.1974006
1.1973259
1.1972575
1.1972007
1.1971581
1.1971288
1.1977921
1.1977345
1.1976664
1.1975889
1.1975081
1.1974326
1.1973684
1.197318
1.197281
1.1979206
1.1978479
1.197761
1.1976659
1.1975705
1.1974819
1.1974065
1.1973466
1.1973018
1.198002
1.1979186
1.1978163
1.1977006
1.1975815
1.19747
1.1973744
1.1972988
1.1972421
1.1981055
1.1980197
1.197914
1.1977928
1.1976651
1.197542
1.1974332
1.1973442
1.1972755
1.1982826
1.1982041
1.1981061
1.1979916
1.1978683
1.1977468
1.1976365
1.1975428
1.1974675
1.1984765
1.1984066
1.1983178
1.1982114
1.1980932
1.1979725
1.1978593
1.1977605
1.1976791
1.1986403
1.1985745
1.1984896
1.1983853
1.1982659
1.1981403
1.1980195
1.1979126
1.197824
1.1987897
1.1987277
1.1986466
1.1985454
1.1984271
1.1982988
1.1981711
1.1980545
1.1979553
1.1989457
1.1988899
1.1988167
1.1987246
1.1986154
1.1984942
1.1983695
1.1982505
1.1981448
1.199096
1.199048
1.1989849
1.1989053
1.1988098
1.1987019
1.198588
1.1984757
1.1983717
1.1992486
1.1992081
1.1991548
1.1990872
1.1990056
1.1989123
1.1988114
1.1987088
1.1986106
1.1993825
1.1993482
1.199303
1.1992457
1.1991765
1.1990967
1.1990097
1.1989197
1.1988313
1.1995316
1.1995033
1.199466
1.1994188
1.1993617
1.1992957
1.1992232
1.1991474
1.1990719
1.1996554
1.1996322
1.1996016
1.199563
1.1995161
1.199462
1.1994025
1.19934
1.1992772
1.1998009
1.1997826
1.1997585
1.199728
1.1996909
1.1996479
1.1996004
1.1995502
1.1994997
1.1999094
1.1998948
1.1998757
1.1998513
1.1998216
1.1997872
1.1997491
1.199709
1.1996685
1.2000564
1.2000455
1.2000311
1.2000127
1.1999903
1.199964
1.1999348
1.1999038
1.1998725
1.2001394
1.2001311
1.20012
1.2001059
1.2000886
1.2000685
1.2000461
1.2000224
1.1999986
1.2003073
1.2003017
1.2002941
1.2002843
1.2002721
1.2002576
1.2002412
1.2002235
1.2002056
1.2003558
1.2003521
1.2003468
1.2003397
1.2003308
1.20032
1.2003078
1.2002946
1.2002814
1.2006655
1.2006681
1.20067
1.2006711
1.2006739
1.2006742
1.2006731
1.2006711
1.2006682
1.1910776
1.1909995
1.1909246
1.1908699
1.1908625
1.1909593
1.1911928
1.1911265
1.1910639
1.1910198
1.1910203
1.1911197
1.1913076
1.191249
1.1911949
1.1911582
1.1911607
1.1912504
1.1914274
1.191374
1.1913245
1.1912903
1.191291
1.1913713
1.1915462
1.191498
1.1914529
1.1914218
1.1914215
1.1914952
1.1916626
1.19162
1.1915799
1.1915517
1.1915512
1.1916196
1.1917786
1.1917415
1.191706
1.1916808
1.1916798
1.1917423
1.1918955
1.1918636
1.1918323
1.1918095
1.1918076
1.1918635
1.192015
1.1919877
1.1919601
1.191939
1.1919359
1.1919851
1.1921396
1.1921164
1.1920915
1.1920718
1.1920669
1.1921087
1.1922728
1.1922529
1.1922302
1.1922107
1.1922038
1.1922389
1.1924183
1.1924008
1.192379
1.1923592
1.1923486
1.1923717
1.1925804
1.1925642
1.192543
1.1925223
1.1925096
1.1925318
1.1927641
1.1927494
1.1927289
1.1927097
1.1927004
1.1927355
1.1929743
1.1929617
1.192944
1.1929275
1.1929208
1.1929483
1.1932083
1.1931967
1.1931799
1.1931637
1.1931532
1.1931621
1.1934652
1.1934539
1.1934378
1.1934216
1.1934095
1.1934161
1.1937384
1.1937262
1.1937091
1.1936911
1.1936752
1.1936654
1.1940284
1.1940182
1.1940045
1.1939922
1.1939869
1.1940037
1.1943209
1.1943128
1.1943015
1.1942896
1.1942787
1.1942772
1.1945904
1.1945834
1.1945728
1.1945624
1.1945538
1.1945541
1.1948444
1.1948423
1.1948378
1.1948333
1.1948333
1.1948479
1.1950663
1.1950724
1.1950755
1.1950801
1.1950891
1.1951118
1.1952415
1.1952563
1.1952688
1.1952809
1.1952973
1.195327
1.1953674
1.1953924
1.1954133
1.1954335
1.1954569
1.1954937
1.1954503
1.1954846
1.1955143
1.1955419
1.1955721
1.1956172
1.1955117
1.1955529
1.1955889
1.1956215
1.1956577
1.1957162
1.1955798
1.1956251
1.1956643
1.1957025
1.1957457
1.1958178
1.1956901
1.1957342
1.1957748
1.1958141
1.1958629
1.1959526
1.1958669
1.1959084
1.1959469
1.1959891
1.1960434
1.1961414
1.196104
1.1961403
1.1961774
1.1962195
1.1962777
1.1963823
1.1963847
1.1964165
1.1964506
1.1964923
1.1965521
1.1966573
1.1966691
1.1966991
1.1967324
1.1967756
1.1968374
1.1969398
1.196886
1.1969164
1.196953
1.1969981
1.1970641
1.1971726
1.1969912
1.1970234
1.1970613
1.1971113
1.1971839
1.1973029
1.1970007
1.1970329
1.1970731
1.1971247
1.1972013
1.1973299
1.1969309
1.1969606
1.1969988
1.1970499
1.1971281
1.1972657
1.1967318
1.1967525
1.1967835
1.1968308
1.1969105
1.1970683
1.1965428
1.1965453
1.1965606
1.1965921
1.1966616
1.1968277
1.1966041
1.1966041
1.196611
1.1966316
1.1966773
1.1967949
1.1968611
1.1968571
1.1968629
1.1968828
1.1969245
1.1970125
1.1971078
1.197093
1.1970878
1.1970952
1.1971254
1.1972072
1.1972526
1.1972303
1.1972157
1.1972127
1.1972287
1.1972755
1.1972672
1.1972394
1.1972193
1.1972093
1.1972181
1.1972691
1.1971967
1.1971573
1.1971247
1.1971003
1.1970906
1.1971164
1.197219
1.1971688
1.1971254
1.1970897
1.1970655
1.1970614
1.1974026
1.1973412
1.1972845
1.1972318
1.1971837
1.1971523
1.1976071
1.1975371
1.1974702
1.1974058
1.1973445
1.1972942
1.197745
1.1976679
1.197594
1.1975227
1.1974543
1.1973954
1.1978652
1.1977757
1.1976894
1.1976061
1.1975281
1.1974637
1.1980449
1.1979415
1.1978381
1.1977348
1.197634
1.1975456
1.1982686
1.1981557
1.1980374
1.1979145
1.1977915
1.1976786
1.1985092
1.1983921
1.1982625
1.1981213
1.1979762
1.1978427
1.1987367
1.1986221
1.198488
1.1983325
1.1981644
1.198007
1.198989
1.1988838
1.1987537
1.1985914
1.1984016
1.1982119
1.1992074
1.1991163
1.1989993
1.1988437
1.1986466
1.198437
1.1994428
1.1993671
1.1992674
1.1991281
1.1989352
1.198709
1.1996228
1.1995612
1.1994796
1.1993629
1.1991924
1.1989773
1.1998367
1.1997878
1.1997225
1.1996271
1.1994803
1.1992791
1.1999714
1.1999338
1.1998838
1.1998108
1.1996968
1.1995361
1.2001848
1.2001555
1.2001161
1.2000577
1.1999641
1.1998255
1.200266
1.2002439
1.2002145
1.2001715
1.2001023
1.1999992
1.2006635
1.2006553
1.2006433
1.2006239
1.2005878
1.2005297
1.2029514
1.2035684
1.2041845
1.2047087
1.2050463
1.2052998
1.202003
1.2026535
1.2032879
1.2038198
1.2041432
1.2042677
1.2009799
1.2016482
1.2022819
1.2028004
1.2031054
1.2031944
1.1998503
1.2005154
1.2011287
1.2016196
1.201893
1.2019139
1.1986275
1.1992752
1.1998608
1.2003277
1.2005962
1.2006493
1.1973178
1.1979297
1.198472
1.1988992
1.1991384
1.1991572
1.1959407
1.1965053
1.1970013
1.1973996
1.1976519
1.1977351
1.1945877
1.195112
1.195572
1.1959451
1.1961902
1.1962735
1.1932539
1.1937258
1.1941381
1.1944719
1.1946888
1.1947349
1.1919743
1.1923823
1.1927369
1.1930242
1.1932122
1.1932437
1.1908401
1.1911859
1.1914838
1.1917296
1.1918958
1.1919275
1.1898874
1.1901698
1.1904129
1.190612
1.1907538
1.1908096
1.1891756
1.1894068
1.1896075
1.1897776
1.1899048
1.1899744
1.1888225
1.1889423
1.1890457
1.1891396
1.1892366
1.1893596
1.1885571
1.1886575
1.188746
1.1888286
1.1889143
1.1890278
1.1885573
1.188625
1.1886802
1.1887328
1.1888011
1.1889157
1.1886934
1.1887217
1.1887446
1.1887713
1.188818
1.1889377
1.1889289
1.1889263
1.1889231
1.1889307
1.1889667
1.1890921
1.1892407
1.1892134
1.1891892
1.1891815
1.1892104
1.189332
1.1895856
1.1895379
1.1894949
1.1894702
1.1894857
1.1896084
1.1899377
1.189877
1.1898238
1.1897936
1.1898092
1.1899246
1.1902686
1.190198
1.1901333
1.1900888
1.1900884
1.1902056
1.1905852
1.1905107
1.1904444
1.1904027
1.190408
1.190514
1.1908173
1.1907454
1.1906778
1.190628
1.1906194
1.1907225
1.2068665
1.2051893
1.2036351
1.2022243
1.2012469
1.2008494
1.2010051
1.2015568
1.2022705
1.2046865
1.2031838
1.2017278
1.200533
1.1997767
1.1995585
1.1998523
1.2005071
1.2012961
1.2020994
1.2009373
1.1997753
1.1988295
1.1982811
1.1982253
1.1986391
1.1993811
1.2002355
1.1994754
1.1986301
1.197752
1.1970787
1.1967406
1.196844
1.1973683
1.1981839
1.1990854
1.1967832
1.1962618
1.195681
1.1952628
1.195155
1.1954305
1.1960586
1.1969325
1.1978602
1.1940865
1.1938719
1.1936047
1.1934612
1.1935759
1.1940102
1.1947308
1.195642
1.1965699
1.1914772
1.1915525
1.1915907
1.1917226
1.19205
1.1926234
1.1934147
1.1943356
1.1952343
1.1890487
1.1893866
1.1897076
1.1900969
1.1906196
1.1913121
1.1921531
1.1930652
1.1939235
1.1868191
1.1874125
1.1879998
1.188627
1.189322
1.1901096
1.1909744
1.1918522
1.1926479
1.1850879
1.1857965
1.1865662
1.1873745
1.1882023
1.1890562
1.1899167
1.1907334
1.1914435
1.1828241
1.1838709
1.1851113
1.1862309
1.1872369
1.1881725
1.1890207
1.1897656
1.1903846
1.1821822
1.1833118
1.1843601
1.1854176
1.1864922
1.1875103
1.1883353
1.1889943
1.1895128
1.1815499
1.1828204
1.1841125
1.185385
1.1864403
1.1872749
1.1879561
1.1884651
1.1888681
1.1813615
1.182654
1.1839818
1.1852548
1.1863448
1.1871965
1.1878581
1.1883462
1.1886488
1.1815712
1.1828337
1.184132
1.185357
1.1864102
1.187222
1.187799
1.1881812
1.1884143
1.1821776
1.1833638
1.1845809
1.1857412
1.1867192
1.18745
1.1879465
1.1882606
1.1884465
1.1830877
1.1841398
1.1852381
1.1862891
1.1871723
1.1878243
1.1882523
1.1885019
1.1886294
1.184231
1.1851126
1.1860467
1.1869534
1.1877194
1.1882792
1.1886325
1.1888214
1.1889012
1.1855275
1.1862066
1.1869407
1.1876787
1.1883133
1.1887754
1.1890574
1.1891961
1.1892404
1.186844
1.1873146
1.1878421
1.188406
1.1889072
1.1892743
1.189492
1.1895895
1.1896068
1.1880072
1.1883228
1.1886783
1.1890861
1.1894649
1.1897459
1.189909
1.1899744
1.1899731
1.1889399
1.1891401
1.1893737
1.1896672
1.1899521
1.1901652
1.1902851
1.1903263
1.190313
1.1896006
1.1898239
1.1899917
1.1901901
1.1903897
1.1905434
1.1906293
1.190654
1.1906331
1.189719
1.1899194
1.1901387
1.190382
1.1905951
1.1907538
1.1908448
1.1908768
1.1908639
1.2122175
1.2121954
1.2115888
1.2106515
1.2096766
1.2087351
1.2081412
1.2084815
1.2081223
1.2074461
1.2067504
1.2061008
1.2039628
1.204663
1.2045194
1.2040983
1.2036634
1.2032551
1.1997949
1.2007682
1.2008233
1.2006557
1.2004814
1.2003218
1.1956605
1.196881
1.1971062
1.19718
1.1972523
1.1973267
1.1916378
1.1930946
1.1934486
1.1937504
1.1940517
1.1943402
1.1877998
1.1894444
1.1899614
1.1904617
1.190967
1.1914515
1.1842305
1.1860523
1.1867367
1.1874185
1.1881066
1.1887666
1.1811594
1.1830758
1.1838171
1.1846333
1.1854755
1.1862912
1.1782017
1.1803572
1.1815092
1.1825392
1.1835219
1.1844329
1.1766005
1.1788075
1.1795124
1.1802559
1.1811356
1.1820424
1.1746504
1.1768042
1.177293
1.1784344
1.1797021
1.1809688
1.1722894
1.174764
1.1759708
1.1774002
1.1788574
1.1802444
1.1711748
1.1743951
1.1758679
1.1772605
1.1786781
1.1800428
1.1715977
1.1748871
1.1761237
1.1774655
1.1788924
1.1802568
1.1728582
1.1756626
1.1768322
1.1781529
1.1795636
1.1809006
1.1743343
1.1768905
1.1780735
1.1793361
1.180673
1.1819287
1.1762736
1.1784539
1.1796462
1.1808966
1.1821325
1.1832467
1.178826
1.1806781
1.1816595
1.1827077
1.1837651
1.1847288
1.1815901
1.1828796
1.1837763
1.1846328
1.1854826
1.1862545
1.1849065
1.1854116
1.1858029
1.1863533
1.1869748
1.1875761
1.1866989
1.1872245
1.187586
1.1878286
1.1882207
1.1886456
1.1884187
1.1879858
1.1880884
1.1885265
1.188851
1.1892391
1.1891644
1.1886252
1.1882877
1.1884889
1.1891116
1.1895184
1.1889483
1.1891364
1.1888407
1.1885455
1.1886351
1.1892541
1.189252
1.1892192
1.1891543
1.1889691
1.1888728
1.1889837
1.189271
1.1892741
1.1892581
1.1892353
1.1891844
1.1892636
1.1893045
1.1893249
1.189322
1.1893335
1.1893577
1.1894354
1.1893073
1.1893451
1.1893519
1.189367
1.1893935
1.1894398
1.1893355
1.1893549
1.1893646
1.1893761
1.1893897
1.1894081
1.1893783
1.1893861
1.1893858
1.189387
1.1893882
1.1893901
1.189445
1.1894361
1.1894239
1.1894131
1.1894052
1.1893981
1.1895275
1.1895015
1.1894743
1.1894484
1.1894276
1.1894146
1.1896216
1.1895869
1.1895421
1.1894998
1.1894667
1.1894433
1.1897218
1.1896737
1.1896117
1.1895545
1.1895116
1.1894811
1.1898027
1.1897477
1.1896771
1.1896068
1.1895535
1.1895175
1.1898512
1.1897885
1.1897126
1.1896396
1.1895841
1.1895468
1.1898823
1.1897783
1.1897111
1.1896466
1.1895965
1.189563
1.1898487
1.1897859
1.1897198
1.189655
1.1896057
1.1895735
1.1897892
1.1897414
1.1896858
1.1896343
1.1895943
1.1895687
1.189715
1.1896781
1.1896377
1.1896004
1.1895724
1.1895564
1.1896482
1.1896217
1.1895963
1.1895729
1.1895557
1.1895465
1.1895909
1.1895764
1.189562
1.18955
1.1895415
1.1895387
1.1895449
1.1895406
1.1895339
1.1895293
1.1895259
1.1895262
1.1895125
1.1895207
1.1895172
1.1895166
1.1895183
1.1895212
1.1894882
1.189516
1.189501
1.189496
1.1894985
1.189501
1.1894904
1.1894806
1.1894475
1.1894291
1.1893825
1.189325
1.1894554
1.1894623
1.1894097
1.1892803
1.1890614
1.1889361
1.2024153
1.2032719
1.2033904
1.2032044
1.2028818
1.2025552
1.206285
1.2068498
1.2067771
1.2063896
1.2058507
1.205193
1.2100889
1.2103878
1.2101214
1.2095264
1.2087785
1.2078962
1.2137919
1.2138376
1.2133738
1.2125713
1.2116149
1.2105327
1.2173468
1.2171448
1.2164818
1.215474
1.2143186
1.2130472
1.2207127
1.2202542
1.2193879
1.2181788
1.2168414
1.2154135
1.2237697
1.2230569
1.2219969
1.2206099
1.2191206
1.2175917
1.226313
1.2254545
1.2242474
1.2227434
1.2211299
1.2195186
1.228465
1.2276792
1.2263393
1.2247105
1.2230082
1.2212392
1.2304351
1.2295818
1.228143
1.2264101
1.2245572
1.2226756
1.2320302
1.2310875
1.2295847
1.2277321
1.2257815
1.2238208
1.2332686
1.2322733
1.2306937
1.2287448
1.2267079
1.2246773
1.2341424
1.2330124
1.2313682
1.2293995
1.2273382
1.2252719
1.234614
1.2330229
1.2313707
1.2294923
1.2274943
1.2254576
1.2344055
1.2332063
1.2315362
1.2295556
1.2274793
1.2253933
1.2339208
1.232868
1.2312455
1.2292521
1.2271553
1.2250518
1.232915
1.231916
1.2303382
1.2284025
1.2263597
1.224305
1.2315916
1.2306233
1.22908
1.2272383
1.2252645
1.2232566
1.2299285
1.2290338
1.227547
1.2257611
1.2238859
1.2219422
1.22786
1.2270399
1.2256491
1.2239266
1.2221082
1.2202567
1.2255466
1.2246637
1.2233831
1.221784
1.2200477
1.2183002
1.2229036
1.2220776
1.2209145
1.2194316
1.2178238
1.2161649
1.2197523
1.219147
1.2181337
1.2167818
1.2153009
1.2138145
1.2161437
1.2157517
1.2148922
1.2136702
1.212308
1.2111732
1.189456
1.1894411
1.189232
1.1888488
1.1885617
1.1883724
1.189432
1.1890676
1.1885991
1.1882769
1.1884138
1.188854
1.1887779
1.1883175
1.1880125
1.1882383
1.1885962
1.1889235
1.1875437
1.1875924
1.187824
1.1879962
1.1882238
1.1885504
1.1859864
1.1866709
1.1867685
1.1869775
1.1873882
1.1878548
1.1840038
1.1847283
1.185221
1.1857791
1.1864105
1.187014
1.1814764
1.1829691
1.1836243
1.1843727
1.1851999
1.1859609
1.1790069
1.1809952
1.1819144
1.1829192
1.1839746
1.1848916
1.1768871
1.1794599
1.1805197
1.1816074
1.1827999
1.1839162
1.1753589
1.1781446
1.1792679
1.1805103
1.1818451
1.1830947
1.1741399
1.1773245
1.1784044
1.179703
1.181141
1.1825019
1.1730397
1.1767955
1.1779003
1.1792367
1.1807374
1.1821773
1.1723817
1.176522
1.1778527
1.1792423
1.1807329
1.182192
1.1725305
1.1763372
1.1778879
1.179463
1.1810107
1.1825007
1.1741975
1.1769463
1.177845
1.1794989
1.1812718
1.1829068
1.1761973
1.1789152
1.1791761
1.1803306
1.1818953
1.1834295
1.1774821
1.1804166
1.1817063
1.1828612
1.1837739
1.1848937
1.1795813
1.1821605
1.1831499
1.1843877
1.1856193
1.1868347
1.1819965
1.1844351
1.1852887
1.186311
1.1874135
1.1885525
1.184762
1.1869334
1.1877399
1.1885807
1.1895207
1.1905397
1.187847
1.189808
1.1905058
1.1911426
1.1918917
1.192756
1.1911795
1.1929366
1.19351
1.1939419
1.1944919
1.1951865
1.1948234
1.1962733
1.1967173
1.1969637
1.1973349
1.1978832
1.198583
1.1997366
1.2000384
1.2001047
1.2002591
1.2005641
1.2122088
1.2138582
1.2157173
1.2175646
1.2191763
1.220562
1.2216449
1.2225114
1.2231031
1.2233959
1.2234638
1.2232588
1.2227351
1.2220002
1.2210168
1.2197937
1.218325
1.2166404
1.214778
1.2127516
1.2105915
1.2083165
1.2060536
1.2039842
1.2124301
1.2133591
1.2150322
1.2166529
1.217974
1.2191077
1.2200159
1.2207283
1.2211956
1.2214437
1.2214911
1.221272
1.2208112
1.2201758
1.219327
1.218266
1.2170179
1.2156012
1.2140085
1.2122371
1.2103294
1.2082885
1.2062502
1.204744
1.2122972
1.2129557
1.2144341
1.2157499
1.2168022
1.2176563
1.2183827
1.218928
1.2192773
1.219471
1.2194817
1.2192634
1.2188715
1.218339
1.2176361
1.2167662
1.2157499
1.21457
1.2132546
1.2117648
1.2101553
1.2084032
1.2065909
1.2053514
1.2120096
1.2125259
1.2137463
1.214753
1.2155449
1.2161974
1.2167385
1.2171304
1.2173892
1.21753
1.2174988
1.2172928
1.2169666
1.2165268
1.215954
1.2152512
1.2144317
1.2134935
1.2123833
1.2111856
1.2098611
1.2084046
1.2068781
1.2058817
1.2116319
1.212016
1.2129282
1.2136524
1.2142386
1.2147252
1.2151106
1.2153829
1.2155681
1.2156569
1.2155942
1.215406
1.2151377
1.2147786
1.2143174
1.2137549
1.2130932
1.2123318
1.2114809
1.2105275
1.2094567
1.2082611
1.2070253
1.2062916
1.2111724
1.2113583
1.2119831
1.2125084
1.2129371
1.2132834
1.2135462
1.2137302
1.2138538
1.2138894
1.2138058
1.2136423
1.2134227
1.213132
1.2127659
1.2123249
1.211809
1.2112176
1.2105583
1.2098206
1.2089881
1.2080244
1.2070377
1.206543
1.2105675
1.2105983
1.2109908
1.2113744
1.2116847
1.2119206
1.2120909
1.2122148
1.2122853
1.2122697
1.2121768
1.2120384
1.2118572
1.211623
1.2113344
1.2109921
1.2105956
1.2101438
1.2096381
1.2090776
1.208453
1.2077267
1.2069507
1.2066175
1.2099166
1.2097962
1.2100346
1.2103229
1.2105446
1.2106975
1.2108015
1.2108729
1.2108934
1.2108442
1.2107521
1.2106333
1.2104808
1.2102905
1.2100625
1.2097968
1.209493
1.2091499
1.2087671
1.2083435
1.2078731
1.2073413
1.2067817
1.2065632
1.2093497
1.2091726
1.2092753
1.2094528
1.2095863
1.2096709
1.209728
1.2097519
1.209724
1.2096569
1.2095712
1.2094653
1.2093336
1.2091759
1.2089923
1.2087829
1.2085468
1.2082834
1.2079923
1.2076722
1.2073158
1.2069125
1.2065132
1.2064234
1.2088408
1.2086073
1.2086408
1.2087538
1.2088353
1.2088833
1.2089005
1.2088774
1.2088246
1.2087571
1.2086762
1.2085773
1.2084599
1.2083246
1.2081713
1.2079998
1.2078092
1.2075988
1.2073683
1.2071165
1.2068365
1.206519
1.2062123
1.2061812
1.20844
1.2082382
1.2082586
1.2083256
1.2083725
1.2083835
1.2083597
1.2083152
1.2082601
1.2081936
1.2081131
1.2080182
1.20791
1.2077888
1.207654
1.2075057
1.2073426
1.2071639
1.2069688
1.2067551
1.2065167
1.2062533
1.2060169
1.2059652
1.2083507
1.2082165
1.2082058
1.2082185
1.2082232
1.2082079
1.2081782
1.2081381
1.2080867
1.208023
1.207947
1.2078595
1.2077615
1.2076523
1.2075312
1.2073969
1.2072485
1.2070857
1.2069077
1.206712
1.2064927
1.2062591
1.2060872
1.206082
1.208441
1.2083929
1.2083792
1.2083725
1.2083611
1.2083416
1.2083137
1.2082763
1.2082286
1.20817
1.2081009
1.208022
1.2079338
1.2078371
1.2077315
1.2076152
1.2074863
1.2073436
1.2071855
1.2070085
1.2068045
1.2065736
1.2063742
1.2063146
1.2084421
1.2084554
1.2084525
1.2084453
1.2084319
1.20841
1.2083786
1.2083374
1.2082866
1.2082281
1.2081639
1.2080946
1.2080209
1.2079426
1.2078585
1.2077688
1.207674
1.2075744
1.2074703
1.2073612
1.2072431
1.20711
1.2069825
1.2069777
1.2084014
1.2083957
1.2083717
1.2083424
1.2083083
1.2082688
1.2082239
1.2081744
1.2081206
1.2080629
1.2080013
1.2079358
1.2078667
1.2077937
1.2077169
1.207636
1.2075514
1.2074634
1.2073726
1.2072796
1.2071847
1.2070906
1.2070142
1.2069989
1.2081895
1.2081519
1.2081047
1.2080589
1.2080135
1.2079673
1.2079204
1.2078729
1.207825
1.2077766
1.2077278
1.2076784
1.2076282
1.2075768
1.2075236
1.207468
1.2074092
1.2073463
1.2072785
1.2072052
1.207126
1.2070439
1.2069712
1.2069221
1.2078332
1.2077884
1.207738
1.2076904
1.207644
1.2075974
1.2075504
1.2075032
1.2074558
1.2074084
1.2073613
1.2073147
1.2072688
1.2072238
1.2071799
1.2071375
1.2070966
1.2070571
1.2070187
1.2069805
1.2069419
1.2069027
1.2068657
1.2068328
1.2074671
1.2074232
1.2073749
1.2073286
1.2072835
1.2072389
1.2071946
1.207151
1.2071083
1.2070663
1.2070251
1.2069844
1.2069441
1.2069041
1.2068643
1.2068246
1.2067851
1.2067458
1.2067067
1.2066679
1.2066296
1.2065929
1.2065597
1.2065292
1.2070841
1.2070428
1.2069978
1.2069549
1.2069138
1.2068736
1.2068344
1.2067961
1.2067587
1.2067222
1.2066867
1.2066523
1.2066191
1.2065871
1.2065563
1.2065268
1.2064985
1.2064713
1.2064451
1.2064197
1.2063948
1.2063709
1.206349
1.2063283
1.2067107
1.2066752
1.206637
1.2066005
1.2065653
1.2065306
1.2064964
1.206463
1.2064302
1.2063983
1.2063672
1.2063369
1.2063074
1.2062786
1.2062506
1.2062233
1.2061969
1.2061712
1.2061464
1.2061227
1.2061002
1.2060791
1.2060602
1.206042
1.206346
1.2063161
1.2062839
1.2062531
1.2062234
1.2061946
1.2061666
1.2061395
1.2061132
1.2060878
1.2060633
1.2060398
1.2060172
1.2059955
1.2059747
1.2059548
1.2059359
1.205918
1.2059008
1.2058844
1.2058686
1.2058538
1.2058408
1.2058284
1.2059975
1.2059739
1.2059485
1.205924
1.2059003
1.2058771
1.2058544
1.2058321
1.2058104
1.2057893
1.2057688
1.205749
1.2057297
1.2057111
1.2056931
1.2056758
1.205659
1.2056429
1.2056274
1.2056126
1.2055986
1.2055856
1.2055739
1.2055623
1.2056771
1.2056588
1.2056391
1.20562
1.2056016
1.2055836
1.205566
1.205549
1.2055326
1.2055168
1.2055015
1.2054869
1.2054729
1.2054595
1.2054468
1.2054346
1.2054231
1.2054122
1.2054018
1.205392
1.2053827
1.2053741
1.2053664
1.2053589
1.2053773
1.2053638
1.2053492
1.205335
1.2053211
1.2053075
1.2052942
1.2052811
1.2052684
1.205256
1.205244
1.2052323
1.2052209
1.20521
1.2051993
1.205189
1.205179
1.2051694
1.2051601
1.2051512
1.2051427
1.2051346
1.2051272
1.2051196
1.2051212
1.205111
1.2051004
1.2050899
1.2050795
1.2050693
1.2050593
1.2050496
1.2050402
1.2050312
1.2050225
1.2050142
1.2050063
1.2049988
1.2049916
1.2049849
1.2049785
1.2049724
1.2049667
1.2049612
1.2049561
1.2049512
1.2049468
1.2049423
1.2048844
1.2048777
1.2048703
1.2048628
1.2048555
1.2048483
1.2048411
1.2048341
1.2048272
1.2048205
1.2048139
1.2048076
1.2048013
1.2047953
1.2047894
1.2047837
1.2047782
1.2047729
1.2047677
1.2047627
1.2047578
1.2047531
1.2047485
1.2047437
1.2047026
1.2046978
1.2046924
1.2046868
1.2046813
1.2046757
1.2046702
1.2046648
1.2046596
1.2046545
1.2046496
1.2046448
1.2046403
1.204636
1.204632
1.2046281
1.2046245
1.2046211
1.2046179
1.2046149
1.204612
1.2046093
1.2046067
1.2046039
1.204537
1.204534
1.2045306
1.2045271
1.2045236
1.2045201
1.2045166
1.2045131
1.2045097
1.2045062
1.2045028
1.2044994
1.204496
1.2044926
1.2044891
1.2044857
1.2044822
1.2044787
1.2044753
1.2044718
1.2044684
1.2044651
1.2044617
1.2044581
1.2044368
1.2044347
1.2044323
1.2044297
1.204427
1.2044243
1.2044215
1.2044189
1.2044162
1.2044137
1.2044112
1.2044088
1.2044065
1.2044043
1.2044021
1.2043999
1.2043977
1.2043955
1.2043931
1.2043908
1.2043883
1.2043857
1.2043831
1.2043804
1.2043349
1.2043326
1.2043302
1.2043277
1.2043252
1.2043227
1.2043203
1.2043178
1.2043154
1.204313
1.2043106
1.2043081
1.2043056
1.204303
1.2043004
1.2042978
1.2042951
1.2042924
1.2042898
1.2042871
1.2042844
1.2042816
1.2042787
1.2042757
1.204188
1.204186
1.2041841
1.2041823
1.2041806
1.2041791
1.2041777
1.2041766
1.2041756
1.2041747
1.204174
1.2041732
1.2041725
1.2041717
1.2041709
1.2041701
1.2041692
1.2041684
1.2041674
1.2041665
1.2041655
1.2041644
1.2041632
1.2041619
1.2029409
1.2023112
1.2017906
1.2016308
1.2019879
1.2029011
1.2042148
1.2054897
1.20681
1.20354
1.2029431
1.2024463
1.202286
1.2026182
1.203492
1.2048075
1.2062003
1.2073471
1.2041584
1.2036029
1.2031288
1.2029519
1.2032257
1.2040063
1.205222
1.206576
1.2075973
1.2048005
1.2042874
1.2038373
1.2036419
1.2038477
1.2045129
1.2055736
1.2067786
1.2076831
1.2054517
1.2049857
1.2045624
1.2043487
1.2044804
1.2050162
1.2058984
1.206917
1.2077017
1.206088
1.2056742
1.2052829
1.2050542
1.2051106
1.2055108
1.2062103
1.2070407
1.2077155
1.2066999
1.2063341
1.2059757
1.2057373
1.2057257
1.2060013
1.2065474
1.2072361
1.2077541
1.2072809
1.2069601
1.2066323
1.2063942
1.2063407
1.2065444
1.2070027
1.207566
1.2077995
1.2077686
1.2075127
1.2072358
1.207023
1.2069516
1.2070588
1.2072739
1.2075292
1.2076343
1.2081472
1.2079797
1.2077364
1.2074854
1.2073129
1.2072591
1.2073711
1.2075825
1.2076292
1.2083524
1.2082557
1.208155
1.2079968
1.2078394
1.2077328
1.2077252
1.2077616
1.2076758
1.2085059
1.208426
1.2083345
1.2082957
1.2082713
1.2082296
1.2081845
1.2081291
1.208013
1.2084751
1.2084996
1.2084656
1.2083972
1.208361
1.2083732
1.2084015
1.2084131
1.2083871
1.2083774
1.2083849
1.2084346
1.2084565
1.2084343
1.2084051
1.2084022
1.2084241
1.2084486
1.2082179
1.2082356
1.2082502
1.2082888
1.2083434
1.2083781
1.2083908
1.2084003
1.2084099
1.2079896
1.2080004
1.208024
1.2080472
1.2080726
1.2081089
1.2081489
1.2081824
1.2082008
1.2077076
1.2077175
1.2077308
1.2077517
1.2077764
1.2077981
1.2078175
1.2078375
1.2078508
1.2073875
1.2073941
1.2074065
1.2074199
1.2074342
1.2074501
1.2074659
1.2074808
1.2074888
1.2070373
1.2070433
1.2070525
1.207064
1.2070757
1.2070853
1.2070937
1.2071024
1.2071066
1.2066848
1.2066875
1.2066936
1.206701
1.2067086
1.2067158
1.2067223
1.2067287
1.2067312
1.2063248
1.2063287
1.206335
1.206342
1.2063485
1.2063535
1.2063577
1.2063622
1.2063638
1.2059899
1.2059898
1.2059923
1.2059959
1.206
1.2060036
1.2060069
1.2060104
1.2060118
1.2056628
1.2056654
1.2056696
1.2056742
1.2056783
1.2056815
1.2056841
1.2056869
1.2056883
1.2053762
1.2053748
1.2053751
1.2053766
1.2053785
1.2053804
1.2053821
1.2053842
1.2053857
1.2051145
1.2051152
1.2051172
1.2051195
1.2051216
1.2051232
1.2051246
1.2051262
1.2051273
1.2048872
1.2048855
1.204885
1.2048852
1.2048858
1.2048864
1.2048871
1.2048882
1.2048888
1.2047045
1.2047038
1.2047038
1.2047043
1.2047048
1.2047051
1.2047054
1.2047059
1.2047061
1.2045427
1.2045416
1.2045409
1.2045405
1.2045401
1.2045396
1.2045393
1.2045393
1.2045393
1.204442
1.2044411
1.2044406
1.2044402
1.2044398
1.2044393
1.2044388
1.2044386
1.2044385
1.2043441
1.2043431
1.2043421
1.2043412
1.2043401
1.204339
1.204338
1.2043374
1.2043369
1.2042043
1.2042031
1.2042016
1.2041999
1.204198
1.2041961
1.2041941
1.2041921
1.2041902
1.2035869
1.2041871
1.2047561
1.2053435
1.2059333
1.2065041
1.2070543
1.2075602
1.2079569
1.2082599
1.2084595
1.2085256
1.2084695
1.2083839
1.2082128
1.2079952
1.207708
1.2073931
1.2070398
1.2066904
1.2063271
1.2059953
1.2056643
1.205381
1.2051161
1.2048907
1.2047064
1.2045446
1.2044434
1.2043451
1.2042056
1.2041476
1.2047054
1.2052347
1.205778
1.2063176
1.2068346
1.2073278
1.2077532
1.2080864
1.2083794
1.2085142
1.2085347
1.2084907
1.208396
1.2082302
1.2080112
1.2077249
1.20741
1.2070542
1.2067055
1.2063382
1.2060077
1.2056719
1.2053907
1.2051221
1.2048977
1.2047112
1.2045485
1.2044464
1.2043473
1.2042068
1.2047415
1.2052527
1.2057324
1.2062211
1.2066984
1.207145
1.2075521
1.2079088
1.2082546
1.2084591
1.2085439
1.2085763
1.2085276
1.2084321
1.208268
1.2080462
1.2077614
1.2074421
1.2070859
1.2067331
1.2063633
1.2060299
1.2056899
1.2054077
1.2051357
1.20491
1.2047211
1.2045564
1.2044528
1.2043526
1.2042084
1.2052586
1.2057256
1.2061457
1.206585
1.2069977
1.2073817
1.2077584
1.2081615
1.208389
1.2085517
1.2086426
1.2086742
1.2086263
1.2085246
1.208363
1.2081296
1.2078473
1.207518
1.207162
1.2067991
1.2064283
1.2060846
1.2057416
1.2054479
1.2051741
1.2049391
1.2047484
1.2045767
1.2044695
1.2043602
1.2042138
1.2055882
1.2060519
1.2064002
1.2068611
1.2072993
1.2077791
1.2081326
1.2084076
1.2086014
1.2087637
1.2088498
1.2088791
1.2088302
1.208713
1.208555
1.2083127
1.2080307
1.2076887
1.2073327
1.2069576
1.2065874
1.2062321
1.2058955
1.2055711
1.2052948
1.205031
1.2048381
1.2046436
1.2045313
1.2044017
1.204261
1.2059402
1.2065343
1.2069143
1.2074536
1.207754
1.208197
1.2083905
1.2086818
1.2088794
1.2090389
1.2091288
1.2091552
1.2091055
1.2089708
1.2088124
1.2085697
1.2082783
1.2079326
1.2075661
1.2071832
1.2068063
1.2064371
1.2060924
1.205766
1.2054909
1.205221
1.2050192
1.2048129
1.2046925
1.2045479
1.2043775
)
;

boundaryField
{
    Side1
    {
        type            empty;
    }
    Inlet
    {
        type            calculated;
        value           nonuniform List<scalar> 
70
(
1.2042448
1.2042433
1.2042416
1.2042395
1.2042371
1.2042342
1.2042307
1.2042267
1.204222
1.2042164
1.2042099
1.2042023
1.204193
1.2041814
1.2041687
1.2041541
1.204137
1.2041167
1.204093
1.204065
1.2040317
1.2039942
1.2039537
1.2039088
1.2038557
1.203796
1.2037323
1.2036682
1.2036083
1.2035586
1.2035278
1.2042753
1.204276
1.2042765
1.2042766
1.2042765
1.204276
1.2042754
1.2042745
1.2042735
1.2042723
1.2042709
1.2042695
1.2042679
1.2042662
1.2042645
1.2042626
1.2042607
1.2042588
1.2042568
1.2042547
1.2042526
1.2042504
1.2042483
1.2042462
1.2042621
1.2042639
1.2042659
1.2042679
1.2042699
1.2042716
1.204273
1.2042741
1.2042748
1.2042598
1.2042566
1.2042517
1.2042415
1.204212
1.2037576
)
;
    }
    Freestream
    {
        type            calculated;
        value           nonuniform List<scalar> 
118
(
1.2024012
1.2024068
1.2024131
1.2024203
1.2024285
1.2024378
1.2024483
1.2024602
1.2024738
1.2024892
1.2025068
1.2025269
1.2025501
1.2025766
1.2026069
1.2026411
1.2026794
1.2027217
1.202768
1.2028186
1.2028734
1.2029328
1.2029971
1.2030661
1.2031396
1.2032166
1.2032959
1.203375
1.2034501
1.2035206
1.2035626
1.2022026
1.2022102
1.2022181
1.2022261
1.2022342
1.2022424
1.2022506
1.2022589
1.2022672
1.2022756
1.202284
1.2022924
1.2023009
1.2023094
1.2023179
1.2023264
1.202335
1.2023435
1.2023521
1.2023607
1.2023692
1.2023778
1.2023865
1.202395
1.202195
1.2021898
1.2021811
1.2021732
1.2021656
1.20216
1.2021521
1.2021435
1.202134
1.2021244
1.2021153
1.2021061
1.2020964
1.202086
1.2020748
1.2020628
1.2020501
1.2020367
1.2020226
1.2020077
1.2019921
1.2019758
1.2019586
1.2019407
1.201922
1.2019026
1.2018825
1.2018619
1.2018407
1.2018193
1.2017975
1.2017759
1.2017544
1.2017332
1.2017128
1.201693
1.2016747
1.2016578
1.2016421
1.2016299
1.2016191
1.2016124
1.201609
1.2016071
1.2016092
1.2016155
1.2016224
1.2016347
1.2016481
1.2016673
1.2016854
1.2017099
1.2017322
1.2017607
1.2017848
1.201815
1.2018392
1.2018705
1.2018937
1.2019239
1.201945
1.2019726
1.2019947
)
;
    }
    Side2
    {
        type            empty;
    }
    Outlet
    {
        type            calculated;
        value           nonuniform List<scalar> 
70
(
1.2005146
1.2005148
1.2005151
1.2005155
1.2005161
1.200517
1.2005182
1.2005199
1.2005223
1.2005256
1.2005303
1.2005366
1.2005454
1.2005572
1.2005733
1.2005952
1.2006251
1.2006654
1.2007193
1.2007904
1.2008829
1.2010012
1.2011498
1.2013349
1.2015724
1.2018686
1.2020057
1.20202
1.2020201
1.202019
1.2020173
1.2005005
1.2005035
1.200506
1.2005081
1.2005098
1.2005112
1.2005123
1.2005131
1.2005138
1.2005142
1.2005145
1.2005147
1.2005148
1.2005148
1.2005147
1.2005146
1.2005145
1.2005144
1.2005142
1.2005141
1.2005141
1.2005141
1.2005142
1.2005143
1.2004978
1.2004959
1.2004931
1.2004895
1.200485
1.2004795
1.2004733
1.2004666
1.2004599
1.200452
1.2004407
1.2004255
1.2004027
1.2003641
1.2003034
)
;
    }
    Botwall
    {
        type            calculated;
        value           nonuniform List<scalar> 
118
(
1.1909593
1.1911197
1.1912504
1.1913713
1.1914952
1.1916196
1.1917423
1.1918635
1.1919851
1.1921087
1.1922389
1.1923717
1.1925318
1.1927355
1.1929483
1.1931621
1.1934161
1.1936654
1.1940037
1.1942772
1.1945541
1.1948479
1.1951118
1.195327
1.1954937
1.1956172
1.1957162
1.1958178
1.1959526
1.1961414
1.1963823
1.1966573
1.1969398
1.1971726
1.1973029
1.1973299
1.1972657
1.1970683
1.1968277
1.1967949
1.1970125
1.1972072
1.1972755
1.1972691
1.1971164
1.1970614
1.1971523
1.1972942
1.1973954
1.1974637
1.1975456
1.1976786
1.1978427
1.198007
1.1982119
1.198437
1.198709
1.1989773
1.1992791
1.1995361
1.1998255
1.1999992
1.2005297
1.2052998
1.2042677
1.2031944
1.2019139
1.2006493
1.1991572
1.1977351
1.1962735
1.1947349
1.1932437
1.1919275
1.1908096
1.1899744
1.1893596
1.1890278
1.1889157
1.1889377
1.1890921
1.189332
1.1896084
1.1899246
1.1902056
1.190514
1.1907225
1.2059402
1.2065343
1.2069143
1.2074536
1.207754
1.208197
1.2083905
1.2086818
1.2088794
1.2090389
1.2091288
1.2091552
1.2091055
1.2089708
1.2088124
1.2085697
1.2082783
1.2079326
1.2075661
1.2071832
1.2068063
1.2064371
1.2060924
1.205766
1.2054909
1.205221
1.2050192
1.2048129
1.2046925
1.2045479
1.2043775
)
;
    }
    Cyli
    {
        type            calculated;
        value           nonuniform List<scalar> 
96
(
1.2122175
1.2081412
1.2039628
1.1997949
1.1956605
1.1916378
1.1877998
1.1842305
1.1811594
1.1782017
1.1766005
1.1746504
1.1722894
1.1711748
1.1715977
1.1728582
1.1743343
1.1762736
1.178826
1.1815901
1.1849065
1.1866989
1.1884187
1.1891644
1.1889483
1.189252
1.189271
1.1893045
1.1893073
1.1893355
1.1893783
1.189445
1.1895275
1.1896216
1.1897218
1.1898027
1.1898512
1.1898823
1.1898487
1.1897892
1.189715
1.1896482
1.1895909
1.1895449
1.1895125
1.1894882
1.1894904
1.1894554
1.2024153
1.206285
1.2100889
1.2137919
1.2173468
1.2207127
1.2237697
1.226313
1.228465
1.2304351
1.2320302
1.2332686
1.2341424
1.234614
1.2344055
1.2339208
1.232915
1.2315916
1.2299285
1.22786
1.2255466
1.2229036
1.2197523
1.2161437
1.189456
1.189432
1.1887779
1.1875437
1.1859864
1.1840038
1.1814764
1.1790069
1.1768871
1.1753589
1.1741399
1.1730397
1.1723817
1.1725305
1.1741975
1.1761973
1.1774821
1.1795813
1.1819965
1.184762
1.187847
1.1911795
1.1948234
1.198583
)
;
    }
}


// ************************************************************************* //
