/*--------------------------------*- C++ -*----------------------------------*\
| =========                 |                                                 |
| \\      /  F ield         | OpenFOAM: The Open Source CFD Toolbox           |
|  \\    /   O peration     | Version:  2406                                  |
|   \\  /    A nd           | Website:  www.openfoam.com                      |
|    \\/     M anipulation  |                                                 |
\*---------------------------------------------------------------------------*/
FoamFile
{
    version     2.0;
    format      ascii;
    arch        "LSB;label=32;scalar=64";
    class       volScalarField;
    location    "0.066";
    object      Ma;
}
// * * * * * * * * * * * * * * * * * * * * * * * * * * * * * * * * * * * * * //

dimensions      [0 0 0 0 0 0 0];

internalField   nonuniform List<scalar> 
8260
(
0.14454319
0.14568813
0.14687579
0.14813622
0.14939999
0.15064585
0.15187916
0.15309624
0.1543951
0.15586194
0.15733884
0.15885377
0.16035085
0.16168467
0.16234481
0.16178862
0.15915044
0.15574536
0.1539152
0.15276687
0.15178328
0.15104101
0.15045425
0.14987708
0.14932774
0.14887335
0.14850625
0.14821548
0.14798501
0.14784098
0.14774138
0.14084442
0.14234544
0.14394767
0.14556886
0.14717803
0.14876122
0.15031617
0.15184998
0.15341649
0.15505583
0.15669549
0.15833146
0.15990444
0.16126033
0.16187567
0.16119606
0.15844787
0.15519237
0.15357062
0.15251776
0.15159005
0.15089202
0.15033525
0.14977796
0.1492457
0.14880692
0.14845262
0.14817095
0.14794713
0.14780763
0.14771076
0.13658327
0.13843059
0.14047093
0.14250957
0.14451347
0.14647528
0.14839055
0.15026276
0.1521239
0.1539939
0.1558302
0.15761631
0.15929022
0.16068634
0.16128078
0.16049785
0.15765779
0.15462696
0.153209
0.15224672
0.15137713
0.15072475
0.15020078
0.14966669
0.14915378
0.14873214
0.14839197
0.14812042
0.14790409
0.14776973
0.14767593
0.1325021
0.1346379
0.13700679
0.13939347
0.14174938
0.14406106
0.1463185
0.14851607
0.15066779
0.15278292
0.15482575
0.15677195
0.15855421
0.15998857
0.16055493
0.15964667
0.15673371
0.15399635
0.15279189
0.15193088
0.15112926
0.15053078
0.15004491
0.14953738
0.14904721
0.14864573
0.14832219
0.14806248
0.14785488
0.14772647
0.14763629
0.12872223
0.13106592
0.13366114
0.1363112
0.13895721
0.14157329
0.14413988
0.14664043
0.14907117
0.15142859
0.15367922
0.15578906
0.1576819
0.15914796
0.15966834
0.15860617
0.15566371
0.15331245
0.15232238
0.15157228
0.15084831
0.15031026
0.14986755
0.14939038
0.14892637
0.14854766
0.14824297
0.14799668
0.147799
0.14767728
0.14759122
0.12534415
0.12781433
0.13054195
0.13336393
0.1362204
0.13907492
0.14189771
0.14466099
0.14734436
0.14992913
0.1523789
0.15464782
0.15664673
0.15813131
0.15857664
0.15733713
0.15444462
0.15257013
0.15179168
0.15116345
0.15052845
0.15005847
0.1496648
0.14922224
0.14878839
0.14843565
0.14815264
0.14792168
0.14773543
0.14762128
0.14753996
0.12247359
0.12499997
0.12777241
0.13067017
0.13364309
0.1366507
0.13965578
0.14262069
0.14551061
0.14829128
0.1509173
0.1533283
0.15541733
0.15689474
0.15722187
0.15578814
0.15310749
0.15176427
0.151194
0.15069883
0.15016603
0.14977196
0.1494333
0.14903054
0.14863148
0.14830818
0.14804992
0.14783636
0.14766325
0.14755756
0.14748175
0.12026992
0.12274899
0.12546903
0.12834245
0.13133005
0.13439259
0.13748935
0.14057588
0.14360598
0.14653087
0.14929182
0.1518104
0.15395538
0.15538105
0.15553184
0.15390403
0.15169161
0.15088738
0.15052183
0.15017179
0.14975601
0.14944652
0.14916855
0.14881123
0.14845265
0.14816298
0.14793297
0.14773918
0.14758118
0.14748498
0.1474157
0.11876394
0.1211132
0.12369747
0.126456
0.12936148
0.13237889
0.13546824
0.13858262
0.14166868
0.14466553
0.14749903
0.15006819
0.15220757
0.15351471
0.15341662
0.15168769
0.15026032
0.14992938
0.14976891
0.14957638
0.14929271
0.14907815
0.14886674
0.14856019
0.1482491
0.14799801
0.14779998
0.14762862
0.14748782
0.14740226
0.14734081
0.11792898
0.12009151
0.12247978
0.12505023
0.12778549
0.13066056
0.1336408
0.13668133
0.13972577
0.14270399
0.14552575
0.14806182
0.1500969
0.15117659
0.1507434
0.14932178
0.14884047
0.14888033
0.14893227
0.14890688
0.14876826
0.14866224
0.14852495
0.14827373
0.14801744
0.1478107
0.14764868
0.14750285
0.14738146
0.14730782
0.14725577
0.11766497
0.11960321
0.12175286
0.12407937
0.1265759
0.12922585
0.1320042
0.13487158
0.13777125
0.14062548
0.14332691
0.14570972
0.14748594
0.14814671
0.14755236
0.14712903
0.14739743
0.14774195
0.14801382
0.14815978
0.14817475
0.14819443
0.14814044
0.14795033
0.14775391
0.14759833
0.14747664
0.14735982
0.14726029
0.14719993
0.14715885
0.11794092
0.11957712
0.12141932
0.12343932
0.12563103
0.12798471
0.13048112
0.13308348
0.13573185
0.13833752
0.14076849
0.14280228
0.14410551
0.1443924
0.14450242
0.14516305
0.1459212
0.14652023
0.14700141
0.14733092
0.14751816
0.14767015
0.14770765
0.14758715
0.14745448
0.14735771
0.14728099
0.14719691
0.14712239
0.1470768
0.14704782
0.11827392
0.11960532
0.12113162
0.12282328
0.12467412
0.12668246
0.12883228
0.13108195
0.13336011
0.1355653
0.13756586
0.13914204
0.14005391
0.14079607
0.14206644
0.14337144
0.14438106
0.14522902
0.14591075
0.14642779
0.14679674
0.14708104
0.14721974
0.14717832
0.14711758
0.14708516
0.14705862
0.14701128
0.14696586
0.14693681
0.14692011
0.11825371
0.11932442
0.12054921
0.12192865
0.12346389
0.12513171
0.12690112
0.1287352
0.13056912
0.13231517
0.13387866
0.13526203
0.13667989
0.13839114
0.1401069
0.14158455
0.14284026
0.14389231
0.14476485
0.14546536
0.14601423
0.14642706
0.14666627
0.14671723
0.14674325
0.14677642
0.14680609
0.14680078
0.14678868
0.14677865
0.14677315
0.11793165
0.11862342
0.1194974
0.1205625
0.1218348
0.12322515
0.12466137
0.1261732
0.12775641
0.12938117
0.13103985
0.13282992
0.13475781
0.13660087
0.13833502
0.13994765
0.14132298
0.14255502
0.14360243
0.14446747
0.14518214
0.14570947
0.146041
0.14620085
0.14632709
0.14642993
0.14652116
0.14656448
0.14658898
0.14660128
0.14660477
0.11905224
0.11957182
0.12013813
0.12075779
0.12149333
0.12242345
0.12354018
0.12483008
0.12624605
0.12777249
0.12946167
0.13134815
0.13321845
0.13504425
0.13684336
0.13849295
0.13992978
0.14125659
0.14245754
0.14346166
0.14431755
0.14494591
0.14535986
0.14562776
0.14586429
0.14604894
0.14620444
0.14630148
0.14636547
0.14640366
0.14641355
0.12043147
0.12095978
0.12155792
0.1222205
0.12290896
0.12364191
0.12443125
0.12518574
0.12605487
0.12722512
0.12870851
0.1302251
0.13187408
0.13364049
0.1355204
0.13722547
0.1386983
0.14005524
0.14134844
0.14247755
0.14343922
0.14414594
0.14464787
0.14501081
0.14535914
0.14563871
0.14585934
0.14601077
0.14611749
0.1461842
0.14619879
0.12183967
0.12217315
0.1225622
0.12301873
0.12355957
0.12420928
0.12500997
0.12598911
0.12696287
0.12786589
0.12866496
0.12979265
0.13121192
0.13271309
0.13420615
0.13590377
0.13759526
0.13898495
0.14027948
0.14150858
0.14255599
0.14332203
0.143923
0.144382
0.14482289
0.14519893
0.14548686
0.14569397
0.14584387
0.14594041
0.1459602
0.12364328
0.12395328
0.12430821
0.12470794
0.12515261
0.12563841
0.12615429
0.12670007
0.12733939
0.12816955
0.12920345
0.13012158
0.13109023
0.13232063
0.13353475
0.13487954
0.13644259
0.13799183
0.13925468
0.14051826
0.14165267
0.14248066
0.14317605
0.14375903
0.1442696
0.14472611
0.14508705
0.1453497
0.14554336
0.14566946
0.14569763
0.12514222
0.12534662
0.12558276
0.12585638
0.12617747
0.12655895
0.12701864
0.12757022
0.12819951
0.12886303
0.12955379
0.1304464
0.13140539
0.13229541
0.13332604
0.13445951
0.13570241
0.13702182
0.1383007
0.13950892
0.14070743
0.14162893
0.14239417
0.14311799
0.14370796
0.14422542
0.14465562
0.14497385
0.14521341
0.14536887
0.14541108
0.12683851
0.12702478
0.12723818
0.12748039
0.12775408
0.12806103
0.12840063
0.128773
0.12919204
0.12969192
0.13029088
0.13090702
0.13154466
0.13242765
0.13337195
0.1343246
0.13533289
0.13641532
0.13756949
0.13865093
0.13974957
0.1407964
0.14160528
0.14243855
0.1431407
0.14370574
0.14419178
0.14456499
0.14485161
0.14503715
0.14510015
0.12822369
0.12834382
0.12848235
0.12864244
0.1288294
0.12904999
0.129312
0.12962365
0.12998921
0.13040292
0.1308636
0.13141759
0.13206012
0.13262828
0.13335911
0.13421869
0.13510771
0.13609859
0.13716756
0.1381679
0.13905602
0.14006349
0.1409104
0.14176233
0.14256814
0.14318112
0.14370903
0.14412682
0.14445833
0.14467424
0.14476323
0.12980517
0.1299172
0.13004568
0.13019207
0.13035815
0.13054519
0.13075399
0.13098543
0.13124227
0.13153263
0.1318641
0.13222127
0.13261982
0.13314213
0.13363292
0.13421294
0.1349684
0.13578239
0.13669927
0.13776434
0.13866851
0.13955063
0.14039829
0.1411932
0.14200848
0.14266568
0.14321957
0.14366913
0.14403369
0.14428144
0.14439863
0.13103593
0.13110262
0.13117979
0.13126928
0.13137392
0.13149727
0.13164372
0.13181813
0.1320251
0.13226762
0.13254855
0.13287984
0.13325894
0.13365896
0.13413982
0.13462011
0.13511186
0.13567906
0.13641997
0.13721514
0.13819401
0.13914691
0.13997183
0.14076327
0.14149134
0.14214741
0.14271902
0.1431954
0.14358179
0.14386083
0.14400453
0.13243585
0.13250096
0.13257584
0.13266139
0.1327586
0.13286812
0.13299024
0.13312509
0.13327306
0.13343558
0.13361518
0.13381309
0.13403963
0.13431951
0.13463758
0.13505026
0.13556604
0.13602779
0.13643134
0.13702097
0.13770613
0.1385141
0.13939733
0.14031147
0.1409948
0.14161172
0.1421946
0.14270459
0.14310926
0.14341462
0.1435813
0.13349864
0.13353046
0.1335673
0.13360983
0.13365946
0.13371832
0.13378959
0.13387751
0.13398716
0.13412424
0.13429478
0.13450509
0.13475657
0.1350446
0.13536861
0.1356814
0.13596584
0.13638588
0.1368021
0.13709143
0.13756943
0.13818359
0.13894494
0.13974658
0.14044736
0.14107697
0.14165584
0.14219557
0.14262203
0.1429476
0.14313423
0.13465048
0.13467615
0.13470499
0.134738
0.13477645
0.13482178
0.13487544
0.13493898
0.13501424
0.13510353
0.13520947
0.13533442
0.13548057
0.13564639
0.13583733
0.13606579
0.13633845
0.13659893
0.13694585
0.13738155
0.13771002
0.1381337
0.13876534
0.13936167
0.13992481
0.14058599
0.14115089
0.14168605
0.1421347
0.14246948
0.14267016
0.1352925
0.1353079
0.13532657
0.13534922
0.13537686
0.13541045
0.13545036
0.13549732
0.13555245
0.13561737
0.13569489
0.1357862
0.13589323
0.13602008
0.13617602
0.1363559
0.13656301
0.13684133
0.13710987
0.13749322
0.13789932
0.13827877
0.13870469
0.13913652
0.13963392
0.14018173
0.14072184
0.14121778
0.14166175
0.14199596
0.1422012
0.13602264
0.13604202
0.1360635
0.13608717
0.136113
0.13614126
0.13617313
0.13620985
0.13625245
0.13630123
0.13635509
0.13641415
0.13647812
0.13655074
0.13665248
0.13678528
0.13695211
0.13714625
0.13740226
0.13764668
0.13795886
0.1383002
0.13864008
0.13899317
0.13944426
0.13988154
0.14035837
0.14080962
0.14121879
0.14154636
0.14174806
0.13647084
0.13648072
0.13649257
0.13650694
0.13652446
0.1365458
0.13657166
0.13660272
0.13663987
0.13668446
0.13673856
0.13680526
0.13688795
0.13698404
0.1370827
0.13719336
0.13732137
0.13747021
0.1376427
0.13784295
0.13807513
0.13832487
0.13859592
0.13891801
0.1392875
0.13968069
0.14009653
0.14050659
0.14088341
0.14119155
0.14138256
0.13683375
0.13684239
0.13685295
0.13686566
0.13688084
0.13689886
0.13692015
0.13694525
0.13697475
0.13700939
0.13704993
0.1370977
0.13715613
0.13722789
0.13730667
0.13739651
0.13750082
0.13762287
0.13776652
0.13793547
0.13813374
0.13836347
0.13861153
0.13888963
0.13921997
0.13958382
0.13996997
0.14035673
0.14071713
0.14101518
0.14120015
0.078195997
0.095016881
0.10619918
0.11452256
0.12155308
0.12784571
0.13358923
0.13845471
0.14319421
0.14759547
0.15161902
0.1552701
0.15856678
0.16149386
0.16401962
0.16595143
0.16688364
0.16640685
0.16363373
0.15965202
0.15700507
0.15523464
0.15388627
0.15279638
0.15181729
0.15098242
0.150273
0.14973333
0.14931249
0.14904032
0.14886077
0.10069274
0.10925088
0.11577005
0.12146438
0.12692864
0.13224739
0.13717294
0.14169289
0.14596608
0.14989752
0.15349311
0.15677396
0.15975382
0.16240589
0.16468556
0.1663418
0.1669699
0.1661674
0.16305253
0.159146
0.15670274
0.15502488
0.15372719
0.15266743
0.15170886
0.15089169
0.15019815
0.14967077
0.14925861
0.14899217
0.14882335
0.10738577
0.11357747
0.1194589
0.12512201
0.13052606
0.13555505
0.14013205
0.14430313
0.14817118
0.15172169
0.15498019
0.15796938
0.16069604
0.16312448
0.16519943
0.16660999
0.16698427
0.16587962
0.16249034
0.15873334
0.15645264
0.15483658
0.15357753
0.15254365
0.15160432
0.15080376
0.15012507
0.14960902
0.14920506
0.14894408
0.14877925
0.11349301
0.11934503
0.12484161
0.1299486
0.13469978
0.13909064
0.14311213
0.1468091
0.1502423
0.15341227
0.15634398
0.15905541
0.16154313
0.16376079
0.16563595
0.16679653
0.16694231
0.16552851
0.1619306
0.15833035
0.15619333
0.15463984
0.15342222
0.15241555
0.15149628
0.15071318
0.15005021
0.14954609
0.14915076
0.14889553
0.14873463
0.12000973
0.12521873
0.13000197
0.13443639
0.13856742
0.14238504
0.14589373
0.14913534
0.15215345
0.1549624
0.15758669
0.16003833
0.16230241
0.16432115
0.16599688
0.16692434
0.16686429
0.16513558
0.16136223
0.15795219
0.15594585
0.15444852
0.15326935
0.15228845
0.15138884
0.15062292
0.14997545
0.14948295
0.14909616
0.14884667
0.14868908
0.12697209
0.13121511
0.13516853
0.13886985
0.14232748
0.14553583
0.1485128
0.15129104
0.15390398
0.15636928
0.1587055
0.16091553
0.16297164
0.16480418
0.16628466
0.16699901
0.16675032
0.16469154
0.16079831
0.1575952
0.15570206
0.15425753
0.1531159
0.1521603
0.15128034
0.15053172
0.14989994
0.14941915
0.14904104
0.1487974
0.14864305
0.13385232
0.1371425
0.14023537
0.14315368
0.14590404
0.14849388
0.15093927
0.15326321
0.15548918
0.15763142
0.15969974
0.16168649
0.16355072
0.1652117
0.16650694
0.16703741
0.16658084
0.16419674
0.16024803
0.15725899
0.15546387
0.15406901
0.15296346
0.15203231
0.15117182
0.15044041
0.14982424
0.14935502
0.14898557
0.1487478
0.14859682
0.14076878
0.14299185
0.14513483
0.14722396
0.14925915
0.15123591
0.15316157
0.15504853
0.15690925
0.15875033
0.16057123
0.16235297
0.16404185
0.16554696
0.16666867
0.16703289
0.16635752
0.16365822
0.15972038
0.15694042
0.15522946
0.15388204
0.15281148
0.15190409
0.15106298
0.15034874
0.1497482
0.14929047
0.14892973
0.14869786
0.14855021
0.1473292
0.14848736
0.14970443
0.15099593
0.15234574
0.15373486
0.15516664
0.15664235
0.15816333
0.15972684
0.16132137
0.16291652
0.16444632
0.1658046
0.1667539
0.16697825
0.16607988
0.1630934
0.15922087
0.15663696
0.15499886
0.15369695
0.15266034
0.15177602
0.15095416
0.15025702
0.14967203
0.14922565
0.14887361
0.14864764
0.14850342
0.15329245
0.15348068
0.15386924
0.15442245
0.15512828
0.15596953
0.15694382
0.15804026
0.15925015
0.16056131
0.16195122
0.16337841
0.16476511
0.16597957
0.16677846
0.16688536
0.16575368
0.16251972
0.1587503
0.15634591
0.15477154
0.15351362
0.15251005
0.1516481
0.15084539
0.15016526
0.14959575
0.1491606
0.14881722
0.14859715
0.14845635
0.15859832
0.15793679
0.15756936
0.15744943
0.15756823
0.15792059
0.15848299
0.15923795
0.16016847
0.16125419
0.1624617
0.16373916
0.16499647
0.16606939
0.16674653
0.16675274
0.16538457
0.16194591
0.15830778
0.15606523
0.15454743
0.1533321
0.15236075
0.15152055
0.15073686
0.15007362
0.14951947
0.1490954
0.14876064
0.14854645
0.14840909
0.16312632
0.16175293
0.1607313
0.16003115
0.1596488
0.15957415
0.15977214
0.16023065
0.16091676
0.16180556
0.16285295
0.1639978
0.1651347
0.16608899
0.16668288
0.16657985
0.16498193
0.1613795
0.15789159
0.15579305
0.15432641
0.15315242
0.15221254
0.15139347
0.15062871
0.14998222
0.14944326
0.14903012
0.14870392
0.14849555
0.14836159
0.16674487
0.16482852
0.16330115
0.1621448
0.16135333
0.16091319
0.16080809
0.16101027
0.16149022
0.16221231
0.16312206
0.16414944
0.16518872
0.16606564
0.1665824
0.16636592
0.16455182
0.16082721
0.15749916
0.15552807
0.1541085
0.15297465
0.15206556
0.15126702
0.15052113
0.14989117
0.14936722
0.14896484
0.14864709
0.14844451
0.14831392
0.16940254
0.16712392
0.16524949
0.16376201
0.16265895
0.16193439
0.16157823
0.16156637
0.16187155
0.16245467
0.1632546
0.16419986
0.16518656
0.16599795
0.16643083
0.16610212
0.16409853
0.16029158
0.15712804
0.15526935
0.15389376
0.15279888
0.15191996
0.15114141
0.15041424
0.14980059
0.14929144
0.14889963
0.14859022
0.14839334
0.14826606
0.17117574
0.16863567
0.16653096
0.16482517
0.16350939
0.16257937
0.16203231
0.16186052
0.162042
0.16253541
0.16328208
0.16418609
0.16512245
0.16587435
0.16623469
0.16579785
0.16362507
0.15977527
0.15677619
0.15501636
0.15368233
0.15262526
0.15177588
0.15101691
0.15030812
0.1497106
0.14921601
0.14883456
0.14853335
0.14834208
0.14821804
0.17224283
0.16953589
0.16725752
0.16539258
0.16393375
0.16287236
0.16220253
0.16195132
0.16208201
0.16252488
0.16322731
0.16409297
0.16498384
0.16569442
0.16599691
0.16546208
0.16314129
0.15928032
0.15644166
0.1547688
0.15347434
0.15245389
0.15163348
0.15089371
0.15020292
0.14962129
0.14914099
0.14876969
0.14847655
0.14829076
0.14816985
0.17271201
0.16998186
0.16761762
0.16565433
0.16410488
0.16296722
0.16223669
0.16193548
0.16201512
0.16240712
0.16306015
0.16389671
0.16476878
0.16545881
0.16571887
0.16509624
0.1626557
0.15880741
0.15612166
0.1545264
0.15326991
0.15228489
0.15149285
0.15077194
0.15009877
0.14953276
0.14906647
0.14870511
0.14841985
0.14823943
0.14812153
0.17193968
0.16952561
0.16734649
0.16546937
0.16394486
0.1628054
0.16207096
0.1617376
0.16176772
0.16213131
0.16276793
0.16359919
0.16447641
0.16516853
0.16540368
0.16470934
0.16217408
0.15835628
0.15581433
0.15428903
0.15306908
0.15211828
0.15135405
0.15065174
0.14999579
0.14944512
0.14899253
0.14864089
0.14836333
0.14818812
0.14807309
0.17006246
0.16801213
0.16616197
0.16454994
0.16321546
0.16220104
0.16154848
0.16125985
0.16131353
0.16169617
0.16234996
0.16320116
0.16410626
0.16482443
0.16505427
0.16430708
0.16170163
0.15792687
0.15551793
0.15405648
0.15287193
0.15195422
0.15121726
0.15053334
0.14989418
0.14935852
0.14891932
0.14857715
0.14830707
0.14813689
0.14802456
0.16749175
0.16581089
0.1643141
0.16302593
0.16196592
0.16116922
0.16068622
0.16051319
0.16065246
0.16110207
0.16180678
0.16270311
0.16365815
0.16442704
0.16467345
0.16389473
0.161242
0.15751833
0.15523103
0.15382909
0.15267905
0.15179326
0.15108298
0.1504172
0.14979428
0.14927321
0.14884699
0.148514
0.14825114
0.14808576
0.14797595
0.16416754
0.16295628
0.16189203
0.16099358
0.16027242
0.15976674
0.15951325
0.15950904
0.15979079
0.16035079
0.1611398
0.16210647
0.16313249
0.16397687
0.16426375
0.16347922
0.16079857
0.15713128
0.15495433
0.15360845
0.15249199
0.1516366
0.15095208
0.150304
0.14969658
0.14918947
0.14877571
0.14845153
0.14819558
0.14803472
0.14792725
0.16007773
0.1594317
0.15890193
0.15847852
0.15817319
0.15801943
0.1580344
0.15825814
0.15873142
0.15944183
0.16034797
0.16141072
0.16252824
0.16347289
0.16382722
0.16306614
0.16037655
0.15677143
0.15469139
0.15339708
0.15231258
0.15148539
0.15082524
0.15019417
0.14960127
0.14910736
0.14870544
0.14838965
0.14814029
0.1479837
0.1478784
0.1551559
0.15512794
0.15523946
0.1554061
0.1556101
0.15587303
0.1562311
0.15673943
0.15745465
0.15835984
0.15941905
0.16060679
0.16183791
0.16290888
0.163362
0.16266123
0.15998597
0.15644767
0.15444454
0.15319475
0.15214
0.15133863
0.15070139
0.15008674
0.14950754
0.14902623
0.14863571
0.14832807
0.14808505
0.14793261
0.14782936
0.14954033
0.149864
0.15054075
0.15135805
0.15219734
0.15302622
0.15387268
0.15476379
0.15581735
0.1570025
0.15827582
0.15963475
0.16101366
0.16224749
0.1628462
0.16226221
0.15963926
0.15615381
0.15420368
0.1529919
0.15196644
0.15119047
0.15057628
0.14997881
0.14941348
0.14894497
0.14856592
0.14826656
0.14802984
0.14788158
0.1477802
0.071842532
0.090497983
0.10261378
0.11163235
0.1190527
0.12557558
0.13151681
0.13676325
0.14170426
0.14630822
0.15053742
0.15438262
0.1578554
0.16094163
0.16361045
0.16570406
0.1668127
0.16651824
0.16393766
0.15996683
0.1572166
0.15539717
0.15401669
0.1529034
0.15190669
0.1510571
0.15033482
0.14978511
0.14935691
0.14907964
0.1488949
0.070769697
0.090217499
0.10249428
0.11147514
0.1188207
0.12524754
0.13108033
0.13633081
0.14124089
0.14584151
0.15010056
0.15399658
0.15752881
0.16067723
0.16340091
0.16556086
0.16672636
0.1665305
0.16406634
0.1601187
0.15732327
0.15548703
0.154094
0.1529703
0.15196534
0.15110823
0.15037866
0.14982294
0.14939024
0.14910962
0.14892252
0.070379214
0.090246159
0.10259917
0.11145407
0.11863157
0.1249082
0.13061457
0.13580744
0.14068161
0.14528169
0.14957464
0.15352824
0.15712918
0.16035067
0.16314279
0.16538278
0.16662754
0.16652748
0.16421056
0.16028418
0.15743104
0.15557449
0.1541692
0.15303607
0.15202399
0.15116018
0.1504239
0.14986244
0.14942543
0.14914145
0.14895932
0.069918019
0.090090145
0.10253446
0.11135661
0.11840515
0.12455501
0.13014716
0.13527761
0.14011561
0.14470855
0.14902719
0.1530324
0.15669935
0.15999416
0.16285882
0.16518222
0.16651445
0.16651739
0.16435735
0.16046568
0.15755154
0.15567094
0.15425158
0.15310777
0.15208774
0.15121657
0.15047298
0.14990524
0.14946345
0.1491757
0.14899425
0.069295452
0.089661809
0.1023237
0.11115661
0.11816159
0.124219
0.12970959
0.13477634
0.13957073
0.14414397
0.14847486
0.15252095
0.15624733
0.15961254
0.16255101
0.16495785
0.16638322
0.16649502
0.16449593
0.16065726
0.15768275
0.15577624
0.15434152
0.15318593
0.1521571
0.15127775
0.15052615
0.14995148
0.14950439
0.14921247
0.14903249
0.068730673
0.08910127
0.10207351
0.11097655
0.11795092
0.12392445
0.12931677
0.13431177
0.13905156
0.1435921
0.14792141
0.15199667
0.15577463
0.15920603
0.16221799
0.16470581
0.1662318
0.16645847
0.16462535
0.16085193
0.1578203
0.15588702
0.15443666
0.1532689
0.15223088
0.15134293
0.1505829
0.15000086
0.14954812
0.14925177
0.14906061
0.068291311
0.088545266
0.10178863
0.11081708
0.11777375
0.12366687
0.12896154
0.13387638
0.13855183
0.14304896
0.14736472
0.15145821
0.15527985
0.15877276
0.16185686
0.16442093
0.1660617
0.16640736
0.16474638
0.16105092
0.15796211
0.15600123
0.15453527
0.1533554
0.15230823
0.1514116
0.15064296
0.15005327
0.1495946
0.1492936
0.14910029
0.068172325
0.08805302
0.10150536
0.11065993
0.11761092
0.12343086
0.12863063
0.13346005
0.13806401
0.14250944
0.14680182
0.15090376
0.15476144
0.15831093
0.16146494
0.16410005
0.16586051
0.16633969
0.16484715
0.16125687
0.15810799
0.15611837
0.15463683
0.15344499
0.15238891
0.15148355
0.15070624
0.1501087
0.14964391
0.14933811
0.1491403
0.068255098
0.087602452
0.10119504
0.11047657
0.11743851
0.12319765
0.12830858
0.13305094
0.13757936
0.14196744
0.14622882
0.15033093
0.15421756
0.15781866
0.16103991
0.16374451
0.16561933
0.16625126
0.16492813
0.16146268
0.15825799
0.1562383
0.15474129
0.15353777
0.15247299
0.15155898
0.15077296
0.15016736
0.14969625
0.14938543
0.14919247
0.068530559
0.08721856
0.10089524
0.11027706
0.11724698
0.12295085
0.12797809
0.13263436
0.13708609
0.1414143
0.1456401
0.14973627
0.153646
0.15729417
0.16058019
0.16335656
0.1653458
0.1661386
0.16499541
0.16166761
0.15841198
0.15636085
0.15484852
0.15363365
0.15256058
0.15163802
0.15084329
0.15022944
0.14975179
0.14943572
0.1492417
0.069215327
0.087076812
0.10061857
0.11003993
0.11701121
0.12266491
0.12761534
0.13219039
0.13656845
0.1408382
0.14502741
0.14911443
0.15304322
0.15673493
0.16008374
0.1629348
0.16503382
0.1659788
0.16503911
0.16187058
0.15856947
0.15648543
0.15495812
0.1537325
0.15265161
0.15172068
0.15091731
0.15029506
0.14981068
0.14948914
0.14929082
0.070337993
0.087113867
0.10029257
0.10970753
0.11668413
0.1223007
0.1271878
0.13169281
0.13600605
0.14022393
0.14438006
0.14845839
0.15240478
0.15613812
0.15954861
0.16247721
0.16468592
0.16579047
0.16504905
0.16206156
0.15872957
0.15661124
0.1550695
0.15383383
0.15274591
0.15180695
0.15099509
0.15036434
0.14987303
0.14954585
0.1493426
0.071674705
0.087275418
0.099991659
0.10929445
0.11624074
0.12182133
0.12665909
0.1311104
0.13537391
0.1395525
0.1436846
0.14775923
0.15172504
0.15550018
0.15897243
0.16198132
0.16430154
0.16556819
0.16503022
0.16223156
0.15889119
0.15673711
0.1551818
0.15393735
0.15284319
0.15189665
0.1510766
0.15043734
0.14993897
0.14960599
0.14939804
0.073225225
0.087640631
0.09972784
0.10879274
0.11564912
0.12118445
0.12598715
0.1304068
0.13464315
0.13880191
0.14292526
0.14700643
0.15099733
0.15481702
0.15835268
0.1614448
0.16387813
0.16530059
0.16497669
0.16238695
0.15905393
0.1568621
0.15529417
0.15404208
0.15294313
0.15198967
0.15116185
0.15051412
0.1500086
0.14966973
0.14945746
0.074894584
0.088037359
0.099311756
0.10804039
0.11479357
0.12030778
0.12511177
0.12953743
0.1337809
0.13794858
0.14208544
0.14618868
0.15021446
0.15408425
0.15768673
0.16086548
0.1634135
0.16498467
0.16487739
0.16252324
0.15921601
0.15698442
0.15540542
0.15414787
0.15304522
0.15208572
0.15125068
0.15059472
0.15008202
0.14973717
0.14952093
0.076338973
0.088110148
0.09850272
0.10687807
0.11356392
0.11911332
0.12397629
0.1284606
0.13275647
0.13696998
0.14114916
0.14529522
0.14936951
0.15329778
0.15697208
0.16024137
0.16290619
0.16462122
0.1647264
0.16263075
0.1593774
0.15710351
0.15551448
0.15425315
0.15314903
0.15218446
0.1513431
0.15067914
0.15015931
0.14980846
0.14958835
0.077278613
0.08787497
0.097381011
0.1053689
0.11198095
0.11759204
0.12256071
0.1271549
0.13155082
0.13585078
0.14010445
0.1443176
0.14845705
0.15245431
0.15620662
0.15957026
0.16235273
0.16420572
0.16452808
0.16270158
0.15953187
0.15721609
0.1556199
0.15435771
0.15325377
0.15228574
0.15143877
0.15076731
0.15024051
0.14988365
0.14965963
0.077321464
0.086988184
0.095790228
0.10346425
0.11003738
0.11574831
0.12086823
0.12561998
0.13016104
0.13458705
0.13894758
0.14325262
0.14747486
0.15155229
0.15538889
0.15884892
0.16174414
0.16374108
0.16430284
0.16274533
0.15968574
0.157322
0.15572024
0.15446042
0.15335882
0.15238837
0.15153759
0.15085922
0.15032567
0.14996289
0.14973491
0.076737132
0.08547944
0.093733535
0.1011813
0.1077666
0.11362015
0.11893294
0.1238821
0.12860545
0.13319076
0.13768614
0.14210501
0.14642568
0.15059329
0.15451917
0.15807521
0.16107587
0.16320817
0.16399777
0.1627462
0.15982168
0.157417
0.15581442
0.15455817
0.15346305
0.15249326
0.15163918
0.15095461
0.15041468
0.15004614
0.14981415
0.075299533
0.083404117
0.091266619
0.098587435
0.10524654
0.111283
0.11681945
0.12199388
0.12692473
0.13169173
0.13634097
0.14088897
0.14531909
0.14958351
0.15360135
0.15725215
0.16035753
0.16263819
0.16366652
0.1627151
0.15992541
0.15750011
0.15589935
0.15465563
0.15356588
0.15259688
0.15174298
0.15105343
0.1505077
0.15013355
0.14989754
0.073319422
0.080923902
0.08851376
0.095790806
0.10257674
0.10883095
0.11461417
0.1200296
0.12517928
0.13013677
0.13494691
0.13962913
0.14417212
0.14853458
0.15264343
0.1563867
0.15959678
0.16202055
0.16326894
0.16261977
0.16002627
0.15757062
0.155978
0.1547391
0.15366468
0.15270295
0.15184895
0.15115519
0.15060414
0.15022494
0.14998511
0.071007955
0.078230814
0.085625492
0.09290876
0.099855807
0.10635323
0.11240162
0.11806807
0.12343845
0.12858332
0.13354914
0.13835964
0.14300938
0.14746381
0.15165747
0.15548757
0.15879872
0.16135946
0.1628125
0.16244255
0.16010973
0.15762267
0.15603838
0.15482622
0.15376157
0.15280428
0.15195559
0.15125973
0.15070462
0.15032044
0.15007703
0.068683266
0.075565256
0.082780298
0.090066765
0.09717704
0.10393148
0.11025949
0.1161831
0.12177067
0.12709156
0.13219768
0.13711991
0.14186054
0.14639277
0.15065897
0.15456551
0.1579697
0.16066022
0.16231213
0.16222856
0.16012553
0.15766722
0.15609813
0.15489378
0.15384889
0.15290672
0.15206331
0.15136642
0.15080756
0.15041975
0.15017308
0.06675812
0.073297449
0.080288175
0.087510524
0.094716275
0.10168297
0.10827103
0.11444291
0.12023669
0.12571608
0.13093997
0.13594923
0.14075653
0.14534472
0.14966489
0.15363251
0.15711728
0.15992684
0.16176541
0.16198565
0.16010884
0.15766892
0.15613044
0.15495071
0.15393156
0.15300457
0.15217036
0.15147457
0.15091463
0.15052279
0.1502732
0.065569154
0.0717637
0.078469015
0.085521318
0.092703171
0.099775369
0.10654652
0.11291933
0.11888818
0.12449909
0.12981277
0.13487958
0.13972428
0.14434117
0.14869154
0.15270033
0.15624871
0.15915938
0.16115508
0.16169538
0.16007158
0.15766935
0.15614227
0.15500769
0.15401136
0.15309455
0.15227547
0.15158391
0.15102263
0.1506293
0.15037734
0.065282309
0.071144435
0.077530685
0.084328438
0.09135363
0.098385305
0.10521326
0.11169493
0.11777631
0.12347405
0.12884046
0.13393076
0.13878094
0.143397
0.14775112
0.15177839
0.15537006
0.15835985
0.16048467
0.16126535
0.16000838
0.15767912
0.15613527
0.15501962
0.15405847
0.15318859
0.15238009
0.15169265
0.15113457
0.15073866
0.15048481
0.065980904
0.071465345
0.077517065
0.083997018
0.090751206
0.097600089
0.10434752
0.11082355
0.11693103
0.12265338
0.12802662
0.133104
0.13792838
0.14251572
0.14684866
0.15087195
0.15448673
0.15753791
0.15978383
0.1607998
0.15988513
0.15767019
0.15611427
0.15502227
0.15413175
0.15326114
0.15247793
0.15180124
0.15124584
0.15085101
0.15059605
0.067929814
0.072870782
0.078376964
0.084415056
0.090831232
0.097409275
0.10394468
0.11028877
0.11632431
0.12200356
0.1273389
0.13237272
0.1371478
0.14168599
0.14597895
0.14998073
0.15360194
0.15669957
0.15905142
0.16027998
0.15971143
0.15763323
0.15606839
0.15502831
0.15417773
0.15333535
0.15257303
0.15190724
0.15135941
0.15096464
0.15070935
0.07084562
0.075313043
0.080285493
0.085725702
0.091567646
0.097696738
0.10392511
0.11001962
0.11589052
0.12146236
0.12672022
0.13168802
0.13640072
0.14088122
0.14512589
0.14909668
0.15271359
0.15584563
0.15828895
0.15970272
0.15940643
0.15755969
0.15604385
0.15502227
0.154179
0.15340083
0.15266491
0.15200945
0.1514719
0.15108057
0.15082595
0.074114375
0.078112539
0.082577862
0.087493723
0.09280065
0.098397219
0.1041461
0.10991752
0.11555015
0.12095836
0.12610541
0.13099302
0.13564099
0.14006633
0.1442652
0.14820494
0.15181468
0.15497471
0.15750002
0.15908678
0.15912249
0.15747976
0.15598356
0.15498867
0.15418901
0.15343714
0.15273568
0.15211052
0.15158227
0.15119577
0.15094281
0.077312617
0.080864018
0.084838632
0.089234141
0.094013901
0.09910814
0.10441446
0.10980847
0.11516664
0.12038734
0.12541361
0.13022385
0.13481868
0.13920331
0.14337065
0.14728955
0.1508962
0.15408254
0.15668138
0.15842342
0.15878522
0.15734856
0.15588068
0.15495526
0.15418617
0.15347197
0.15281396
0.15219806
0.15169217
0.15131175
0.15106154
0.080039493
0.083193043
0.086729719
0.090657336
0.094957655
0.09958447
0.10445973
0.10951412
0.11461067
0.11965691
0.12457861
0.1293319
0.13389711
0.13826514
0.14242259
0.14633769
0.14995129
0.1531665
0.15583283
0.15770864
0.15833484
0.15717827
0.15576808
0.15488449
0.15416033
0.15350053
0.15288443
0.15228966
0.1517956
0.1514255
0.1511794
0.082050876
0.084869186
0.088037699
0.091570587
0.095464954
0.099694985
0.10423512
0.10897109
0.11383667
0.11873455
0.12357783
0.12830208
0.13286652
0.13724589
0.14141756
0.14534805
0.14898194
0.15223179
0.15496346
0.15696255
0.1578369
0.15698973
0.15564574
0.15480778
0.1541418
0.15350319
0.15291115
0.15236329
0.15189489
0.15153596
0.15129526
0.083345943
0.085890192
0.088762906
0.091978923
0.095547307
0.099474367
0.10370014
0.10818501
0.11285657
0.1176298
0.12241738
0.12714014
0.13173475
0.13615564
0.14036757
0.14433306
0.14799976
0.15128962
0.15408454
0.15619834
0.15729619
0.15676882
0.15551795
0.1547396
0.15410687
0.153483
0.15293922
0.15242499
0.15198961
0.1516452
0.15141134
0.084155206
0.086484432
0.089115528
0.092068388
0.095361142
0.098991504
0.10295477
0.10721925
0.1117281
0.1164036
0.12115652
0.12589536
0.13053981
0.13502439
0.13929782
0.14331482
0.1470242
0.15035639
0.15320903
0.15542401
0.15671279
0.15649445
0.15536195
0.15461206
0.15401378
0.15346061
0.1529675
0.15249251
0.15207
0.151743
0.15151786
0.084734618
0.086893726
0.089344214
0.092106373
0.095190091
0.098603402
0.1023492
0.10641008
0.11074951
0.11530623
0.11999703
0.12472691
0.12940107
0.13393672
0.13826703
0.1423346
0.14608507
0.14945497
0.15235535
0.15465307
0.15609954
0.15617689
0.15518465
0.15446991
0.15393305
0.15344223
0.15296547
0.15252523
0.15214938
0.15184374
0.15162762
0.085533906
0.087541411
0.089825427
0.092410479
0.095324881
0.098574371
0.10214463
0.10602471
0.11018935
0.11459503
0.11917214
0.12383283
0.12847987
0.13301811
0.13736513
0.14145389
0.1452246
0.14861432
0.15154472
0.15390253
0.15547766
0.15582919
0.15499062
0.15432711
0.15384626
0.15339681
0.15295435
0.15256295
0.15221544
0.1519255
0.15171957
0.087005946
0.08885035
0.090945756
0.093319476
0.096002091
0.099022959
0.10239566
0.10610526
0.11010996
0.11434972
0.118771
0.12330682
0.12786114
0.1323377
0.13664693
0.14071333
0.1444707
0.14785386
0.15079085
0.1531852
0.1548615
0.15545354
0.15477632
0.15417315
0.15373511
0.15331997
0.15293987
0.15258795
0.15226286
0.15200445
0.15181354
0.089219003
0.090928975
0.092868542
0.095059296
0.097523258
0.10028054
0.10335254
0.10675118
0.11047648
0.11450396
0.11875284
0.12311776
0.12752874
0.13188626
0.1361036
0.14010105
0.14380961
0.14716237
0.15008837
0.15250072
0.15425559
0.15505213
0.15455741
0.15400378
0.15360735
0.1532503
0.15291577
0.15259101
0.15231144
0.15207638
0.15188948
0.091579092
0.09315814
0.094951047
0.09698192
0.099272804
0.10184328
0.10470734
0.10787032
0.11132404
0.11504444
0.11900223
0.12314622
0.12736865
0.1315742
0.13567092
0.1395716
0.14320522
0.14650939
0.14941359
0.15183471
0.15365439
0.15462278
0.15433094
0.15381737
0.15347768
0.15317537
0.1528679
0.152588
0.15234273
0.15211963
0.15195517
0.093598024
0.095061946
0.096725498
0.098611587
0.10074192
0.10313629
0.10580992
0.10877048
0.11201397
0.11552105
0.1192546
0.12316382
0.12720085
0.1312508
0.13522464
0.13903461
0.14260082
0.14585706
0.14873951
0.1511707
0.15304915
0.15416125
0.15407789
0.15360953
0.15333214
0.15308646
0.15283365
0.15257989
0.15234668
0.15216167
0.15200994
0.095208969
0.096566581
0.098109413
0.099859052
0.10183718
0.10406396
0.10655625
0.10932472
0.11237092
0.1156825
0.11923563
0.12299465
0.12686064
0.13077778
0.13465367
0.13839799
0.14192627
0.14516348
0.14804307
0.15049474
0.15243137
0.15367036
0.15380211
0.15340189
0.153181
0.15299189
0.15277804
0.15254751
0.15234471
0.15219084
0.15204595
0.096511132
0.097770244
0.099201483
0.10082465
0.10266069
0.10472983
0.10705053
0.10963816
0.11250226
0.11563793
0.11901699
0.12259216
0.12632305
0.13013635
0.13394341
0.13765077
0.14116787
0.14441243
0.14731258
0.14980029
0.15179879
0.15315833
0.15351449
0.15320126
0.15303019
0.15288059
0.15269191
0.15250278
0.15234024
0.15219022
0.15205815
0.09778427
0.098954221
0.10028355
0.1017911
0.10349695
0.10542119
0.10758305
0.10999876
0.11267859
0.11562248
0.11880448
0.12220839
0.12579065
0.12948725
0.13321521
0.13688048
0.14038705
0.14364424
0.14657329
0.14910437
0.15116609
0.15264055
0.1532193
0.15301024
0.15287951
0.15276279
0.1526213
0.15247045
0.15231636
0.1521767
0.15205984
0.099257074
0.10034605
0.10158152
0.10298109
0.10456312
0.1063464
0.10834917
0.1105878
0.11307455
0.11581715
0.11882396
0.12204695
0.12545601
0.12900069
0.13260922
0.13619454
0.13966101
0.14291265
0.14586138
0.14843116
0.15055214
0.15213325
0.15291969
0.15282206
0.15271624
0.15262543
0.15251245
0.15239189
0.15224965
0.15215587
0.15204911
0.10079493
0.10181273
0.10296706
0.10427379
0.10575027
0.10741444
0.10928394
0.11137378
0.11369477
0.11625314
0.11904876
0.12208294
0.12531624
0.12869833
0.13216587
0.13563995
0.13903081
0.1422472
0.145196
0.14779165
0.14996361
0.15164148
0.15260952
0.15264109
0.15253812
0.15247781
0.15240042
0.15230473
0.15220699
0.15212653
0.15202384
0.10215033
0.10310348
0.10418436
0.10540843
0.10679212
0.10835236
0.11010584
0.11206805
0.11425196
0.11666573
0.11931021
0.12217671
0.1252438
0.12847218
0.13180492
0.13516864
0.13847718
0.14163988
0.14456831
0.14717666
0.14938926
0.15114537
0.15227591
0.1524621
0.15235342
0.15230075
0.15224929
0.15218421
0.15211763
0.15205191
0.15196124
0.10336112
0.10425398
0.10526649
0.10641319
0.10770974
0.10917239
0.11081755
0.11266091
0.11471604
0.1169925
0.11949375
0.1222143
0.12513654
0.12822772
0.13143804
0.13470086
0.13793574
0.14105135
0.14395798
0.14657277
0.14882049
0.15064422
0.15190666
0.15226855
0.15217907
0.15213238
0.15210508
0.15207094
0.15202838
0.15198286
0.15191301
0.10455211
0.10538765
0.10633473
0.10740703
0.10861928
0.10998697
0.11152597
0.11325179
0.11517845
0.11731687
0.11967288
0.12224456
0.12501918
0.12797047
0.13105595
0.13421585
0.13737453
0.14044482
0.14333482
0.14595836
0.14824037
0.15012226
0.15150884
0.15205762
0.15199396
0.15194426
0.15193166
0.15192116
0.15190416
0.15187824
0.1518176
0.10571467
0.10649739
0.10738421
0.10838789
0.10952224
0.11080189
0.11224194
0.11385739
0.11566226
0.11766813
0.11988252
0.12230663
0.12493248
0.12773962
0.13069255
0.13373914
0.13681077
0.13982535
0.14269324
0.1453255
0.1476428
0.14958437
0.15108489
0.1518353
0.15186601
0.15181501
0.15179828
0.15179648
0.1517992
0.15178708
0.15173622
0.10681959
0.10755338
0.10838454
0.10932503
0.11038781
0.11158671
0.11293608
0.11445037
0.11614334
0.11802688
0.1201095
0.12239432
0.12487662
0.12754128
0.13035973
0.13328709
0.13626198
0.13920838
0.14204016
0.14466873
0.14701216
0.14900561
0.1506005
0.15155691
0.1517257
0.15170754
0.15167625
0.15166395
0.15166152
0.15165218
0.15160866
0.10786042
0.10854954
0.10932989
0.11021275
0.11121031
0.11233565
0.11360247
0.11502467
0.11661578
0.11838788
0.12035033
0.12250804
0.12485913
0.12739166
0.13008233
0.13289298
0.13576934
0.13864176
0.14142876
0.14404379
0.14640415
0.14844256
0.15011921
0.15123586
0.15152999
0.15156623
0.15157272
0.15156772
0.15155797
0.15154948
0.15150737
0.10887475
0.10952097
0.11025266
0.1110804
0.1120157
0.11307094
0.11425918
0.11559382
0.11708811
0.11875425
0.12060227
0.12263853
0.1248637
0.12726978
0.12983743
0.13253429
0.13531275
0.13810948
0.14084796
0.14344443
0.14581659
0.14789391
0.14963345
0.15089207
0.15132273
0.15136427
0.15137974
0.15138741
0.15138952
0.15138869
0.15135079
0.10980841
0.11041612
0.11110412
0.11188236
0.1127617
0.11375387
0.11487131
0.11612687
0.11753344
0.11910316
0.12084638
0.12277038
0.12487748
0.12716332
0.12961322
0.13220019
0.13488271
0.13760393
0.14029286
0.14287001
0.14525342
0.14736951
0.14917449
0.15057892
0.15115489
0.15121109
0.15122776
0.15124341
0.15125873
0.15126575
0.1512334
0.11074213
0.11131095
0.11195495
0.11268346
0.11350674
0.11443587
0.1154827
0.11665955
0.11797895
0.11945294
0.12109219
0.12290491
0.12489515
0.12706086
0.12939136
0.13186465
0.13444521
0.13708268
0.13971254
0.14225857
0.14464004
0.14678336
0.14863971
0.15015858
0.15094406
0.15104975
0.15105784
0.1510712
0.15108527
0.15109217
0.15105939
0.11158005
0.11211523
0.11272111
0.11340651
0.11418111
0.11505542
0.1160407
0.11714878
0.11839175
0.11978144
0.12132866
0.1230422
0.12492738
0.1269842
0.12920508
0.13157242
0.13405611
0.13661192
0.13918121
0.14169274
0.1440691
0.14623691
0.14814443
0.14976837
0.15071403
0.15090435
0.15093413
0.15095255
0.15096683
0.15097363
0.15094095
0.11248976
0.11298861
0.11355351
0.11419275
0.11491545
0.11573156
0.11665182
0.11768754
0.11885045
0.12015218
0.12160366
0.12321421
0.1249903
0.12693387
0.12904028
0.1312959
0.13367568
0.13614115
0.13863959
0.14110511
0.14346358
0.14564164
0.14758321
0.14926901
0.15041919
0.15072643
0.15074903
0.15076414
0.15078016
0.15078798
0.15075752
0.11323016
0.11369999
0.11423207
0.11483426
0.11551521
0.1162844
0.11715205
0.11812905
0.11922673
0.12045649
0.12182922
0.12335455
0.12503972
0.12688804
0.12889708
0.13105641
0.13334533
0.1357311
0.13816654
0.14059111
0.14293555
0.14512906
0.14711348
0.14886995
0.15017643
0.15057871
0.15063049
0.15064707
0.15066342
0.15067157
0.1506422
0.11415896
0.11459321
0.11508522
0.11564234
0.11627274
0.11698534
0.11778986
0.11869671
0.11971683
0.12086139
0.12214132
0.12356667
0.12514556
0.12688295
0.12877965
0.1308284
0.13301049
0.13529737
0.13765011
0.14001426
0.14232389
0.14450956
0.1465112
0.1482991
0.14976669
0.15039271
0.15044889
0.15046296
0.15047679
0.15048293
0.15045382
0.11479592
0.11520591
0.11567053
0.1161968
0.11679248
0.11746612
0.11822705
0.11908531
0.12005153
0.12113669
0.12235173
0.12370696
0.12521122
0.12686786
0.12867572
0.13063578
0.13273508
0.13494781
0.13723768
0.1395581
0.14184877
0.14404115
0.14607163
0.14791035
0.14949476
0.15021878
0.15034203
0.15035954
0.15037234
0.15037709
0.15034855
0.11581371
0.11618835
0.11661321
0.11709471
0.11764009
0.11825733
0.11895522
0.11974326
0.12063159
0.12163082
0.12275168
0.12400449
0.12539838
0.12694212
0.12864124
0.13048907
0.13247378
0.13457678
0.13676728
0.13900292
0.14122965
0.14338755
0.14541813
0.14728184
0.14896718
0.14999805
0.15015656
0.15017345
0.1501827
0.15018448
0.1501551
0.11631817
0.11667552
0.11708072
0.11753995
0.11806014
0.11864891
0.11931465
0.12006645
0.120914
0.12186741
0.12293688
0.12413211
0.12546164
0.12693173
0.1285463
0.13031142
0.13222601
0.13427204
0.13642221
0.1386367
0.14086156
0.14302859
0.14507114
0.14695583
0.14868103
0.14977674
0.15006862
0.15008846
0.15009497
0.15009463
0.15006442
0.11764272
0.11795962
0.11831902
0.11872643
0.11918807
0.11971086
0.12030245
0.12097121
0.12172619
0.12257699
0.12353387
0.12460741
0.12580828
0.127147
0.12863304
0.13026504
0.13203608
0.13393482
0.13594145
0.13802475
0.14014165
0.14223676
0.14425277
0.14614878
0.14792393
0.14934762
0.1498094
0.14985013
0.14985269
0.14984752
0.14981597
0.094332246
0.09670428
0.098737802
0.1003773
0.10174077
0.10288612
0.1038442
0.10460768
0.10511786
0.10536662
0.10533299
0.10509157
0.10452025
0.10372858
0.10273906
0.10164245
0.10054501
0.099589887
0.098889621
0.09844815
0.09828765
0.098203732
0.097892622
0.097009568
0.095390546
0.092996218
0.089924795
0.086347873
0.08244165
0.078570964
0.075291324
0.073020852
0.071949538
0.071945693
0.072846836
0.074346303
0.07511623
0.075080983
0.074324235
0.073404368
0.073056438
0.073277897
0.074224663
0.075293688
0.076159809
0.077104904
0.078262738
0.079611395
0.081118428
0.082680066
0.084386674
0.08607353
0.087911758
0.089607758
0.091519232
0.093180961
0.095181281
0.096728182
0.098825315
0.10015805
0.10239467
0.10334636
0.10599645
0.06213213
0.066564485
0.070864744
0.074863884
0.0784518
0.081536146
0.084107839
0.086176954
0.087769653
0.088908531
0.089626127
0.090006361
0.089974765
0.089737371
0.089210901
0.088592266
0.088025374
0.087673722
0.087667327
0.087956347
0.088598873
0.089335986
0.089801659
0.089639417
0.088735723
0.086927172
0.084378544
0.081247679
0.077751377
0.074298532
0.071449454
0.069569001
0.068769803
0.068932537
0.070093088
0.071714915
0.072690049
0.072930252
0.072608793
0.072124496
0.072043591
0.072438606
0.073561061
0.074765013
0.075873645
0.077073411
0.078442853
0.079940512
0.081557403
0.083212933
0.084984782
0.08671509
0.088568455
0.090274101
0.092170591
0.093821937
0.095789089
0.097316378
0.099373136
0.10068604
0.10287932
0.10381914
0.10642516
0.030570633
0.033860912
0.037732823
0.042027097
0.046520488
0.050936064
0.055178635
0.059046579
0.062435535
0.065291928
0.06761842
0.069412046
0.070691083
0.071611483
0.072205962
0.072636638
0.073095131
0.073751061
0.074723895
0.076050618
0.077648622
0.07932676
0.080738411
0.081460298
0.081326686
0.080312623
0.078417671
0.075845085
0.072861108
0.069909395
0.067542794
0.06606771
0.065541772
0.065898256
0.067341503
0.069088352
0.07029918
0.070888756
0.071002381
0.07096812
0.071146313
0.071767848
0.073059906
0.074409875
0.075756204
0.077194276
0.078754761
0.08038327
0.082093887
0.083826356
0.085647475
0.087409052
0.08926846
0.090976724
0.092852992
0.094489562
0.09642075
0.097925478
0.099939652
0.10123095
0.1033788
0.10430582
0.1068636
0.011448952
0.013749576
0.016214267
0.019024551
0.022241144
0.025806041
0.029836888
0.033871785
0.037799401
0.041500206
0.044865082
0.047815696
0.05030599
0.052425709
0.054220605
0.055817313
0.057395994
0.059119365
0.061101844
0.063408322
0.065933876
0.068540376
0.070917787
0.072620186
0.073401422
0.073195819
0.072138854
0.070225631
0.067850814
0.065474756
0.063632243
0.062572886
0.062325182
0.062927133
0.064651184
0.066526984
0.068002568
0.068984009
0.069560327
0.069955375
0.07041689
0.071297985
0.072742037
0.0742474
0.075815173
0.077468208
0.079193769
0.080932748
0.082720536
0.084513388
0.086369121
0.088150877
0.090008034
0.091712344
0.093563834
0.095181403
0.097074095
0.09855345
0.10052293
0.10179082
0.10389126
0.10480434
0.10731195
0.0060917191
0.0069863142
0.0080508411
0.0092965874
0.010837976
0.012660858
0.014892415
0.017584907
0.020540671
0.023663919
0.026804197
0.029853155
0.032711764
0.035370518
0.037834776
0.040175604
0.042523277
0.045008097
0.04772179
0.050738846
0.053984617
0.057373207
0.060647366
0.063331419
0.065114899
0.065835292
0.065611423
0.064504446
0.062818486
0.061078914
0.059794804
0.059153472
0.059195685
0.060121188
0.062087936
0.064100931
0.065862865
0.067263177
0.068314406
0.069129285
0.069891892
0.071037975
0.072630752
0.074287591
0.076051565
0.077890942
0.079753123
0.081581379
0.083429673
0.085267402
0.087144427
0.088936327
0.09078373
0.09247795
0.094300699
0.095895283
0.097747139
0.099198517
0.10112134
0.10236404
0.10441523
0.1053131
0.10776875
0.0061882554
0.005669177
0.0052736214
0.0050313144
0.0050614863
0.0054048158
0.006176199
0.0074418907
0.0092108488
0.011370453
0.013805569
0.0163603
0.01894298
0.021510334
0.024052733
0.026597233
0.029235524
0.032063262
0.035144118
0.03854306
0.042250643
0.046225851
0.05026762
0.053876078
0.056668964
0.058402991
0.059031396
0.058783342
0.057874227
0.0568178
0.056113648
0.055893687
0.056265195
0.057588801
0.059724426
0.061890259
0.063946392
0.065774716
0.067298393
0.068520595
0.069596121
0.071001129
0.072737142
0.074531168
0.07646111
0.078454372
0.080424419
0.082321145
0.084213671
0.086082049
0.087968405
0.089761298
0.091592333
0.093270774
0.095061187
0.096629163
0.098438001
0.099859055
0.1017334
0.10294923
0.10494948
0.10583088
0.10823287
0.006887574
0.0060936054
0.005317253
0.0045837732
0.0038700501
0.0031046445
0.0022599446
0.0014584496
0.0014415297
0.0026169472
0.0042987323
0.0062083412
0.0082270317
0.010372858
0.012630052
0.015007537
0.017588529
0.020435863
0.023603173
0.02713432
0.03108869
0.035468434
0.040137521
0.044576685
0.048335835
0.051065175
0.052600952
0.053224254
0.053123553
0.052794444
0.052670325
0.052887492
0.053692798
0.055402389
0.057663321
0.059980936
0.06232048
0.064564778
0.066543287
0.068155498
0.069545218
0.071191216
0.07306088
0.07497061
0.077033576
0.079147921
0.081198338
0.083143702
0.085065139
0.086951208
0.0888363
0.090621793
0.092430738
0.094088153
0.095842911
0.097381056
0.099144862
0.10053351
0.10235775
0.10354518
0.10549297
0.10635664
0.10870346
0.0076269761
0.0071579998
0.0067895787
0.006510145
0.0062815935
0.006047741
0.0057559071
0.0053538067
0.0047979156
0.0040881373
0.0031981483
0.0021809071
0.001280452
0.0015974414
0.0031276439
0.0051399949
0.0075126606
0.010227418
0.013304854
0.016786896
0.020822482
0.025450004
0.030596175
0.035751946
0.040388579
0.044037341
0.046494361
0.047982665
0.048699074
0.049100035
0.049559257
0.050296723
0.051605407
0.053636107
0.056008951
0.058458111
0.06104912
0.063675271
0.066076425
0.068053023
0.069743451
0.07160308
0.073590743
0.075592136
0.077755344
0.079959593
0.082065163
0.08404069
0.085976931
0.087868995
0.089743492
0.091513992
0.093295792
0.094927424
0.096643511
0.098148974
0.099865943
0.10122036
0.10299307
0.10415072
0.10604472
0.10688951
0.10917984
0.0082850549
0.0083233191
0.0084670422
0.0086955705
0.0089647557
0.0092289801
0.0094492307
0.0095729487
0.0095743173
0.0094012715
0.0090154809
0.0083785172
0.0074826815
0.0063029028
0.0048936503
0.0032235745
0.0018428908
0.0026570615
0.0050045519
0.0080297038
0.011781319
0.01648614
0.021951088
0.027671331
0.033060274
0.037534149
0.040863236
0.043182673
0.044708878
0.045832531
0.046918494
0.048248051
0.050067241
0.052386126
0.054854157
0.0573963
0.06018641
0.063139743
0.06591518
0.068219155
0.070187002
0.072224833
0.074308787
0.076378312
0.078611386
0.080876742
0.083015109
0.085003855
0.08694214
0.088829734
0.090685426
0.092434192
0.094184272
0.095785906
0.097460626
0.098930912
0.10059948
0.10191809
0.1036381
0.10476475
0.10660387
0.1074288
0.10966146
0.008869932
0.0093997289
0.0099828968
0.010607023
0.011243615
0.011866007
0.012447254
0.012958631
0.013368967
0.013616052
0.013677693
0.01349722
0.013062644
0.012371648
0.011402565
0.010104198
0.0085405822
0.006725805
0.0047586663
0.0033559887
0.0047501694
0.0088653778
0.014447901
0.020549619
0.026537741
0.031724834
0.03584002
0.038944606
0.041251645
0.043106136
0.044871765
0.046832782
0.049148781
0.051728682
0.054270336
0.056852475
0.059768874
0.062977634
0.066062814
0.068654318
0.070861073
0.073039676
0.075194197
0.077310181
0.079586127
0.081886706
0.084038443
0.086025083
0.087954111
0.089827905
0.091657592
0.093378698
0.095092935
0.096660885
0.098291877
0.099724844
0.10134369
0.1026252
0.10429158
0.1053862
0.1071696
0.10797384
0.11014783
0.0093427901
0.010265153
0.011180087
0.012089865
0.012988449
0.0138679
0.014715313
0.015511556
0.016224595
0.016812386
0.01722792
0.017402454
0.017343623
0.017042676
0.016429523
0.01544091
0.014103208
0.012373856
0.010151834
0.0072904615
0.0039053239
0.0032776583
0.0082950321
0.014548859
0.020964206
0.026737063
0.031535103
0.035373228
0.0384339
0.041032965
0.043513507
0.04610707
0.048874756
0.051664879
0.054251104
0.056831524
0.059807685
0.063188212
0.066516757
0.06934578
0.071745207
0.074027714
0.076225924
0.07836851
0.080663979
0.082977314
0.085125463
0.087096449
0.089006419
0.090858098
0.092655506
0.094343784
0.09601853
0.097549618
0.09913487
0.10052872
0.10209682
0.10334016
0.10495224
0.10601405
0.1077411
0.10852397
0.11063849
0.0097349878
0.010889315
0.011996841
0.013075871
0.014135584
0.015179814
0.016203702
0.017192673
0.018118512
0.01894101
0.019613576
0.020060175
0.020242343
0.02022086
0.019859741
0.019097156
0.017953253
0.016378176
0.01426168
0.011432718
0.0076936037
0.0033637428
0.0038379541
0.0098188519
0.016454369
0.022680132
0.028054132
0.032567163
0.036357514
0.039704767
0.042898014
0.046081159
0.049226986
0.05217704
0.054780835
0.057318935
0.060288034
0.063761107
0.06726297
0.070271041
0.072816014
0.075167765
0.077384002
0.079534523
0.081829739
0.084136914
0.086266571
0.088210294
0.090092802
0.091914988
0.093674697
0.095325694
0.096957799
0.098449336
0.099987192
0.10134046
0.10285707
0.10406146
0.10561885
0.10664724
0.10831756
0.10907858
0.11113307
0.010032595
0.011234573
0.012389879
0.013520034
0.014639619
0.015755512
0.016864663
0.017953873
0.018997031
0.019954402
0.020774498
0.021380636
0.021681955
0.021796009
0.021568568
0.020942594
0.019934494
0.018509438
0.016576415
0.013978957
0.010468425
0.0061267159
0.0022500455
0.0066405279
0.013125538
0.019664076
0.025504081
0.030626578
0.035108515
0.039174415
0.043027532
0.046720945
0.050158548
0.0532088
0.0558022
0.058266798
0.061173349
0.064668484
0.068270877
0.071404245
0.074048988
0.076438565
0.078649539
0.080790521
0.083068866
0.085354176
0.087452381
0.089359283
0.091207113
0.092993309
0.09471071
0.096320658
0.097907476
0.099357252
0.10084642
0.10215799
0.10362264
0.10478756
0.10629015
0.1072847
0.10889823
0.10963706
0.11163117
0.010209018
0.011281683
0.012343395
0.01341149
0.014491843
0.015585293
0.016685692
0.017778235
0.018836599
0.019820242
0.020673181
0.021346292
0.021710966
0.021842367
0.021636552
0.021103934
0.020212141
0.018934122
0.017198997
0.014885672
0.011739894
0.0078291442
0.0037035901
0.0053178789
0.011189555
0.017822002
0.023997362
0.029634997
0.034737115
0.039437305
0.043860017
0.047961148
0.051599719
0.054689958
0.057242737
0.059611953
0.06241319
0.065868122
0.069508065
0.072717225
0.075419792
0.077819476
0.080004627
0.082120081
0.084367557
0.086618129
0.088673864
0.090536289
0.092343268
0.094087848
0.095759115
0.097324903
0.098864302
0.10027058
0.10171014
0.10297922
0.10439177
0.10551694
0.10696488
0.10792539
0.10948238
0.1101988
0.11213245
0.010259181
0.011043887
0.011884115
0.012782281
0.013725673
0.014704118
0.015703978
0.016705303
0.017678551
0.018579439
0.019348941
0.019958948
0.020319224
0.02039516
0.020126814
0.019617076
0.018851488
0.017787768
0.016350108
0.014485374
0.011889873
0.0086291027
0.00541452
0.0060454653
0.010921156
0.017305535
0.023630881
0.029644352
0.035230897
0.040462914
0.045340533
0.049720781
0.053473583
0.056549122
0.059029747
0.061287661
0.063951577
0.067316751
0.070940853
0.074180979
0.076905029
0.079290721
0.081432366
0.083507949
0.085712767
0.08791823
0.089922446
0.091734282
0.0934952
0.095193458
0.096815519
0.098334677
0.099825037
0.10118652
0.10257593
0.10380207
0.10516265
0.10624808
0.10764179
0.10856832
0.11006925
0.1107632
0.11263656
0.010125403
0.010526843
0.011045883
0.011671725
0.012381104
0.013150369
0.013954569
0.014766374
0.015552802
0.016267982
0.016853166
0.017296352
0.017526076
0.017470643
0.017095328
0.016618767
0.01606366
0.015379746
0.014450467
0.013283327
0.011558278
0.0093472703
0.0075563519
0.0084010742
0.012382635
0.018194704
0.024430694
0.030631629
0.036587048
0.042204448
0.047374379
0.051916883
0.055705026
0.058718176
0.061096673
0.063229824
0.065733525
0.068971811
0.072535661
0.075766925
0.078482489
0.080833424
0.082916786
0.08493991
0.087092187
0.089244376
0.09118992
0.092946417
0.094656866
0.09630508
0.097875592
0.099346271
0.10078648
0.10210235
0.10344142
0.10462449
0.10593355
0.10697948
0.10831964
0.10921247
0.11065809
0.11132969
0.11314314
0.00980762
0.0097952246
0.0099335548
0.01021351
0.010607408
0.011081468
0.011597811
0.01212174
0.012612415
0.013024539
0.013308883
0.013447283
0.01342572
0.013137337
0.01268797
0.012358871
0.012337466
0.012498898
0.012662063
0.012517602
0.011972635
0.011184707
0.01079468
0.012004929
0.015377872
0.020491683
0.026423253
0.032626395
0.038741886
0.044556234
0.049874207
0.054471647
0.058224516
0.061134575
0.063384923
0.065379806
0.067707837
0.07079134
0.074259799
0.077448227
0.080130901
0.082429567
0.084442768
0.086402699
0.088494246
0.090586898
0.092468372
0.094166028
0.09582236
0.097417767
0.098935087
0.10035604
0.10174548
0.10301534
0.10430426
0.10544446
0.10670271
0.10770968
0.10899722
0.10985687
0.11124814
0.11189768
0.11365184
0.0093685983
0.0089933884
0.0087561579
0.0086581158
0.0086760939
0.0087810227
0.0089197846
0.0090586499
0.0091362651
0.0091035097
0.0089095425
0.0085503947
0.0080722763
0.0075084175
0.0072862004
0.0079075506
0.0093317147
0.01104294
0.012619803
0.013878046
0.014595921
0.014933074
0.015375721
0.016731821
0.019617969
0.024030698
0.029500276
0.035498166
0.041574795
0.04742082
0.052755351
0.057312314
0.060968472
0.063742189
0.06584364
0.06768652
0.069828655
0.072735636
0.076081142
0.079200121
0.081829655
0.084062049
0.085996186
0.087884034
0.089908788
0.091936464
0.093750196
0.09538662
0.096986019
0.098526712
0.09998987
0.10136042
0.10269898
0.10392285
0.10516217
0.10625999
0.10746846
0.10843721
0.10967332
0.11050055
0.11183865
0.11246661
0.11416228
0.0088464868
0.0082864475
0.0078217267
0.0074466105
0.0071494593
0.0069105044
0.0066752313
0.0064370131
0.0060905738
0.0055331282
0.0046610743
0.0033796315
0.0017578179
0.0012436223
0.0038092751
0.0069964041
0.010514176
0.013745252
0.016434902
0.018463754
0.019750463
0.020545758
0.021227819
0.022470289
0.024856856
0.028581464
0.033479317
0.039107337
0.044976737
0.050702888
0.055938107
0.060372254
0.0638786
0.066488558
0.068424783
0.070103454
0.072054004
0.074768177
0.077969551
0.081000227
0.083559461
0.085714624
0.08756344
0.089372615
0.091326133
0.093284027
0.09502808
0.096601863
0.098142426
0.099627286
0.10103595
0.10235598
0.103644
0.10482234
0.10601292
0.10706918
0.10822916
0.1091607
0.11034678
0.11114256
0.11242887
0.11303595
0.11467408
0.0082378354
0.0078273945
0.0075085436
0.0072451787
0.0070212243
0.0068524877
0.0067071418
0.0066033253
0.0064786309
0.0063074003
0.0061188106
0.0060842995
0.0065501867
0.0080048714
0.010537625
0.013856888
0.017511599
0.020893286
0.023677941
0.025690072
0.026904351
0.027628318
0.028161836
0.029068021
0.030888264
0.033920704
0.038175185
0.043309353
0.048832656
0.054309992
0.059345442
0.063590684
0.06690329
0.069326839
0.071085405
0.072589009
0.074344392
0.076853821
0.079895903
0.082823714
0.0853031
0.087372697
0.089132242
0.090857448
0.092735048
0.094621039
0.096295196
0.097805772
0.099286415
0.10071504
0.10206949
0.10333942
0.10457769
0.10571132
0.1068544
0.10787018
0.10898321
0.10987877
0.11101648
0.11178198
0.1130181
0.11360516
0.11518686
0.0077344797
0.0079497873
0.0081774518
0.0084570455
0.0087708211
0.0091532535
0.0096118623
0.010174075
0.010845238
0.011649581
0.012645755
0.013959623
0.015659459
0.01785838
0.020728819
0.024085105
0.027576221
0.030710617
0.033142223
0.034738559
0.035505949
0.035805962
0.035920885
0.03634478
0.037519853
0.039833231
0.043397418
0.047953509
0.053026954
0.058154534
0.062908043
0.06691199
0.069996436
0.07221384
0.073785173
0.075103754
0.076661686
0.078959637
0.081834642
0.084650011
0.087044353
0.089023157
0.090691127
0.09232762
0.094125692
0.095939813
0.097545142
0.098992698
0.10041308
0.10178575
0.10308686
0.1043076
0.10549733
0.10658747
0.10768457
0.10866123
0.1097291
0.11059013
0.11168133
0.11241793
0.11360564
0.11417374
0.11570021
0.0082676243
0.0094117658
0.010440947
0.011602771
0.01278135
0.013971545
0.015226685
0.016588686
0.018089328
0.019772031
0.021685172
0.023901745
0.026503383
0.029346577
0.032641683
0.036119709
0.039443067
0.042164232
0.043995924
0.044927782
0.045057944
0.044706293
0.04421465
0.044073655
0.044580673
0.04612541
0.048962747
0.052889273
0.057443438
0.062147918
0.066557981
0.070278701
0.073111805
0.075108124
0.076486533
0.077614482
0.078974127
0.081058261
0.083762482
0.08646354
0.088767735
0.090653324
0.092228843
0.09377356
0.095490226
0.097233159
0.098771734
0.10015723
0.10151784
0.10283547
0.10408462
0.10525757
0.10640036
0.10744855
0.1085015
0.10944067
0.11046541
0.11129357
0.1123403
0.11304957
0.1141908
0.1147412
0.11621374
0.014288553
0.015714272
0.017248224
0.018991119
0.020862342
0.022820176
0.024673489
0.026624191
0.028725372
0.031006705
0.03353231
0.036316304
0.039362581
0.042620318
0.046086555
0.049458606
0.052380673
0.054451359
0.055512387
0.055612653
0.055043217
0.053915245
0.052750871
0.05196535
0.051857099
0.052642619
0.054700006
0.057966762
0.061963039
0.066198073
0.070224236
0.073633628
0.076203935
0.077973162
0.079158291
0.080095768
0.08125704
0.083126165
0.085657088
0.088246584
0.090458326
0.092251491
0.093735081
0.095187033
0.096821237
0.098494325
0.099969145
0.10129435
0.10259645
0.10386054
0.10505959
0.10618655
0.10728439
0.10829249
0.1093034
0.11020694
0.11119079
0.1119879
0.11299244
0.11367608
0.11477294
0.1153071
0.11672702
0.032911391
0.03480805
0.036635745
0.038149326
0.039367503
0.040724192
0.0422212
0.043881102
0.045647604
0.047566223
0.0497692
0.05223978
0.054893609
0.057712366
0.060644638
0.063350841
0.065460047
0.066640215
0.066848139
0.066218997
0.064862196
0.063058526
0.061227723
0.059790359
0.059065634
0.05921866
0.060477548
0.063050563
0.066475879
0.070220303
0.073841387
0.076925308
0.079229788
0.080770674
0.081770635
0.082522154
0.083488413
0.085143708
0.087503851
0.089983059
0.09210271
0.093806837
0.095199951
0.096560282
0.098112232
0.099717358
0.101132
0.10239938
0.10364501
0.1048576
0.10600882
0.10709199
0.1081472
0.10911737
0.11008859
0.11095859
0.11190397
0.11267206
0.11363681
0.11429669
0.11535145
0.11587109
0.11723967
0.11187377
0.12071566
0.1291158
0.13682447
0.14348053
0.14887189
0.15307403
0.15627954
0.15868921
0.11223914
0.121193
0.1293579
0.13674779
0.14307804
0.14823563
0.15227645
0.15537253
0.15771672
0.112934
0.12179128
0.12956567
0.13657294
0.14260449
0.14754503
0.15143406
0.15442533
0.1566997
0.11349144
0.12215393
0.12963666
0.13633019
0.1420986
0.14683528
0.15057677
0.15346393
0.15566715
0.11399818
0.12244846
0.12967499
0.13607741
0.14159317
0.14612799
0.1497219
0.15250496
0.15463692
0.11446223
0.12268257
0.12967769
0.13582702
0.14109153
0.14542401
0.14887015
0.15154965
0.15361064
0.11486542
0.12284282
0.1296355
0.13554679
0.14057155
0.14471077
0.14801455
0.15059391
0.15258608
0.11515663
0.12289615
0.12951033
0.13519209
0.14000835
0.14397581
0.14714884
0.14963464
0.15156246
0.11527585
0.12283553
0.12927587
0.13476299
0.13939822
0.14321454
0.14627041
0.14867118
0.15053975
0.11522567
0.12263578
0.1289139
0.13424811
0.1387352
0.14242324
0.1453771
0.14770282
0.14951834
0.11500197
0.12223041
0.12840926
0.13363924
0.13801404
0.14159923
0.14446896
0.14673039
0.1484997
0.11452101
0.12164536
0.12777401
0.13294203
0.13723874
0.14074471
0.14354734
0.1457562
0.14748571
0.11381812
0.12089501
0.12701949
0.13216569
0.13641694
0.13986797
0.14261989
0.14478698
0.14648301
0.11292795
0.11999948
0.12616233
0.13132549
0.13556201
0.13897978
0.14169489
0.14382892
0.14549555
0.11187079
0.11898044
0.12522496
0.13044244
0.13469188
0.13809492
0.14078386
0.14289104
0.14453286
0.11071391
0.11788833
0.12424507
0.12954509
0.1338283
0.13723008
0.13990114
0.14198553
0.14360429
0.10953096
0.11677593
0.12325907
0.12865777
0.13298667
0.1363942
0.1390511
0.14111464
0.142712
0.1084285
0.11571013
0.12230173
0.12779463
0.13216948
0.13558358
0.13822698
0.14027021
0.14184665
0.10747803
0.11471651
0.12136337
0.12692604
0.13133803
0.13475563
0.13738382
0.13940468
0.14095738
0.1066892
0.11378507
0.12040606
0.12599085
0.13041836
0.13383161
0.13644247
0.13844127
0.13997228
0.10607165
0.11288755
0.11935581
0.12488298
0.12929094
0.13269015
0.13528424
0.13726326
0.1387726
0.10543394
0.11183123
0.11801647
0.12340257
0.12775725
0.13113792
0.13372147
0.13568993
0.13718853
0.10450374
0.11038344
0.11619146
0.12137563
0.12565737
0.12902874
0.13162244
0.13360077
0.1351024
0.10299997
0.10833484
0.11372875
0.11867941
0.12287599
0.12624376
0.12886283
0.1308691
0.1323932
0.10080979
0.10562265
0.11060526
0.11531072
0.11940865
0.12276483
0.12540684
0.12744078
0.12898712
0.097920237
0.10227495
0.10688995
0.1113691
0.11537372
0.11872279
0.12139804
0.12347396
0.12505633
0.094427251
0.098400127
0.10270733
0.10699198
0.11091379
0.11425766
0.11696456
0.11908011
0.12069611
0.090503974
0.094174227
0.098237307
0.1023681
0.10622635
0.10957124
0.11230948
0.11446287
0.11611261
0.086302565
0.089742898
0.093632985
0.097674661
0.10152511
0.10491755
0.10772729
0.1099556
0.1116748
0.08215156
0.085412943
0.089183381
0.093195395
0.097104548
0.10061035
0.10354719
0.10589035
0.10770397
0.078590121
0.081693359
0.085352971
0.089339727
0.093321133
0.096970762
0.10007811
0.10258243
0.10453202
0.076061221
0.07902968
0.0825847
0.08653567
0.090574695
0.094369601
0.097677802
0.10040018
0.1025569
0.074814729
0.077708083
0.081209687
0.085156545
0.08926095
0.093192001
0.096686004
0.099610261
0.10195247
0.074712226
0.077567641
0.081040414
0.084978788
0.089101912
0.093078906
0.096634285
0.099618795
0.10201732
0.075444335
0.078183545
0.081548067
0.085398871
0.089461011
0.093403566
0.096954063
0.09996494
0.10240605
0.07681216
0.079384814
0.082531647
0.086124975
0.089940872
0.093693968
0.097122368
0.10005744
0.10244818
0.077375289
0.079704538
0.082600003
0.085987232
0.08963235
0.093239506
0.096543835
0.099380749
0.10170303
0.077112042
0.079181504
0.081757335
0.0847443
0.087972716
0.091209503
0.094219386
0.096848501
0.099041522
0.075924491
0.077532911
0.079571343
0.082011662
0.084736679
0.087549527
0.090248145
0.092682675
0.094777495
0.07463322
0.075891701
0.077524428
0.079523493
0.08180705
0.084228753
0.086620473
0.088842872
0.090813276
0.074051818
0.075098974
0.076478801
0.078195378
0.080187554
0.082334492
0.084490794
0.086529466
0.088368228
0.074159109
0.075123032
0.076410296
0.07802017
0.079892572
0.081910293
0.083935258
0.085851137
0.087583636
0.074966258
0.075810257
0.076974658
0.078478057
0.080261417
0.082199512
0.084148842
0.085993039
0.087660774
0.075916111
0.076634317
0.077644329
0.078970005
0.080578002
0.082380226
0.084245454
0.086046314
0.087692512
0.07656646
0.077069152
0.077825038
0.078890203
0.080268828
0.081886868
0.08362521
0.085357709
0.086984317
0.077277311
0.077544772
0.078002167
0.078701358
0.07965457
0.080852606
0.082219288
0.083660858
0.085089945
0.078237491
0.078310266
0.07851888
0.078945464
0.07964572
0.080571971
0.081678771
0.082894849
0.084137429
0.079445877
0.079380069
0.07940582
0.079595742
0.080023202
0.080739413
0.081690115
0.082774119
0.083911317
0.080846612
0.080673825
0.080554412
0.080561302
0.080772224
0.081234786
0.081948114
0.082861664
0.083883057
0.08231546
0.082048755
0.081795796
0.081622879
0.081611175
0.081830172
0.082306589
0.083011575
0.083868268
0.083954562
0.083619074
0.08326326
0.082943006
0.082734238
0.082713114
0.082929881
0.083390055
0.084057987
0.085596701
0.085217554
0.084794288
0.084373638
0.084024353
0.083823065
0.083831505
0.084075788
0.084539682
0.087417148
0.087021219
0.086567467
0.086095143
0.085664874
0.08534724
0.085204279
0.085271378
0.085546615
0.089102641
0.08869901
0.088228751
0.087725592
0.087243853
0.086848764
0.086600478
0.086538753
0.086673076
0.091025439
0.090634429
0.090174969
0.089676475
0.08918755
0.088767396
0.088471435
0.088337477
0.088377213
0.092696029
0.092316825
0.091868443
0.09137726
0.090887805
0.090454922
0.090130409
0.089950044
0.089925821
0.094724373
0.094373085
0.093956683
0.093498643
0.093039155
0.092627997
0.092312132
0.092123753
0.092073218
0.096288654
0.095956984
0.095562705
0.095127228
0.094687684
0.094290551
0.093980035
0.093786329
0.093718823
0.09841962
0.098120188
0.097764355
0.097371543
0.096975269
0.096617166
0.09633653
0.096159975
0.096095179
0.099770502
0.099491302
0.099159117
0.098791859
0.098420735
0.098084761
0.097820854
0.097653821
0.097590424
0.10204264
0.10179563
0.10150209
0.10117824
0.10085219
0.10055891
0.10033117
0.10019031
0.10014095
0.10300633
0.10277486
0.10249946
0.1021953
0.10188889
0.10161339
0.10139989
0.10126859
0.10122352
0.10569529
0.10549455
0.10525707
0.10499682
0.10473647
0.10450576
0.10433185
0.10423165
0.10420757
0.1607664
0.16280982
0.16480965
0.16685063
0.16906476
0.17142088
0.15972628
0.16169992
0.16363181
0.16560881
0.1677756
0.17009285
0.15864606
0.16056323
0.16244636
0.16438303
0.16652586
0.16881471
0.15755351
0.15941483
0.16125161
0.16315191
0.16526902
0.16752784
0.15646462
0.15826869
0.16005536
0.16191191
0.16399043
0.16622252
0.15538023
0.15712698
0.15886157
0.16066939
0.16270155
0.16491294
0.15429972
0.15599075
0.15767401
0.15943286
0.16141657
0.16360897
0.15322341
0.15486128
0.15649431
0.15820387
0.16013804
0.16231415
0.15215175
0.15373981
0.15532508
0.15698657
0.15887164
0.16103017
0.15108525
0.1526261
0.1541647
0.15577797
0.15761291
0.15975879
0.15002618
0.15152368
0.15301906
0.15458738
0.15637481
0.15850433
0.1489755
0.15043203
0.15188499
0.15340776
0.15514774
0.15727063
0.14794054
0.14936057
0.15077579
0.15225824
0.15395364
0.1560612
0.14692187
0.14830444
0.14967912
0.15111668
0.15276922
0.15495969
0.14593136
0.14728032
0.14861934
0.15002019
0.15164256
0.15393195
0.14497566
0.14629052
0.14759262
0.14895493
0.15054998
0.15289785
0.14405916
0.14534531
0.14661754
0.14795037
0.14951476
0.15176527
0.14317189
0.14443301
0.14567913
0.14698358
0.14851519
0.15070814
0.14225908
0.14349401
0.14470809
0.1459713
0.14744114
0.14951932
0.14125792
0.14248038
0.14368317
0.14493893
0.14641286
0.14856911
0.14004179
0.14124773
0.14242132
0.14362647
0.14500774
0.14698199
0.13845898
0.13967815
0.14087142
0.14211575
0.14358702
0.14578928
0.13638015
0.13760605
0.13878832
0.13999518
0.14139596
0.14362582
0.13370125
0.13496784
0.13618894
0.13743223
0.13882627
0.14039078
0.13032157
0.13162229
0.1328804
0.1341732
0.13566514
0.13753347
0.12642223
0.12775026
0.12902034
0.13030054
0.13174002
0.13375413
0.1220886
0.12343901
0.12472687
0.12602589
0.12752603
0.1300398
0.11752995
0.11890163
0.1202213
0.12158576
0.12327368
0.12662529
0.11314823
0.11457171
0.11596255
0.11744573
0.11939528
0.12365922
0.10924541
0.11072287
0.11218576
0.11378991
0.11601599
0.12126791
0.1061742
0.10773062
0.10928571
0.11102767
0.1135358
0.11968968
0.10437647
0.10609539
0.10782654
0.10976508
0.11250585
0.11887789
0.10392346
0.10577292
0.10762457
0.10967063
0.11249526
0.11885621
0.1040425
0.10595292
0.10787763
0.11000816
0.11292952
0.11932559
0.1044814
0.10645266
0.10844334
0.11064656
0.11363305
0.11986814
0.10449576
0.10645804
0.10844813
0.11065959
0.11366379
0.11997348
0.10371706
0.1056752
0.10767208
0.10990086
0.11294771
0.11924606
0.10099601
0.10295216
0.1049863
0.10731728
0.11064317
0.1180346
0.096707099
0.098710098
0.10088386
0.10351504
0.10748796
0.11653161
0.092678927
0.094678219
0.096940557
0.099810119
0.10433507
0.11478556
0.090130622
0.092049603
0.094276096
0.097183456
0.10188891
0.11299999
0.089244636
0.091056317
0.093172411
0.095958961
0.1005232
0.1115643
0.08926193
0.09101193
0.093055113
0.09574512
0.10015031
0.11076812
0.089285343
0.09103642
0.093085931
0.095794423
0.10025061
0.1109692
0.088599541
0.090417733
0.092572172
0.09543414
0.10012068
0.11121438
0.086587216
0.088377079
0.090620342
0.093749279
0.098974785
0.11082206
0.085471644
0.087111715
0.089237492
0.092319332
0.097658799
0.11020222
0.085159712
0.086724295
0.088783639
0.091818855
0.097149119
0.10973939
0.085048949
0.086564069
0.088609381
0.091673927
0.097087256
0.1097792
0.084900935
0.086325631
0.088344234
0.091469888
0.097050519
0.10995242
0.084960497
0.086292347
0.088263722
0.091419915
0.097113834
0.1102148
0.085256823
0.086444091
0.088335741
0.091486038
0.09726734
0.11053999
0.086052504
0.087011666
0.08871282
0.091776496
0.097605736
0.11094935
0.087024696
0.087799975
0.089304026
0.092206104
0.097972773
0.11137089
0.088603656
0.089200353
0.090471566
0.093109565
0.098657709
0.11190033
0.090062825
0.09051953
0.091582686
0.093947873
0.099253391
0.11243162
0.0921609
0.092521213
0.093405848
0.095457368
0.10033733
0.11312102
0.093774782
0.094074464
0.094845964
0.096686684
0.10125025
0.11381422
0.096138628
0.096396979
0.097069579
0.098690739
0.10284001
0.11482153
0.097627275
0.097867509
0.098500052
0.10003486
0.10402027
0.11582834
0.1001806
0.10040358
0.1009744
0.10234491
0.10597003
0.11719141
0.10126357
0.10148516
0.10205165
0.10341478
0.10705307
0.11833204
0.10425877
0.10448379
0.10502427
0.1062904
0.10962816
0.12029834
0.12824446
0.12916531
0.13015504
0.13143578
0.13378706
0.14336758
0.13327947
0.13419911
0.13521339
0.1365409
0.13893491
0.1467094
0.13876872
0.13970378
0.14076859
0.14217664
0.1446572
0.1513743
0.14464499
0.14559571
0.14667866
0.14806109
0.1502858
0.15543039
0.15079718
0.15178098
0.1529111
0.15434716
0.15659989
0.16150175
0.15706378
0.15807775
0.15922926
0.16063344
0.16262161
0.16604741
0.16323132
0.16427431
0.1654552
0.16688835
0.16894383
0.17335162
0.16909407
0.1701645
0.17137468
0.17284432
0.17495459
0.1792145
0.17452315
0.17565046
0.17692052
0.1784415
0.18051744
0.18375805
0.17927114
0.18045772
0.18178079
0.18332766
0.18531907
0.18778854
0.18311261
0.18436613
0.18575292
0.18734701
0.1892874
0.1910209
0.18585241
0.18714916
0.18854506
0.19009961
0.19190927
0.19325755
0.18729111
0.1887452
0.19030185
0.1919981
0.1938352
0.19451484
0.18730536
0.18876711
0.19031914
0.19199638
0.19379928
0.19457391
0.18682022
0.18828975
0.18983407
0.19147672
0.19317462
0.19358539
0.18547446
0.18700254
0.18859072
0.1902892
0.19207935
0.19243932
0.18333411
0.18494557
0.18659519
0.18832303
0.19010944
0.19049909
0.1806858
0.1823743
0.18407813
0.18583363
0.18762338
0.18814851
0.17769909
0.17947154
0.18124915
0.18307511
0.1849417
0.18557948
0.17454419
0.17638405
0.17820867
0.18006256
0.18195838
0.18287714
0.17139003
0.17330566
0.17520539
0.17714668
0.17915815
0.18021024
0.16828798
0.17024408
0.17216307
0.17410682
0.17613977
0.17758286
0.16544785
0.1674777
0.16946971
0.17149565
0.17363303
0.17515671
0.16248445
0.16455022
0.16657932
0.16864721
0.17085948
0.17278325
0.11684575
0.11811806
0.12013083
0.12222953
0.12410316
0.1255669
0.12657741
0.12722058
0.12761933
0.12594544
0.12656111
0.12766624
0.12893597
0.13014101
0.13112786
0.13184562
0.13233633
0.13268066
0.1348215
0.13472373
0.13502473
0.1355956
0.13626974
0.13690063
0.13742257
0.13783188
0.13816741
0.14332147
0.14260372
0.14226115
0.14226059
0.14249838
0.1428547
0.1432497
0.14363656
0.14401128
0.15138914
0.15014442
0.14926365
0.14880779
0.14871307
0.14888317
0.14922052
0.14964198
0.15010105
0.15885522
0.15719591
0.15589615
0.15508888
0.15476989
0.15484648
0.15519622
0.15570499
0.15628617
0.16554567
0.1635876
0.16200184
0.16096387
0.16052003
0.1605834
0.16100564
0.16164018
0.16236463
0.17133407
0.16918462
0.16743583
0.1662858
0.16580937
0.16592774
0.16647071
0.1672583
0.16813678
0.17597546
0.17379941
0.17202929
0.17089016
0.17047518
0.17071086
0.17141748
0.17238941
0.17344806
0.17977914
0.17759185
0.17577615
0.17467144
0.17436807
0.17476234
0.17565985
0.17683034
0.17807437
0.18176704
0.17967275
0.17811758
0.17729409
0.17723809
0.17785694
0.17898381
0.18036669
0.18179436
0.18173961
0.17993687
0.17876622
0.17831399
0.17864841
0.17967038
0.18113557
0.18279428
0.18442475
0.18108148
0.17952267
0.17853087
0.1783018
0.17894782
0.18028881
0.18200645
0.18386211
0.18568375
0.17921923
0.17810245
0.17754525
0.17773129
0.17863305
0.18011469
0.18192759
0.18383704
0.18568452
0.17552602
0.17509511
0.1752272
0.17601623
0.17740465
0.17922046
0.18125086
0.183293
0.18519051
0.17033276
0.17069616
0.17160222
0.17306668
0.17500719
0.17724116
0.17956982
0.18179454
0.18378583
0.16399469
0.16531301
0.16710601
0.16933817
0.17187434
0.17452674
0.17711418
0.17948954
0.1815683
0.15671891
0.15913248
0.16194036
0.16502314
0.16820252
0.17130071
0.17416768
0.1766983
0.17885441
0.14889759
0.15250649
0.15640163
0.16037678
0.16421689
0.16776189
0.17090342
0.17358086
0.17580428
0.14106291
0.14585143
0.15080627
0.1556519
0.16013493
0.16410497
0.16750342
0.17031682
0.17259756
0.13353827
0.13951266
0.14546011
0.15109129
0.1561541
0.16050289
0.16412747
0.16706105
0.16939191
0.12672476
0.13354818
0.14035158
0.1467151
0.15232832
0.15703365
0.16085858
0.16389325
0.16625963
0.12087666
0.1287643
0.13620575
0.14299782
0.14894971
0.15389665
0.15786605
0.16097624
0.16337169
0.1134089
0.1218945
0.13051478
0.13836267
0.14505817
0.15046939
0.15469862
0.15794048
0.16038276
0.142753
0.13405922
0.12776072
0.12343281
0.12021365
0.11774242
0.15386355
0.14541813
0.13869516
0.13385834
0.13011755
0.12710994
0.16400814
0.1560154
0.14901014
0.14380978
0.13972184
0.13639974
0.17319992
0.16583544
0.15865195
0.15319491
0.14886122
0.14530831
0.18138124
0.17469115
0.16748351
0.16188533
0.15740146
0.15370635
0.18846608
0.18260417
0.17539464
0.16973375
0.16517941
0.16141764
0.19424194
0.18928592
0.18218451
0.17655901
0.17201646
0.16826243
0.19853984
0.19466164
0.18776088
0.1822481
0.17779221
0.1741175
0.20133228
0.19866901
0.19190975
0.18651587
0.18219446
0.17868378
0.2018808
0.20050324
0.19432579
0.18931755
0.18544332
0.18230446
0.20130001
0.20089756
0.19588463
0.19130958
0.18746891
0.1843076
0.20164106
0.2013103
0.19587486
0.19117267
0.18725023
0.18412689
0.19964554
0.1999428
0.19409341
0.18944341
0.18586673
0.18311954
0.1953749
0.19594442
0.1904917
0.18623109
0.18312055
0.18081713
0.18345058
0.18808138
0.18443524
0.18094281
0.17835305
0.17654053
0.17062639
0.17861394
0.17629168
0.17369807
0.17182488
0.17063769
0.15671794
0.16823053
0.16686593
0.16499511
0.16387616
0.16343975
0.14158849
0.15420498
0.15490088
0.15457899
0.15463501
0.15514666
0.12481467
0.13968427
0.14205943
0.14317078
0.14453169
0.14619171
0.10385614
0.11944963
0.12690467
0.13090056
0.13411862
0.137148
0.083233467
0.10223084
0.11143147
0.11814633
0.12357257
0.1282889
0.038781224
0.075527253
0.098090711
0.10788424
0.11483184
0.12064519
0.013731766
0.039529958
0.07272784
0.095664028
0.10604661
0.11330997
0.021546541
0.022489984
0.041701647
0.070265069
0.094855093
0.10662407
0.015610417
0.0033009944
0.019144703
0.0371277
0.0609114
0.08846867
0.017208309
0.011768684
0.0053748532
0.014336802
0.029897827
0.054575462
0.01489752
0.012879227
0.0098251594
0.0056504931
0.0095379376
0.027270871
0.014442736
0.012898261
0.010611606
0.0079940265
0.0043015758
0.0080066774
0.014547508
0.012962648
0.011036029
0.0091170847
0.0069912537
0.0053536921
0.014854643
0.013204863
0.011463594
0.0099221518
0.0084309726
0.0069928885
0.014909526
0.013190108
0.011578782
0.010237973
0.0090355141
0.0078966975
0.01438344
0.01246408
0.011038741
0.0099774704
0.0090984179
0.0083067988
0.012895726
0.011068689
0.0099506787
0.0092582602
0.008802875
0.0084766093
0.0099718381
0.008923292
0.008366862
0.008206243
0.0082916514
0.0085225445
0.0066709273
0.0061946062
0.0064111808
0.0069662347
0.0077043786
0.0085024467
0.0034735824
0.0037860022
0.0049668626
0.0061803805
0.0074006175
0.0085812209
0.0029432115
0.0031368106
0.00487719
0.006255232
0.0075724505
0.0088223461
0.00537339
0.0053670652
0.0061562255
0.0071091728
0.0081379269
0.0091747015
0.0088527075
0.0083324392
0.008271556
0.0085477745
0.009026706
0.0096119469
0.011639164
0.010836378
0.010216863
0.0099368561
0.0098769551
0.0099438738
0.014632015
0.012813826
0.011689096
0.010953644
0.01044359
0.010057346
0.015604867
0.01393845
0.012542799
0.011499013
0.010665644
0.0099514842
0.015815845
0.014131437
0.012590206
0.011421782
0.010469293
0.0095899778
0.015101383
0.013707798
0.012148466
0.010878052
0.0097746066
0.0088412437
0.014147998
0.012755757
0.01109525
0.009613087
0.0083442119
0.0076658124
0.012755376
0.011633289
0.0096479357
0.0076901494
0.005975846
0.0067442552
0.011602484
0.010529619
0.0086184703
0.0057974517
0.0044962718
0.01225861
0.010718716
0.010123767
0.008359491
0.0064875087
0.017026986
0.030236052
0.17050586
0.16254586
0.15561501
0.1506875
0.14697234
0.14417842
0.16167549
0.15375535
0.14723965
0.14270775
0.13936289
0.13688775
0.15196336
0.14418063
0.13811335
0.13400398
0.13106231
0.12898917
0.14151502
0.13394636
0.12837795
0.12473629
0.12224231
0.12060139
0.13039078
0.12306368
0.11805435
0.11493738
0.1129452
0.11177903
0.11862956
0.11156057
0.10719648
0.10467721
0.10325821
0.1026178
0.10643687
0.099575453
0.095955245
0.094113894
0.093306957
0.093215354
0.094281262
0.087536336
0.084665547
0.08348966
0.083268227
0.08372054
0.077890157
0.074854082
0.073145085
0.072694148
0.073102222
0.074181865
0.064806164
0.062402042
0.061452761
0.061721414
0.062884698
0.064723635
0.050797948
0.04963609
0.049623716
0.050840933
0.052937407
0.055651547
0.036786984
0.036646855
0.037913471
0.04037968
0.043634121
0.04736175
0.023833788
0.023914968
0.027008087
0.031118888
0.035709876
0.040499942
0.014756015
0.0142338
0.019690896
0.025132074
0.030677331
0.036182501
0.010608399
0.0121233
0.01770674
0.023494726
0.029284332
0.034959541
0.021114783
0.021082283
0.023819925
0.027832919
0.032490518
0.037415393
0.034687918
0.033548794
0.034134051
0.036214096
0.039298237
0.043012108
0.048662697
0.046244458
0.045585125
0.046331217
0.048109406
0.050659076
0.062525332
0.058899352
0.057287831
0.057100224
0.057902798
0.059470127
0.07567263
0.071566005
0.069125757
0.068178456
0.068180915
0.068930104
0.091654806
0.084536239
0.08104127
0.079298519
0.07861913
0.078723692
0.10539142
0.09709094
0.092824056
0.090435279
0.089128277
0.088619322
0.11809368
0.10984273
0.10486597
0.10181498
0.099849151
0.098652596
0.13072946
0.12200901
0.11637243
0.11270301
0.11013116
0.10828924
0.01010005
0.0096307166
0.0074745694
0.021589791
0.039005475
0.051759881
0.011168038
0.0093099042
0.02485798
0.045454228
0.068229974
0.086471103
0.0058612756
0.025210397
0.049178887
0.076322126
0.092458101
0.10065034
0.025057714
0.051842767
0.0823393
0.096260085
0.10301029
0.10801647
0.057124511
0.085763654
0.098441646
0.10533691
0.11063775
0.11507491
0.086797676
0.10229655
0.11148364
0.11661848
0.12020161
0.12319106
0.10791276
0.12226491
0.12627962
0.12787906
0.12942227
0.13111664
0.12463491
0.13670736
0.13815639
0.13815561
0.13843876
0.13909752
0.14013529
0.15123487
0.15008939
0.14819357
0.14713299
0.14672794
0.15411209
0.16230735
0.15971046
0.15685308
0.15489691
0.15364692
0.16668506
0.1724647
0.16838072
0.16450405
0.16173549
0.15978054
0.17820968
0.1801843
0.17518181
0.17080717
0.16747706
0.16496645
0.18932507
0.18714382
0.18056694
0.17574806
0.17201463
0.16908891
0.19653646
0.19294031
0.18494053
0.17941699
0.17533625
0.17210011
0.20039233
0.19615662
0.1884985
0.18259133
0.17794338
0.17423174
0.2007631
0.19732954
0.19048788
0.18452643
0.17952553
0.17551427
0.20123341
0.19727247
0.19047274
0.18471734
0.17994174
0.17597437
0.20198718
0.19685519
0.18897321
0.18314587
0.17864927
0.1748914
0.20120712
0.19574738
0.18790297
0.18170365
0.17682391
0.17286946
0.19911897
0.19282854
0.18503161
0.17894766
0.1741017
0.1701254
0.19579991
0.1890756
0.18123667
0.17522681
0.1704533
0.16651717
0.19118429
0.18390322
0.17625667
0.1704803
0.16589164
0.16207359
0.18535007
0.17767858
0.17023488
0.16472458
0.16037475
0.156747
0.17839187
0.17047453
0.16325414
0.15802104
0.15397595
0.15076442
0.10509891
0.095952529
0.086689385
0.077544459
0.068601933
0.060188304
0.052603764
0.046314694
0.04200669
0.040359543
0.041598133
0.045351147
0.051229114
0.058441438
0.066485615
0.075000938
0.083720238
0.092499663
0.10125121
0.1098269
0.11812488
0.12606511
0.13360666
0.14068527
0.10089143
0.092026562
0.083634247
0.075467185
0.067719851
0.060611706
0.054485367
0.049689241
0.046685049
0.045822929
0.047137361
0.050409098
0.055356183
0.061462336
0.068370838
0.075788236
0.083505351
0.091357425
0.099267962
0.1071155
0.11480076
0.12224489
0.12941551
0.13662165
0.096799274
0.088758161
0.081324678
0.074241697
0.067703093
0.061931869
0.057172106
0.053667232
0.051688237
0.051389816
0.052733112
0.055595532
0.059763764
0.064908592
0.070782676
0.077166249
0.083889893
0.09082801
0.097860772
0.10493932
0.11195581
0.11883984
0.12553712
0.13241165
0.093244313
0.086197312
0.079783139
0.073838524
0.068535775
0.064053015
0.060518726
0.058094601
0.056912476
0.057019093
0.058361994
0.060870635
0.06438409
0.068697552
0.07364371
0.079066253
0.084836168
0.090860304
0.097039882
0.10330437
0.10960285
0.11585914
0.12202209
0.12841598
0.090416174
0.084436218
0.079097506
0.07430468
0.070209195
0.066884489
0.064403272
0.062847738
0.062265591
0.062653944
0.06397266
0.066174429
0.069139628
0.072745009
0.076880176
0.081439205
0.086328461
0.091472141
0.096811798
0.10227575
0.10782041
0.11339472
0.11895133
0.12477317
0.088450968
0.083574736
0.079307688
0.075649858
0.072643928
0.070314314
0.068693136
0.067808701
0.067664121
0.068239981
0.069515163
0.071448504
0.073955846
0.076964966
0.080404325
0.084204597
0.088301961
0.092640196
0.097172472
0.10186153
0.10665672
0.11152489
0.11642412
0.12158734
0.087460144
0.083635998
0.080429505
0.077794315
0.075720744
0.074206669
0.073256191
0.072869096
0.073031984
0.073726582
0.074941956
0.076638724
0.07876491
0.081276669
0.08412862
0.087276298
0.090677719
0.09429433
0.098091914
0.10204348
0.10612552
0.11029654
0.11452934
0.1189936
0.087390234
0.08461538
0.082376433
0.080610283
0.079294527
0.078416813
0.077967869
0.077934877
0.0783033
0.079065521
0.080207905
0.081697945
0.08350662
0.085606657
0.087969775
0.090567892
0.09337396
0.096362578
0.099510477
0.10279781
0.1062081
0.10972555
0.1133168
0.11711149
0.088252029
0.086419911
0.084994329
0.083928356
0.083201717
0.082800442
0.082711498
0.082921367
0.083422643
0.084212124
0.085271938
0.08658206
0.088126115
0.089887261
0.091848074
0.093990999
0.096298778
0.098754902
0.10134409
0.10405283
0.10686901
0.10978125
0.11277826
0.11594659
0.089971641
0.088900076
0.088117983
0.087588849
0.087298527
0.087236727
0.087393598
0.087763079
0.088344232
0.089127631
0.090100257
0.091252272
0.0925743
0.094056288
0.095687754
0.097457809
0.09935542
0.10136975
0.10349065
0.10570913
0.10801706
0.11040595
0.11286735
0.11547513
0.092428021
0.091943841
0.091626379
0.091465299
0.091470975
0.091634612
0.091950819
0.092418312
0.093031043
0.093781128
0.094663094
0.09567254
0.0968048
0.098053681
0.099413814
0.10087856
0.10244088
0.10409355
0.10582954
0.10764239
0.10952633
0.11147608
0.11348592
0.11560211
0.095346609
0.095258693
0.095279671
0.095399243
0.095615674
0.095927077
0.09633802
0.096845582
0.097445907
0.09813672
0.098917112
0.099786619
0.10074445
0.10178895
0.10291766
0.10412694
0.10541229
0.10676885
0.10819164
0.10967555
0.11121528
0.11280739
0.11445673
0.11621521
0.098731658
0.098910585
0.099140861
0.099422628
0.099756845
0.10014416
0.10058372
0.10107478
0.1016182
0.10221613
0.10287146
0.10358774
0.10436762
0.10521182
0.10611936
0.10708844
0.10811775
0.1092059
0.11035102
0.11155018
0.1127981
0.11408767
0.11541908
0.11685233
0.10274086
0.10303135
0.10335909
0.10370493
0.10406689
0.10444583
0.10484382
0.10526359
0.10570942
0.1061844
0.10668582
0.10721802
0.10778916
0.10839863
0.10904774
0.10973915
0.1104762
0.11126212
0.11209961
0.11299012
0.11393181
0.11491696
0.1159362
0.11704254
0.10690476
0.10719421
0.10749604
0.1077987
0.10810381
0.10841894
0.10874729
0.1090903
0.10945254
0.1098335
0.11023169
0.11064628
0.1110767
0.1115231
0.11198609
0.11246611
0.11296403
0.11348158
0.11402193
0.11458991
0.11519027
0.11582331
0.11647764
0.11717033
0.10994517
0.1102387
0.11053782
0.1108381
0.11114378
0.1114569
0.11177687
0.11210518
0.11244177
0.11278665
0.11314028
0.11350339
0.11387672
0.11426099
0.11465677
0.11506412
0.11548236
0.1159097
0.11634364
0.11678155
0.11722046
0.11765627
0.11808298
0.11851864
0.11270158
0.11301044
0.11333319
0.11365402
0.11397109
0.11428405
0.11459313
0.11489872
0.11520144
0.1155017
0.11579964
0.11609507
0.1163877
0.11667798
0.11696738
0.11725831
0.11755372
0.11785701
0.11817149
0.11849969
0.11884258
0.11919807
0.11956117
0.1199437
0.11540958
0.11572543
0.11603509
0.11633429
0.11662661
0.11691535
0.11720279
0.11749019
0.11777791
0.11806587
0.11835363
0.11864041
0.1189254
0.11920778
0.11948639
0.11975991
0.12002646
0.12028273
0.12052579
0.12075499
0.12097156
0.12117767
0.12137469
0.12157064
0.11807112
0.11834719
0.11861961
0.11888674
0.11914959
0.1194082
0.11966171
0.11990919
0.12015042
0.12038568
0.12061553
0.12084072
0.12106215
0.12128075
0.1214975
0.12171324
0.12192846
0.12214374
0.12235957
0.12257502
0.12278772
0.12299466
0.12319438
0.12339304
0.12066684
0.12091596
0.12115898
0.12139467
0.12162352
0.12184637
0.1220642
0.12227809
0.12248882
0.12269654
0.12290103
0.12310177
0.12329798
0.12348872
0.12367291
0.12384971
0.12401868
0.12417954
0.12433245
0.12447798
0.12461635
0.12474717
0.12487006
0.12498768
0.12311776
0.12331254
0.12350185
0.12368608
0.12386622
0.12404285
0.12421618
0.12438615
0.12455264
0.12471562
0.12487517
0.12503136
0.12518438
0.12533462
0.12548282
0.12562958
0.12577504
0.1259188
0.12605956
0.12619583
0.12632686
0.12645256
0.12657341
0.12669189
0.12545495
0.12561485
0.1257712
0.12592353
0.12607186
0.12621642
0.12635745
0.12649516
0.12662965
0.12676087
0.12688868
0.12701292
0.12713345
0.12724989
0.12736165
0.12746813
0.127569
0.12766437
0.12775484
0.127841
0.1279227
0.1279992
0.12807007
0.12813644
0.12755274
0.12766736
0.1277789
0.12788756
0.12799385
0.12809824
0.12820101
0.1283023
0.12840212
0.12850051
0.12859746
0.12869294
0.12878694
0.12887958
0.12897114
0.12906178
0.12915153
0.12924003
0.12932656
0.1294104
0.12949125
0.12956912
0.1296443
0.12971767
0.12952958
0.12961558
0.12970043
0.12978383
0.12986568
0.12994594
0.13002451
0.13010123
0.13017599
0.13024861
0.13031896
0.13038695
0.13045247
0.13051538
0.13057545
0.1306325
0.13068645
0.13073743
0.13078568
0.1308314
0.13087462
0.13091529
0.13095345
0.13098941
0.13119411
0.13125085
0.13130656
0.13136137
0.13141552
0.13146922
0.13152265
0.13157592
0.13162907
0.13168212
0.13173507
0.13178788
0.13184051
0.13189294
0.13194513
0.131997
0.13204841
0.13209913
0.13214895
0.13219775
0.13224553
0.13229242
0.13233864
0.13238454
0.13277841
0.13281667
0.13285548
0.13289468
0.13293415
0.13297372
0.13301319
0.1330523
0.13309077
0.13312833
0.13316476
0.13319983
0.13323335
0.13326513
0.13329501
0.13332287
0.13334865
0.13337235
0.13339402
0.13341373
0.13343162
0.13344797
0.13346336
0.13347872
0.1339718
0.13399429
0.13401689
0.13403981
0.13406332
0.13408765
0.13411297
0.13413939
0.13416697
0.1341957
0.13422555
0.13425642
0.13428818
0.13432069
0.13435379
0.13438729
0.13442099
0.13445465
0.13448797
0.13452056
0.13455184
0.13458106
0.13460737
0.13463004
0.13500758
0.1350148
0.13502321
0.13503287
0.13504378
0.13505591
0.13506918
0.13508346
0.13509854
0.13511416
0.13512998
0.13514564
0.13516081
0.13517523
0.13518871
0.13520119
0.13521266
0.13522322
0.13523302
0.1352423
0.13525141
0.13526076
0.13527074
0.13528163
0.13563613
0.13563599
0.13563708
0.13563958
0.13564352
0.13564897
0.13565601
0.13566466
0.13567496
0.13568694
0.13570067
0.13571623
0.13573367
0.13575297
0.13577406
0.13579679
0.13582095
0.13584627
0.13587242
0.13589906
0.1359258
0.13595225
0.1359781
0.13600311
0.13627835
0.13627323
0.13627029
0.13626955
0.13627099
0.13627446
0.13627973
0.13628654
0.1362946
0.13630358
0.13631321
0.13632329
0.13633366
0.13634425
0.13635501
0.13636595
0.13637708
0.13638842
0.13640001
0.13641186
0.13642398
0.13643634
0.13644888
0.13646149
0.13664048
0.13663543
0.13663237
0.13663132
0.13663222
0.13663486
0.13663902
0.13664456
0.13665139
0.13665928
0.136668
0.13667739
0.13668737
0.1366979
0.13670893
0.13672042
0.13673236
0.1367447
0.13675741
0.13677045
0.13678373
0.13679718
0.13681063
0.13682383
0.12407023
0.12360623
0.12285368
0.12165639
0.11990736
0.11764836
0.11508075
0.11250725
0.11030692
0.12168007
0.12113616
0.12028784
0.1189592
0.11702804
0.11452361
0.11165617
0.10875193
0.10621741
0.11916948
0.11856477
0.11762494
0.11616931
0.11406557
0.11132962
0.10816297
0.1048972
0.10203678
0.11663736
0.11596795
0.11494444
0.11338373
0.11114904
0.10824814
0.10487534
0.10136502
0.098246915
0.11416241
0.11342609
0.11232763
0.11068798
0.10837309
0.10538956
0.10192873
0.0983206
0.095061261
0.11184301
0.1110363
0.10987273
0.10818469
0.10584854
0.10287541
0.099453332
0.095896627
0.092632002
0.10978299
0.10890683
0.10769024
0.10598651
0.10369006
0.10082074
0.097553108
0.094174136
0.09105502
0.10809184
0.10713565
0.10588025
0.10419266
0.10198495
0.099280831
0.096253266
0.093164251
0.090329613
0.10702225
0.10589835
0.10457208
0.10291002
0.10083251
0.098360632
0.095648159
0.092944677
0.090514564
0.10666658
0.10532809
0.10392594
0.10231024
0.10039226
0.098205326
0.095902111
0.093658894
0.091644681
0.10746998
0.10575054
0.10402981
0.10238346
0.10068016
0.098856476
0.096978961
0.095177321
0.093585971
0.10822875
0.10752445
0.10582011
0.10370912
0.10179114
0.10013874
0.098634169
0.097261983
0.096074731
0.10839183
0.10832217
0.10779185
0.10649869
0.10463936
0.1028616
0.10134708
0.10011549
0.099158636
0.10902088
0.10870133
0.10862488
0.10838215
0.10757549
0.10630289
0.10499864
0.10389946
0.10304826
0.11021875
0.11008053
0.10970887
0.10937209
0.1091676
0.10882669
0.1082551
0.1076168
0.10705637
0.11184583
0.11165589
0.11154847
0.11132723
0.11096148
0.11062397
0.1103614
0.11012501
0.10990673
0.11383293
0.11372935
0.11355091
0.11340295
0.11328612
0.11312481
0.11292847
0.11274956
0.11260993
0.11615116
0.11602711
0.11592766
0.11579312
0.11563526
0.11550499
0.11540712
0.11533051
0.11527238
0.11849844
0.11843341
0.11835168
0.11827827
0.11820836
0.11812918
0.11805152
0.11798884
0.11794512
0.12102201
0.12093199
0.12085054
0.12076788
0.12069155
0.12063232
0.12058932
0.12055985
0.12054258
0.1233332
0.12329092
0.12324513
0.12319868
0.12315172
0.123106
0.12306699
0.12303828
0.12302021
0.12569852
0.12563077
0.12556747
0.12551006
0.12546175
0.12542465
0.12539817
0.12538103
0.12537177
0.12771634
0.12768431
0.1276521
0.12761846
0.12758427
0.12755239
0.12752591
0.12750636
0.1274936
0.12973785
0.12968809
0.12964027
0.12959689
0.12956
0.12953068
0.12950885
0.12949375
0.1294842
0.13132051
0.13129905
0.13127735
0.13125432
0.13123065
0.13120831
0.13118925
0.13117447
0.13116394
0.13296301
0.13292312
0.13288474
0.13285014
0.1328208
0.13279733
0.13277945
0.13276651
0.13275765
0.13400014
0.13399571
0.13399251
0.13398879
0.1339836
0.13397692
0.13396954
0.13396282
0.13395763
0.1351186
0.13510189
0.13508423
0.13506591
0.13504838
0.13503282
0.13502002
0.13501015
0.13500303
0.13573299
0.1357172
0.13570169
0.13568657
0.13567229
0.13565957
0.13564903
0.13564091
0.13563507
0.1363766
0.13636362
0.13634983
0.13633559
0.13632155
0.13630855
0.13629734
0.13628829
0.13628146
0.13672614
0.13671428
0.13670166
0.13668877
0.13667644
0.13666555
0.13665673
0.13665018
0.13664561
0.12474205
0.12237626
0.11986266
0.11734846
0.1148956
0.11260756
0.11057917
0.10898041
0.10814767
0.10807014
0.1084881
0.1084571
0.10844656
0.10930584
0.1102729
0.11204095
0.1138739
0.11627428
0.11853171
0.12110621
0.12336223
0.12576181
0.12774556
0.12978635
0.13134293
0.13300514
0.13400816
0.13513805
0.13575316
0.13639252
0.13673982
0.12566953
0.12331255
0.12077379
0.11824437
0.11577592
0.11349075
0.11147248
0.11006428
0.10953639
0.10948814
0.1089744
0.10872976
0.10870398
0.10945266
0.11046612
0.11217338
0.11397926
0.11638228
0.11859433
0.12119552
0.12340924
0.12583358
0.12779018
0.12984237
0.13137616
0.13305419
0.13402295
0.13516516
0.13577948
0.13641312
0.13675939
0.12664629
0.12429916
0.12173802
0.11920724
0.11672652
0.11448074
0.11261603
0.11161842
0.11122226
0.11009123
0.10946394
0.10917396
0.10913373
0.10985345
0.11085479
0.11249466
0.1142874
0.11663195
0.11883173
0.12138946
0.123587
0.12598184
0.12792553
0.12994874
0.13146781
0.13313219
0.1340778
0.13521871
0.13582673
0.13644665
0.13678983
0.12790375
0.12557702
0.12304316
0.12057745
0.11813555
0.11615419
0.11484417
0.11416267
0.11255857
0.11147553
0.11078802
0.11044973
0.11039277
0.11102027
0.11201416
0.113512
0.11527025
0.11746148
0.11963176
0.12204003
0.12421233
0.12646818
0.12838841
0.1302663
0.13177109
0.1333295
0.13427864
0.13536487
0.13594994
0.1365215
0.13685442
0.13045801
0.12807697
0.12605481
0.12403562
0.12248404
0.1215243
0.12002121
0.11846824
0.1167974
0.11575048
0.11499853
0.1146301
0.11454985
0.11492442
0.11587762
0.1170677
0.11870191
0.12056608
0.12262017
0.12470506
0.12677776
0.12874029
0.13060175
0.13194245
0.13318441
0.13424778
0.1352
0.13599651
0.13652726
0.13682606
0.13704757
0.14086398
0.14025275
0.13846457
0.13749425
0.13527902
0.13400508
0.13178897
0.1303201
0.12895811
0.12788111
0.12706458
0.12652763
0.12627123
0.12620716
0.12686349
0.1276593
0.12877196
0.13010633
0.13160608
0.13318558
0.13474909
0.13621965
0.13752994
0.13866552
0.13956235
0.140242
0.14065629
0.14086014
0.14085363
0.14039835
0.13989773
)
;

boundaryField
{
    Side1
    {
        type            empty;
    }
    Inlet
    {
        type            calculated;
        value           nonuniform List<scalar> 
70
(
0.1368408
0.1368495
0.13686031
0.13687319
0.13688846
0.13690649
0.13692772
0.13695268
0.13698198
0.13701634
0.13705654
0.13710389
0.13716181
0.13723296
0.13731112
0.1374003
0.13750395
0.13762534
0.13776828
0.13793644
0.13813382
0.13836241
0.13861
0.13888793
0.13921767
0.13958089
0.1399664
0.14035274
0.14071305
0.14101115
0.14119613
0.13664931
0.13664472
0.13664192
0.13664108
0.13664213
0.13664486
0.13664907
0.13665462
0.13666142
0.13666926
0.1366779
0.13668719
0.13669708
0.13670749
0.1367184
0.13672977
0.13674157
0.13675377
0.13676633
0.13677921
0.13679233
0.13680561
0.1368189
0.13683185
0.13673094
0.1367196
0.13670757
0.13669521
0.13668329
0.13667267
0.13666388
0.13665705
0.13665243
0.13674473
0.13676407
0.13679402
0.13685714
0.13704751
0.13984239
)
;
    }
    Freestream
    {
        type            calculated;
        value           nonuniform List<scalar> 
118
(
0.14774006
0.14770945
0.1476746
0.14763497
0.14758989
0.14753863
0.14748041
0.14741436
0.14733946
0.14725442
0.1471575
0.14704647
0.14691876
0.1467718
0.14660343
0.14641222
0.14619747
0.1459589
0.14569635
0.14540982
0.14509894
0.14476208
0.14439756
0.14400358
0.14358048
0.14313357
0.14266966
0.14220088
0.14174788
0.14138249
0.14120012
0.14885969
0.14882225
0.14877815
0.14873352
0.14868796
0.14864192
0.14859568
0.14854907
0.14850227
0.14845519
0.14840791
0.14836041
0.14831272
0.14826485
0.14821682
0.14816862
0.14812029
0.14807184
0.1480233
0.14797468
0.14792597
0.14787711
0.14782806
0.14777889
0.14889382
0.14892145
0.14895826
0.14899319
0.14903145
0.14905958
0.14909927
0.14913929
0.14919147
0.14924072
0.14928985
0.14934165
0.14939711
0.14945655
0.14952004
0.14958748
0.14965879
0.1497341
0.14981336
0.14989677
0.14998438
0.15007633
0.15017242
0.15027258
0.15037676
0.15048427
0.15059556
0.1507089
0.15082554
0.15094245
0.15106123
0.15117913
0.15129503
0.15141115
0.1515177
0.1516275
0.15171948
0.15181347
0.15188944
0.15195514
0.15200993
0.15204595
0.15205814
0.15205984
0.15204911
0.15202384
0.15196124
0.151913
0.1518176
0.15173621
0.15160865
0.15150735
0.15135078
0.15123339
0.15105938
0.15094094
0.15075751
0.15064219
0.15045381
0.15034854
0.15015509
0.15006442
0.14981596
)
;
    }
    Side2
    {
        type            empty;
    }
    Outlet
    {
        type            calculated;
        value           nonuniform List<scalar> 
70
(
0.11764272
0.11795962
0.11831902
0.11872643
0.11918807
0.11971086
0.12030245
0.12097121
0.12172619
0.12257699
0.12353387
0.12460741
0.12580828
0.127147
0.12863304
0.13026504
0.13203608
0.13393482
0.13594145
0.13802475
0.14014165
0.14223676
0.14425277
0.14614878
0.14792393
0.14934762
0.1498094
0.14985013
0.14985269
0.14984752
0.14981597
0.10599645
0.10642516
0.1068636
0.10731195
0.10776875
0.10823287
0.10870346
0.10917984
0.10966146
0.11014783
0.11063849
0.11113307
0.11163117
0.11213245
0.11263656
0.11314314
0.11365184
0.11416228
0.11467408
0.11518686
0.11570021
0.11621374
0.11672702
0.11723967
0.10569529
0.10549455
0.10525707
0.10499682
0.10473647
0.10450576
0.10433185
0.10423165
0.10420757
0.10425877
0.10448379
0.10502427
0.1062904
0.10962816
0.12029834
)
;
    }
    Botwall
    {
        type            calculated;
        value           nonuniform List<scalar> 
118
(
0.14983158
0.14982444
0.14981729
0.14981005
0.14980274
0.14979546
0.14978826
0.14978112
0.14977407
0.14976708
0.14976016
0.14975333
0.14974647
0.14974002
0.14973376
0.14972704
0.14972022
0.14971368
0.14970623
0.14970012
0.14969072
0.14968332
0.14967378
0.14966048
0.149649
0.14963835
0.14962816
0.14961873
0.14961046
0.14960326
0.14959704
0.14959138
0.14958539
0.14957724
0.14956499
0.14955277
0.14954724
0.14954648
0.14954627
0.14954565
0.14954266
0.14953177
0.14951399
0.14950401
0.14950613
0.14951231
0.14951486
0.1495122
0.14951096
0.149513
0.14951888
0.14952478
0.14953085
0.14953843
0.14954912
0.14956113
0.14957576
0.14959062
0.14960758
0.14962201
0.14963855
0.14964704
0.14966683
0.14972575
0.14973951
0.1497616
0.14978112
0.14981257
0.14983771
0.14987079
0.14989984
0.14992496
0.14994699
0.14996513
0.14997676
0.14998462
0.14998238
0.1499744
0.14996561
0.14995222
0.14993632
0.14991962
0.14990202
0.14988568
0.14986893
0.1498552
0.14983984
0.14971215
0.14971299
0.14970508
0.14970565
0.14969362
0.14969179
0.14967816
0.14967356
0.14966701
0.14966254
0.14965898
0.14965663
0.14965514
0.14965424
0.149657
0.14966004
0.1496647
0.14967025
0.1496769
0.14968394
0.14969123
0.14969826
0.14970488
0.14971071
0.14971607
0.14972008
0.14972367
0.14972587
0.14972792
0.14972753
0.14972776
)
;
    }
    Cyli
    {
        type            calculated;
        value           uniform 0;
    }
}


// ************************************************************************* //
