/*--------------------------------*- C++ -*----------------------------------*\
| =========                 |                                                 |
| \\      /  F ield         | OpenFOAM: The Open Source CFD Toolbox           |
|  \\    /   O peration     | Version:  2406                                  |
|   \\  /    A nd           | Website:  www.openfoam.com                      |
|    \\/     M anipulation  |                                                 |
\*---------------------------------------------------------------------------*/
FoamFile
{
    version     2.0;
    format      ascii;
    arch        "LSB;label=32;scalar=64";
    class       volScalarField;
    location    "0.037";
    object      T;
}
// * * * * * * * * * * * * * * * * * * * * * * * * * * * * * * * * * * * * * //

dimensions      [0 0 0 1 0 0 0];

internalField   nonuniform List<scalar> 
8260
(
292.77301
292.77427
292.77653
292.78417
292.79578
292.80951
292.82367
292.83671
292.84694
292.85303
292.85389
292.8486
292.83681
292.81904
292.79784
292.7803
292.80068
292.87265
292.92086
292.94516
292.96316
292.97747
292.98974
292.99992
293.00798
293.01559
293.02238
293.0277
293.03204
293.03453
293.0361
292.83917
292.83401
292.83171
292.83369
292.83861
292.84546
292.85316
292.86038
292.86567
292.86764
292.8652
292.8573
292.84354
292.82423
292.80271
292.78675
292.81191
292.88386
292.9272
292.94933
292.96639
292.98003
292.99181
293.00154
293.00925
293.01662
293.02322
293.0284
293.03263
293.03506
293.03658
292.91012
292.90032
292.8928
292.88865
292.88685
292.8868
292.88781
292.88878
292.88851
292.88587
292.87952
292.86847
292.85223
292.83099
292.80881
292.7944
292.82543
292.89578
292.93378
292.95385
292.96994
292.98288
292.99415
293.00339
293.01072
293.0178
293.02419
293.0292
293.03332
293.03566
293.03714
292.98246
292.96868
292.95634
292.94651
292.93852
292.93199
292.92649
292.92125
292.91525
292.90748
292.89675
292.88208
292.86294
292.83947
292.81643
292.80403
292.8418
292.90883
292.94112
292.95907
292.97408
292.9862
292.99686
293.00553
293.01241
293.01916
293.0253
293.03013
293.03411
293.03635
293.03777
293.05422
293.0372
293.02085
293.00611
292.99259
292.98011
292.96845
292.9571
292.94531
292.93218
292.91673
292.89807
292.87566
292.84975
292.82584
292.81676
292.86162
292.92286
292.9493
292.96502
292.97879
292.98998
292.99995
293.00798
293.01434
293.0207
293.02657
293.03118
293.03501
293.03714
293.03848
293.12431
293.10498
293.08555
293.06677
293.04849
293.0307
293.01333
292.99614
292.9786
292.96002
292.93962
292.91664
292.89062
292.86211
292.83762
292.83387
292.88521
292.93774
292.95839
292.97177
292.98414
292.99429
293.00346
293.01075
293.01654
293.02247
293.02801
293.03238
293.03602
293.03804
293.0393
293.1916
293.17082
293.14926
293.1274
293.10526
293.08295
293.06054
293.03796
293.01492
292.99096
292.96552
292.938
292.90811
292.87701
292.85268
292.85693
292.91232
292.95336
292.9685
292.97943
292.99021
292.99918
293.00745
293.0139
293.01903
293.02449
293.02966
293.03374
293.03718
293.03906
293.04023
293.25471
293.23323
293.21037
293.18643
293.16148
293.13564
293.10906
293.08178
293.05374
293.0247
292.99432
292.96223
292.92837
292.89509
292.87262
292.88793
292.94199
292.96971
292.97976
292.98812
292.99708
293.00475
293.01198
293.01747
293.02187
293.02678
293.03153
293.03529
293.03849
293.04022
293.04128
293.31227
293.29081
293.26745
293.24238
293.21562
293.18728
293.15752
293.12646
293.09417
293.06062
293.0257
292.98929
292.95168
292.91737
292.90005
292.92836
292.97217
292.98686
292.99233
292.99796
293.00482
293.01106
293.01711
293.02154
293.0251
293.02939
293.03367
293.03707
293.03998
293.04154
293.04247
293.36318
293.34216
293.31901
293.29363
293.26597
293.23614
293.20427
293.1705
293.13497
293.09779
293.05908
293.01901
292.97865
292.94555
292.93993
292.97628
293.00098
293.00507
293.00634
293.00907
293.01354
293.01818
293.02292
293.02618
293.02879
293.03235
293.0361
293.03909
293.04168
293.04305
293.04383
293.40651
293.38596
293.3632
293.33805
293.3104
293.28018
293.2474
293.21217
293.17463
293.135
293.0936
293.05119
293.01065
292.98514
292.99721
293.02368
293.02813
293.02453
293.02178
293.02152
293.02339
293.02618
293.02945
293.03143
293.03303
293.03571
293.03886
293.04141
293.04361
293.04476
293.04537
293.44029
293.42089
293.39911
293.37482
293.34781
293.31797
293.28527
293.24975
293.21155
293.17098
293.1288
293.08745
293.05425
293.04629
293.06158
293.06403
293.05434
293.04546
293.03883
293.03538
293.03432
293.0352
293.03676
293.03733
293.03785
293.03957
293.04199
293.04405
293.04583
293.04672
293.04712
293.46279
293.44456
293.424
293.40115
293.37572
293.34745
293.31624
293.28214
293.2455
293.20716
293.16904
293.13672
293.12107
293.12166
293.11412
293.09707
293.08119
293.06756
293.05736
293.05057
293.04658
293.04522
293.04486
293.04383
293.04329
293.044
293.04554
293.04703
293.04837
293.04896
293.04913
293.47363
293.45779
293.44015
293.42038
293.39803
293.37275
293.34464
293.31439
293.28323
293.25313
293.22722
293.20877
293.19579
293.17632
293.15096
293.12808
293.10773
293.09059
293.07713
293.06713
293.05997
293.05634
293.0538
293.05101
293.04937
293.04902
293.0496
293.05039
293.05124
293.0515
293.05145
293.48868
293.47453
293.45792
293.43899
293.41867
293.39812
293.37709
293.35519
293.33289
293.31109
293.28995
293.2676
293.23988
293.20952
293.18144
293.15676
293.13422
293.1136
293.09755
293.08474
293.07464
293.06859
293.06358
293.05892
293.05608
293.05465
293.05425
293.05421
293.05446
293.05439
293.05413
293.4932
293.48613
293.47869
293.47031
293.45915
293.44359
293.42386
293.40028
293.37519
293.35034
293.32418
293.29493
293.26438
293.23551
293.20787
293.18301
293.15917
293.13625
293.11792
293.10297
293.09024
293.08178
293.07424
293.06771
293.0635
293.06092
293.05949
293.0585
293.05806
293.05762
293.05721
293.47102
293.46285
293.45371
293.44387
293.43353
293.42315
293.41365
293.40572
293.39397
293.37212
293.34337
293.3151
293.28746
293.25856
293.22986
293.20503
293.18197
293.15806
293.13759
293.12094
293.10632
293.09555
293.08566
293.07746
293.07174
293.06781
293.06529
293.06329
293.06208
293.06122
293.06072
293.45797
293.45273
293.44666
293.43933
293.43049
293.41978
293.40637
293.39015
293.37407
293.36137
293.34941
293.32886
293.30336
293.27681
293.2497
293.22293
293.20056
293.17831
293.15624
293.13788
293.12201
293.10946
293.09759
293.088
293.0808
293.07529
293.07158
293.06858
293.06652
293.0652
293.06467
293.42879
293.42397
293.41853
293.41239
293.40554
293.39802
293.38994
293.38109
293.37059
293.35686
293.34109
293.32895
293.31508
293.29118
293.26507
293.23991
293.21576
293.19542
293.17369
293.15359
293.13705
293.12293
293.10932
293.09899
293.09049
293.08327
293.07827
293.07434
293.07145
293.06962
293.06906
293.41002
293.40687
293.40323
293.39893
293.39382
293.38769
293.38028
293.37144
293.36135
293.35053
293.33846
293.32237
293.30623
293.29607
293.27746
293.25302
293.23076
293.21021
293.18947
293.16889
293.15115
293.13537
293.12081
293.10979
293.10037
293.09181
293.08541
293.08057
293.07689
293.07449
293.07387
293.38216
293.37923
293.37589
293.37208
293.36774
293.36283
293.35734
293.35121
293.34421
293.33593
293.32637
293.3167
293.30505
293.2892
293.28051
293.26665
293.24288
293.22241
293.20291
293.18325
293.16449
293.14699
293.13217
293.12037
293.1102
293.10087
293.09315
293.08727
293.08287
293.0799
293.07909
293.36335
293.36151
293.35937
293.35685
293.35385
293.35025
293.34594
293.34077
293.33463
293.32752
293.3193
293.30933
293.29867
293.28843
293.27295
293.26273
293.25208
293.23229
293.21394
293.19552
293.17691
293.15846
293.14396
293.13132
293.12028
293.11028
293.1015
293.09455
293.08935
293.08584
293.08471
293.3369
293.33512
293.33307
293.33071
293.32801
293.32494
293.32149
293.31764
293.31335
293.30855
293.30314
293.29726
293.29029
293.28166
293.27244
293.25854
293.2482
293.23765
293.22177
293.20474
293.18798
293.1705
293.15611
293.14272
293.13072
293.11971
293.11022
293.10236
293.09628
293.09231
293.09072
293.32001
293.31901
293.31783
293.3164
293.31466
293.31255
293.31
293.30696
293.30334
293.29908
293.29402
293.28789
293.2807
293.27286
293.26464
293.25637
293.24464
293.23299
293.22169
293.20939
293.19539
293.18025
293.16583
293.15292
293.14066
293.12879
293.1187
293.11041
293.10364
293.0992
293.09711
293.29527
293.29421
293.29301
293.29165
293.29013
293.28842
293.28647
293.28423
293.28165
293.2787
293.27541
293.2719
293.26806
293.26335
293.25739
293.25015
293.24305
293.23522
293.22449
293.21091
293.19833
293.18606
293.17215
293.15991
293.14856
293.13709
293.12675
293.11846
293.11136
293.10644
293.10391
293.28159
293.28108
293.28046
293.27971
293.27879
293.27768
293.27632
293.27469
293.27272
293.27035
293.26749
293.26407
293.26009
293.25563
293.25064
293.24535
293.23878
293.2305
293.22355
293.2141
293.20147
293.19001
293.17769
293.1657
293.15493
293.14498
293.13504
293.12646
293.11931
293.11402
293.11112
293.26148
293.26093
293.26028
293.25952
293.25866
293.25767
293.25655
293.25532
293.25397
293.25248
293.25084
293.24897
293.24667
293.24362
293.23982
293.23512
293.22994
293.22476
293.21702
293.21132
293.20586
293.19474
293.18383
293.17361
293.1627
293.15315
293.14364
293.13469
293.12746
293.12186
293.11864
293.24716
293.24699
293.24678
293.24651
293.24616
293.2457
293.24508
293.24427
293.24318
293.24174
293.23986
293.23753
293.23483
293.23206
293.22923
293.22606
293.22246
293.21819
293.21439
293.21
293.20556
293.20018
293.19076
293.17948
293.16996
293.16062
293.15162
293.14291
293.13553
293.12982
293.12637
293.2348
293.23451
293.23418
293.23379
293.23334
293.23283
293.23224
293.23159
293.23088
293.2301
293.22928
293.2284
293.22742
293.2262
293.22457
293.22234
293.2196
293.21618
293.21183
293.20661
293.1999
293.19551
293.1922
293.18477
293.175
293.16652
293.15818
293.15035
293.14326
293.13765
293.13416
293.22813
293.22799
293.22781
293.22759
293.22732
293.22699
293.22659
293.22609
293.22549
293.22476
293.22385
293.22271
293.22132
293.21974
293.21784
293.21572
293.21338
293.21069
293.20759
293.204
293.19991
293.19406
293.18734
293.18272
293.17763
293.17047
293.16319
293.15607
293.14946
293.14416
293.14087
293.2203
293.22014
293.21995
293.21974
293.21948
293.21918
293.21881
293.21839
293.21788
293.21729
293.2166
293.2158
293.21484
293.2136
293.21215
293.21043
293.20835
293.20604
293.20335
293.20022
293.19668
293.19307
293.1893
293.18453
293.17901
293.17297
293.16634
293.15975
293.15367
293.14865
293.14551
293.86061
293.73967
293.61658
293.50344
293.40578
293.31944
293.24111
293.17034
293.10498
293.04611
292.99349
292.94653
292.90399
292.86444
292.82619
292.78655
292.74716
292.71762
292.73256
292.79976
292.85937
292.89615
292.92304
292.94532
292.96391
292.97927
292.99163
293.00135
293.00881
293.01366
293.01672
293.69151
293.58049
293.48814
293.40652
293.32962
293.25619
293.18694
293.12311
293.0643
293.01166
292.96483
292.92291
292.88452
292.84834
292.81258
292.7753
292.73797
292.71507
292.73887
292.81048
292.86647
292.90054
292.92631
292.94793
292.96597
292.98093
292.99299
293.0025
293.0098
293.01454
293.01737
293.62832
293.53227
293.44437
293.36105
293.28214
293.20923
293.14288
293.0831
293.02965
292.98237
292.94045
292.90277
292.86788
292.8345
292.80077
292.76563
292.73026
292.71391
292.74617
292.82032
292.87246
292.90439
292.92928
292.95032
292.96787
292.98246
292.99427
293.00357
293.01074
293.01537
293.01813
293.55804
293.4646
293.37919
293.2997
293.22613
293.15906
293.09879
293.0451
292.9976
292.95573
292.91856
292.88484
292.85314
292.82227
292.79025
292.75715
292.72429
292.71375
292.75437
292.82995
292.87825
292.90829
292.93235
292.95279
292.96982
292.98404
292.99558
293.00467
293.01169
293.01621
293.0189
293.4787
293.39056
293.31117
293.2378
293.17052
293.10995
293.05621
293.00891
292.96743
292.93096
292.8984
292.86845
292.83975
292.81119
292.78078
292.7496
292.72008
292.71465
292.76397
292.83924
292.88366
292.9121
292.93539
292.95523
292.97176
292.9856
292.99688
293.00577
293.01264
293.01706
293.01968
293.38835
293.31017
293.23908
293.17346
293.11399
293.06118
293.01485
292.97443
292.93914
292.90802
292.8799
292.85354
292.82764
292.80122
292.7724
292.74312
292.71734
292.71663
292.77474
292.84802
292.88879
292.91586
292.93841
292.95767
292.9737
292.98718
292.99819
293.00687
293.0136
293.01791
293.02048
293.29291
293.22534
293.1637
293.10752
293.05744
293.01346
292.97518
292.94194
292.91287
292.88697
292.86312
292.84011
292.81683
292.79239
292.76518
292.73772
292.71526
292.71977
292.78632
292.85619
292.89366
292.91956
292.94141
292.96009
292.97563
292.98875
292.99951
293.00798
293.01457
293.01877
293.02127
293.18888
293.13463
293.08538
293.041
293.00171
292.96736
292.93755
292.91161
292.8887
292.86785
292.84804
292.82818
292.80732
292.78465
292.75902
292.73336
292.71361
292.72463
292.79823
292.86371
292.89834
292.92322
292.94439
292.9625
292.97755
292.99032
293.00082
293.0091
293.01554
293.01963
293.02207
293.07982
293.04169
293.00708
292.97575
292.94788
292.92351
292.9023
292.88361
292.86668
292.85067
292.83466
292.81773
292.79909
292.77791
292.75387
292.72997
292.71275
292.73141
292.80993
292.87063
292.90286
292.92684
292.94734
292.96489
292.97946
292.99188
293.00214
293.01021
293.01651
293.02049
293.02288
292.97217
292.9508
292.93129
292.91311
292.89675
292.88246
292.86976
292.85811
292.84691
292.83546
292.82299
292.80876
292.79211
292.77223
292.74981
292.72748
292.71287
292.73981
292.82104
292.87702
292.90726
292.93041
292.95026
292.96726
292.98136
292.99345
293.00346
293.01133
293.01749
293.02136
293.02369
292.86893
292.86437
292.85923
292.85404
292.84917
292.84473
292.84018
292.83523
292.82943
292.82223
292.81303
292.80125
292.78633
292.76774
292.74698
292.72587
292.71409
292.74906
292.83141
292.88296
292.91156
292.93393
292.95316
292.96962
292.98325
292.995
293.00477
293.01245
293.01846
293.02223
293.0245
292.77207
292.78329
292.79248
292.8001
292.80624
292.81079
292.8138
292.81509
292.8143
292.81101
292.80477
292.7952
292.78183
292.7647
292.74521
292.72512
292.71631
292.75898
292.84109
292.88854
292.91576
292.9374
292.95602
292.97195
292.98512
292.99655
293.00608
293.01356
293.01944
293.02311
293.02531
292.68518
292.71071
292.73298
292.75211
292.76813
292.78106
292.79095
292.79778
292.80149
292.80173
292.79817
292.79063
292.77885
292.76306
292.74405
292.72521
292.71944
292.76934
292.85005
292.89382
292.91988
292.94083
292.95885
292.97426
292.98699
292.99809
293.00738
293.01468
293.02042
293.02398
293.02613
292.61261
292.64936
292.6823
292.71107
292.73553
292.75571
292.77163
292.78339
292.79108
292.79446
292.7934
292.7877
292.77734
292.76248
292.74382
292.72607
292.7234
292.77989
292.8583
292.89887
292.92392
292.9442
292.96164
292.97654
292.98883
292.99962
293.00868
293.01579
293.0214
293.02486
293.02695
292.55805
292.60246
292.64263
292.67834
292.70929
292.7353
292.75629
292.77247
292.78371
292.78983
292.79096
292.78659
292.77699
292.76271
292.74454
292.72751
292.72824
292.79036
292.86588
292.90371
292.92787
292.94752
292.9644
292.9788
292.99066
293.00114
293.00997
293.0169
293.02238
293.02574
293.02777
292.51808
292.56945
292.61481
292.65515
292.69063
292.72101
292.74597
292.76575
292.77993
292.78795
292.78998
292.78651
292.77768
292.76388
292.74615
292.72975
292.73397
292.80051
292.87283
292.90839
292.93173
292.95078
292.96713
292.98103
292.99247
293.00265
293.01126
293.01801
293.02336
293.02662
293.0286
292.47927
292.53967
292.59256
292.63858
292.67838
292.71234
292.74053
292.76232
292.77766
292.78711
292.79037
292.78773
292.77947
292.76608
292.74866
292.73298
292.74052
292.8102
292.87934
292.91295
292.93553
292.95399
292.96982
292.98324
292.99428
293.00415
293.01254
293.01911
293.02434
293.0275
293.02943
292.45421
292.51505
292.57174
292.62261
292.66694
292.7046
292.73562
292.75975
292.7771
292.788
292.79236
292.79038
292.78246
292.76935
292.75207
292.73697
292.74775
292.81944
292.88548
292.91739
292.93926
292.95716
292.97248
292.98544
292.99607
293.00564
293.01381
293.02022
293.02531
293.02838
293.03025
292.45883
292.51394
292.56728
292.61721
292.66227
292.70147
292.73426
292.76009
292.77887
292.79091
292.79605
292.79448
292.78669
292.77367
292.75638
292.74165
292.75534
292.8282
292.89128
292.92172
292.94293
292.96028
292.9751
292.98761
292.99784
293.00711
293.01507
293.02131
293.02629
293.02926
293.03108
292.47666
292.52717
292.57632
292.62306
292.66621
292.70472
292.7376
292.76391
292.7833
292.79592
292.80148
292.80006
292.79219
292.77904
292.76159
292.747
292.76311
292.83651
292.89679
292.92595
292.94653
292.96334
292.97768
292.98975
292.9996
293.00857
293.01633
293.0224
293.02726
293.03014
293.03192
292.50676
292.55138
292.5955
292.638
292.67786
292.71411
292.74555
292.77123
292.79047
292.80305
292.80865
292.80713
292.79896
292.78544
292.76765
292.753
292.77091
292.84442
292.90205
292.93005
292.95004
292.96632
292.9802
292.99185
293.00132
293.01001
293.01756
293.02347
293.02822
293.03102
293.03275
292.54898
292.58571
292.62328
292.66039
292.69595
292.72866
292.75752
292.78175
292.80018
292.81216
292.81742
292.81556
292.80692
292.7928
292.77451
292.75957
292.77866
292.85194
292.90701
292.93398
292.95342
292.96919
292.98264
292.9939
293.003
293.01142
293.01877
293.02454
293.02918
293.0319
293.03358
292.60316
292.62928
292.6578
292.68791
292.71797
292.74654
292.7725
292.79459
292.81171
292.82281
292.82745
292.8251
292.81587
292.80099
292.78206
292.76655
292.78622
292.85888
292.91157
292.93765
292.95663
292.97194
292.98499
292.9959
293.00465
293.01281
293.01998
293.0256
293.03014
293.03278
293.03443
292.67437
292.68853
292.70454
292.72434
292.74669
292.76969
292.79153
292.81066
292.82563
292.83546
292.83917
292.83607
292.82608
292.81016
292.79029
292.77361
292.79289
292.86487
292.91569
292.94113
292.95973
292.97461
292.98732
292.99789
293.00631
293.01421
293.0212
293.02668
293.03112
293.03369
293.0353
293.86028
293.75949
293.6401
293.52601
293.42527
293.3376
293.25889
293.18614
293.12032
293.06062
293.0067
292.95819
292.91411
292.87316
292.83382
292.79343
292.75332
292.72117
292.73065
292.79448
292.85581
292.89371
292.92115
292.9438
292.96269
292.9783
292.99082
293.00067
293.00823
293.01315
293.01625
293.83781
293.73688
293.62292
293.5159
293.42059
293.33658
293.26104
293.1912
293.12715
293.06837
293.01463
292.96572
292.92091
292.87909
292.83887
292.7978
292.75702
292.7238
292.72956
292.79121
292.85372
292.8922
292.91989
292.9427
292.96177
292.9775
292.99012
293.00006
293.00767
293.01265
293.01567
293.81698
293.7216
293.61206
293.51043
293.4199
293.33921
293.2661
293.19825
293.13534
293.07713
293.02339
292.97397
292.92837
292.8856
292.84441
292.80255
292.76095
292.72635
292.72831
292.78729
292.8512
292.89043
292.91845
292.94147
292.96073
292.97661
292.98933
292.99937
293.00705
293.01209
293.01518
293.79842
293.71069
293.6054
293.50769
293.42034
293.34216
293.27103
293.20476
293.14298
293.08547
293.03191
292.9822
292.93595
292.89235
292.85025
292.8077
292.7653
292.72917
292.72746
292.78314
292.84834
292.8884
292.91681
292.94008
292.95956
292.97561
292.98846
292.99861
293.00637
293.01147
293.01439
293.78074
293.70081
293.59988
293.50544
293.42067
293.3447
293.27543
293.21075
293.15021
293.09354
293.04035
292.99052
292.94377
292.89944
292.8565
292.81332
292.77013
292.73234
292.72702
292.77892
292.84527
292.88625
292.91506
292.93858
292.9583
292.97453
292.98752
292.99779
293.00563
293.01082
293.01391
293.76185
293.69087
293.59461
293.50302
293.42085
293.34705
293.2796
293.21654
293.1573
293.10154
293.04883
292.99903
292.9519
292.90692
292.86321
292.81946
292.77545
292.73594
292.72701
292.77474
292.84206
292.88396
292.9132
292.93699
292.95697
292.9734
292.98652
292.99691
293.00485
293.01012
293.0133
293.7427
293.68051
293.58974
293.50129
293.4215
293.34967
293.28388
293.22235
293.16438
293.10954
293.05739
293.00772
292.96034
292.91482
292.87041
292.82611
292.78123
292.74005
292.72737
292.7706
292.83875
292.88166
292.91133
292.93537
292.95558
292.9722
292.98547
292.99599
293.00402
293.00938
293.01287
293.7246
293.67036
293.58567
293.5005
293.42287
293.35274
293.28842
293.22828
293.17151
293.11759
293.06606
293.01662
292.96909
292.92313
292.87809
292.83323
292.78754
292.74485
292.72814
292.76652
292.83531
292.87931
292.90941
292.93368
292.95414
292.97095
292.98437
292.99502
293.00314
293.00858
293.01179
293.70934
293.66143
293.58285
293.50107
293.42539
293.35666
293.29355
293.23459
293.17888
293.12582
293.0749
293.02575
292.97817
292.93186
292.88628
292.8408
292.7944
292.75044
292.72936
292.76259
292.83173
292.87689
292.90744
292.93194
292.95263
292.96964
292.9832
292.99399
293.00221
293.00774
293.01104
293.69717
293.65419
293.58153
293.50312
293.42926
293.36168
293.29951
293.24148
293.18665
293.13434
293.08399
293.03516
292.9876
292.94102
292.89495
292.84885
292.80178
292.75667
292.73121
292.7589
292.82804
292.87442
292.90543
292.93014
292.95106
292.96826
292.98197
292.9929
293.00122
293.00685
293.01017
293.68795
293.64905
293.58193
293.50684
293.43466
293.36801
293.30652
293.24915
293.19498
293.14327
293.09341
293.0449
292.9974
292.95062
292.90414
292.85743
292.80967
292.76339
292.73409
292.75558
292.82424
292.87192
292.90338
292.92829
292.94942
292.96682
292.98068
292.99174
293.00017
293.0059
293.00933
293.68219
293.64625
293.58431
293.51249
293.4418
293.37582
293.31475
293.25777
293.20402
293.15275
293.10327
293.05503
293.00762
292.96069
292.91383
292.86654
292.81807
292.77055
292.7379
292.75286
292.82034
292.86939
292.90133
292.9264
292.94773
292.96531
292.97932
292.99053
292.99906
293.00489
293.00841
293.67898
293.64586
293.5887
293.52008
293.4508
293.38527
293.32433
293.26747
293.21391
293.16288
293.11366
293.06562
293.01829
292.97124
292.92406
292.87621
292.82704
292.77836
292.74241
292.75095
292.81637
292.86687
292.89927
292.92448
292.94599
292.96375
292.9779
292.98924
292.99788
293.00382
293.00742
293.67794
293.6475
293.59493
293.52953
293.46163
293.3964
293.33534
293.27834
293.22475
293.17376
293.12466
293.07675
293.02946
292.98231
292.93483
292.88645
292.83661
292.78693
292.74778
292.74992
292.81238
292.86437
292.89723
292.92254
292.94419
292.96212
292.97641
292.9879
292.99664
293.00268
293.00636
293.679
293.65099
293.60283
293.54071
293.4742
293.40916
293.34782
293.29045
293.23659
293.1855
293.13637
293.08848
293.04119
292.99393
292.94617
292.8973
292.84682
292.79629
292.75413
292.74998
292.80847
292.86193
292.89524
292.9206
292.94236
292.96043
292.97486
292.98648
292.99533
293.00148
293.00523
293.68198
293.65605
293.61199
293.55333
293.48837
293.42352
293.36176
293.30385
293.24953
293.19813
293.14886
293.1009
293.05354
293.00615
292.95813
292.90883
292.85777
292.80647
292.76159
292.75102
292.80474
292.85957
292.8933
292.91867
292.94049
292.9587
292.97324
292.985
292.99396
293.00021
293.00403
293.68667
293.66242
293.62215
293.56707
293.50393
293.43938
293.37716
293.31858
293.26363
293.21177
293.1622
293.11407
293.06658
293.01903
292.97076
292.92111
292.86969
292.81773
292.77027
292.75298
292.80134
292.85736
292.89148
292.91677
292.93861
292.95692
292.97157
292.98345
292.99251
292.99887
293.00276
293.69351
293.67044
293.63331
293.58176
293.52073
293.4567
293.39406
293.33473
293.27903
293.22654
293.17651
293.12809
293.08039
293.03265
292.98414
292.93424
292.88271
292.83022
292.78015
292.75567
292.79824
292.85528
292.88974
292.91494
292.93672
292.95509
292.96984
292.98184
292.991
292.99746
293.00141
293.70259
293.68014
293.6455
293.59724
293.53859
293.47541
293.41251
293.35241
293.29585
293.24259
293.19195
293.14306
293.09506
293.04706
292.99832
292.94822
292.89651
292.84355
292.79084
292.75975
292.79595
292.8535
292.88819
292.91314
292.93483
292.95324
292.96806
292.98017
292.98942
292.99598
292.99999
293.71377
293.69168
293.65891
293.6136
293.55754
293.49559
293.43267
293.37185
293.31431
293.26011
293.20867
293.15915
293.11067
293.06235
293.01334
292.963
292.91094
292.85704
292.80254
292.76567
292.79456
292.85182
292.88679
292.91154
292.93301
292.95137
292.96623
292.97843
292.98776
292.99442
292.9985
293.72769
293.70533
293.67361
293.63054
293.5769
293.5166
293.45417
293.39292
293.33448
293.27924
293.22683
293.17649
293.12736
293.07855
293.02921
292.97857
292.92609
292.87143
292.81568
292.7733
292.79368
292.85068
292.88556
292.90988
292.93116
292.94949
292.96437
292.97663
292.98605
292.9928
292.99694
293.7431
293.72076
293.6895
293.64815
293.59703
293.53865
293.47703
293.4156
293.35636
293.30002
293.24649
293.19515
293.14519
293.09574
293.04594
292.99494
292.94202
292.8867
292.82979
292.78281
292.79384
292.8494
292.88471
292.90863
292.92949
292.94761
292.96248
292.97479
292.98427
292.9911
292.9953
293.75762
293.73573
293.7056
293.66567
293.61646
293.56025
293.50012
293.43914
293.37947
293.32218
293.26751
293.21507
293.16414
293.11391
293.06352
293.01209
292.95875
292.9028
292.84473
292.79354
292.79665
292.84894
292.88371
292.90729
292.92784
292.94576
292.96057
292.9729
292.98244
292.98933
292.99359
293.76711
293.74595
293.71726
293.67993
293.63381
293.58039
293.52232
293.46245
293.40293
293.34509
293.28947
293.23597
293.18404
293.13297
293.08191
293.02998
292.97623
292.9198
292.86094
292.80674
292.79984
292.84858
292.88318
292.90623
292.92627
292.94393
292.95866
292.97099
292.98055
292.98749
292.99181
293.76983
293.75004
293.72332
293.6887
293.64601
293.59619
293.54131
293.48367
293.42528
293.36763
293.31158
293.25731
293.20453
293.15267
293.10097
293.04853
292.99442
292.93774
292.87848
292.82142
292.80375
292.84827
292.8833
292.90597
292.92516
292.94222
292.95677
292.96902
292.97861
292.9856
292.98995
293.76344
293.74551
293.72149
293.69037
293.65182
293.60655
293.55584
293.50146
293.44522
293.38869
293.33292
293.2784
293.2251
293.17266
293.12043
293.06758
293.01318
292.95635
292.89677
292.8376
292.80935
292.84842
292.88355
292.9052
292.92363
292.94047
292.95491
292.9671
292.97665
292.98365
292.98803
293.74906
293.73325
293.71222
293.68511
293.65142
293.61124
293.56534
293.51503
293.46185
293.40733
293.35264
293.29851
293.24517
293.19248
293.13994
293.08684
293.03228
292.97533
292.91544
292.85463
292.81733
292.84904
292.88321
292.90502
292.92279
292.93916
292.95313
292.96512
292.97463
292.98166
292.98605
293.72788
293.71486
293.69743
293.67469
293.64596
293.61101
293.57023
293.5245
293.47503
293.4232
293.37026
293.31712
293.26423
293.21167
293.15912
293.10598
293.05141
292.99446
292.93441
292.87238
292.8266
292.84996
292.88412
292.90525
292.92237
292.93763
292.95139
292.96322
292.97265
292.97962
292.98403
293.70193
293.69148
293.67743
293.659
293.6354
293.60604
293.57079
293.5301
293.48489
293.43633
293.38567
293.33398
293.28195
293.22987
293.1776
293.12466
293.07028
293.0135
292.95345
292.89058
292.83771
292.85169
292.88554
292.90529
292.92149
292.93656
292.94993
292.96139
292.97061
292.97758
292.98198
293.673
293.66498
293.65417
293.63983
293.62112
293.59726
293.56771
293.5324
293.49184
293.447
293.39904
293.34915
293.29827
293.2469
293.19512
293.14257
293.08856
293.03214
292.97234
292.9091
292.8513
292.85544
292.88684
292.90582
292.92147
292.93601
292.94831
292.95951
292.96866
292.97549
292.97989
293.644
293.63749
293.62893
293.61772
293.6031
293.5842
293.56021
293.53061
293.49532
293.45485
293.41021
293.36261
293.31318
293.26273
293.21157
293.15954
293.10604
293.05014
292.99081
292.92771
292.86735
292.85898
292.88826
292.90735
292.92153
292.93456
292.94717
292.95799
292.96673
292.97346
292.97783
293.61951
293.61345
293.6059
293.59646
293.58447
293.5691
293.54949
293.52488
293.49476
293.45911
293.41847
293.37384
293.32642
293.27722
293.22687
293.17547
293.12256
293.0673
293.00861
292.94588
292.88308
292.86329
292.89052
292.9086
292.92216
292.93464
292.94612
292.95629
292.96485
292.97143
292.97573
293.60379
293.5983
293.59146
293.58281
293.57175
293.55761
293.53997
293.51847
293.49231
293.46087
293.42416
293.38281
293.33783
293.29029
293.24102
293.19037
293.13814
293.08359
293.02566
292.96351
292.89908
292.86948
292.89312
292.91045
292.92321
292.9344
292.94475
292.95481
292.96315
292.96946
292.9737
293.5943
293.58826
293.58131
293.57314
293.56344
293.55163
293.53669
293.5175
293.49347
293.46441
293.43034
293.39152
293.34864
293.30266
293.25446
293.20457
293.15299
293.09914
293.04206
292.9807
292.916
292.87724
292.89616
292.91305
292.92408
292.93433
292.94453
292.95386
292.96145
292.96762
292.9717
293.59676
293.5903
293.58292
293.57435
293.56424
293.55214
293.53749
293.51952
293.49745
293.47063
293.43862
293.4016
293.3602
293.31534
293.26793
293.21861
293.16751
293.11426
293.05795
292.99749
292.9331
292.88603
292.89942
292.91539
292.92519
292.93503
292.94406
292.95235
292.95999
292.96578
292.96978
293.60452
293.59818
293.59085
293.58226
293.5721
293.55998
293.54536
293.52762
293.50604
293.47991
293.44886
293.41292
293.37247
293.32839
293.28158
293.23269
293.18198
293.12918
293.07353
293.01392
292.9501
292.89693
292.90289
292.91828
292.92746
292.9354
292.94354
292.95162
292.95873
292.96423
292.96802
293.60797
293.60246
293.59594
293.58814
293.57866
293.56703
293.55282
293.53548
293.51447
293.48929
293.45957
293.42497
293.38561
293.34218
293.29571
293.24705
293.19657
293.14409
293.08895
293.03013
292.96695
292.90901
292.90654
292.92109
292.92881
292.93608
292.94425
292.95149
292.95763
292.96271
292.96634
293.60195
293.59769
293.59252
293.58618
293.57829
293.56842
293.55605
293.54059
293.5214
293.49786
293.46945
293.43586
293.39752
293.35515
293.30946
293.26124
293.21104
293.15889
293.10426
293.04618
292.98369
292.92246
292.9106
292.92374
292.93062
292.93753
292.94455
292.95084
292.9566
292.96142
292.96488
293.58256
293.57955
293.57581
293.57115
293.56522
293.55763
293.54784
293.5352
293.51897
293.49834
293.4727
293.44207
293.40656
293.36637
293.32219
293.27489
293.22522
293.17347
293.11934
293.06199
293.00012
292.93565
292.91507
292.92655
292.93336
292.93898
292.94473
292.95105
292.95638
292.96054
292.96368
293.55321
293.5508
293.54788
293.5443
293.53981
293.53409
293.5267
293.51707
293.50448
293.48817
293.46746
293.44167
293.41044
293.37389
293.33253
293.28718
293.2387
293.18768
293.13415
293.07743
293.01613
292.9502
292.9202
292.92943
292.93583
292.94025
292.94609
292.95138
292.95569
292.95943
292.96249
293.52228
293.51995
293.51728
293.51416
293.51042
293.50582
293.5
293.49248
293.48272
293.47011
293.45386
293.4331
293.40711
293.37555
293.33854
293.2966
293.25049
293.20098
293.14839
293.09239
293.03175
292.96574
292.92653
292.93238
292.93855
292.94289
292.94741
292.95153
292.95555
292.95913
292.96187
293.49797
293.49527
293.49233
293.48908
293.48542
293.48121
293.47622
293.47013
293.46242
293.4524
293.43909
293.42193
293.40042
293.37362
293.3412
293.30327
293.26034
293.21306
293.16191
293.1069
293.04716
292.98177
292.93434
292.93549
292.9413
292.94519
292.94837
292.95247
292.95605
292.95898
292.96121
293.48993
293.48646
293.48273
293.47869
293.47428
293.46942
293.46394
293.45761
293.45008
293.44086
293.4295
293.41502
293.39629
293.3728
293.34397
293.30953
293.2696
293.22463
293.17515
293.12134
293.0627
292.99824
292.94402
292.93918
292.94444
292.94766
292.95026
292.95359
292.95647
292.9589
292.96114
293.49589
293.49211
293.48795
293.48337
293.4783
293.47266
293.46634
293.45917
293.45091
293.4412
293.42952
293.41518
293.3975
293.37571
293.34911
293.31713
293.27959
293.2366
293.18863
293.13601
293.0785
293.01506
292.95542
292.9431
292.9474
292.95013
292.95237
292.95471
292.9569
292.95923
292.96133
293.5005
293.49717
293.49345
293.48928
293.48457
293.47923
293.47311
293.46601
293.4577
293.44781
293.43595
293.42161
293.40417
293.38289
293.35711
293.3263
293.29022
293.2488
293.20217
293.15066
293.09424
293.03175
292.96717
292.94732
292.95033
292.95266
292.95465
292.95623
292.95801
292.95987
292.96165
293.49472
293.49213
293.48922
293.48593
293.48219
293.47788
293.47285
293.4669
293.45975
293.45105
293.44036
293.42712
293.41069
293.39042
293.36568
293.33594
293.30089
293.26054
293.21505
293.16459
293.10917
293.04757
292.98036
292.95205
292.95313
292.95523
292.95659
292.95782
292.95919
292.96058
292.96218
293.47986
293.47771
293.47533
293.47268
293.46969
293.46628
293.46232
293.45765
293.45199
293.44501
293.43623
293.42507
293.41088
293.39293
293.37049
293.34291
293.30979
293.27104
293.22687
293.17756
293.12314
293.06253
292.9948
292.95769
292.95611
292.95789
292.95902
292.96013
292.96102
292.96196
292.96335
293.46535
293.46318
293.46081
293.45822
293.45536
293.45219
293.4486
293.44448
293.43962
293.43374
293.42646
293.41725
293.40542
293.39019
293.37069
293.34613
293.31589
293.27967
293.23752
293.18973
293.13648
293.077
293.00958
292.96456
292.95929
292.96021
292.96087
292.96167
292.96231
292.96309
292.96432
293.45848
293.45615
293.45361
293.45082
293.44777
293.4444
293.44066
293.43644
293.43159
293.4259
293.41906
293.41064
293.40002
293.38649
293.36921
293.3473
293.31997
293.28664
293.24704
293.20126
293.14953
293.09144
293.02536
292.97211
292.96202
292.96269
292.96349
292.96414
292.96467
292.96528
292.96623
293.45598
293.45366
293.45111
293.44831
293.44521
293.44179
293.43797
293.43367
293.42876
293.42305
293.41628
293.40808
293.39797
293.3853
293.36931
293.34914
293.32394
293.29296
293.25572
293.21207
293.16212
293.10559
293.04101
292.98082
292.96494
292.9645
292.96521
292.96587
292.96643
292.96688
292.96773
293.45196
293.44985
293.44751
293.44493
293.44207
293.43889
293.43533
293.4313
293.42668
293.42129
293.4149
293.40717
293.39766
293.38578
293.37081
293.35196
293.32838
293.29926
293.26405
293.22243
293.17429
293.1194
293.05627
292.991
292.96909
292.96782
292.96806
292.96855
292.96905
292.96945
292.97028
293.44632
293.4444
293.44228
293.43994
293.43735
293.43446
293.43123
293.42757
293.42337
293.41848
293.41268
293.40564
293.39696
293.38607
293.3723
293.35484
293.33284
293.3055
293.27212
293.23229
293.18579
293.13235
293.0704
293.00168
292.97363
292.97155
292.97135
292.97124
292.97119
292.97142
292.97208
293.44041
293.43865
293.43671
293.43456
293.43218
293.42953
293.42658
293.42324
293.41942
293.41499
293.40972
293.40334
293.39545
293.38556
293.37304
293.35713
293.33693
293.31156
293.28026
293.24246
293.19782
293.14608
293.08585
293.01595
292.97893
292.97488
292.97514
292.97493
292.97454
292.97456
292.97507
293.43573
293.43407
293.43224
293.43022
293.42797
293.42547
293.42268
293.41953
293.41593
293.41178
293.40688
293.40098
293.39376
293.38473
293.37331
293.35876
293.34023
293.3168
293.28762
293.25198
293.20945
293.15969
293.10144
293.0319
292.98493
292.97702
292.97678
292.9767
292.97647
292.97646
292.97694
293.42991
293.42842
293.42676
293.42492
293.42288
293.42059
293.41803
293.41514
293.41184
293.40801
293.40351
293.39811
293.39151
293.38328
293.37286
293.35958
293.3426
293.32104
293.29397
293.26062
293.22041
293.17288
293.11691
293.04927
292.99239
292.97987
292.97938
292.97947
292.9795
292.97959
292.9801
293.42544
293.42408
293.42257
293.42088
293.41899
293.41688
293.4145
293.4118
293.40871
293.40513
293.4009
293.39583
293.38964
293.38195
293.37225
293.35991
293.34415
293.32407
293.29877
293.26738
293.2292
293.18365
293.12969
293.06407
293.00039
292.98298
292.9815
292.98142
292.98139
292.98146
292.98194
293.41847
293.41733
293.41605
293.41461
293.413
293.41119
293.40913
293.40679
293.40409
293.40093
293.39718
293.39267
293.38712
293.38018
293.3714
293.36017
293.34575
293.32728
293.30383
293.27448
293.23844
293.19503
293.14329
293.08042
293.01123
292.98714
292.9851
292.98499
292.98483
292.98487
292.98532
293.41397
293.41295
293.41181
293.41053
293.40908
293.40745
293.40558
293.40344
293.40096
293.39806
293.39459
293.3904
293.38525
293.37881
293.37066
293.36025
293.34688
293.32973
293.30786
293.28033
293.24624
293.20481
293.1551
293.09443
293.02281
292.99118
292.98701
292.9867
292.98649
292.9865
292.98693
293.40476
293.404
293.40314
293.40216
293.40105
293.39978
293.39832
293.39662
293.39463
293.39225
293.38939
293.38587
293.38148
293.37593
293.36881
293.35959
293.34762
293.33212
293.31218
293.28682
293.25512
293.21623
293.16918
293.11168
293.03986
292.99655
292.99024
292.99003
292.98992
292.98999
292.9904
293.40101
293.40034
293.39958
293.39871
293.39772
293.39658
293.39525
293.3937
293.39187
293.38968
293.38701
293.38372
293.37959
293.37437
293.36769
293.35908
293.34792
293.33346
293.31482
293.29105
293.26116
293.22424
293.17932
293.12416
293.05385
293.00197
292.99232
292.9916
292.99155
292.99168
292.99211
293.38693
293.38661
293.38624
293.38581
293.38531
293.38471
293.38399
293.38311
293.38202
293.38065
293.37888
293.37656
293.37349
293.36942
293.36398
293.35673
293.34709
293.33438
293.31774
293.29626
293.26894
293.23478
293.19267
293.14069
293.07368
293.01074
292.99611
292.99533
292.99533
292.99552
292.99598
293.386
293.3857
293.38535
293.38494
293.38446
293.38388
293.38319
293.38234
293.38129
293.37998
293.37833
293.37621
293.37341
293.36965
293.3646
293.35783
293.34878
293.33674
293.32086
293.30023
293.27391
293.241
293.2005
293.15066
293.08666
293.01884
292.99918
292.99744
292.99751
292.99774
292.99822
293.36961
293.36958
293.36953
293.36945
293.36933
293.36915
293.36888
293.3685
293.36794
293.36714
293.36602
293.36447
293.36234
293.35944
293.35547
293.35004
293.34266
293.33271
293.31944
293.30195
293.27926
293.25035
293.21406
293.16882
293.11087
293.03836
293.00424
293.00068
293.00067
293.00095
293.00141
293.66062
293.62496
293.59082
293.56186
293.53605
293.51159
293.48892
293.46839
293.44905
293.4319
293.41687
293.4043
293.39399
293.38802
293.38732
293.39488
293.41255
293.43988
293.47512
293.51601
293.55894
293.60126
293.64172
293.67975
293.7153
293.74815
293.77933
293.80976
293.83992
293.87125
293.90261
293.92666
293.93494
293.92723
293.9085
293.88621
293.86495
293.8503
293.84905
293.86953
293.89054
293.88647
293.85008
293.81018
293.78057
293.76533
293.7506
293.72608
293.69639
293.66984
293.64483
293.62077
293.59511
293.57262
293.54761
293.52701
293.50153
293.48359
293.45674
293.44375
293.40995
293.40617
293.37227
293.80576
293.77212
293.73202
293.69083
293.65201
293.61805
293.58733
293.55861
293.53217
293.50881
293.48778
293.46916
293.45336
293.44244
293.43753
293.44182
293.45766
293.48449
293.5185
293.55614
293.59571
293.63401
293.66999
293.70306
293.73376
293.76245
293.79029
293.81796
293.84544
293.87503
293.90304
293.92318
293.92842
293.91936
293.89827
293.87509
293.85276
293.83665
293.8326
293.8494
293.86672
293.86144
293.82699
293.78903
293.75922
293.74162
293.72586
293.703
293.67603
293.65153
293.62803
293.60561
293.58194
293.56122
293.53795
293.51877
293.49479
293.47798
293.45239
293.44022
293.40759
293.40417
293.37157
293.78822
293.77382
293.75164
293.7241
293.69354
293.66392
293.63531
293.60788
293.58186
293.55749
293.53503
293.51451
293.4969
293.48402
293.47755
293.48088
293.49679
293.52293
293.55707
293.59234
293.62782
293.66189
293.69312
293.72119
293.7476
293.77293
293.79808
293.82337
293.84815
293.87576
293.90011
293.91655
293.91905
293.90891
293.88631
293.86235
293.83911
293.8213
293.81423
293.82703
293.84089
293.835
293.80306
293.76745
293.73776
293.71833
293.70191
293.68085
293.65663
293.6342
293.61223
293.59141
293.5696
293.55054
293.52891
293.51108
293.48852
293.47277
293.44838
293.43698
293.40549
293.40239
293.371
293.73069
293.72293
293.71259
293.69999
293.68507
293.66834
293.64971
293.62989
293.60956
293.58878
293.56797
293.54787
293.52989
293.51602
293.50846
293.51164
293.52737
293.55382
293.58717
293.62173
293.65346
293.68327
293.71007
293.73386
293.75713
293.78004
293.80303
293.82591
293.84817
293.87303
293.89361
293.9068
293.90723
293.89564
293.87292
293.84831
293.82425
293.80443
293.79426
293.80274
293.8134
293.80752
293.77865
293.7458
293.71657
293.69586
293.67903
293.65982
293.63826
293.61789
293.59744
293.57811
293.55804
293.54054
293.52044
293.50388
293.48266
293.46793
293.44468
293.434
293.40361
293.4008
293.37053
293.70453
293.7008
293.69573
293.68902
293.68065
293.6705
293.65842
293.64451
293.62898
293.61195
293.5938
293.57529
293.55768
293.54304
293.53419
293.53637
293.55078
293.57645
293.60858
293.6415
293.67103
293.69695
293.72047
293.74153
293.76306
293.78441
293.80548
293.82553
293.84538
293.86668
293.88353
293.89387
293.89289
293.88032
293.8581
293.83317
293.80841
293.78635
293.77318
293.77712
293.78482
293.77949
293.75414
293.72441
293.69601
293.6745
293.65747
293.64
293.62097
293.60259
293.58361
293.56569
293.54724
293.53117
293.51252
293.49715
293.47719
293.46341
293.44126
293.43123
293.40193
293.39937
293.37015
293.6952
293.6928
293.68949
293.68506
293.6794
293.67234
293.66367
293.6533
293.64116
293.62729
293.61193
293.59558
293.57926
293.56501
293.55548
293.55589
293.56821
293.59174
293.62172
293.65247
293.67993
293.70387
293.72547
293.74566
293.76653
293.78677
293.80569
293.82259
293.83967
293.85673
293.87001
293.87801
293.87623
293.86358
293.84195
293.81716
293.79183
293.76755
293.75146
293.75093
293.75586
293.75145
293.72994
293.7036
293.67636
293.65447
293.63735
293.62147
293.6048
293.58831
293.57074
293.55412
293.53714
293.52241
293.5051
293.49085
293.47207
293.45918
293.43808
293.42867
293.40041
293.39809
293.36984
293.69092
293.68919
293.68672
293.68342
293.67917
293.67376
293.667
293.65873
293.64883
293.6373
293.62421
293.60987
293.59515
293.58173
293.57204
293.57112
293.58105
293.60148
293.62857
293.65699
293.68304
293.70629
293.72743
293.74805
293.76858
293.78772
293.8038
293.81756
293.83084
293.84334
293.85335
293.85961
293.85767
293.84561
293.8249
293.80063
293.77478
293.74864
293.72981
293.72502
293.7273
293.72396
293.70642
293.68362
293.65785
293.63588
293.61877
293.60426
293.58973
293.57501
293.55877
293.54336
293.52774
293.51423
293.49815
293.48495
293.46729
293.45523
293.43513
293.42628
293.39905
293.39693
293.36961
293.68853
293.68724
293.68533
293.68273
293.67928
293.67482
293.66922
293.66234
293.65408
293.64432
293.63311
293.62059
293.6075
293.59518
293.5862
293.5838
293.59132
293.60841
293.63231
293.65862
293.68375
293.7072
293.72876
293.75004
293.77007
293.78744
293.8003
293.81044
293.81903
293.82695
293.83405
293.83915
293.83761
293.82672
293.80737
293.78387
293.75769
293.73017
293.7089
293.70021
293.69988
293.69753
293.68387
293.66469
293.64063
293.6188
293.60173
293.58835
293.57574
293.56266
293.54769
293.53338
293.51898
293.50659
293.49166
293.47942
293.46281
293.45154
293.43238
293.42405
293.39783
293.39588
293.36943
293.6873
293.68633
293.68482
293.68267
293.67976
293.67598
293.67124
293.66543
293.65844
293.65013
293.64044
293.6296
293.61813
293.60721
293.59897
293.59582
293.60129
293.61519
293.63614
293.66061
293.6851
293.70886
293.73114
293.7525
293.77141
293.78621
293.79558
293.80126
293.80474
293.80825
293.81279
293.81717
293.81648
293.80727
293.78968
293.76721
293.74104
293.71266
293.68933
293.67715
293.67421
293.67259
293.66255
293.64692
293.62475
293.60325
293.58621
293.57374
293.5628
293.55124
293.53744
293.52413
293.51084
293.49947
293.4856
293.47426
293.45862
293.44808
293.42982
293.42197
293.39672
293.39492
293.3693
293.68697
293.68619
293.68493
293.68311
293.68066
293.67748
293.67351
293.66863
293.66276
293.65579
293.64767
293.63855
293.62885
293.61957
293.61238
293.60925
293.61258
293.62362
293.64194
293.66485
293.68876
293.71266
293.73514
293.75586
293.77282
293.78447
293.78977
293.79053
293.78894
293.78828
293.79043
293.79428
293.79474
293.78758
293.7721
293.751
293.72528
293.69652
293.67151
293.65629
293.6507
293.64941
293.6426
293.63039
293.61023
293.58919
293.57217
293.56037
293.55088
293.5407
293.52799
293.51559
293.50329
293.49285
293.47995
293.46942
293.4547
293.44484
293.42743
293.42003
293.39572
293.39405
293.36922
293.68706
293.68644
293.68544
293.68395
293.68194
293.67933
293.67609
293.67211
293.66732
293.66167
293.65515
293.64788
293.64004
293.6325
293.62667
293.624
293.62614
293.63533
293.65106
293.67186
293.69517
293.71895
293.74094
293.76012
293.77446
293.78243
293.78328
293.77916
293.77284
293.76822
293.76797
293.77119
293.77284
293.76798
293.75494
293.73561
293.71073
293.68204
293.65568
293.63782
293.62957
293.62816
293.62409
293.61511
293.59702
293.57657
293.55954
293.5482
293.53992
293.531
293.51929
293.50771
293.49631
293.48669
293.47468
293.46491
293.45104
293.4418
293.4252
293.41821
293.39481
293.39325
293.36917
293.68756
293.68704
293.6862
293.68501
293.68342
293.68137
293.67883
293.67573
293.67201
293.66766
293.66273
293.65737
293.65156
293.64585
293.64165
293.63985
293.64205
293.64996
293.66374
293.68244
293.70402
293.72739
293.74836
293.76517
293.77637
293.78037
293.77678
293.76817
293.75762
293.74929
293.74648
293.74872
293.75131
293.74879
293.73846
293.72126
293.69761
293.66937
293.64194
293.62175
293.61091
293.6089
293.60706
293.60106
293.58507
293.5653
293.54823
293.53715
293.52987
293.52208
293.51129
293.50046
293.48985
293.48097
293.46977
293.46069
293.44761
293.43895
293.42312
293.41651
293.39398
293.39252
293.36915
293.68807
293.68771
293.68707
293.68615
293.68494
293.68339
293.68149
293.67921
293.67653
293.67345
293.67005
293.66649
293.66284
293.65919
293.65679
293.65637
293.65918
293.66656
293.67894
293.69581
293.71562
293.73743
293.757
293.77094
293.77863
293.77871
293.7711
293.75855
293.74426
293.73244
293.72684
293.72757
293.73062
293.73029
293.72283
293.70801
293.686
293.65851
293.63026
293.60801
293.59465
293.59163
293.59146
293.58818
293.57427
293.55527
293.53815
293.52717
293.52068
293.51389
293.50396
293.4938
293.48389
293.47567
293.4652
293.45676
293.44441
293.43628
293.42117
293.41492
293.39322
293.39184
293.36916
293.68835
293.68813
293.68771
293.68707
293.6862
293.6851
293.68377
293.68222
293.68047
293.67857
293.6766
293.67471
293.6731
293.67171
293.67131
293.67267
293.67654
293.68403
293.69562
293.71101
293.72903
293.7488
293.76636
293.77741
293.78142
293.77793
293.76688
293.75095
293.73336
293.71828
293.70969
293.70838
293.71127
293.71275
293.70818
293.69588
293.67584
293.64935
293.62054
293.59643
293.58066
293.57628
293.57725
293.57638
293.56454
293.54638
293.5292
293.51818
293.5123
293.50639
293.49724
293.48768
293.4784
293.47076
293.46096
293.45308
293.44142
293.43377
293.41934
293.41341
293.39253
293.39122
293.36919
293.68816
293.68816
293.68796
293.68756
293.68698
293.68624
293.68538
293.68444
293.68347
293.68256
293.68185
293.6815
293.68173
293.68256
293.68431
293.6876
293.69298
293.70111
293.71246
293.72679
293.74323
293.76093
293.77591
293.784
293.78494
293.77837
293.76451
293.74567
293.72512
293.70697
293.69533
293.69153
293.69358
293.69633
293.69451
293.6849
293.66699
293.64172
293.61258
293.58683
293.56876
293.56275
293.56436
293.56559
293.55577
293.53853
293.5213
293.51011
293.50467
293.49953
293.49109
293.48208
293.47334
293.46621
293.45701
293.44965
293.43862
293.43142
293.41763
293.412
293.39189
293.39064
293.36924
293.6877
293.68788
293.68788
293.68768
293.68731
293.68681
293.68626
293.68574
293.68533
293.68519
293.68549
293.68643
293.68825
293.69109
293.69487
293.70019
293.70733
293.71652
293.72816
293.74192
293.75718
293.77295
293.78518
293.79059
293.78918
293.78018
293.76397
293.74265
293.71943
293.69842
293.68374
293.67718
293.67777
293.68117
293.6818
293.67495
293.65925
293.6354
293.60617
293.579
293.55878
293.55091
293.55272
293.5557
293.54785
293.5316
293.51434
293.50289
293.49774
293.49324
293.48547
293.47695
293.46869
293.462
293.45335
293.44645
293.436
293.4292
293.41602
293.41066
293.39129
293.39009
293.36929
293.68737
293.68764
293.68772
293.6876
293.68731
293.68693
293.68653
293.68622
293.68615
293.68649
293.6875
293.68941
293.69246
293.69689
293.70249
293.70967
293.71855
293.72912
293.74152
293.7553
293.7699
293.78385
293.79371
293.7973
293.79398
293.78316
293.76504
293.74161
293.71602
293.69233
293.67474
293.66526
293.66389
293.6673
293.66993
293.66578
293.6524
293.63014
293.60108
293.57272
293.5505
293.54064
293.54225
293.54663
293.54068
293.52548
293.50823
293.49645
293.49145
293.4875
293.48033
293.47225
293.46441
293.45811
293.44994
293.44346
293.43354
293.42711
293.4145
293.4094
293.39073
293.38958
293.36936
293.68755
293.68782
293.68789
293.68772
293.68735
293.68688
293.68645
293.68616
293.68615
293.6867
293.68808
293.69058
293.69446
293.69997
293.70696
293.71565
293.72604
293.73797
293.75147
293.76577
293.78018
293.79267
293.80104
293.80345
293.79897
293.78681
293.76721
293.74207
293.71444
293.68831
293.66798
293.65559
293.6519
293.65466
293.6588
293.6572
293.64622
293.62572
293.59709
293.56777
293.54373
293.5318
293.53286
293.53831
293.53417
293.52007
293.50287
293.49072
293.48575
293.48225
293.47562
293.46795
293.46047
293.4545
293.44677
293.44066
293.43123
293.42514
293.41306
293.40819
293.3902
293.38909
293.36942
293.68885
293.68897
293.68887
293.6885
293.6879
293.68716
293.68645
293.68594
293.68579
293.68623
293.68766
293.69034
293.69462
293.7007
293.70854
293.71824
293.72963
293.74261
293.7572
293.77219
293.78652
293.79862
293.80647
293.80841
293.80341
293.79042
293.76981
293.74337
293.71411
293.68585
293.66301
293.64786
293.64165
293.64323
293.64832
293.64904
293.64049
293.62188
293.59396
293.56393
293.53824
293.52424
293.52443
293.53065
293.52821
293.51527
293.49818
293.48564
293.48058
293.47744
293.47131
293.464
293.45684
293.45116
293.44381
293.43803
293.42906
293.42327
293.4117
293.40704
293.3897
293.38862
293.36949
293.69233
293.69201
293.69146
293.69068
293.68965
293.68841
293.68717
293.68613
293.68556
293.68566
293.68679
293.6893
293.69352
293.69964
293.70763
293.71769
293.72954
293.74309
293.75804
293.7735
293.78832
293.8009
293.8094
293.81147
293.80665
293.79336
293.77217
293.74482
293.71431
293.68425
293.65911
293.64145
293.63276
293.63283
293.63845
293.64126
293.63514
293.61853
293.59152
293.56099
293.53385
293.5178
293.51686
293.52358
293.52273
293.51098
293.49408
293.48113
293.47589
293.47302
293.46735
293.46038
293.4535
293.44806
293.44105
293.43557
293.42701
293.4215
293.4104
293.40593
293.38921
293.38816
293.36954
293.70019
293.69883
293.69729
293.69564
293.69376
293.69172
293.68961
293.68766
293.6862
293.68565
293.68623
293.68822
293.69202
293.69775
293.7054
293.71492
293.72629
293.73946
293.75418
293.76981
293.78533
293.79893
293.80898
293.81176
293.80751
293.79453
293.77335
293.74563
293.71445
293.68303
293.65593
293.63614
293.62515
293.62342
293.6291
293.63369
293.62991
293.61542
293.58957
293.55879
293.5304
293.51238
293.51008
293.51703
293.51762
293.50712
293.4905
293.47714
293.47163
293.46895
293.4637
293.45704
293.4504
293.44517
293.43847
293.43325
293.42507
293.41981
293.40915
293.40485
293.38873
293.38771
293.36959
293.72021
293.71563
293.71111
293.70691
293.70296
293.69896
293.69514
293.6918
293.68904
293.68731
293.687
293.68823
293.69108
293.69576
293.70224
293.71048
293.72055
293.73251
293.74629
293.76148
293.77744
293.79211
293.80354
293.80795
293.80478
293.79267
293.77228
293.74497
293.71393
293.68187
293.65327
293.63174
293.61873
293.61495
293.6202
293.62618
293.6246
293.61231
293.58788
293.55711
293.52772
293.50777
293.50402
293.51098
293.51285
293.50361
293.48734
293.4736
293.46777
293.46522
293.46034
293.45397
293.44754
293.44248
293.43605
293.43106
293.42323
293.41819
293.40795
293.40381
293.38826
293.38726
293.36962
293.77848
293.76382
293.74927
293.73656
293.72555
293.71596
293.70773
293.7011
293.69599
293.69242
293.69047
293.69017
293.69137
293.69415
293.69863
293.70483
293.71283
293.7228
293.73492
293.7489
293.76461
293.78
293.79271
293.79905
293.7976
293.78703
293.7682
293.74224
293.71222
293.68037
293.65084
293.62789
293.61329
293.60731
293.61173
293.61868
293.61911
293.6091
293.58632
293.55582
293.52565
293.50387
293.49861
293.50537
293.50836
293.50038
293.48454
293.47046
293.46427
293.46177
293.45723
293.45112
293.44489
293.43997
293.43378
293.42899
293.42148
293.41665
293.40679
293.4028
293.38779
293.38681
293.36964
293.86621
293.84535
293.81949
293.79482
293.77261
293.75231
293.73463
293.72031
293.70947
293.70133
293.69553
293.69217
293.69062
293.6906
293.69254
293.6964
293.7021
293.70987
293.72004
293.73232
293.74712
293.76272
293.77657
293.78484
293.78569
293.77728
293.76071
293.73699
293.70881
293.67804
293.6483
293.62419
293.60856
293.60039
293.60369
293.6112
293.61343
293.60569
293.58475
293.55479
293.52405
293.50065
293.49382
293.50018
293.50413
293.49738
293.48204
293.46767
293.46109
293.45859
293.45434
293.44848
293.44242
293.43763
293.43164
293.42703
293.41982
293.41516
293.40566
293.4018
293.38732
293.38636
293.36963
293.47539
293.33462
293.21027
293.10407
293.02165
292.96282
292.9234
292.89806
292.882
293.45811
293.31922
293.20137
293.10332
293.02753
292.97403
292.93815
292.91503
292.90038
293.4411
293.3086
293.1973
293.10666
293.03704
292.98754
292.95451
292.93335
292.92007
293.42602
293.30105
293.19504
293.11031
293.04619
293.00063
292.97041
292.95118
292.9392
293.41112
293.29359
293.19305
293.1137
293.0546
293.01304
292.98569
292.96843
292.95782
293.39599
293.28615
293.19145
293.11739
293.06294
293.02528
293.00067
292.9853
292.97589
293.38152
293.27955
293.19094
293.12184
293.07165
293.03743
293.01536
293.00173
292.99345
293.36895
293.27443
293.19155
293.12703
293.08073
293.04961
293.02984
293.01779
293.01054
293.35769
293.27051
293.19323
293.13304
293.09026
293.06193
293.04422
293.03359
293.02729
293.34797
293.26786
293.19605
293.13997
293.10043
293.07459
293.05872
293.04936
293.04393
293.34013
293.26681
293.20025
293.14807
293.11157
293.08798
293.0737
293.06547
293.06082
293.3345
293.26751
293.20618
293.15809
293.12434
293.10266
293.08972
293.08242
293.07843
293.33087
293.27074
293.21505
293.17072
293.13937
293.1193
293.10745
293.10092
293.09751
293.33113
293.27763
293.22714
293.18631
293.15723
293.13859
293.12764
293.1217
293.11871
293.33698
293.29004
293.24427
293.2064
293.17916
293.16159
293.15128
293.14576
293.14313
293.35
293.30845
293.26692
293.23195
293.20627
293.18942
293.17949
293.17423
293.17184
293.37102
293.3339
293.29633
293.26388
293.23929
293.22275
293.21282
293.20751
293.20508
293.40105
293.36795
293.33356
293.30279
293.27871
293.26206
293.25183
293.2462
293.24351
293.43928
293.40932
293.37726
293.34766
293.32377
293.30672
293.29589
293.28962
293.28634
293.4827
293.45506
293.42495
293.39645
293.37275
293.35531
293.34382
293.33691
293.33312
293.52816
293.50273
293.4746
293.44738
293.42415
293.40659
293.39469
293.38731
293.38308
293.5733
293.55021
293.52417
293.49833
293.47566
293.45798
293.44552
293.43737
293.43233
293.61689
293.59626
293.57238
293.54795
293.52581
293.50796
293.49488
293.48596
293.4802
293.65848
293.64059
293.61907
293.59612
293.57451
293.55649
293.54292
293.53349
293.5273
293.69793
293.68309
293.66422
293.64288
293.62165
293.60306
293.58839
293.5777
293.57023
293.73449
293.72275
293.70677
293.68728
293.66643
293.64695
293.63071
293.61833
293.60939
293.76893
293.76012
293.74717
293.72999
293.71002
293.68991
293.67206
293.65774
293.64684
293.80214
293.79595
293.78593
293.77127
293.75248
293.73176
293.7117
293.69425
293.68001
293.8347
293.83066
293.82287
293.8101
293.79238
293.77144
293.75007
293.73089
293.71519
293.86748
293.8648
293.85902
293.84878
293.83306
293.81352
293.79296
293.77371
293.75724
293.90131
293.90064
293.89712
293.88926
293.87645
293.8592
293.83968
293.82097
293.80483
293.92801
293.92878
293.9265
293.91942
293.90701
293.89065
293.87249
293.8547
293.83888
293.93817
293.93957
293.93827
293.93327
293.92447
293.91197
293.89719
293.88194
293.86782
293.93208
293.93482
293.93632
293.9356
293.93128
293.92327
293.91292
293.90172
293.89098
293.9154
293.92012
293.92419
293.92614
293.92492
293.92053
293.91363
293.90532
293.89676
293.89414
293.9001
293.90603
293.9108
293.91317
293.91253
293.90907
293.9036
293.89721
293.87411
293.88183
293.89015
293.89799
293.90406
293.90737
293.90763
293.90533
293.9014
293.86101
293.87086
293.88184
293.89285
293.90242
293.90932
293.91292
293.91337
293.91173
293.86256
293.87588
293.89094
293.9064
293.92048
293.93161
293.93894
293.9429
293.94406
293.88644
293.90334
293.92263
293.94278
293.96184
293.9781
293.99058
293.99913
294.00418
293.91049
293.92975
293.952
293.97578
293.99882
294.01881
294.03469
294.04645
294.05458
293.90712
293.92606
293.94801
293.9713
293.99388
294.01397
294.03009
294.04177
294.04962
293.86898
293.88583
293.90571
293.92752
293.94956
293.96986
293.98693
294.00009
294.0093
293.8277
293.8436
293.86274
293.8842
293.90642
293.92754
293.94601
293.96096
293.97232
293.7987
293.81572
293.83657
293.86032
293.88513
293.90871
293.92932
293.94614
293.95909
293.78594
293.80565
293.8301
293.85825
293.88788
293.91632
293.94127
293.9615
293.977
293.77227
293.79289
293.81877
293.84914
293.88187
293.91401
293.94284
293.96686
293.9857
293.74633
293.76536
293.78952
293.81832
293.8501
293.88222
293.91199
293.93763
293.95849
293.71426
293.73096
293.75244
293.77857
293.80824
293.83929
293.8692
293.89586
293.91817
293.68599
293.70105
293.72067
293.74499
293.77333
293.80395
293.83441
293.86232
293.88621
293.65964
293.67338
293.69141
293.71403
293.74086
293.77062
293.80128
293.83049
293.85633
293.63408
293.64624
293.66223
293.68241
293.70657
293.7338
293.76248
293.79071
293.81676
293.60659
293.61691
293.63048
293.64763
293.66828
293.69184
293.7172
293.74289
293.76738
293.58247
293.59116
293.60257
293.61698
293.63437
293.65429
293.67595
293.6983
293.72017
293.5559
293.56307
293.57249
293.58438
293.59873
293.61523
293.63327
293.65207
293.67073
293.53402
293.53996
293.54774
293.55756
293.56941
293.58304
293.59796
293.61355
293.6291
293.50724
293.51197
293.51817
293.526
293.53546
293.54638
293.55836
293.57093
293.58351
293.48832
293.49213
293.49713
293.50345
293.5111
293.51991
293.52959
293.53973
293.54986
293.46041
293.4633
293.46711
293.47193
293.47779
293.48457
293.49206
293.49993
293.50782
293.44673
293.44898
293.45194
293.45569
293.46024
293.4655
293.47128
293.47734
293.48337
293.41196
293.4135
293.41555
293.41819
293.42144
293.42526
293.42953
293.43406
293.43862
293.40787
293.40913
293.41079
293.41292
293.41554
293.41859
293.42197
293.42551
293.42903
293.37288
293.37334
293.37398
293.37482
293.37588
293.37717
293.37862
293.38018
293.38174
292.86901
292.85574
292.84325
292.8299
292.81174
292.77451
292.88847
292.8762
292.8647
292.8524
292.83553
292.80105
292.90921
292.89784
292.88708
292.87546
292.8595
292.82745
292.92936
292.91899
292.90907
292.89822
292.88336
292.85372
292.949
292.93965
292.93067
292.92085
292.90732
292.88001
292.96805
292.95968
292.95164
292.94284
292.93072
292.90581
292.98652
292.9791
292.972
292.9642
292.9535
292.93097
293.00445
292.99793
292.9917
292.98494
292.97556
292.95543
293.02201
293.01631
293.01097
293.00516
292.99715
292.97935
293.03934
293.03441
293.0298
293.02491
293.01812
293.00275
293.05691
293.05266
293.04883
293.04483
293.03933
293.02604
293.07502
293.07131
293.06802
293.06472
293.06027
293.04941
293.09458
293.09135
293.08867
293.08615
293.08281
293.07352
293.11605
293.11304
293.11063
293.10846
293.10587
293.09919
293.14073
293.13801
293.13604
293.13463
293.13315
293.12743
293.16957
293.16691
293.16508
293.16365
293.16187
293.1541
293.20269
293.19988
293.19782
293.19622
293.19399
293.18618
293.24086
293.23771
293.23551
293.23381
293.23243
293.23009
293.28304
293.27923
293.27609
293.27339
293.27046
293.26496
293.32955
293.32561
293.32288
293.3212
293.32061
293.31789
293.37908
293.37468
293.37098
293.36746
293.36282
293.35616
293.42772
293.42283
293.41877
293.41525
293.41182
293.40929
293.4751
293.46991
293.46571
293.46235
293.45968
293.45774
293.52203
293.51687
293.51254
293.50875
293.50427
293.49457
293.56388
293.55763
293.55213
293.54655
293.53992
293.5292
293.60182
293.59469
293.58807
293.58164
293.57375
293.56121
293.63754
293.62859
293.62033
293.61179
293.60188
293.58825
293.66767
293.65611
293.64528
293.63497
293.62384
293.61125
293.70153
293.68842
293.67618
293.6641
293.65065
293.63198
293.74242
293.72793
293.71407
293.70012
293.68398
293.66013
293.79017
293.77581
293.76145
293.74685
293.7286
293.69521
293.82437
293.80958
293.79483
293.7785
293.75814
293.72391
293.85428
293.84018
293.82507
293.80831
293.7869
293.75226
293.88046
293.86903
293.85635
293.84107
293.81998
293.78249
293.88803
293.87821
293.86692
293.85268
293.83277
293.79952
293.89006
293.88169
293.87125
293.85817
293.83929
293.80837
293.89638
293.88963
293.88106
293.86916
293.85115
293.82075
293.9085
293.90342
293.89615
293.88578
293.869
293.83915
293.94291
293.93945
293.9337
293.9247
293.90912
293.87889
294.00643
294.00603
294.00301
293.99592
293.98109
293.94928
294.06015
294.06387
294.06521
294.063
294.05308
294.02337
294.05518
294.05895
294.06097
294.06053
294.05605
294.03968
294.01614
294.02137
294.02471
294.02573
294.02355
294.0146
293.98142
293.98926
293.99544
293.99971
294.00084
293.9931
293.96964
293.97884
293.98661
293.99262
293.99556
293.99285
293.9896
294.00063
294.01012
294.01786
294.02268
294.02166
294.00145
294.01574
294.02839
294.03934
294.04789
294.05284
293.97671
293.99416
294.0106
294.02619
294.04051
294.05022
293.93821
293.958
293.97722
293.99609
294.01452
294.03092
293.90805
293.92994
293.95137
293.9725
293.99305
294.0114
293.88064
293.90568
293.93059
293.95533
293.97924
294.00004
293.84248
293.87046
293.89959
293.92958
293.95919
293.98551
293.79259
293.8216
293.85372
293.88874
293.92485
293.95814
293.74349
293.77172
293.80472
293.84308
293.88477
293.92411
293.69114
293.71695
293.74886
293.78872
293.8354
293.88216
293.64634
293.66871
293.69737
293.73547
293.78389
293.83555
293.5976
293.61624
293.64065
293.67472
293.722
293.77774
293.56125
293.57648
293.59654
293.62512
293.66691
293.71974
293.51676
293.52888
293.54498
293.56837
293.60437
293.65384
293.49022
293.49958
293.51192
293.52987
293.55784
293.59727
293.4439
293.45124
293.46105
293.47546
293.49842
293.53221
293.43309
293.43873
293.44614
293.45685
293.47384
293.49858
293.38359
293.38622
293.38975
293.39507
293.4042
293.41924
293.24106
293.23921
293.23743
293.23498
293.22813
293.19692
293.15328
293.15122
293.14884
293.14565
293.14219
293.13927
293.05742
293.05507
293.05241
293.04939
293.04774
293.05205
292.95459
292.95214
292.94986
292.9487
292.95301
292.97428
292.84622
292.84306
292.83997
292.83778
292.83998
292.85121
292.73569
292.73186
292.72833
292.72643
292.73113
292.7515
292.62758
292.62306
292.6186
292.61482
292.61403
292.62085
292.52381
292.51779
292.51149
292.50534
292.50139
292.50898
292.42902
292.42085
292.41215
292.40348
292.39779
292.41065
292.35081
292.34094
292.33051
292.32022
292.31301
292.32473
292.2935
292.28172
292.26934
292.25683
292.24671
292.25417
292.2628
292.24941
292.23578
292.22243
292.21097
292.20922
292.26112
292.24481
292.22713
292.20841
292.19026
292.17927
292.2778
292.26454
292.25032
292.23459
292.21609
292.18856
292.30891
292.29528
292.28107
292.26563
292.24751
292.22031
292.35554
292.3404
292.32491
292.30813
292.28766
292.2558
292.41526
292.39917
292.38289
292.36558
292.34475
292.30844
292.48197
292.4654
292.44883
292.43129
292.41001
292.37072
292.55117
292.53418
292.51718
292.49894
292.4763
292.43597
292.61943
292.60259
292.58604
292.56854
292.54664
292.50445
292.68356
292.66674
292.65009
292.63202
292.60892
292.56776
292.74298
292.72698
292.71166
292.69556
292.67483
292.63226
292.79472
292.7787
292.76307
292.74616
292.72432
292.68492
292.8458
292.83145
292.81775
292.80308
292.78359
292.74276
293.08564
293.10267
293.12258
293.14523
293.16796
293.1889
293.20734
293.22305
293.23612
292.96957
292.9952
293.02353
293.0517
293.07771
293.10047
293.11969
293.13555
293.14835
292.85611
292.88866
292.92234
292.95444
292.98279
293.00655
293.02579
293.04108
293.05303
292.74163
292.78006
292.8184
292.85356
292.88362
292.90775
292.92634
292.94041
292.95098
292.62964
292.67265
292.71466
292.75216
292.78285
292.80631
292.82339
292.83546
292.84395
292.52443
292.57049
292.61459
292.65297
292.68323
292.70509
292.71981
292.72919
292.73505
292.42998
292.47725
292.52167
292.5594
292.58805
292.60745
292.61919
292.62551
292.62858
292.34999
292.39658
292.43958
292.47518
292.50105
292.51712
292.52514
292.52769
292.52723
292.29021
292.33291
292.37247
292.40452
292.42652
292.43843
292.44209
292.44025
292.43558
292.24078
292.28361
292.32236
292.35136
292.36904
292.37624
292.37516
292.36888
292.36019
292.25274
292.28646
292.31102
292.32801
292.33675
292.33697
292.33006
292.31876
292.30585
292.27284
292.29822
292.31919
292.33139
292.33252
292.32431
292.31085
292.29455
292.27775
292.31254
292.32721
292.33718
292.34007
292.33614
292.32656
292.31253
292.29617
292.27836
292.37924
292.38129
292.37866
292.37092
292.35934
292.34457
292.32733
292.30922
292.29233
292.47938
292.46533
292.44744
292.42705
292.40514
292.38288
292.36132
292.34139
292.32384
292.60013
292.56873
292.53485
292.50079
292.46858
292.43932
292.41344
292.39101
292.37189
292.73299
292.68345
292.63265
292.58447
292.54185
292.50579
292.47607
292.45187
292.43215
292.87079
292.8029
292.7352
292.67312
292.62039
292.57783
292.54453
292.51886
292.49896
293.00331
292.91844
292.83552
292.76092
292.69916
292.65098
292.61474
292.58801
292.56815
293.1216
293.02286
292.92779
292.84309
292.774
292.72138
292.68296
292.65558
292.63604
293.22394
293.11327
293.00873
292.91656
292.84208
292.78631
292.74649
292.71888
292.6998
293.30702
293.18996
293.07892
292.98123
292.9027
292.84468
292.80415
292.77677
292.75844
293.37422
293.24745
293.13309
293.03404
292.95418
292.89522
292.85453
292.82752
292.80985
293.47389
293.34178
293.21171
293.09892
293.01012
292.94639
292.90381
292.87657
292.85963
292.56978
292.7236
292.83634
292.92185
292.99165
293.05107
292.42188
292.58524
292.70362
292.79371
292.86722
292.92979
292.27968
292.44747
292.57061
292.66489
292.74242
292.8093
292.14348
292.31511
292.44171
292.5392
292.6199
292.68996
292.01904
292.1938
292.3217
292.4208
292.50317
292.57476
291.90988
292.08546
292.21502
292.31425
292.39658
292.46798
291.82421
291.99976
292.12703
292.22419
292.30455
292.37387
291.76921
291.94037
292.06164
292.1544
292.2308
292.29611
291.73787
291.90641
292.02785
292.11512
292.18434
292.24218
291.78401
291.93279
292.02041
292.08938
292.14589
292.19584
291.82225
291.9499
292.0231
292.09104
292.15568
292.20965
291.82057
291.95808
292.07816
292.15407
292.20563
292.2438
291.91932
292.08154
292.17999
292.23348
292.26883
292.29415
292.07157
292.23162
292.29886
292.33505
292.35767
292.37213
292.37312
292.43422
292.4666
292.48088
292.48691
292.48716
292.6506
292.65907
292.66497
292.65575
292.64154
292.62477
292.92122
292.88263
292.87006
292.84233
292.80921
292.77493
293.19478
293.16133
293.10651
293.04328
292.98438
292.93059
293.46221
293.39489
293.32244
293.23683
293.15505
293.08082
293.71257
293.67565
293.54165
293.4185
293.30963
293.21474
293.82929
293.8228
293.7167
293.57702
293.44655
293.33165
293.98394
293.93983
293.79226
293.67149
293.54139
293.42045
293.83728
293.94782
293.8967
293.74614
293.62931
293.50271
293.68473
293.81637
293.91397
293.86212
293.69613
293.57481
293.70555
293.72929
293.80746
293.88019
293.85704
293.71386
293.68767
293.70997
293.73365
293.78763
293.82013
293.83082
293.69627
293.70154
293.71211
293.72848
293.75551
293.78671
293.69474
293.6969
293.70193
293.70862
293.7184
293.73226
293.69313
293.69462
293.69675
293.69923
293.7021
293.705
293.68891
293.69184
293.69324
293.69435
293.69529
293.6959
293.68555
293.68878
293.69022
293.69105
293.69153
293.69162
293.68262
293.68592
293.68764
293.68859
293.68906
293.6891
293.68096
293.68432
293.68614
293.68718
293.68769
293.68772
293.68027
293.68384
293.68564
293.68663
293.68712
293.68723
293.68181
293.68432
293.68588
293.68676
293.68718
293.68727
293.68349
293.68511
293.68635
293.68717
293.6876
293.68772
293.68488
293.68609
293.68696
293.68762
293.68801
293.68816
293.68408
293.68695
293.68751
293.68791
293.68819
293.68833
293.68253
293.68483
293.6861
293.68696
293.68753
293.6879
293.67946
293.68259
293.68448
293.68573
293.68661
293.68722
293.67696
293.68108
293.68338
293.68491
293.68599
293.68677
293.67591
293.68034
293.68289
293.68461
293.6859
293.68689
293.67636
293.68052
293.68316
293.68512
293.68672
293.68807
293.67739
293.68183
293.68473
293.68709
293.68928
293.69135
293.67904
293.68392
293.68746
293.69095
293.69471
293.69873
293.6818
293.68613
293.69173
293.6987
293.70773
293.71912
293.68361
293.68974
293.70049
293.71651
293.7443
293.78324
293.68602
293.69468
293.70976
293.74851
293.82446
293.87481
292.14143
292.32596
292.45999
292.56363
292.65055
292.72498
292.26845
292.43769
292.56122
292.65635
292.73556
292.80382
292.40588
292.55859
292.67065
292.75703
292.82885
292.89085
292.54679
292.68344
292.78422
292.86194
292.92656
292.98235
292.68856
292.80983
292.89938
292.9684
293.02579
293.07541
292.82823
292.93584
293.01413
293.07428
293.12417
293.16741
292.96367
293.06003
293.12665
293.17746
293.21953
293.25613
293.08799
293.17615
293.23207
293.27401
293.30903
293.33943
293.21414
293.27996
293.32482
293.35961
293.38904
293.4154
293.32173
293.37179
293.40747
293.43605
293.46099
293.48344
293.41275
293.45164
293.47958
293.50262
293.52317
293.54197
293.48945
293.51571
293.53759
293.55671
293.57384
293.5897
293.54453
293.56499
293.58215
293.59745
293.6117
293.62535
293.57591
293.59826
293.61115
293.62341
293.63575
293.64813
293.58589
293.60275
293.61674
293.63015
293.64328
293.65628
293.55932
293.5824
293.60123
293.61821
293.63405
293.64921
293.51402
293.54565
293.56995
293.59105
293.61026
293.6283
293.44856
293.49244
293.52347
293.54921
293.57253
293.59422
293.36325
293.42126
293.46112
293.49315
293.52131
293.54746
293.26293
293.33516
293.38488
293.42413
293.45836
293.48976
293.14043
293.23521
293.29656
293.344
293.38492
293.42148
293.01062
293.12029
293.19366
293.25053
293.29923
293.34277
292.86823
292.98899
293.07701
293.14571
293.20414
293.25581
292.71625
292.85951
292.9623
293.04185
293.10892
293.16694
293.68711
293.69814
293.75613
293.85721
293.93437
293.94387
293.68431
293.788
293.90856
293.97816
293.93664
293.82604
293.85209
293.96615
294.0139
293.92987
293.82688
293.73233
294.01349
294.04189
293.93185
293.84103
293.75352
293.65584
293.99175
293.9388
293.87112
293.77712
293.672
293.57264
293.85464
293.86706
293.76153
293.65264
293.55499
293.47006
293.68912
293.63827
293.57651
293.5015
293.42756
293.36117
293.46617
293.44919
293.40487
293.34636
293.29104
293.24219
293.23495
293.20478
293.1993
293.17627
293.14626
293.11618
292.98992
292.99781
293.01511
293.01182
293.00234
292.99095
292.75009
292.7784
292.82757
292.85199
292.86392
292.86997
292.50881
292.59693
292.6641
292.70709
292.73621
292.75735
292.23635
292.43008
292.52197
292.57879
292.62217
292.65639
292.04667
292.28274
292.40412
292.4759
292.52968
292.57324
291.90132
292.14859
292.30415
292.39387
292.45797
292.51045
291.86046
292.04109
292.19427
292.30738
292.39232
292.46019
291.83495
292.016
292.12356
292.23076
292.32925
292.41035
291.76946
291.99599
292.1393
292.23687
292.31628
292.38847
291.74702
291.96367
292.11832
292.23126
292.32062
292.39614
291.74624
291.97481
292.12837
292.24378
292.33667
292.41485
291.77924
292.00085
292.15687
292.27428
292.36866
292.44777
291.84475
292.05506
292.20748
292.32321
292.41655
292.49476
291.92329
292.12967
292.27675
292.38862
292.47917
292.55536
292.02619
292.22289
292.36351
292.47072
292.55811
292.63253
293.22717
293.30999
293.38999
293.46146
293.52366
293.57571
293.61715
293.64678
293.66424
293.66881
293.65986
293.63824
293.60499
293.56072
293.50649
293.44332
293.37267
293.29577
293.21332
293.12742
293.04002
292.95348
292.86986
292.7934
293.29296
293.37413
293.44594
293.50882
293.56306
293.60771
293.64234
293.66633
293.67946
293.68114
293.67136
293.6509
293.62035
293.58021
293.53129
293.47448
293.41073
293.3408
293.26563
293.18683
293.10583
293.02454
292.94407
292.86401
293.36223
293.43607
293.49892
293.55358
293.60006
293.63776
293.66613
293.68505
293.69434
293.69363
293.68328
293.66385
293.63571
293.59927
293.55515
293.50401
293.44653
293.38332
293.31512
293.24321
293.16863
293.09292
293.01708
292.93884
293.43067
293.49493
293.54906
293.59578
293.63486
293.66584
293.6885
293.70284
293.70868
293.706
293.69523
293.67674
293.65077
293.61768
293.57792
293.53197
293.48031
293.42337
293.36206
293.29681
293.22869
293.1588
293.08796
293.01384
293.49574
293.5501
293.59596
293.63506
293.66706
293.69178
293.70922
293.71939
293.72222
293.71791
293.70683
293.6892
293.6652
293.63513
293.59932
293.55814
293.51192
293.46102
293.4059
293.34717
293.28552
293.22172
293.15624
293.08715
293.55595
293.60106
293.63904
293.67077
293.69614
293.71514
293.72786
293.7343
293.73457
293.72893
293.71763
293.7008
293.67859
293.65126
293.61903
293.58216
293.5409
293.49554
293.44639
293.39385
293.33845
293.28083
293.22115
293.15772
293.61036
293.64691
293.6774
293.70226
293.72156
293.73542
293.74389
293.7471
293.74525
293.73854
293.72711
293.71105
293.6905
293.66564
293.63665
293.6037
293.56699
293.52673
293.48313
293.43647
293.38706
293.33541
293.28171
293.2245
293.65797
293.68675
293.71021
293.72876
293.74263
293.75189
293.7567
293.75723
293.75365
293.74611
293.73464
293.71934
293.70033
293.67774
293.65169
293.6223
293.58974
293.55413
293.51566
293.47449
293.43084
293.38497
293.33708
293.28623
293.69795
293.71921
293.73624
293.7493
293.7585
293.76382
293.76551
293.7639
293.759
293.75084
293.73946
293.72493
293.70737
293.68686
293.66349
293.63736
293.60856
293.57721
293.54343
293.50734
293.46909
293.42884
293.38664
293.34185
293.72891
293.74364
293.75502
293.76322
293.7682
293.77001
293.76936
293.76623
293.76033
293.75172
293.74052
293.7268
293.71063
293.69207
293.67118
293.64803
293.62268
293.59523
293.56576
293.53435
293.50111
293.46617
293.42953
293.39062
293.74914
293.7581
293.76451
293.76846
293.77021
293.77007
293.76772
293.76294
293.75603
293.7471
293.7362
293.72335
293.70857
293.69189
293.67336
293.65301
293.6309
293.60708
293.5816
293.55454
293.52597
293.49599
293.4646
293.43144
293.75596
293.76012
293.76285
293.76399
293.763
293.76036
293.75606
293.75016
293.74277
293.73389
293.72355
293.71174
293.69846
293.68373
293.66756
293.64997
293.631
293.61067
293.58904
293.56614
293.54203
293.51674
293.4902
293.46234
293.74771
293.74764
293.74632
293.74402
293.74062
293.73617
293.73073
293.72431
293.71695
293.70862
293.6993
293.68894
293.67752
293.66501
293.65139
293.63668
293.62089
293.60403
293.58612
293.5672
293.54733
293.52654
293.50476
293.48189
293.71813
293.71452
293.71046
293.70597
293.70107
293.69581
293.6902
293.68424
293.67787
293.67102
293.66359
293.65553
293.64677
293.63726
293.62696
293.61579
293.6037
293.59061
293.5765
293.56133
293.54513
293.52798
293.50987
293.4905
293.66514
293.66116
293.65703
293.65287
293.6487
293.64446
293.64009
293.63552
293.6307
293.6256
293.62022
293.61455
293.60856
293.60221
293.59547
293.58829
293.58061
293.57233
293.56334
293.55351
293.54267
293.53068
293.51742
293.5027
293.62078
293.61706
293.61349
293.60992
293.60624
293.6024
293.59836
293.59411
293.58964
293.58496
293.58004
293.5749
293.56951
293.5639
293.55806
293.55204
293.54587
293.5396
293.53328
293.52693
293.52054
293.51403
293.50728
293.50019
293.58645
293.58243
293.57839
293.57429
293.57018
293.56608
293.56202
293.55799
293.55398
293.54998
293.54597
293.54193
293.53785
293.53368
293.52937
293.52488
293.52014
293.51509
293.50971
293.50399
293.49796
293.49167
293.48518
293.47843
293.55047
293.54613
293.54191
293.5378
293.53376
293.52977
293.52579
293.52179
293.51776
293.51369
293.50959
293.50549
293.50141
293.49737
293.49339
293.48951
293.48574
293.48213
293.47868
293.47538
293.47215
293.46892
293.4656
293.46213
293.51503
293.51101
293.50712
293.50329
293.49952
293.49578
293.4921
293.48849
293.48494
293.48145
293.478
293.47458
293.47116
293.46772
293.46425
293.46074
293.45718
293.45359
293.44997
293.44637
293.44282
293.43937
293.436
293.43265
293.47856
293.47473
293.47103
293.46743
293.46395
293.46056
293.45727
293.45405
293.45089
293.44778
293.44472
293.44171
293.43877
293.43591
293.43314
293.43047
293.42791
293.42545
293.42308
293.42079
293.41857
293.41641
293.41434
293.41235
293.44368
293.44049
293.43745
293.43451
293.43164
293.42884
293.42608
293.42337
293.4207
293.41806
293.41545
293.41287
293.41032
293.40778
293.40525
293.40274
293.40023
293.39775
293.39533
293.39298
293.39073
293.38856
293.38647
293.38445
293.40911
293.40634
293.40368
293.40113
293.39866
293.39628
293.39398
293.39174
293.38956
293.38744
293.38537
293.38336
293.3814
293.37951
293.37768
293.37592
293.37425
293.37265
293.37112
293.36966
293.36827
293.36696
293.36575
293.36465
293.37714
293.37503
293.37302
293.37111
293.36925
293.36745
293.36568
293.36393
293.3622
293.36048
293.35876
293.35706
293.35536
293.35367
293.35198
293.3503
293.34864
293.347
293.34539
293.34384
293.34235
293.34092
293.33956
293.33829
293.34683
293.34514
293.34353
293.34199
293.34052
293.3391
293.33772
293.33639
293.3351
293.33384
293.33262
293.33144
293.33028
293.32917
293.32809
293.32706
293.32607
293.32513
293.32424
293.32339
293.3226
293.32187
293.32122
293.32066
293.31908
293.31788
293.31676
293.3157
293.31469
293.31371
293.31275
293.31179
293.31083
293.30987
293.30889
293.30791
293.30691
293.3059
293.30488
293.30385
293.30282
293.30179
293.30077
293.29978
293.2988
293.29785
293.29695
293.29611
293.29444
293.2936
293.29281
293.29206
293.29135
293.29068
293.29003
293.2894
293.2888
293.28822
293.28766
293.28712
293.2866
293.2861
293.28561
293.28513
293.28467
293.28422
293.28379
293.28337
293.28296
293.28258
293.28222
293.28191
293.27239
293.27183
293.27132
293.27085
293.27041
293.26998
293.26956
293.26915
293.26873
293.26832
293.2679
293.26747
293.26705
293.26662
293.26619
293.26576
293.26531
293.26484
293.26435
293.26386
293.26337
293.26287
293.26237
293.26191
293.25252
293.25222
293.25195
293.2517
293.25145
293.2512
293.25095
293.25069
293.25042
293.25014
293.24985
293.24956
293.24925
293.24895
293.24866
293.24838
293.24813
293.2479
293.24772
293.24756
293.24744
293.24734
293.24726
293.2472
293.24049
293.24038
293.24029
293.24021
293.24014
293.24007
293.23997
293.23986
293.23973
293.23957
293.23938
293.23917
293.23893
293.23866
293.23836
293.23804
293.23769
293.23732
293.23694
293.23654
293.23614
293.23576
293.2354
293.23506
293.22986
293.22994
293.23002
293.2301
293.23016
293.23021
293.23023
293.23023
293.23021
293.23017
293.23011
293.23004
293.22996
293.22986
293.22975
293.22962
293.22948
293.22933
293.22916
293.22898
293.2288
293.22861
293.22842
293.22825
293.22317
293.22327
293.22335
293.22341
293.22344
293.22344
293.22343
293.22338
293.22332
293.22323
293.22313
293.223
293.22285
293.22269
293.22251
293.22232
293.22211
293.2219
293.22168
293.22145
293.22122
293.22097
293.22073
293.22048
293.30387
293.29108
293.27648
293.26024
293.24289
293.22536
293.20989
293.20046
293.19737
293.35003
293.33922
293.32681
293.31345
293.29985
293.28685
293.27575
293.26899
293.26766
293.3973
293.38831
293.37817
293.36768
293.35767
293.34883
293.34182
293.33783
293.33769
293.44475
293.43763
293.42977
293.42204
293.4153
293.41012
293.40676
293.40557
293.40676
293.49152
293.48629
293.48067
293.47557
293.47179
293.46977
293.46946
293.47065
293.47311
293.53653
293.53324
293.52983
293.52719
293.52604
293.52666
293.52877
293.53179
293.53518
293.57828
293.57711
293.57595
293.57561
293.57673
293.57942
293.58323
293.58745
293.59163
293.61507
293.61632
293.6175
293.61934
293.62234
293.62644
293.63116
293.63613
293.64122
293.64459
293.6492
293.65301
293.657
293.66174
293.66735
293.67359
293.67956
293.68453
293.66113
293.67232
293.68038
293.68763
293.69485
293.70201
293.70854
293.71409
293.71864
293.6537
293.67859
293.69435
293.7051
293.71434
293.72288
293.7305
293.73685
293.74172
293.62887
293.65312
293.68384
293.7057
293.71982
293.73021
293.73866
293.74555
293.75087
293.62812
293.63058
293.64654
293.67589
293.70205
293.71973
293.73125
293.73904
293.74458
293.62391
293.62969
293.6283
293.63549
293.65505
293.67786
293.69578
293.70798
293.7161
293.61126
293.61427
293.62031
293.6235
293.62532
293.63232
293.64351
293.65437
293.66284
293.59323
293.59667
293.59882
293.6028
293.60787
293.61152
293.61437
293.61754
293.62084
293.56939
293.57184
293.57469
293.57676
293.57862
293.58116
293.58388
293.58608
293.58772
293.5402
293.5426
293.54448
293.5466
293.54866
293.55015
293.55118
293.55194
293.55248
293.50908
293.51081
293.51231
293.51344
293.51445
293.51545
293.51627
293.51679
293.51706
293.47447
293.47626
293.4777
293.47894
293.47988
293.48046
293.48073
293.48078
293.48067
293.44148
293.44271
293.44365
293.44437
293.44494
293.44536
293.44558
293.4456
293.44549
293.40661
293.40809
293.40926
293.41014
293.41072
293.41102
293.41108
293.41097
293.41075
293.3762
293.37695
293.37751
293.37795
293.3783
293.37853
293.37862
293.37857
293.37844
293.34408
293.34541
293.34647
293.34725
293.34776
293.34803
293.34811
293.34805
293.34791
293.31864
293.31907
293.31938
293.31961
293.3198
293.31993
293.31998
293.31995
293.31987
293.29164
293.29265
293.29349
293.29414
293.2946
293.29488
293.29502
293.29506
293.29502
293.27154
293.27194
293.27224
293.27247
293.27265
293.27278
293.27284
293.27285
293.27283
293.25138
293.25177
293.25209
293.25235
293.25254
293.25267
293.25275
293.25278
293.25278
293.23947
293.23977
293.24002
293.24022
293.24038
293.2405
293.24058
293.24062
293.24063
293.22865
293.22887
293.22907
293.22925
293.22943
293.22958
293.22971
293.22981
293.22987
293.22201
293.22215
293.22231
293.22248
293.22265
293.22282
293.22295
293.22305
293.22313
293.30892
293.35385
293.4003
293.44675
293.49247
293.53631
293.57661
293.61137
293.63652
293.64205
293.62578
293.62107
293.62554
293.6181
293.60885
293.58883
293.56718
293.53718
293.50717
293.47231
293.43993
293.40479
293.37517
293.3424
293.31796
293.29034
293.27094
293.2508
293.23901
293.22834
293.22183
293.30832
293.35237
293.39839
293.44428
293.48951
293.53262
293.5718
293.60374
293.61946
293.60982
293.60878
293.61646
293.61966
293.61301
293.60336
293.58416
293.5631
293.53336
293.50405
293.46933
293.43745
293.40227
293.37345
293.3401
293.31676
293.28857
293.26997
293.24991
293.23828
293.22786
293.22162
293.30832
293.35091
293.39627
293.44105
293.4855
293.52722
293.56356
293.58513
293.57984
293.58555
293.59862
293.60455
293.60888
293.60245
293.59293
293.57504
293.5541
293.5257
293.4966
293.46308
293.43149
293.39718
293.36911
293.33596
293.31366
293.28551
293.26777
293.24809
293.23678
293.22692
293.22129
293.30911
293.3483
293.39264
293.43426
293.47651
293.51298
293.53252
293.52621
293.54367
293.56031
293.57271
293.57986
293.58431
293.57891
293.56918
293.55448
293.53336
293.50747
293.47836
293.44735
293.41592
293.38407
293.35652
293.32618
293.30436
293.27849
293.26143
293.24325
293.23268
293.22456
293.22034
293.31012
293.3391
293.38299
293.40901
293.42942
293.42971
293.44232
293.46392
293.49046
293.50735
293.52137
293.5294
293.53453
293.53285
293.52246
293.51004
293.48919
293.46627
293.43743
293.40903
293.37775
293.34822
293.31925
293.29631
293.27491
293.25631
293.2402
293.22722
293.21782
293.21525
293.21541
293.24998
293.24173
293.27524
293.27292
293.31942
293.32588
293.37922
293.39679
293.42231
293.43947
293.45306
293.46197
293.46767
293.4707
293.45956
293.44758
293.42913
293.40728
293.38124
293.35385
293.32544
293.29812
293.272
293.24917
293.2273
293.21047
293.19631
293.18666
293.17879
293.17912
293.17853
)
;

boundaryField
{
    Side1
    {
        type            empty;
    }
    Inlet
    {
        type            totalTemperature;
        gamma           1.4;
        T0              uniform 294.31799;
        value           nonuniform List<scalar> 
70
(
293.21743
293.21728
293.21711
293.21691
293.21667
293.21639
293.21605
293.21566
293.21519
293.21465
293.214
293.21325
293.21233
293.21118
293.20992
293.20847
293.20677
293.20476
293.20239
293.19959
293.19637
293.19276
293.18888
293.18429
293.17894
293.1731
293.16679
293.16045
293.15452
293.14959
293.14651
293.22012
293.22022
293.2203
293.22035
293.22037
293.22037
293.22034
293.22029
293.22023
293.22015
293.22003
293.21989
293.21974
293.21958
293.21942
293.21924
293.21905
293.21886
293.21866
293.21845
293.21824
293.21803
293.21781
293.21759
293.21888
293.21903
293.21919
293.21936
293.21954
293.21971
293.21985
293.21997
293.22005
293.21871
293.21848
293.21814
293.21743
293.21522
293.16836
)
;
    }
    Freestream
    {
        type            slip;
    }
    Side2
    {
        type            empty;
    }
    Outlet
    {
        type            zeroGradient;
    }
    Botwall
    {
        type            zeroGradient;
    }
    Cyli
    {
        type            zeroGradient;
    }
}


// ************************************************************************* //
