/*--------------------------------*- C++ -*----------------------------------*\
| =========                 |                                                 |
| \\      /  F ield         | OpenFOAM: The Open Source CFD Toolbox           |
|  \\    /   O peration     | Version:  2406                                  |
|   \\  /    A nd           | Website:  www.openfoam.com                      |
|    \\/     M anipulation  |                                                 |
\*---------------------------------------------------------------------------*/
FoamFile
{
    version     2.0;
    format      ascii;
    arch        "LSB;label=32;scalar=64";
    class       volScalarField;
    location    "0.059";
    object      rho;
}
// * * * * * * * * * * * * * * * * * * * * * * * * * * * * * * * * * * * * * //

dimensions      [1 -3 0 0 0 0 0];

internalField   nonuniform List<scalar> 
8260
(
1.2000022
1.1990683
1.1985236
1.1978432
1.1972037
1.1967209
1.1964292
1.1963305
1.1964164
1.1966703
1.1971006
1.1976848
1.1983901
1.1991775
1.1999872
1.2008157
1.2011956
1.2012633
1.2013606
1.2015135
1.2016676
1.2018011
1.2019189
1.2020251
1.2021151
1.2021903
1.2022544
1.2023063
1.2023505
1.2023783
1.2023987
1.2015831
1.2007879
1.2000022
1.1991443
1.1983833
1.1977895
1.1973823
1.1971732
1.1971455
1.1972931
1.1976235
1.1981203
1.1987456
1.1994716
1.2001902
1.2009397
1.2012463
1.2013134
1.2014104
1.2015557
1.2017019
1.2018287
1.201941
1.2020427
1.2021293
1.2022018
1.2022639
1.2023143
1.2023573
1.2023843
1.2024042
1.2025412
1.201835
1.2009941
1.2000833
1.1992748
1.1986225
1.1981435
1.1978593
1.1977579
1.1978126
1.1980665
1.1984945
1.1990605
1.1997475
1.2004036
1.201093
1.2013153
1.2013805
1.2014723
1.2016063
1.2017424
1.2018612
1.2019668
1.2020634
1.2021458
1.2022151
1.2022748
1.2023234
1.2023651
1.2023912
1.2024104
1.2032699
1.2026262
1.2018108
1.2009037
1.2000776
1.1993885
1.1988554
1.1985006
1.1983262
1.1983169
1.1985037
1.1988685
1.1993818
1.2000327
1.2006358
1.2012571
1.2014011
1.2014582
1.2015433
1.2016636
1.2017884
1.201898
1.2019961
1.2020868
1.2021646
1.2022303
1.2022872
1.2023338
1.202374
1.202399
1.2024175
1.2038607
1.2032783
1.2025207
1.2016535
1.2008403
1.2001403
1.1995749
1.199167
1.1989297
1.1988635
1.1989861
1.1992881
1.1997479
1.2003543
1.2008995
1.2014267
1.2015055
1.2015477
1.2016247
1.201729
1.2018407
1.20194
1.2020295
1.2021136
1.2021859
1.2022475
1.2023013
1.2023456
1.2023841
1.2024078
1.2024256
1.2043043
1.2037767
1.2030957
1.2023012
1.2015348
1.2008546
1.2002845
1.1998487
1.1995674
1.199452
1.1995166
1.1997587
1.2001659
1.2007187
1.2011969
1.2016002
1.2016293
1.2016514
1.2017175
1.2018033
1.2019002
1.2019879
1.2020676
1.202144
1.2022102
1.2022672
1.2023174
1.2023591
1.2023955
1.2024179
1.2024348
1.204603
1.2041285
1.203528
1.2028312
1.2021419
1.2015111
1.2009643
1.200527
1.2002236
1.2000725
1.2000895
1.2002784
1.2006374
1.2011268
1.2015233
1.20178
1.2017705
1.2017721
1.2018231
1.2018878
1.2019678
1.2020424
1.202111
1.2021787
1.202238
1.2022896
1.2023357
1.2023744
1.2024086
1.2024294
1.2024452
1.2047792
1.2043626
1.2038553
1.2032652
1.2026685
1.2021082
1.2016084
1.2011939
1.2008905
1.2007207
1.2007031
1.2008484
1.201166
1.2015751
1.2018688
1.201976
1.2019262
1.2019121
1.2019423
1.2019835
1.2020444
1.2021041
1.2021602
1.2022181
1.2022695
1.2023151
1.2023565
1.2023919
1.2024234
1.2024425
1.202457
1.2048917
1.2045191
1.2041012
1.2036222
1.2031293
1.2026553
1.2022214
1.2018502
1.201567
1.2013955
1.2013572
1.2014702
1.2017512
1.2020527
1.202223
1.2021933
1.2020996
1.2020721
1.2020758
1.2020918
1.2021311
1.2021738
1.202216
1.2022628
1.2023054
1.2023441
1.2023801
1.2024117
1.2024402
1.2024575
1.2024704
1.2049678
1.2046672
1.2043176
1.2039401
1.2035563
1.2031777
1.2028209
1.2025068
1.2022586
1.2020999
1.2020536
1.2021434
1.2023792
1.202559
1.2025751
1.2024212
1.2022981
1.2022519
1.2022242
1.2022137
1.2022287
1.2022523
1.2022791
1.2023133
1.2023459
1.2023771
1.2024071
1.2024344
1.2024594
1.2024745
1.2024856
1.2050178
1.2048697
1.2046329
1.2043478
1.2040391
1.2037333
1.2034445
1.2031874
1.2029801
1.2028439
1.2028024
1.2028744
1.2030398
1.2030708
1.2028941
1.2026602
1.2025275
1.2024493
1.2023878
1.2023497
1.2023377
1.2023406
1.2023505
1.2023701
1.2023917
1.2024146
1.2024378
1.2024602
1.2024812
1.202494
1.202503
1.2052047
1.2051278
1.204992
1.2047859
1.2045569
1.2043297
1.2041136
1.203918
1.2037572
1.2036517
1.2036239
1.2036631
1.2036765
1.2035012
1.203177
1.2029306
1.2027783
1.2026591
1.2025664
1.2024983
1.2024591
1.2024402
1.2024309
1.2024341
1.2024434
1.2024571
1.2024731
1.2024897
1.2025062
1.2025162
1.202523
1.2056226
1.2056947
1.2056435
1.205471
1.2052761
1.2050926
1.2049249
1.2047734
1.2046424
1.2045409
1.2044662
1.2043696
1.2041459
1.2037911
1.2034685
1.2032263
1.2030325
1.2028805
1.2027569
1.2026596
1.2025922
1.2025504
1.2025212
1.2025064
1.202502
1.2025054
1.2025133
1.2025233
1.2025344
1.2025414
1.202546
1.2064687
1.2063666
1.2062242
1.2060485
1.2058831
1.2057573
1.2056582
1.2055521
1.2054191
1.2052517
1.2050337
1.204746
1.2044013
1.2040677
1.2037747
1.203512
1.2032895
1.2031052
1.2029546
1.2028297
1.2027357
1.2026707
1.2026214
1.2025882
1.2025682
1.2025598
1.2025588
1.2025614
1.2025664
1.2025698
1.2025724
1.2067664
1.2068278
1.2068622
1.2068686
1.206787
1.2065943
1.2063669
1.2061337
1.2058739
1.2055827
1.2052714
1.2049466
1.2046372
1.2043422
1.2040547
1.2037826
1.2035376
1.2033299
1.203154
1.2030051
1.2028867
1.2027993
1.2027309
1.2026784
1.2026425
1.2026207
1.2026095
1.2026041
1.2026023
1.2026016
1.2026027
1.2067649
1.206692
1.2065784
1.2064363
1.2063304
1.206277
1.2062346
1.2061886
1.2060582
1.2058095
1.2055008
1.2051802
1.2048755
1.2045783
1.2042942
1.2040238
1.2037732
1.2035487
1.2033515
1.2031805
1.203042
1.2029335
1.2028458
1.202776
1.2027238
1.2026879
1.2026653
1.2026513
1.2026423
1.202637
1.2026371
1.2067583
1.2067018
1.2066273
1.2065375
1.2064408
1.2063295
1.206175
1.2059696
1.205795
1.2057052
1.2055867
1.205368
1.2050786
1.2047814
1.2044974
1.2042305
1.2039812
1.2037534
1.2035441
1.2033537
1.2031975
1.2030701
1.2029643
1.2028778
1.2028104
1.2027608
1.2027265
1.2027031
1.2026867
1.2026765
1.2026758
1.2064755
1.2064264
1.2063663
1.2062991
1.206224
1.206139
1.2060445
1.2059396
1.2058163
1.2056545
1.2054907
1.2053842
1.2052291
1.2049705
1.2046817
1.2044075
1.2041556
1.2039298
1.203724
1.2035235
1.2033519
1.2032074
1.2030849
1.2029828
1.2029014
1.2028398
1.2027933
1.2027598
1.2027359
1.2027203
1.2027188
1.2062909
1.2062539
1.2062077
1.2061547
1.2060933
1.2060212
1.2059361
1.2058376
1.2057282
1.2056136
1.2054806
1.205296
1.2051343
1.2050362
1.2048393
1.2045775
1.2043162
1.2040797
1.2038791
1.203686
1.2035044
1.2033459
1.2032083
1.203092
1.202998
1.2029243
1.2028667
1.2028221
1.20279
1.2027691
1.202766
1.2060104
1.2059786
1.2059396
1.2058959
1.2058468
1.2057914
1.2057291
1.205659
1.2055784
1.2054834
1.2053764
1.2052718
1.2051369
1.2049748
1.2048711
1.2047114
1.2044845
1.2042355
1.2040126
1.2038271
1.2036478
1.203484
1.2033372
1.2032077
1.2031007
1.2030146
1.2029459
1.2028903
1.2028495
1.202823
1.2028173
1.2058051
1.2057819
1.2057531
1.2057204
1.2056828
1.2056392
1.2055883
1.2055286
1.2054595
1.2053808
1.20529
1.2051788
1.2050597
1.204933
1.204772
1.2046889
1.2045925
1.2043862
1.2041531
1.2039473
1.2037721
1.2036118
1.2034644
1.2033266
1.2032085
1.2031092
1.2030292
1.2029641
1.2029144
1.2028821
1.2028726
1.2055415
1.2055219
1.2054979
1.2054711
1.205441
1.2054069
1.2053683
1.2053246
1.205275
1.2052181
1.2051533
1.2050824
1.2049986
1.2049023
1.2048072
1.2046393
1.2045068
1.2044449
1.204279
1.2040736
1.2038807
1.2037184
1.2035758
1.2034392
1.2033156
1.2032055
1.2031152
1.2030418
1.2029845
1.2029464
1.2029321
1.2053437
1.2053299
1.2053129
1.2052937
1.2052719
1.2052465
1.2052169
1.2051821
1.2051414
1.2050937
1.2050379
1.2049717
1.2048968
1.2048113
1.2047175
1.2046424
1.2045086
1.2043813
1.2043255
1.2041802
1.2039944
1.2038115
1.2036642
1.2035363
1.2034164
1.203302
1.2032031
1.2031229
1.2030592
1.2030156
1.2029959
1.2051067
1.205095
1.2050808
1.2050651
1.2050474
1.2050274
1.2050047
1.204979
1.20495
1.2049172
1.20488
1.204838
1.2047893
1.2047337
1.2046678
1.2045879
1.2045158
1.2043984
1.2042666
1.2042005
1.2040841
1.2039134
1.2037474
1.2036238
1.2035116
1.2033967
1.2032933
1.2032061
1.2031374
1.203089
1.2030643
1.204937
1.2049295
1.2049202
1.2049098
1.2048979
1.2048841
1.2048679
1.2048485
1.2048255
1.2047979
1.2047649
1.2047257
1.2046802
1.2046281
1.2045703
1.2045046
1.2044279
1.2043606
1.204265
1.2041592
1.2041051
1.2039959
1.2038451
1.2037159
1.2036008
1.2034864
1.2033823
1.2032909
1.2032182
1.2031661
1.2031372
1.2047324
1.2047253
1.2047169
1.2047074
1.2046967
1.2046845
1.2046705
1.2046547
1.2046369
1.204617
1.2045951
1.204571
1.2045445
1.2045145
1.2044779
1.2044336
1.2043821
1.2043168
1.2042601
1.2041793
1.2040576
1.2039925
1.2039111
1.2037961
1.2036736
1.2035657
1.2034643
1.2033749
1.2032999
1.2032456
1.2032139
1.204603
1.2045984
1.2045929
1.2045868
1.20458
1.2045723
1.2045636
1.2045537
1.2045423
1.2045291
1.2045137
1.2044953
1.2044728
1.2044448
1.2044115
1.2043731
1.2043283
1.2042756
1.204207
1.2041503
1.2040934
1.2039916
1.2039017
1.2038271
1.2037306
1.2036338
1.2035396
1.203455
1.2033815
1.203326
1.2032928
1.2044529
1.2044495
1.2044457
1.2044414
1.2044366
1.2044311
1.2044248
1.2044174
1.2044087
1.2043986
1.2043868
1.2043729
1.204357
1.2043385
1.2043169
1.2042906
1.2042589
1.2042242
1.2041825
1.2041314
1.2040874
1.2040432
1.2039704
1.2038643
1.2037794
1.2036964
1.2036121
1.2035318
1.2034614
1.2034058
1.2033718
1.2043671
1.2043649
1.2043622
1.2043593
1.2043558
1.2043517
1.2043468
1.204341
1.2043341
1.2043257
1.2043157
1.2043038
1.2042895
1.2042729
1.2042532
1.2042305
1.2042049
1.2041748
1.2041448
1.2041103
1.2040581
1.2040189
1.2039832
1.2039094
1.203829
1.203752
1.2036764
1.2036017
1.2035353
1.2034812
1.2034474
1.2042753
1.2042728
1.2042698
1.2042665
1.2042628
1.2042586
1.2042538
1.2042484
1.2042422
1.2042353
1.2042274
1.2042185
1.204208
1.2041958
1.2041824
1.2041671
1.2041498
1.2041295
1.204103
1.2040693
1.2040336
1.2039834
1.2039356
1.203906
1.2038557
1.2037927
1.2037266
1.2036615
1.2036009
1.2035502
1.2035188
1.2041563
1.2041555
1.2041546
1.2041535
1.2041523
1.2041509
1.2041493
1.2041473
1.204145
1.2041422
1.2041388
1.2041346
1.2041297
1.2041236
1.2041161
1.2041071
1.2040955
1.2040808
1.2040631
1.2040424
1.2040178
1.2039895
1.2039545
1.2039094
1.2038598
1.2038076
1.2037512
1.203693
1.2036371
1.2035901
1.2035614
1.1885601
1.1889083
1.1893177
1.1896792
1.1899627
1.1902316
1.1905762
1.1910218
1.1915433
1.1921858
1.1929384
1.1937855
1.1947146
1.1957014
1.1967233
1.1978315
1.1988123
1.199801
1.2002705
1.2005461
1.2007902
1.2010472
1.2012908
1.2015022
1.2016828
1.2018307
1.2019504
1.2020447
1.2021193
1.2021681
1.2022016
1.1894234
1.1897084
1.189854
1.1899915
1.1901545
1.1903901
1.190747
1.1912272
1.1918093
1.1924934
1.1932682
1.194123
1.1950466
1.1960118
1.1970058
1.1980654
1.1990242
1.1999076
1.2002819
1.2005714
1.2008195
1.2010779
1.2013172
1.2015242
1.2017008
1.2018454
1.2019627
1.2020551
1.2021284
1.2021763
1.2022097
1.1892642
1.1893675
1.1894445
1.1896117
1.1898731
1.1902247
1.1906828
1.1912553
1.1919045
1.1926403
1.1934535
1.1943332
1.1952687
1.196231
1.1972217
1.1982459
1.1992115
1.2000025
1.2003202
1.2006074
1.2008559
1.2011122
1.2013457
1.2015477
1.2017199
1.2018609
1.2019755
1.2020659
1.2021378
1.2021848
1.2022177
1.1888455
1.1889683
1.1891126
1.189354
1.1896866
1.1901107
1.1906388
1.1912687
1.1919724
1.1927535
1.1936007
1.194503
1.1954505
1.1964145
1.1974154
1.1984087
1.1993734
1.2000917
1.2003706
1.2006439
1.2008927
1.201146
1.2013738
1.2015709
1.2017388
1.2018763
1.2019883
1.2020767
1.2021472
1.2021934
1.2022256
1.1882351
1.1884292
1.1886611
1.189001
1.1894374
1.1899635
1.1905809
1.1912803
1.1920443
1.1928712
1.1937503
1.1946729
1.1956302
1.1965955
1.1976086
1.1985804
1.1995182
1.2001703
1.2004191
1.2006809
1.2009307
1.2011801
1.2014021
1.2015943
1.2017579
1.2018919
1.2020012
1.2020877
1.2021568
1.202202
1.2022335
1.1874964
1.1877907
1.18815
1.1886235
1.1891854
1.1898223
1.1905309
1.1913025
1.1921255
1.1929957
1.1939043
1.194845
1.1958099
1.1967753
1.1977987
1.1987568
1.199642
1.2002346
1.2004646
1.2007187
1.2009695
1.2012141
1.2014302
1.2016176
1.201777
1.2019075
1.2020142
1.2020987
1.2021664
1.2022107
1.2022416
1.1866043
1.1870737
1.1876117
1.188244
1.1889414
1.1896915
1.1904913
1.1913347
1.1922136
1.1931238
1.1940591
1.1950157
1.1959859
1.1969501
1.197977
1.1989217
1.1997636
1.2002917
1.2005081
1.2007578
1.2010088
1.201248
1.2014583
1.201641
1.2017961
1.2019232
1.2020273
1.2021098
1.2021761
1.2022194
1.2022497
1.1857222
1.1863896
1.1871096
1.1878966
1.188725
1.189583
1.1904697
1.1913806
1.1923102
1.1932559
1.1942144
1.1951843
1.1961572
1.1971213
1.1981427
1.1990737
1.1998918
1.2003457
1.2005508
1.2007982
1.2010484
1.2012817
1.2014864
1.2016643
1.2018151
1.2019389
1.2020404
1.202121
1.2021859
1.2022282
1.2022579
1.184927
1.1857825
1.1866659
1.1875982
1.1885498
1.1895066
1.1904721
1.1914432
1.192417
1.1933929
1.1943704
1.1953506
1.196325
1.1973005
1.1983068
1.1992131
1.20001
1.2004001
1.2005939
1.2008399
1.2010882
1.2013152
1.2015143
1.2016876
1.2018342
1.2019546
1.2020536
1.2021322
1.2021957
1.2022371
1.2022662
1.1842628
1.1852913
1.1863076
1.1873729
1.1884335
1.1894716
1.190504
1.1915254
1.1925352
1.1935353
1.1945273
1.1955148
1.1964918
1.1974815
1.1984645
1.1993473
1.2001134
1.2004555
1.2006381
1.2008827
1.2011279
1.2013486
1.2015421
1.2017107
1.2018532
1.2019704
1.2020668
1.2021435
1.2022056
1.202246
1.2022745
1.1837546
1.1849181
1.1860778
1.1872472
1.1883878
1.1894851
1.1905707
1.1916295
1.1926657
1.193683
1.1946851
1.195679
1.196665
1.1976596
1.1986057
1.199476
1.2002051
1.2005113
1.2006834
1.2009263
1.2011674
1.2013817
1.2015698
1.2017337
1.2018721
1.2019861
1.20208
1.2021548
1.2022155
1.2022549
1.2022828
1.1834863
1.1847485
1.185993
1.1872165
1.1884041
1.1895574
1.1906791
1.1917591
1.1928103
1.193838
1.194847
1.195848
1.1968428
1.1978065
1.1987302
1.1996025
1.2002894
1.2005663
1.2007298
1.2009704
1.2012067
1.2014146
1.2015973
1.2017566
1.201891
1.2020017
1.2020932
1.2021661
1.2022254
1.2022638
1.2022911
1.1835001
1.1847979
1.1860653
1.1873056
1.1885132
1.1896848
1.1908242
1.1919224
1.1929773
1.1940088
1.1950215
1.1960253
1.1969874
1.1979221
1.1988595
1.1997164
1.2003692
1.2006203
1.2007772
1.2010149
1.2012456
1.2014471
1.2016245
1.2017793
1.2019097
1.2020173
1.2021064
1.2021774
1.2022354
1.2022728
1.2022995
1.1837809
1.185066
1.1863036
1.1875201
1.1887147
1.1898798
1.1910206
1.1921257
1.193182
1.194206
1.1952048
1.196166
1.1971062
1.1980466
1.1989789
1.1998172
1.2004481
1.200674
1.2008257
1.2010594
1.2012841
1.2014794
1.2016515
1.2018018
1.2019283
1.2020328
1.2021195
1.2021887
1.2022454
1.2022818
1.2023079
1.1841623
1.1854629
1.1866762
1.1878556
1.1890166
1.1901574
1.1912808
1.1923577
1.1933923
1.194379
1.1953248
1.1962758
1.1972428
1.1981695
1.1990886
1.1999217
1.2005267
1.2007282
1.2008751
1.2011037
1.2013222
1.2015114
1.2016782
1.201824
1.2019467
1.2020482
1.2021326
1.2022
1.2022554
1.2022909
1.2023163
1.1845687
1.1858635
1.1870728
1.1882361
1.1893652
1.1904635
1.19154
1.1925455
1.1935111
1.1944855
1.1954671
1.1964258
1.197381
1.1982872
1.1991938
1.2000276
1.2006031
1.2007835
1.200925
1.2011477
1.2013597
1.2015429
1.2017045
1.2018459
1.2019649
1.2020635
1.2021456
1.2022112
1.2022653
1.2022999
1.2023248
1.1855146
1.1865666
1.1875878
1.1886296
1.189679
1.1907074
1.1916905
1.1926859
1.1937044
1.1946747
1.1956351
1.19658
1.1975159
1.1983999
1.1992947
1.2001277
1.2006765
1.2008396
1.2009746
1.201191
1.2013967
1.201574
1.2017304
1.2018676
1.201983
1.2020786
1.2021585
1.2022224
1.2022752
1.2023089
1.2023332
1.1872799
1.1880257
1.1887265
1.1894929
1.1903296
1.1912031
1.1920821
1.1930083
1.1939634
1.1948875
1.1958098
1.1967312
1.1976472
1.1985085
1.199391
1.2002233
1.2007466
1.2008959
1.201024
1.2012337
1.2014331
1.2016045
1.2017559
1.2018889
1.2020007
1.2020936
1.2021713
1.2022335
1.2022851
1.2023179
1.2023417
1.1888376
1.189438
1.1899402
1.1904943
1.1911307
1.1918301
1.1925706
1.1933859
1.1942525
1.1951121
1.195988
1.1968806
1.1977748
1.1986138
1.1994826
1.2003157
1.2008143
1.2009524
1.2010732
1.2012758
1.2014688
1.2016346
1.2017809
1.2019098
1.2020182
1.2021083
1.2021839
1.2022445
1.202295
1.2023269
1.2023502
1.1905597
1.1909462
1.1912192
1.191556
1.1919906
1.1925061
1.1930986
1.1937961
1.1945605
1.1953482
1.1961695
1.1970274
1.1978975
1.1987158
1.1995696
1.2004044
1.2008798
1.2010086
1.2011222
1.201317
1.2015037
1.2016639
1.2018053
1.2019302
1.2020354
1.2021228
1.2021963
1.2022554
1.2023047
1.2023359
1.2023586
1.1924587
1.192596
1.1926097
1.1927023
1.1929121
1.1932244
1.1936747
1.1942383
1.1948846
1.1955956
1.1963546
1.1971707
1.1980141
1.1988142
1.1996517
1.2004864
1.2009425
1.2010629
1.2011701
1.2013568
1.2015374
1.2016923
1.201829
1.2019501
1.2020521
1.202137
1.2022086
1.2022662
1.2023144
1.2023449
1.2023671
1.1945405
1.194389
1.1941259
1.1939516
1.1939096
1.1940316
1.1943227
1.1947172
1.1952429
1.1958677
1.1965545
1.1973192
1.19813
1.1989122
1.1997298
1.2005582
1.2010001
1.2011116
1.2012158
1.2013949
1.2015696
1.2017196
1.2018518
1.2019693
1.2020684
1.202151
1.2022207
1.2022769
1.2023241
1.2023539
1.2023756
1.1968912
1.1964598
1.1959433
1.1954802
1.1951776
1.1950659
1.195124
1.1953373
1.1957048
1.1962144
1.1968091
1.1975045
1.1982682
1.1990241
1.1998112
1.2006208
1.2010489
1.2011526
1.2012597
1.2014321
1.2016012
1.2017465
1.2018743
1.2019883
1.2020846
1.2021648
1.2022327
1.2022875
1.2023337
1.2023629
1.2023841
1.1992881
1.1987586
1.1981876
1.1975172
1.1969095
1.1964725
1.1962357
1.1962037
1.1963645
1.1966882
1.1971542
1.1977534
1.1984488
1.1991676
1.1999125
1.2006927
1.2010991
1.2011972
1.2013078
1.2014723
1.2016348
1.2017746
1.2018977
1.2020079
1.2021011
1.2021788
1.2022448
1.2022981
1.2023433
1.2023717
1.2023925
1.1890238
1.1893825
1.1897767
1.1901345
1.1904437
1.1907325
1.1910528
1.1914525
1.1919171
1.1924978
1.1931881
1.1939765
1.1948499
1.1957865
1.1967531
1.1977975
1.1987215
1.1996587
1.2002105
1.2004974
1.2007521
1.2010145
1.2012639
1.2014802
1.2016648
1.2018161
1.2019385
1.2020347
1.2021107
1.2021603
1.2021943
1.1892225
1.1896097
1.1899969
1.1903295
1.1906193
1.1909014
1.1912102
1.1915567
1.1919899
1.1925386
1.1931989
1.1939618
1.1948149
1.1957388
1.1967006
1.1977392
1.1986891
1.1996027
1.2001994
1.2004809
1.2007325
1.2009953
1.2012473
1.2014661
1.2016531
1.2018064
1.2019303
1.2020277
1.2021046
1.2021549
1.2021872
1.1892644
1.1896402
1.1900301
1.1903895
1.190702
1.1909958
1.1913069
1.191649
1.1920735
1.1926022
1.1932387
1.1939782
1.19481
1.1957175
1.1966704
1.1976956
1.1986616
1.1995711
1.2001851
1.2004713
1.2007192
1.2009806
1.2012337
1.201454
1.2016426
1.2017974
1.2019225
1.202021
1.2020985
1.2021494
1.2021806
1.1893117
1.1896551
1.1900652
1.1904466
1.1907842
1.1910958
1.1914154
1.1917656
1.1921852
1.1926959
1.1933085
1.1940226
1.19483
1.1957163
1.1966546
1.197658
1.1986269
1.1995382
1.2001639
1.2004585
1.2007045
1.200965
1.2012194
1.2014413
1.2016315
1.2017878
1.2019142
1.2020137
1.202092
1.2021434
1.2021717
1.1893878
1.1897073
1.1901286
1.1905212
1.1908723
1.1911977
1.1915262
1.1918833
1.1922987
1.1927944
1.1933856
1.1940752
1.1948581
1.195722
1.1966431
1.1976203
1.1985877
1.1994991
1.2001375
1.200443
1.2006877
1.2009475
1.2012035
1.2014272
1.2016192
1.2017773
1.2019051
1.2020058
1.202085
1.202137
1.2021642
1.1894699
1.1897659
1.1901855
1.1905882
1.1909508
1.1912884
1.1916267
1.19199
1.1924034
1.1928881
1.1934613
1.194129
1.1948886
1.1957301
1.196633
1.1975822
1.1985449
1.1994593
1.200108
1.2004263
1.2006698
1.2009285
1.2011862
1.2014119
1.201606
1.201766
1.2018953
1.2019973
1.2020774
1.2021302
1.2021567
1.1895476
1.1898149
1.1902264
1.1906375
1.1910134
1.1913648
1.1917145
1.1920853
1.1924993
1.1929769
1.1935357
1.194184
1.1949217
1.1957412
1.196625
1.1975461
1.1985042
1.1994208
1.2000806
1.2004086
1.2006521
1.2009091
1.2011682
1.2013959
1.2015921
1.2017539
1.2018849
1.2019882
1.2020693
1.2021228
1.2021513
1.1896191
1.1898593
1.1902562
1.1906727
1.1910618
1.191428
1.1917907
1.1921707
1.1925881
1.1930619
1.1936095
1.194241
1.1949585
1.1957563
1.1966203
1.1975171
1.1984694
1.199379
1.2000574
1.2003913
1.2006346
1.2008894
1.2011497
1.2013794
1.2015775
1.2017413
1.2018738
1.2019786
1.2020607
1.2021151
1.2021423
1.1896859
1.1899014
1.1902813
1.1906994
1.1911001
1.1914809
1.1918574
1.1922481
1.1926711
1.1931439
1.1936835
1.1943005
1.1949993
1.1957761
1.1966199
1.1974982
1.1984328
1.1993293
1.200034
1.2003752
1.2006176
1.2008694
1.2011307
1.2013622
1.2015622
1.201728
1.2018622
1.2019684
1.2020516
1.2021068
1.2021316
1.1897465
1.1899482
1.190307
1.1907214
1.1911309
1.1915256
1.1919163
1.1923189
1.1927494
1.1932239
1.193758
1.1943631
1.1950447
1.1958012
1.1966243
1.1974857
1.1983936
1.1992809
1.2000077
1.2003601
1.2006012
1.2008493
1.2011113
1.2013444
1.2015463
1.201714
1.20185
1.2019577
1.2020419
1.202098
1.2021221
1.1897859
1.189984
1.1903285
1.1907392
1.1911565
1.1915646
1.1919697
1.1923851
1.1928248
1.1933031
1.1938341
1.1944292
1.1950952
1.1958322
1.1966344
1.1974782
1.1983645
1.1992384
1.1999754
1.2003459
1.2005855
1.2008291
1.2010914
1.201326
1.2015298
1.2016994
1.2018371
1.2019463
1.2020316
1.2020886
1.2021132
1.1898221
1.1900138
1.1903327
1.1907463
1.1911756
1.191599
1.1920201
1.1924497
1.1929
1.1933836
1.1939133
1.1945003
1.1951519
1.1958699
1.1966508
1.1974758
1.1983421
1.1992001
1.1999421
1.2003332
1.2005709
1.2008091
1.2010712
1.2013071
1.2015125
1.201684
1.2018235
1.2019342
1.2020207
1.2020787
1.2021043
1.1898401
1.1900414
1.1903628
1.1907688
1.1912016
1.1916373
1.1920736
1.1925175
1.192979
1.1934687
1.1939982
1.194578
1.195216
1.1959153
1.1966744
1.1974791
1.1983244
1.1991591
1.1999061
1.2003241
1.2005578
1.2007895
1.2010508
1.2012877
1.2014947
1.201668
1.2018092
1.2019215
1.2020092
1.2020682
1.2020948
1.189859
1.1900718
1.1903987
1.1908014
1.1912386
1.191686
1.1921369
1.1925946
1.1930667
1.1935624
1.1940917
1.1946647
1.1952891
1.1959697
1.1967063
1.1974892
1.1983116
1.1991226
1.1998667
1.2003159
1.2005464
1.2007706
1.2010304
1.201268
1.2014763
1.2016513
1.2017942
1.2019081
1.201997
1.202057
1.2020844
1.1899007
1.1901207
1.1904458
1.1908499
1.1912946
1.1917541
1.1922185
1.1926885
1.1931698
1.1936701
1.1941981
1.1947631
1.1953735
1.1960344
1.1967476
1.1975069
1.1983043
1.1990934
1.1998295
1.2003067
1.2005367
1.2007528
1.2010102
1.2012481
1.2014574
1.2016339
1.2017786
1.201894
1.2019841
1.2020451
1.2020732
1.1899869
1.1902198
1.190542
1.1909387
1.191389
1.1918575
1.1923314
1.1928097
1.1932965
1.1937981
1.1943222
1.194877
1.1954715
1.1961113
1.1967996
1.1975331
1.1983031
1.1990702
1.1997941
1.2002983
1.2005286
1.2007364
1.2009904
1.201228
1.2014381
1.201616
1.2017623
1.2018792
1.2019705
1.2020326
1.2020613
1.190148
1.190388
1.1907155
1.1911131
1.1915561
1.1920203
1.1924932
1.1929714
1.1934567
1.1939537
1.1944692
1.1950106
1.1955861
1.1962024
1.1968636
1.1975686
1.1983074
1.1990488
1.1997649
1.2002921
1.2005229
1.2007221
1.2009712
1.201208
1.2014185
1.2015976
1.2017453
1.2018637
1.2019562
1.2020194
1.2020486
1.1904468
1.1906745
1.190988
1.1913817
1.1918093
1.192258
1.1927184
1.1931856
1.1936598
1.1941442
1.1946445
1.1951673
1.1957199
1.1963095
1.1969408
1.1976142
1.1983176
1.1990304
1.1997546
1.2002912
1.2005195
1.2007098
1.2009528
1.2011883
1.2013988
1.2015787
1.2017278
1.2018475
1.2019412
1.2020054
1.2020353
1.1908588
1.1910956
1.1914152
1.1917734
1.1921656
1.1925838
1.1930175
1.1934609
1.1939127
1.1943751
1.1948524
1.1953501
1.1958752
1.1964342
1.1970327
1.1976715
1.1983404
1.199026
1.1997361
1.2002852
1.2005215
1.2007011
1.2009356
1.2011688
1.201379
1.2015594
1.2017097
1.2018306
1.2019255
1.2019907
1.2020213
1.1914174
1.1916527
1.1919394
1.1922583
1.192611
1.1929903
1.1933873
1.1937965
1.1942161
1.1946476
1.1950942
1.1955606
1.196053
1.1965778
1.1971402
1.1977425
1.1983777
1.1990335
1.1997106
1.2002751
1.2005283
1.2006952
1.2009197
1.2011504
1.2013595
1.2015398
1.201691
1.2018131
1.201909
1.2019753
1.2020066
1.1920711
1.1922745
1.1925233
1.192805
1.1931181
1.1934564
1.1938126
1.1941821
1.1945635
1.1949579
1.1953678
1.1957976
1.1962529
1.1967398
1.1972635
1.1978271
1.1984269
1.1990517
1.1996965
1.2002662
1.2005377
1.2006935
1.2009057
1.2011326
1.2013402
1.2015203
1.201672
1.201795
1.2018918
1.2019591
1.201991
1.1927587
1.1929282
1.1931426
1.1933875
1.1936609
1.1939581
1.194273
1.1946016
1.1949427
1.1952971
1.1956672
1.1960571
1.1964723
1.1969186
1.1974016
1.1979248
1.198487
1.1990798
1.1996976
1.2002599
1.2005488
1.2006968
1.2008948
1.2011166
1.2013217
1.2015006
1.2016525
1.2017763
1.2018739
1.2019421
1.2019747
1.1934334
1.193574
1.1937561
1.1939664
1.1942035
1.1944636
1.1947414
1.1950327
1.195336
1.1956517
1.1959823
1.1963319
1.1967061
1.197111
1.1975524
1.1980343
1.1985574
1.199116
1.1997036
1.2002551
1.2005645
1.2007019
1.2008851
1.2011022
1.2013041
1.2014812
1.201633
1.2017571
1.2018554
1.2019244
1.2019576
1.194081
1.194194
1.1943444
1.1945211
1.1947241
1.1949507
1.1951959
1.1954548
1.1957249
1.1960062
1.1963007
1.1966126
1.1969476
1.1973122
1.1977126
1.1981536
1.1986371
1.1991589
1.1997076
1.2002343
1.2005818
1.2007169
1.2008829
1.2010905
1.2012877
1.2014623
1.2016131
1.2017376
1.2018362
1.201906
1.2019398
1.1946823
1.1947693
1.1948895
1.1950344
1.1952048
1.1954
1.1956158
1.1958472
1.1960904
1.1963438
1.1966084
1.1968879
1.1971881
1.1975159
1.197878
1.1982799
1.1987246
1.1992089
1.1997204
1.2002361
1.2006046
1.2007415
1.2008894
1.2010818
1.2012722
1.2014433
1.2015935
1.2017176
1.2018165
1.2018869
1.2019212
1.1952158
1.1952823
1.1953768
1.1954935
1.1956339
1.1957993
1.1959881
1.196196
1.1964178
1.1966501
1.1968922
1.1971466
1.1974188
1.1977154
1.1980437
1.1984099
1.1988182
1.1992675
1.1997496
1.2002512
1.2006293
1.2007583
1.2008925
1.201076
1.2012605
1.2014267
1.2015741
1.2016976
1.2017964
1.2018672
1.201902
1.1956475
1.1957185
1.1958033
1.1958972
1.1960116
1.1961508
1.1963147
1.1965003
1.1967028
1.1969181
1.1971437
1.1973803
1.1976318
1.1979042
1.1982046
1.1985402
1.1989159
1.199333
1.1997866
1.2002662
1.2006524
1.2007738
1.2009066
1.2010797
1.2012473
1.2014087
1.2015548
1.2016775
1.2017759
1.2018469
1.201882
1.1959837
1.1960207
1.1960896
1.1961863
1.196303
1.1964335
1.1965792
1.1967474
1.196936
1.1971401
1.1973559
1.1975823
1.1978209
1.1980768
1.1983565
1.1986672
1.1990149
1.1994024
1.1998276
1.2002822
1.2006734
1.200802
1.2009191
1.2010787
1.2012374
1.2013953
1.2015372
1.2016579
1.2017554
1.2018262
1.2018617
1.1962972
1.1963273
1.1963708
1.1964304
1.1965115
1.1966236
1.1967672
1.1969316
1.1971137
1.1973134
1.1975266
1.1977501
1.1979837
1.1982306
1.1984964
1.1987883
1.1991128
1.1994742
1.1998729
1.200304
1.2006898
1.2008348
1.2009303
1.2010835
1.2012368
1.2013818
1.2015195
1.2016386
1.2017346
1.2018052
1.2018407
1.1964942
1.1965286
1.1965752
1.196634
1.1967076
1.1968017
1.1969222
1.1970724
1.1972508
1.1974501
1.1976643
1.1978891
1.1981227
1.1983661
1.198624
1.1989025
1.1992085
1.1995473
1.1999208
1.200326
1.200707
1.2008721
1.2009546
1.2010852
1.2012274
1.2013696
1.2015034
1.2016201
1.2017145
1.2017842
1.2018196
1.1966386
1.1966704
1.1967128
1.1967681
1.196841
1.1969358
1.1970559
1.1972034
1.1973772
1.1975731
1.1977864
1.198012
1.1982464
1.1984889
1.1987419
1.1990106
1.1993017
1.1996209
1.1999717
1.2003533
1.2007319
1.2009158
1.2009753
1.2010862
1.2012264
1.2013672
1.201492
1.2016028
1.2016944
1.2017629
1.201798
1.1967984
1.1968306
1.1968719
1.1969248
1.1969942
1.1970842
1.1971987
1.1973395
1.1975032
1.197691
1.1979027
1.1981284
1.198363
1.1986045
1.1988537
1.1991145
1.1993928
1.1996949
1.2000255
1.2003859
1.2007555
1.2009558
1.2010004
1.2011041
1.2012361
1.2013568
1.2014757
1.201585
1.201675
1.2017422
1.2017767
1.1969946
1.1970254
1.1970643
1.1971137
1.1971785
1.1972628
1.197369
1.1974956
1.1976501
1.1978349
1.1980382
1.1982561
1.1984848
1.1987211
1.1989643
1.1992166
1.1994828
1.1997687
1.20008
1.2004194
1.2007772
1.2009954
1.2010366
1.2011275
1.2012359
1.20135
1.2014668
1.2015703
1.2016566
1.2017215
1.2017552
1.1972467
1.1972738
1.1973083
1.1973518
1.1974086
1.1974818
1.197573
1.1976908
1.1978382
1.1980063
1.1981937
1.1983985
1.1986162
1.1988428
1.1990765
1.1993183
1.1995716
1.1998417
1.2001343
1.2004533
1.2007954
1.2010322
1.2010728
1.201142
1.2012414
1.2013557
1.2014614
1.2015551
1.2016385
1.2017019
1.2017344
1.1975608
1.1975807
1.1976083
1.1976428
1.1976873
1.1977462
1.197827
1.197931
1.1980543
1.1981987
1.1983656
1.1985523
1.1987543
1.1989674
1.1991888
1.1994181
1.1996578
1.1999124
1.200187
1.2004868
1.2008117
1.2010695
1.2011119
1.201166
1.2012612
1.201359
1.2014506
1.2015415
1.201623
1.2016828
1.201714
1.1979075
1.1979248
1.1979466
1.1979739
1.1980121
1.1980608
1.1981207
1.1981982
1.1982959
1.1984143
1.1985545
1.1987161
1.1988961
1.1990909
1.1992969
1.1995125
1.1997385
1.1999782
1.2002366
1.2005188
1.200827
1.2010984
1.2011534
1.201196
1.2012754
1.2013585
1.2014508
1.2015359
1.2016082
1.2016651
1.2016947
1.1982448
1.1982572
1.1982753
1.1982987
1.1983307
1.1983756
1.1984276
1.1984851
1.1985564
1.1986459
1.1987559
1.1988875
1.1990401
1.1992114
1.1993983
1.1995983
1.1998106
1.2000369
1.2002812
1.200548
1.2008409
1.2011212
1.2011961
1.2012268
1.2012918
1.2013713
1.2014507
1.2015245
1.2015951
1.2016489
1.2016766
1.1985254
1.1985357
1.1985512
1.1985703
1.1985893
1.1986116
1.1986507
1.1987089
1.1987752
1.1988482
1.1989366
1.1990434
1.1991713
1.1993199
1.1994875
1.1996717
1.1998711
1.200086
1.2003188
1.2005732
1.2008532
1.201137
1.2012387
1.2012602
1.2013154
1.2013839
1.2014502
1.2015206
1.2015866
1.2016345
1.2016601
1.1987336
1.1987463
1.1987627
1.1987812
1.1988002
1.1988192
1.1988397
1.1988659
1.1989091
1.1989741
1.1990563
1.1991532
1.1992652
1.1993981
1.1995522
1.1997256
1.1999162
1.2001234
1.2003482
1.2005936
1.2008642
1.2011534
1.2012794
1.2012947
1.2013388
1.2013932
1.2014578
1.2015218
1.2015761
1.2016219
1.2016455
1.1988126
1.1988313
1.1988502
1.1988707
1.1988939
1.1989203
1.1989499
1.1989829
1.1990204
1.1990668
1.1991283
1.1992119
1.1993185
1.1994447
1.1995916
1.1997589
1.1999454
1.2001491
1.2003699
1.2006098
1.2008736
1.2011622
1.2013164
1.2013309
1.201364
1.2014113
1.2014682
1.2015196
1.2015708
1.2016124
1.2016334
1.1988071
1.1988254
1.1988459
1.1988688
1.1988947
1.1989244
1.1989588
1.1989993
1.1990474
1.199105
1.1991736
1.1992561
1.1993572
1.1994794
1.1996224
1.1997857
1.1999685
1.2001694
1.2003875
1.2006233
1.2008814
1.2011652
1.2013472
1.2013655
1.2013899
1.2014293
1.2014747
1.2015243
1.2015713
1.2016045
1.2016228
1.1988449
1.1988612
1.1988793
1.1988996
1.1989233
1.1989513
1.1989846
1.1990246
1.199073
1.1991316
1.199201
1.1992837
1.1993859
1.1995093
1.1996523
1.1998142
1.1999942
1.2001914
1.2004053
1.2006364
1.200888
1.2011645
1.2013723
1.2013998
1.2014182
1.2014499
1.2014894
1.2015325
1.2015681
1.2015998
1.2016168
1.1989646
1.1989751
1.1989879
1.1990028
1.1990207
1.1990425
1.1990694
1.1991024
1.199143
1.1991935
1.1992586
1.1993416
1.1994408
1.1995569
1.199693
1.1998492
1.2000242
1.2002163
1.2004247
1.2006497
1.2008936
1.2011616
1.2013912
1.2014344
1.201448
1.2014737
1.2015052
1.2015378
1.2015716
1.2015998
1.2016114
1.1991421
1.1991508
1.1991607
1.1991723
1.199186
1.1992025
1.1992226
1.1992474
1.1992788
1.1993202
1.1993731
1.1994394
1.1995224
1.1996245
1.1997476
1.1998922
1.2000576
1.200242
1.2004437
1.2006619
1.2008985
1.2011587
1.2014061
1.2014708
1.2014792
1.2014993
1.2015232
1.2015498
1.2015788
1.2015991
1.2016103
1.1993188
1.1993269
1.1993363
1.1993469
1.1993588
1.1993724
1.1993884
1.1994078
1.1994317
1.1994617
1.1995027
1.1995563
1.1996231
1.1997077
1.1998134
1.1999419
1.2000934
1.2002667
1.2004598
1.2006713
1.2009016
1.2011559
1.2014186
1.2015057
1.2015115
1.2015247
1.2015423
1.2015636
1.2015845
1.2016021
1.2016121
1.1994345
1.1994445
1.1994559
1.1994683
1.1994818
1.1994968
1.1995136
1.1995329
1.1995556
1.1995821
1.1996135
1.1996563
1.1997137
1.1997858
1.1998769
1.1999903
1.2001275
1.2002885
1.2004721
1.2006767
1.2009015
1.2011515
1.2014231
1.2015366
1.2015431
1.2015521
1.2015651
1.20158
1.2015952
1.2016108
1.2016172
1.1994884
1.1994998
1.1995124
1.1995262
1.1995414
1.1995582
1.1995771
1.1995984
1.1996228
1.1996515
1.1996858
1.1997266
1.1997778
1.1998439
1.1999272
1.2000306
1.2001566
1.2003069
1.2004812
1.2006782
1.2008973
1.2011426
1.2014165
1.2015618
1.2015727
1.2015774
1.2015862
1.2015964
1.2016085
1.2016196
1.2016246
1.1995349
1.1995454
1.1995572
1.1995702
1.1995846
1.1996008
1.1996192
1.1996401
1.1996643
1.1996929
1.199727
1.1997686
1.1998198
1.1998833
1.1999623
1.2000599
1.2001788
1.2003209
1.200487
1.200677
1.20089
1.2011295
1.201402
1.2015803
1.2016022
1.2016034
1.2016093
1.2016171
1.2016264
1.2016335
1.2016373
1.1996102
1.1996189
1.1996288
1.1996397
1.1996518
1.1996655
1.1996811
1.199699
1.19972
1.1997451
1.1997755
1.199813
1.1998598
1.1999185
1.199992
1.2000836
1.2001959
1.200331
1.2004901
1.2006731
1.2008797
1.2011121
1.201378
1.2015914
1.2016309
1.2016297
1.2016321
1.201637
1.2016434
1.2016482
1.2016504
1.1996983
1.1997061
1.1997148
1.1997245
1.1997351
1.199747
1.1997605
1.1997758
1.1997937
1.199815
1.199841
1.1998731
1.1999137
1.1999652
1.2000309
1.2001139
1.2002175
1.2003441
1.2004951
1.2006708
1.2008709
1.201097
1.2013571
1.2015996
1.2016599
1.2016601
1.2016599
1.2016619
1.2016654
1.2016683
1.2016689
1.199777
1.1997846
1.1997932
1.1998026
1.1998129
1.1998243
1.1998371
1.1998515
1.1998681
1.1998875
1.1999108
1.1999395
1.1999753
1.2000209
1.2000792
1.2001536
1.2002475
1.2003642
1.2005057
1.2006729
1.2008658
1.2010853
1.2013387
1.2016016
1.2016862
1.2016888
1.2016863
1.2016859
1.2016867
1.2016876
1.2016865
1.1998387
1.1998462
1.1998547
1.199864
1.1998742
1.1998856
1.1998982
1.1999125
1.1999288
1.1999476
1.19997
1.199997
1.2000304
1.2000724
1.2001259
1.2001939
1.2002803
1.2003883
1.2005208
1.2006794
1.2008648
1.2010777
1.2013245
1.2015988
1.2017096
1.2017169
1.2017154
1.2017142
1.2017136
1.2017129
1.2017105
1.1998995
1.1999065
1.1999143
1.199923
1.1999325
1.1999431
1.199955
1.1999684
1.1999837
1.2000014
1.2000223
1.2000477
1.2000794
1.200119
1.2001683
1.2002309
1.2003105
1.2004106
1.2005343
1.200684
1.2008609
1.2010659
1.2013045
1.2015812
1.2017278
1.2017428
1.2017402
1.2017379
1.2017367
1.201735
1.2017323
1.1999563
1.1999626
1.1999698
1.1999777
1.1999864
1.1999962
1.2000072
1.2000196
1.2000337
1.2000502
1.2000697
1.2000931
1.2001216
1.2001572
1.2002027
1.2002608
1.2003347
1.200428
1.2005442
1.2006859
1.200855
1.2010525
1.2012839
1.2015608
1.2017454
1.2017726
1.2017701
1.201767
1.2017652
1.2017631
1.2017602
1.200022
1.2000276
1.2000339
1.2000409
1.2000486
1.2000573
1.200067
1.200078
1.2000906
1.2001053
1.2001227
1.2001436
1.2001692
1.2002013
1.2002423
1.2002949
1.2003622
1.2004479
1.2005556
1.2006885
1.2008487
1.2010381
1.2012616
1.2015329
1.2017564
1.2018002
1.2017965
1.2017923
1.2017895
1.201787
1.2017839
1.2000765
1.2000817
1.2000874
1.2000939
1.2001011
1.2001091
1.2001182
1.2001285
1.2001403
1.200154
1.2001702
1.2001898
1.2002138
1.2002437
1.2002817
1.2003303
1.2003926
1.2004721
1.2005727
1.2006977
1.2008499
1.2010316
1.2012471
1.2015104
1.2017623
1.2018261
1.2018268
1.201823
1.2018199
1.2018171
1.2018137
1.200142
1.2001463
1.2001511
1.2001566
1.2001627
1.2001696
1.2001773
1.2001863
1.2001966
1.2002086
1.200223
1.2002403
1.2002618
1.2002887
1.2003229
1.2003669
1.2004236
1.2004965
1.2005893
1.2007058
1.200849
1.2010216
1.2012277
1.2014793
1.2017553
1.2018468
1.2018508
1.2018472
1.2018441
1.201841
1.2018375
1.2001908
1.2001946
1.2001989
1.2002037
1.2002092
1.2002154
1.2002225
1.2002306
1.20024
1.2002512
1.2002645
1.2002807
1.2003008
1.2003259
1.2003579
1.2003989
1.2004518
1.2005198
1.2006068
1.2007164
1.2008522
1.2010173
1.2012154
1.201458
1.2017448
1.2018675
1.2018802
1.2018775
1.2018747
1.2018717
1.2018684
1.2002618
1.2002646
1.2002677
1.2002712
1.2002753
1.2002799
1.2002853
1.2002915
1.2002989
1.2003078
1.2003186
1.2003319
1.2003487
1.2003701
1.2003978
1.200434
1.2004813
1.2005427
1.200622
1.200723
1.2008496
1.201005
1.2011932
1.2014238
1.2017124
1.2018826
1.2019037
1.2019005
1.2018977
1.2018947
1.2018916
1.2003048
1.2003071
1.2003098
1.2003129
1.2003165
1.2003206
1.2003254
1.2003311
1.2003379
1.2003461
1.2003561
1.2003685
1.2003846
1.2004056
1.2004323
1.200466
1.2005099
1.2005674
1.2006417
1.2007368
1.2008565
1.2010046
1.2011849
1.2014069
1.2016907
1.2018965
1.2019315
1.201931
1.2019284
1.2019257
1.2019226
1.2003941
1.2003952
1.2003964
1.2003978
1.2003994
1.2004014
1.2004038
1.2004069
1.2004107
1.2004157
1.2004222
1.200431
1.2004425
1.200457
1.2004773
1.200506
1.2005445
1.2005954
1.2006619
1.200748
1.2008576
1.200995
1.2011645
1.2013743
1.2016456
1.2018975
1.2019522
1.2019526
1.2019504
1.201948
1.2019453
1.2004169
1.2004177
1.2004186
1.2004197
1.200421
1.2004228
1.2004249
1.2004277
1.2004313
1.2004359
1.200442
1.2004502
1.2004615
1.2004779
1.2005001
1.2005277
1.2005633
1.2006112
1.2006749
1.200758
1.2008643
1.2009974
1.2011613
1.2013633
1.2016237
1.2018972
1.201974
1.2019799
1.2019785
1.2019765
1.2019741
1.2005766
1.2005746
1.2005729
1.2005714
1.20057
1.200569
1.2005683
1.2005682
1.2005688
1.2005703
1.2005729
1.2005769
1.2005826
1.2005901
1.2006009
1.2006183
1.2006444
1.2006805
1.2007294
1.2007949
1.2008814
1.2009938
1.2011374
1.2013184
1.2015529
1.2018468
1.2019843
1.201999
1.2019992
1.2019979
1.2019961
1.1895582
1.1897947
1.189995
1.1901562
1.1902959
1.1904228
1.1905372
1.1906398
1.1907418
1.1908576
1.1909889
1.1911533
1.1913562
1.1915913
1.1918563
1.1921373
1.1924236
1.1926966
1.1929294
1.1931142
1.1932366
1.1933104
1.1933639
1.1934469
1.1936193
1.1939321
1.1943667
1.1948699
1.1953948
1.1958828
1.1962803
1.1965665
1.1967173
1.1967756
1.19677
1.1967516
1.1967347
1.1968125
1.1970402
1.1973723
1.1976118
1.1977564
1.1978448
1.1979014
1.1980145
1.1982061
1.1984063
1.1985612
1.1987058
1.1988527
1.1990065
1.1991478
1.1992915
1.1994202
1.1995631
1.199682
1.1998227
1.199928
1.2000712
1.2001516
1.2003158
1.2003621
1.20066
1.189081
1.1892661
1.1894815
1.1896766
1.1898423
1.1899854
1.1901123
1.1902277
1.1903492
1.1904895
1.190656
1.1908564
1.1910942
1.1913687
1.1916731
1.191987
1.1923018
1.1925945
1.192838
1.1930293
1.1931488
1.1932249
1.1932819
1.1933829
1.193584
1.1939078
1.1943701
1.1948989
1.1954364
1.1959276
1.196322
1.1966041
1.1967529
1.19681
1.1968222
1.1968141
1.1968096
1.196901
1.1971326
1.1974515
1.1976833
1.1978363
1.1979409
1.1980099
1.1981256
1.1983066
1.1984955
1.198647
1.1987898
1.1989307
1.1990752
1.1992078
1.1993439
1.199466
1.1996018
1.1997147
1.1998491
1.1999496
1.2000878
1.2001647
1.2003244
1.2003685
1.2006532
1.1891981
1.1892415
1.1893299
1.1894352
1.189537
1.1896375
1.1897434
1.1898613
1.1899993
1.1901625
1.1903572
1.1905908
1.1908648
1.1911743
1.1915097
1.1918558
1.1921937
1.1924992
1.1927493
1.1929414
1.1930711
1.1931494
1.1932158
1.1933403
1.193577
1.1939218
1.1943931
1.1949432
1.1954918
1.1959812
1.1963679
1.196644
1.1967903
1.1968444
1.1968825
1.1968867
1.1968963
1.1969994
1.1972317
1.1975372
1.1977582
1.1979211
1.1980388
1.1981205
1.1982371
1.1984059
1.1985824
1.1987291
1.1988694
1.1990042
1.1991398
1.1992641
1.199393
1.1995088
1.1996379
1.1997451
1.1998737
1.1999697
1.2001029
1.2001767
1.2003319
1.2003739
1.2006511
1.1893574
1.1893621
1.1893813
1.1894082
1.1894439
1.1894903
1.189563
1.1896636
1.189794
1.189958
1.1901606
1.1904082
1.1906979
1.1910261
1.1913779
1.1917406
1.1920903
1.1924012
1.1926572
1.1928513
1.1929954
1.1930842
1.1931693
1.1933202
1.1935818
1.1939573
1.1944398
1.194993
1.1955482
1.1960342
1.1964114
1.1966827
1.1968277
1.1968837
1.1969524
1.1969685
1.1969943
1.1971062
1.1973351
1.1976262
1.1978379
1.1980054
1.1981364
1.1982305
1.1983468
1.1985025
1.1986658
1.1988068
1.198944
1.199073
1.1992002
1.1993168
1.1994388
1.1995488
1.1996717
1.1997735
1.1998967
1.1999883
1.2001168
1.2001877
1.2003386
1.2003786
1.2006484
1.1893833
1.1893806
1.1893784
1.1893798
1.1893924
1.1894225
1.1894781
1.1895657
1.1896874
1.1898463
1.190047
1.1902945
1.1905858
1.1909151
1.1912697
1.1916342
1.1919852
1.1922991
1.1925623
1.1927685
1.1929239
1.1930333
1.193146
1.1933243
1.1936088
1.1940054
1.1945054
1.1950588
1.1956056
1.1960896
1.196454
1.1967224
1.1968657
1.196931
1.1970309
1.1970592
1.1971023
1.1972202
1.1974425
1.1977168
1.1979192
1.1980891
1.1982322
1.1983376
1.1984527
1.198595
1.198745
1.1988798
1.1990135
1.1991371
1.1992566
1.1993661
1.1994817
1.1995862
1.1997032
1.1998001
1.199918
1.2000057
1.2001297
1.2001978
1.2003446
1.2003826
1.200645
1.1893704
1.1893708
1.1893691
1.1893689
1.1893796
1.1894045
1.1894527
1.1895313
1.1896397
1.1897886
1.1899805
1.1902198
1.1905029
1.1908231
1.1911687
1.1915265
1.1918754
1.1921928
1.1924666
1.1926894
1.1928632
1.1930009
1.1931461
1.1933534
1.1936608
1.1940732
1.194582
1.1951365
1.1956694
1.1961475
1.1964976
1.1967609
1.1968995
1.1969936
1.197114
1.1971575
1.1972184
1.1973401
1.1975531
1.1978079
1.198
1.1981708
1.198324
1.1984396
1.1985534
1.1986828
1.1988196
1.1989479
1.1990779
1.1991966
1.1993091
1.199412
1.1995216
1.199621
1.1997327
1.199825
1.199938
1.2000218
1.2001416
1.2002071
1.2003498
1.200386
1.2006412
1.1893738
1.1893748
1.1893763
1.1893831
1.1893976
1.1894249
1.1894714
1.1895407
1.1896393
1.1897702
1.1899473
1.1901709
1.1904364
1.1907399
1.1910701
1.1914179
1.1917646
1.1920867
1.1923733
1.1926166
1.192816
1.1929869
1.1931675
1.1934056
1.1937352
1.1941597
1.1946709
1.1952193
1.195739
1.1961986
1.1965453
1.1967889
1.1969404
1.197066
1.1971963
1.197261
1.1973403
1.197464
1.1976651
1.1978984
1.1980787
1.1982491
1.1984099
1.1985348
1.1986477
1.1987651
1.1988893
1.199011
1.1991373
1.1992516
1.1993578
1.1994547
1.1995588
1.1996535
1.1997602
1.1998482
1.1999566
1.2000369
1.2001526
1.2002158
1.2003545
1.2003891
1.2006372
1.1893987
1.1894011
1.1894049
1.1894134
1.1894298
1.1894576
1.1895003
1.1895625
1.1896519
1.1897722
1.1899332
1.1901353
1.1903794
1.1906634
1.1909761
1.1913128
1.1916567
1.1919845
1.1922847
1.1925521
1.1927815
1.1929884
1.1932069
1.1934772
1.1938278
1.1942609
1.1947699
1.1953054
1.1958107
1.1962452
1.1965902
1.1968144
1.1969893
1.1971315
1.1972755
1.1973664
1.1974645
1.1975894
1.1977767
1.1979869
1.1981542
1.1983224
1.1984887
1.1986221
1.1987349
1.1988417
1.1989541
1.1990692
1.1991918
1.1993022
1.1994029
1.1994944
1.1995934
1.1996837
1.1997859
1.1998699
1.199974
1.200051
1.2001628
1.2002238
1.2003587
1.2003919
1.2006331
1.1894329
1.1894341
1.1894391
1.1894488
1.1894663
1.1894938
1.1895342
1.1895909
1.18967
1.1897766
1.1899199
1.1901036
1.1903278
1.1905928
1.1908925
1.191216
1.1915507
1.1918856
1.1922012
1.1924945
1.1927575
1.1930022
1.1932602
1.1935631
1.1939335
1.1943719
1.1948749
1.1953933
1.1958801
1.1962946
1.1966251
1.1968458
1.1970308
1.1971866
1.1973506
1.1974694
1.1975871
1.1977136
1.1978858
1.1980727
1.1982254
1.1983896
1.1985598
1.1987009
1.1988147
1.1989125
1.1990138
1.1991226
1.1992416
1.1993486
1.1994446
1.1995311
1.1996255
1.1997118
1.1998098
1.1998901
1.1999902
1.2000641
1.2001722
1.2002313
1.2003624
1.2003944
1.2006289
1.189471
1.1894699
1.1894744
1.1894845
1.1895019
1.1895281
1.1895657
1.1896177
1.1896873
1.1897832
1.1899091
1.1900736
1.1902781
1.1905206
1.1908037
1.1911165
1.1914473
1.1917893
1.1921223
1.19244
1.1927408
1.1930255
1.1933223
1.1936574
1.1940469
1.1944881
1.1949819
1.1954811
1.1959461
1.1963404
1.1966532
1.1968732
1.1970636
1.1972341
1.1974194
1.1975662
1.1977042
1.1978334
1.1979905
1.1981545
1.1982913
1.1984502
1.198623
1.1987712
1.198887
1.1989775
1.1990688
1.1991713
1.199287
1.1993911
1.199483
1.1995651
1.1996552
1.1997379
1.199832
1.199909
1.2000054
1.2000764
1.200181
1.2002383
1.2003658
1.2003967
1.2006248
1.1895102
1.1895053
1.1895075
1.1895162
1.189532
1.1895558
1.1895895
1.1896358
1.1896987
1.1897848
1.1898944
1.1900367
1.1902224
1.1904466
1.1907122
1.191012
1.1913393
1.1916865
1.1920388
1.1923868
1.1927253
1.1930516
1.1933878
1.1937541
1.1941625
1.1946046
1.195087
1.1955658
1.1960071
1.1963791
1.1966748
1.196892
1.1970872
1.1972732
1.1974792
1.1976529
1.1978122
1.1979458
1.1980897
1.1982312
1.1983517
1.1985042
1.1986785
1.1988332
1.198952
1.1990368
1.1991191
1.1992157
1.1993281
1.1994298
1.1995182
1.1995965
1.1996827
1.199762
1.1998526
1.1999266
1.2000195
1.2000879
1.2001892
1.2002449
1.2003687
1.2003987
1.2006206
1.1895404
1.1895326
1.1895328
1.1895397
1.1895534
1.1895743
1.1896037
1.1896442
1.1896994
1.1897744
1.1898716
1.1899945
1.1901573
1.1903656
1.1906119
1.1908985
1.1912221
1.1915752
1.1919459
1.1923244
1.192704
1.1930764
1.1934513
1.1938477
1.1942738
1.194717
1.1951872
1.1956447
1.1960614
1.1964098
1.1966883
1.1969007
1.1971015
1.1973025
1.197528
1.1977269
1.197908
1.1980487
1.1981815
1.198302
1.1984065
1.1985519
1.1987266
1.1988873
1.1990098
1.1990907
1.1991651
1.199256
1.1993653
1.1994649
1.1995504
1.1996254
1.1997081
1.1997844
1.1998718
1.199943
1.2000326
1.2000986
1.2001967
1.2002509
1.2003714
1.2004006
1.2006165
1.1895586
1.1895503
1.1895494
1.1895547
1.1895661
1.1895839
1.189609
1.1896435
1.1896905
1.1897545
1.1898391
1.1899475
1.1900887
1.1902732
1.1904984
1.1907757
1.1910952
1.1914549
1.1918434
1.1922528
1.1926712
1.193092
1.1935088
1.1939354
1.1943752
1.1948212
1.1952792
1.1957159
1.196107
1.1964318
1.1966918
1.196901
1.1971069
1.1973217
1.1975655
1.1977877
1.1979904
1.1981406
1.1982655
1.198367
1.1984561
1.1985935
1.198768
1.1989342
1.1990609
1.1991394
1.199207
1.1992925
1.1993988
1.1994967
1.1995799
1.1996519
1.1997314
1.199805
1.1998895
1.1999583
1.2000449
1.2001087
1.2002038
1.2002566
1.2003739
1.2004024
1.2006125
1.1895688
1.1895588
1.1895561
1.1895596
1.1895688
1.1895834
1.1896042
1.1896327
1.1896716
1.1897247
1.1897948
1.1898873
1.1900108
1.190174
1.190381
1.1906457
1.1909603
1.1913274
1.1917361
1.192175
1.192631
1.1930946
1.1935517
1.1940127
1.1944645
1.1949135
1.1953598
1.1957774
1.1961412
1.1964434
1.1966885
1.1968949
1.1971043
1.1973319
1.1975922
1.197836
1.1980592
1.1982209
1.1983412
1.1984264
1.1985007
1.1986299
1.1988032
1.1989744
1.1991058
1.1991833
1.1992452
1.1993255
1.1994289
1.1995255
1.1996068
1.1996763
1.1997529
1.199824
1.1999059
1.1999725
1.2000564
1.200118
1.2002104
1.2002619
1.2003762
1.200404
1.2006087
1.1895641
1.1895559
1.1895528
1.1895549
1.1895619
1.1895734
1.1895899
1.1896125
1.1896435
1.1896859
1.1897419
1.1898162
1.1899238
1.1900707
1.1902612
1.1905094
1.1908179
1.1911909
1.1916208
1.1920859
1.1925813
1.1930831
1.1935789
1.1940719
1.1945394
1.194992
1.1954294
1.1958277
1.1961681
1.1964493
1.1966813
1.196883
1.1970952
1.1973341
1.1976092
1.1978728
1.1981149
1.1982896
1.1984089
1.1984805
1.198541
1.1986615
1.198833
1.1990084
1.1991448
1.1992226
1.1992798
1.1993552
1.199456
1.1995513
1.1996312
1.1996986
1.1997726
1.1998416
1.1999211
1.1999857
1.200067
1.2001268
1.2002166
1.2002668
1.2003783
1.2004054
1.2006051
1.1895544
1.1895486
1.189545
1.1895454
1.18955
1.1895583
1.1895705
1.1895875
1.189611
1.1896433
1.1896866
1.1897459
1.1898384
1.1899638
1.1901356
1.1903687
1.1906715
1.1910456
1.191497
1.1919889
1.1925139
1.1930572
1.1935909
1.1941128
1.1945971
1.1950564
1.1954883
1.19587
1.1961922
1.1964529
1.1966696
1.1968668
1.1970817
1.1973301
1.1976182
1.1978995
1.1981587
1.1983471
1.198469
1.1985299
1.1985775
1.198689
1.1988579
1.199037
1.1991785
1.1992577
1.1993112
1.1993821
1.1994801
1.1995745
1.1996533
1.199719
1.1997908
1.1998577
1.1999351
1.199998
1.200077
1.2001351
1.2002223
1.2002715
1.2003802
1.2004068
1.2006016
1.1895476
1.1895426
1.1895372
1.1895352
1.189537
1.1895417
1.1895496
1.1895612
1.1895778
1.1896006
1.1896323
1.1896795
1.1897548
1.1898594
1.1900118
1.1902275
1.1905262
1.1909045
1.1913635
1.191883
1.19244
1.193019
1.1935888
1.1941373
1.194639
1.1951067
1.1955343
1.195905
1.1962108
1.1964524
1.1966553
1.1968488
1.1970657
1.1973214
1.1976206
1.1979175
1.1981918
1.1983943
1.1985217
1.1985748
1.1986108
1.1987132
1.1988787
1.1990607
1.1992074
1.1992889
1.1993396
1.1994064
1.1995017
1.1995953
1.1996734
1.1997377
1.1998074
1.1998726
1.1999481
1.2000094
1.2000862
1.2001428
1.2002277
1.2002759
1.200382
1.2004081
1.2005982
1.1895433
1.1895387
1.1895323
1.1895278
1.1895264
1.1895272
1.1895302
1.1895362
1.1895462
1.1895621
1.1895846
1.1896201
1.1896776
1.1897638
1.1898966
1.1900976
1.1903858
1.1907629
1.1912293
1.1917723
1.19236
1.1929718
1.1935734
1.1941469
1.194666
1.1951432
1.1955687
1.1959313
1.1962237
1.1964501
1.1966414
1.1968308
1.1970488
1.1973097
1.1976178
1.1979279
1.1982156
1.1984319
1.1985674
1.1986157
1.1986415
1.1987345
1.1988961
1.19908
1.199232
1.1993165
1.1993654
1.1994283
1.199521
1.1996138
1.1996915
1.1997547
1.1998227
1.1998863
1.19996
1.2000201
1.2000949
1.2001501
1.2002328
1.2002801
1.2003837
1.2004093
1.2005949
1.1895433
1.1895399
1.1895334
1.1895265
1.1895217
1.1895189
1.1895176
1.1895172
1.1895206
1.1895307
1.1895452
1.1895699
1.1896125
1.1896826
1.1897954
1.1899782
1.1902521
1.1906287
1.1911023
1.1916636
1.1922776
1.1929179
1.1935471
1.1941435
1.1946787
1.1951668
1.1955933
1.195951
1.1962338
1.1964483
1.1966296
1.1968146
1.1970324
1.1972965
1.1976115
1.1979322
1.1982315
1.1984609
1.1986063
1.1986528
1.1986699
1.1987537
1.1989106
1.1990957
1.1992526
1.1993408
1.1993887
1.1994481
1.1995382
1.1996304
1.1997079
1.1997703
1.1998367
1.199899
1.1999711
1.20003
1.200103
1.200157
1.2002376
1.2002841
1.2003853
1.2004104
1.2005917
1.1895524
1.1895468
1.1895391
1.1895304
1.1895233
1.1895183
1.1895152
1.1895148
1.1895139
1.1895138
1.1895194
1.1895329
1.1895606
1.1896168
1.1897135
1.1898771
1.1901362
1.1905072
1.1909858
1.1915608
1.1921984
1.192861
1.1935141
1.1941312
1.1946806
1.1951795
1.1956098
1.1959659
1.1962426
1.1964477
1.1966203
1.1968007
1.197017
1.1972827
1.197603
1.197932
1.1982414
1.1984828
1.1986391
1.1986862
1.1986968
1.1987711
1.1989228
1.1991081
1.1992699
1.1993622
1.1994098
1.1994661
1.1995536
1.1996452
1.1997226
1.1997845
1.1998496
1.1999106
1.1999814
1.2000392
1.2001106
1.2001635
1.2002422
1.2002879
1.2003868
1.2004115
1.2005886
1.1895656
1.1895615
1.1895532
1.189543
1.1895345
1.1895288
1.1895246
1.1895221
1.1895198
1.1895179
1.1895182
1.1895245
1.1895408
1.1895793
1.1896617
1.1898061
1.1900468
1.1904064
1.1908851
1.1914705
1.1921272
1.1928049
1.1934775
1.1941127
1.1946786
1.1951818
1.1956169
1.1959769
1.196251
1.1964491
1.1966143
1.1967901
1.1970038
1.1972696
1.1975935
1.1979281
1.1982464
1.1984984
1.1986663
1.1987163
1.198723
1.1987873
1.1989333
1.1991176
1.1992839
1.1993811
1.1994291
1.1994826
1.1995674
1.1996584
1.199736
1.1997975
1.1998614
1.1999214
1.1999909
1.2000478
1.2001178
1.2001696
1.2002466
1.2002916
1.2003883
1.2004125
1.2005857
1.1895405
1.1895453
1.1895518
1.189551
1.1895484
1.1895475
1.1895475
1.1895472
1.1895473
1.1895474
1.1895473
1.1895502
1.1895617
1.1895885
1.1896508
1.1897733
1.1899921
1.1903354
1.1908079
1.191397
1.1920622
1.1927521
1.1934372
1.1940868
1.1946754
1.1951775
1.1956093
1.1959814
1.1962588
1.1964531
1.1966124
1.1967843
1.1969942
1.1972582
1.197584
1.1979211
1.1982467
1.1985083
1.1986878
1.1987431
1.1987477
1.1988027
1.1989426
1.199125
1.1992951
1.1993978
1.1994464
1.1994976
1.1995798
1.1996701
1.199748
1.1998094
1.1998724
1.1999313
1.1999997
1.2000559
1.2001245
1.2001755
1.2002507
1.2002951
1.2003898
1.2004136
1.200583
1.1893753
1.1894195
1.1894719
1.18951
1.1895331
1.1895521
1.1895701
1.1895843
1.1895952
1.1896032
1.1896083
1.1896139
1.1896216
1.1896418
1.189688
1.1897881
1.1899823
1.1903062
1.1907635
1.1913446
1.1920077
1.192705
1.1933948
1.1940521
1.1946572
1.1951719
1.1955901
1.1959722
1.1962631
1.196458
1.1966145
1.1967837
1.1969897
1.1972501
1.1975742
1.1979112
1.1982419
1.1985117
1.1987033
1.1987666
1.1987699
1.198818
1.1989513
1.1991305
1.1993038
1.1994119
1.199462
1.1995113
1.199591
1.1996806
1.1997588
1.1998202
1.1998824
1.1999405
1.2000079
1.2000635
1.2001309
1.2001811
1.2002547
1.2002986
1.2003912
1.2004148
1.2005807
1.1890131
1.1891084
1.1892097
1.1893087
1.1893966
1.1894708
1.1895348
1.1895885
1.1896339
1.1896677
1.1896895
1.1897082
1.1897204
1.1897367
1.1897763
1.1898631
1.1900357
1.190341
1.190774
1.1913319
1.191988
1.1926862
1.1933706
1.1940243
1.1946309
1.1951624
1.1955797
1.1959518
1.196263
1.1964641
1.1966209
1.1967896
1.1969921
1.1972476
1.1975648
1.1979017
1.1982337
1.1985096
1.1987132
1.1987881
1.1987904
1.1988336
1.198959
1.1991352
1.1993103
1.1994234
1.1994762
1.1995239
1.1996011
1.1996899
1.1997685
1.1998302
1.1998917
1.1999491
1.2000156
1.2000706
1.200137
1.2001865
1.2002587
1.200302
1.2003927
1.200416
1.2005786
1.1902062
1.1905296
1.1907634
1.1909533
1.1911129
1.1912318
1.1912937
1.1913111
1.1913014
1.1903615
1.1906862
1.1909232
1.1911154
1.1912684
1.1913728
1.1914249
1.1914377
1.1914269
1.1904608
1.1907831
1.1910418
1.1912445
1.1913993
1.1915006
1.1915495
1.1915608
1.19155
1.1905743
1.1909085
1.1911847
1.1913914
1.1915408
1.191636
1.191681
1.1916906
1.1916798
1.1906962
1.1910396
1.1913245
1.1915326
1.1916774
1.1917676
1.1918103
1.1918197
1.19181
1.1908091
1.1911515
1.1914433
1.1916595
1.1918019
1.1918916
1.1919352
1.1919463
1.1919387
1.190911
1.1912526
1.1915435
1.1917626
1.1919146
1.1920098
1.1920571
1.192072
1.1920677
1.1910018
1.1913448
1.1916391
1.1918626
1.1920251
1.1921271
1.1921794
1.1921988
1.1921984
1.191091
1.1914307
1.1917319
1.1919676
1.1921386
1.1922468
1.1923042
1.1923283
1.1923318
1.1911879
1.1915236
1.1918329
1.1920792
1.1922573
1.192371
1.1924336
1.1924621
1.192469
1.1913
1.1916384
1.1919504
1.1922013
1.1923838
1.1925023
1.1925692
1.1926013
1.1926112
1.1914508
1.1917785
1.1920868
1.1923376
1.1925218
1.1926428
1.1927125
1.1927473
1.1927597
1.1916314
1.1919432
1.1922439
1.1924907
1.1926729
1.1927936
1.1928641
1.1929005
1.1929148
1.1918408
1.192134
1.1924225
1.1926606
1.192837
1.1929545
1.1930241
1.1930615
1.1930775
1.19208
1.1923502
1.1926207
1.1928451
1.1930119
1.1931237
1.1931909
1.1932282
1.1932454
1.1923376
1.1925817
1.1928302
1.1930376
1.1931923
1.1932967
1.1933604
1.1933967
1.1934143
1.1926015
1.1928168
1.1930404
1.1932292
1.1933713
1.1934682
1.1935285
1.193564
1.1935824
1.192854
1.1930398
1.1932379
1.1934088
1.1935397
1.1936309
1.1936893
1.1937251
1.1937449
1.19307
1.1932298
1.1934061
1.1935636
1.1936882
1.193778
1.1938381
1.1938768
1.1938999
1.1932389
1.1933767
1.1935359
1.1936858
1.1938106
1.1939048
1.193971
1.1940156
1.1940435
1.1933516
1.1934756
1.1936248
1.1937741
1.1939058
1.1940103
1.1940872
1.1941407
1.1941754
1.1934142
1.193532
1.1936796
1.1938358
1.1939812
1.1941021
1.194194
1.1942595
1.1943028
1.1934534
1.1935713
1.1937257
1.1938943
1.194057
1.1941965
1.1943048
1.1943827
1.1944343
1.1935208
1.1936434
1.1938052
1.1939854
1.1941631
1.1943185
1.1944405
1.194529
1.1945879
1.193683
1.1938099
1.1939743
1.1941571
1.1943393
1.1945007
1.194629
1.1947228
1.1947855
1.1939824
1.1941016
1.1942568
1.1944293
1.1946023
1.194757
1.1948812
1.1949731
1.1950352
1.1943981
1.1945016
1.1946383
1.1947898
1.1949425
1.1950803
1.1951921
1.1952761
1.1953334
1.1948879
1.1949714
1.1950833
1.1952075
1.1953334
1.1954484
1.1955429
1.1956152
1.1956656
1.1954027
1.1954632
1.195547
1.1956411
1.1957378
1.1958276
1.195903
1.1959624
1.1960052
1.1958846
1.1959224
1.1959784
1.1960434
1.1961125
1.1961792
1.1962378
1.1962862
1.1963231
1.196281
1.1962995
1.1963319
1.1963725
1.1964192
1.1964682
1.1965151
1.196557
1.1965917
1.1965672
1.1965684
1.1965793
1.1965979
1.1966247
1.1966584
1.1966962
1.196734
1.1967683
1.1967146
1.1967015
1.1966947
1.1966951
1.1967052
1.1967264
1.1967573
1.1967936
1.1968304
1.1967626
1.1967387
1.196719
1.1967066
1.1967057
1.1967192
1.1967462
1.1967821
1.196821
1.1967475
1.1967176
1.1966886
1.1966651
1.1966528
1.1966555
1.196673
1.1967008
1.196733
1.1967037
1.1966565
1.196608
1.1965642
1.1965326
1.1965176
1.1965194
1.196534
1.1965559
1.1966718
1.1966186
1.1965597
1.1964963
1.196436
1.196391
1.1963671
1.1963623
1.1963698
1.1967341
1.196669
1.1965982
1.1965333
1.1964852
1.1964563
1.1964431
1.1964416
1.1964485
1.1969711
1.1969265
1.1968785
1.1968301
1.1967861
1.196752
1.196731
1.1967234
1.1967258
1.1973128
1.1972658
1.1972113
1.197153
1.1970974
1.1970506
1.1970164
1.1969957
1.1969861
1.1975563
1.1975061
1.1974479
1.1973849
1.1973225
1.197267
1.1972227
1.1971913
1.1971719
1.1976977
1.1976419
1.1975766
1.1975055
1.1974332
1.1973666
1.1973122
1.1972715
1.1972432
1.1977657
1.19769
1.1976008
1.1975033
1.1974077
1.1973227
1.1972525
1.1971992
1.1971616
1.1978098
1.1977238
1.1976207
1.1975063
1.1973903
1.1972828
1.1971916
1.1971203
1.1970676
1.1979202
1.197834
1.1977297
1.197612
1.1974901
1.1973756
1.197277
1.1971973
1.1971365
1.1981208
1.1980435
1.1979489
1.1978411
1.1977276
1.1976173
1.1975181
1.197435
1.1973693
1.1983301
1.1982599
1.1981719
1.1980683
1.197956
1.1978442
1.197741
1.1976524
1.1975805
1.1984867
1.1984168
1.1983274
1.1982193
1.1980983
1.197975
1.1978606
1.1977625
1.197683
1.1986318
1.1985625
1.1984725
1.198362
1.1982357
1.1981031
1.1979763
1.1978649
1.1977733
1.198784
1.1987203
1.1986373
1.198534
1.1984135
1.1982834
1.1981543
1.198036
1.1979351
1.1989463
1.1988911
1.1988188
1.1987282
1.1986209
1.198502
1.1983796
1.1982627
1.1981585
1.1990954
1.1990481
1.1989859
1.1989074
1.1988132
1.1987068
1.1985942
1.1984831
1.1983801
1.1992459
1.1992054
1.199152
1.1990843
1.1990025
1.1989089
1.1988076
1.1987046
1.1986059
1.1993807
1.1993462
1.1993008
1.1992433
1.1991737
1.1990935
1.1990061
1.1989156
1.1988268
1.1995299
1.1995016
1.1994644
1.1994172
1.19936
1.1992941
1.1992217
1.199146
1.1990705
1.1996542
1.199631
1.1996005
1.1995619
1.1995151
1.1994611
1.1994017
1.1993393
1.1992766
1.1998002
1.1997819
1.1997578
1.1997272
1.1996901
1.1996471
1.1995996
1.1995495
1.1994989
1.1999096
1.1998951
1.1998759
1.1998515
1.1998219
1.1997874
1.1997493
1.1997092
1.1996687
1.2000572
1.2000463
1.2000319
1.2000136
1.1999911
1.199965
1.1999358
1.1999048
1.1998735
1.2001404
1.2001321
1.2001211
1.200107
1.2000898
1.2000697
1.2000474
1.2000238
1.2000001
1.2003083
1.2003027
1.2002952
1.2002854
1.2002732
1.2002587
1.2002424
1.2002248
1.2002069
1.2003567
1.200353
1.2003477
1.2003406
1.2003316
1.2003209
1.2003086
1.2002955
1.2002823
1.2006628
1.2006654
1.2006671
1.2006681
1.2006709
1.2006711
1.2006699
1.2006678
1.2006648
1.1912483
1.19117
1.191094
1.1910377
1.1910286
1.1911237
1.1913752
1.1913083
1.1912447
1.1911991
1.191198
1.1912962
1.1915029
1.1914435
1.1913881
1.1913497
1.1913505
1.1914392
1.1916371
1.1915827
1.1915315
1.1914957
1.1914948
1.1915743
1.1917718
1.1917223
1.1916754
1.1916424
1.1916405
1.1917136
1.1919056
1.1918613
1.1918192
1.1917893
1.1917872
1.191855
1.19204
1.1920008
1.1919632
1.1919362
1.1919338
1.1919959
1.1921759
1.1921414
1.1921077
1.1920833
1.1920803
1.192136
1.1923138
1.1922835
1.1922534
1.1922308
1.1922269
1.1922761
1.192455
1.1924284
1.1924012
1.1923803
1.1923753
1.1924175
1.1926005
1.1925769
1.1925521
1.192532
1.1925253
1.1925599
1.1927519
1.192731
1.1927081
1.1926889
1.1926805
1.192708
1.1929092
1.1928904
1.1928693
1.1928512
1.1928432
1.1928736
1.1930745
1.193059
1.1930412
1.1930269
1.1930238
1.1930625
1.1932446
1.193232
1.1932172
1.193205
1.1932008
1.1932186
1.193415
1.1934048
1.1933926
1.193382
1.193377
1.1933884
1.1935849
1.1935774
1.1935672
1.1935581
1.1935521
1.1935572
1.1937501
1.1937455
1.1937384
1.1937309
1.1937254
1.193729
1.1939087
1.1939084
1.1939045
1.1939005
1.193898
1.1939043
1.1940574
1.1940615
1.1940618
1.19406
1.1940583
1.1940628
1.1941952
1.1942047
1.1942093
1.1942121
1.1942155
1.1942281
1.1943297
1.1943448
1.1943541
1.19436
1.1943646
1.1943718
1.1944672
1.1944862
1.1944979
1.1945045
1.1945087
1.1945199
1.1946258
1.1946482
1.1946623
1.1946721
1.1946802
1.1946979
1.1948259
1.1948493
1.1948652
1.194876
1.1948871
1.1949095
1.1950746
1.1950981
1.1951139
1.1951274
1.1951431
1.1951735
1.1953699
1.1953913
1.1954078
1.1954228
1.1954441
1.1954886
1.1956975
1.1957173
1.1957335
1.195752
1.1957808
1.1958442
1.1960333
1.1960523
1.1960704
1.1960933
1.1961304
1.1962089
1.1963492
1.1963692
1.1963907
1.196418
1.1964617
1.1965456
1.1966186
1.1966428
1.1966686
1.1967024
1.196752
1.1968356
1.1967985
1.1968279
1.1968612
1.1969009
1.1969583
1.197054
1.1968663
1.1969051
1.1969479
1.1969993
1.1970683
1.1971738
1.1968624
1.1969087
1.1969608
1.1970209
1.1970995
1.1972105
1.1967683
1.1968102
1.1968591
1.1969195
1.197005
1.1971512
1.1965841
1.196621
1.1966666
1.1967268
1.1968185
1.1969926
1.1963848
1.1964074
1.1964412
1.1964894
1.196573
1.1967629
1.1964608
1.1964796
1.1965066
1.1965496
1.1966215
1.1967697
1.1967335
1.1967467
1.1967704
1.19681
1.1968775
1.1970039
1.1969833
1.196987
1.1970018
1.1970322
1.197092
1.1972126
1.1971598
1.1971546
1.1971579
1.1971765
1.1972202
1.197312
1.1972237
1.1972122
1.1972106
1.1972211
1.1972557
1.1973372
1.1971347
1.197115
1.1971029
1.1971022
1.1971229
1.1971946
1.1970261
1.196991
1.1969626
1.1969426
1.1969429
1.1969941
1.1970873
1.1970445
1.1970096
1.196984
1.1969698
1.196976
1.1973132
1.197261
1.1972138
1.1971715
1.1971338
1.1971122
1.197518
1.1974582
1.1974021
1.1973493
1.1973022
1.197271
1.1976139
1.1975485
1.1974873
1.1974297
1.1973765
1.1973336
1.1976928
1.1976154
1.1975426
1.1974743
1.1974121
1.1973625
1.1978431
1.197751
1.1976615
1.1975742
1.1974916
1.1974234
1.1980596
1.1979564
1.1978523
1.1977468
1.1976419
1.1975463
1.1982778
1.1981659
1.1980487
1.1979271
1.1978053
1.1976944
1.1985041
1.1983867
1.198257
1.1981165
1.1979731
1.1978424
1.1987319
1.1986168
1.1984823
1.1983264
1.1981578
1.1979999
1.1989877
1.1988827
1.1987526
1.1985903
1.1984001
1.1982092
1.1992069
1.199116
1.1989992
1.1988438
1.1986468
1.1984372
1.199442
1.1993663
1.1992666
1.1991274
1.1989345
1.1987083
1.1996229
1.1995613
1.1994796
1.1993628
1.1991921
1.198977
1.1998378
1.1997889
1.1997237
1.1996283
1.1994815
1.1992804
1.1999729
1.1999355
1.1998856
1.1998127
1.1996989
1.1995383
1.2001862
1.200157
1.2001177
1.2000596
1.1999662
1.1998275
1.2002669
1.2002449
1.2002157
1.2001728
1.2001038
1.2000004
1.20066
1.2006517
1.2006395
1.2006199
1.2005837
1.2005265
1.2029803
1.203593
1.2042061
1.2047371
1.2050915
1.2053456
1.2020385
1.2026844
1.2033142
1.2038401
1.2041591
1.2042893
1.2010207
1.201684
1.2023127
1.2028269
1.2031294
1.2032207
1.1998972
1.2005575
1.2011661
1.2016531
1.2019237
1.2019416
1.1986797
1.1993225
1.1999037
1.2003671
1.2006336
1.2006916
1.1973771
1.197985
1.1985238
1.1989481
1.1991854
1.1991993
1.1960047
1.196565
1.1970571
1.1974516
1.197699
1.1977746
1.194654
1.1951735
1.1956292
1.1959988
1.1962422
1.1963253
1.1933275
1.1937961
1.1942056
1.1945373
1.1947534
1.1948003
1.1920535
1.1924589
1.1928114
1.1930972
1.1932842
1.1933152
1.1909233
1.1912669
1.191563
1.1918074
1.1919724
1.1920028
1.1899742
1.1902547
1.1904964
1.1906943
1.1908351
1.1908893
1.1892652
1.1894947
1.1896939
1.1898628
1.1899888
1.1900576
1.1889134
1.1890323
1.189135
1.1892282
1.1893243
1.1894455
1.1886498
1.1887489
1.1888366
1.1889185
1.1890033
1.1891154
1.1886508
1.1887175
1.188772
1.188824
1.1888915
1.1890049
1.1887886
1.1888162
1.1888386
1.1888646
1.1889104
1.1890289
1.1890272
1.189024
1.1890204
1.1890273
1.1890625
1.1891866
1.1893435
1.1893157
1.1892911
1.1892827
1.1893107
1.1894307
1.1896947
1.1896466
1.189603
1.1895777
1.1895922
1.1897132
1.1900552
1.1899941
1.1899403
1.1899092
1.1899237
1.1900373
1.1903969
1.1903259
1.1902604
1.1902149
1.1902132
1.1903281
1.1907261
1.1906511
1.190584
1.1905412
1.1905451
1.1906493
1.190974
1.1909014
1.1908324
1.1907809
1.1907703
1.1908705
1.2068937
1.2052216
1.2036727
1.202267
1.2012929
1.200896
1.2010494
1.2015964
1.2023045
1.2047224
1.2032247
1.2017739
1.2005836
1.1998299
1.1996118
1.1999028
1.2005528
1.2013363
1.2021455
1.2009875
1.1998301
1.1988881
1.1983417
1.1982853
1.1986961
1.1994329
1.2002815
1.1995322
1.1986902
1.1978157
1.1971453
1.1968085
1.1969109
1.1974318
1.1982421
1.1991376
1.1968515
1.196332
1.195754
1.1953377
1.1952301
1.1955039
1.1961282
1.1969964
1.1979178
1.1941667
1.1939526
1.1936867
1.1935439
1.1936579
1.1940898
1.1948062
1.1957119
1.1966339
1.1915696
1.1916435
1.1916811
1.1918123
1.192138
1.1927084
1.193495
1.1944102
1.1953031
1.1891483
1.1894847
1.1898047
1.1901924
1.1907126
1.1914013
1.1922372
1.1931432
1.1939952
1.1869354
1.1875225
1.1881052
1.1887283
1.1894195
1.1902029
1.1910627
1.191935
1.1927255
1.1851869
1.1858983
1.1866695
1.1874769
1.1883021
1.1891523
1.1900082
1.1908203
1.191526
1.1829552
1.1839949
1.1852284
1.1863413
1.1873416
1.188272
1.1891154
1.1898557
1.1904708
1.1823086
1.1834334
1.1844766
1.1855291
1.1865985
1.1876115
1.188432
1.189087
1.1896021
1.1817001
1.1829564
1.184236
1.1854989
1.1865473
1.1873765
1.1880536
1.1885594
1.1889598
1.1814956
1.1827792
1.1840991
1.1853651
1.1864493
1.1872965
1.1879547
1.18844
1.1887408
1.1816831
1.1829437
1.18424
1.1854622
1.1865124
1.1873221
1.187897
1.1882771
1.1885084
1.1822814
1.183466
1.184682
1.1858412
1.1868184
1.1875485
1.1880439
1.1883566
1.1885412
1.1831781
1.1842308
1.1853303
1.1863829
1.1872676
1.1879206
1.1883489
1.1885983
1.1887253
1.1843046
1.1851896
1.1861287
1.1870405
1.1878111
1.1883743
1.1887298
1.1889197
1.1889997
1.1855859
1.1862711
1.1870134
1.18776
1.1884023
1.1888705
1.1891566
1.1892977
1.1893429
1.1868867
1.1873666
1.187906
1.1884822
1.1889947
1.1893709
1.1895949
1.1896961
1.1897152
1.1880385
1.1883646
1.1887347
1.1891583
1.1895522
1.1898456
1.1900174
1.1900881
1.1900895
1.1889632
1.1891751
1.189425
1.1897372
1.1900408
1.1902696
1.1904008
1.1904492
1.1904396
1.1896159
1.1898496
1.1900363
1.1902574
1.1904802
1.1906536
1.190754
1.1907878
1.1907717
1.1897385
1.1899471
1.1901847
1.1904509
1.1906904
1.190873
1.1909815
1.1910247
1.1910179
1.2122337
1.2122083
1.211602
1.210667
1.209695
1.2087558
1.2081702
1.2085063
1.2081468
1.2074723
1.2067787
1.2061309
1.2040069
1.2047016
1.2045571
1.204137
1.2037033
1.2032961
1.1998555
1.2008225
1.2008758
1.2007083
1.2005342
1.2003747
1.1957391
1.1969524
1.1971748
1.1972477
1.1973192
1.1973927
1.1917351
1.1931835
1.1935338
1.1938335
1.1941329
1.1944193
1.1879155
1.1895505
1.1900637
1.1905612
1.1910635
1.1915449
1.1843651
1.186179
1.1868546
1.1875296
1.1882121
1.1888679
1.1813119
1.1832132
1.1839517
1.1847623
1.1856008
1.1864129
1.1784263
1.180569
1.1816595
1.1826401
1.1836177
1.1845309
1.1769754
1.1790413
1.1795387
1.1803907
1.1813009
1.1821897
1.1746654
1.1769502
1.177533
1.1786247
1.179841
1.181095
1.1725032
1.174878
1.1760655
1.1775006
1.1789939
1.1803988
1.1713149
1.174495
1.176011
1.1774332
1.1788406
1.1801873
1.1717605
1.1750266
1.1762826
1.1776142
1.1790219
1.1803736
1.173009
1.1757928
1.1769608
1.1782742
1.1796771
1.1810081
1.1744666
1.1769998
1.1781772
1.1794355
1.1807679
1.1820202
1.1763366
1.1785235
1.1797172
1.1809679
1.1822059
1.1833209
1.1789194
1.1807383
1.1817129
1.1827599
1.1838181
1.1847832
1.1816272
1.1829188
1.1838091
1.1846646
1.1855154
1.18629
1.1849131
1.1854071
1.1858099
1.1863681
1.1869947
1.1875999
1.1866652
1.1872359
1.1875858
1.1878322
1.1882304
1.1886605
1.1883894
1.1879905
1.1881169
1.1885423
1.1888623
1.1892515
1.1891458
1.1886118
1.1882938
1.1885206
1.1891389
1.1895371
1.1889091
1.1891052
1.1888226
1.1885396
1.188654
1.1892872
1.1892166
1.1891839
1.1891203
1.1889453
1.1888468
1.1889767
1.1892368
1.1892347
1.1892168
1.1891917
1.1891384
1.1892194
1.1892818
1.1892919
1.1892849
1.1892909
1.1893073
1.1893813
1.1893059
1.1893211
1.1893266
1.1893348
1.1893542
1.1893965
1.1893487
1.1893583
1.1893581
1.1893605
1.1893664
1.1893805
1.1894097
1.1894104
1.1894011
1.1893948
1.18939
1.1893892
1.1894923
1.1894755
1.1894567
1.1894379
1.1894244
1.1894164
1.1895858
1.1895549
1.18952
1.1894872
1.1894629
1.1894491
1.189686
1.1896454
1.1895934
1.1895442
1.1895094
1.1894881
1.1897841
1.1897336
1.1896705
1.1896075
1.18956
1.1895297
1.1898516
1.1897885
1.1897177
1.1896481
1.1895955
1.1895609
1.1899046
1.1897991
1.1897303
1.1896642
1.1896128
1.1895786
1.1898898
1.1898215
1.1897499
1.1896802
1.1896272
1.1895923
1.1898436
1.1897904
1.1897273
1.1896653
1.1896187
1.1895878
1.1897745
1.1897319
1.1896807
1.1896339
1.1895998
1.1895767
1.1897078
1.1896722
1.1896377
1.1896065
1.1895829
1.1895688
1.1896467
1.189625
1.1896056
1.1895876
1.1895745
1.1895663
1.1895931
1.1895873
1.1895766
1.1895709
1.189566
1.1895629
1.1895529
1.1895656
1.1895619
1.1895629
1.1895647
1.189568
1.1895324
1.1895649
1.1895595
1.1895643
1.1895719
1.1895794
1.1895374
1.1895631
1.1895511
1.1895526
1.1895616
1.1895674
1.1895509
1.1895356
1.1895087
1.1894923
1.1894507
1.1893913
1.1895158
1.1895268
1.1894787
1.1893499
1.1891162
1.1889797
1.2023765
1.2032366
1.2033572
1.2031733
1.2028526
1.2025271
1.206247
1.2068149
1.2067443
1.2063588
1.2058216
1.2051653
1.2100516
1.2103535
1.2100891
1.209496
1.2087498
1.2078687
1.2137551
1.2138038
1.213342
1.2125414
1.2115866
1.2105057
1.2173104
1.2171115
1.2164506
1.2154446
1.2142908
1.2130207
1.2206775
1.2202222
1.2193579
1.2181504
1.2168143
1.2153876
1.223738
1.2230274
1.221969
1.220583
1.2190946
1.2175666
1.2262836
1.2254242
1.2242185
1.2227162
1.2211042
1.2194939
1.2284329
1.2276464
1.2263084
1.2246825
1.2229826
1.2212151
1.2304029
1.2295468
1.2281104
1.2263842
1.2245333
1.222653
1.2320162
1.2310487
1.2295308
1.2277131
1.2257632
1.2238002
1.2332412
1.2322425
1.2306583
1.228716
1.2266831
1.2246547
1.2341121
1.2329818
1.2313375
1.2293709
1.2273123
1.2252485
1.2345871
1.232997
1.2313456
1.2294686
1.2274726
1.2254381
1.2343769
1.2331768
1.2315088
1.2295307
1.2274572
1.2253745
1.2338914
1.2328387
1.2312176
1.2292268
1.2271333
1.2250333
1.2328876
1.2318891
1.2303132
1.2283804
1.2263409
1.2242897
1.231566
1.230597
1.2290556
1.2272169
1.2252466
1.2232427
1.2299046
1.2290083
1.2275241
1.2257426
1.2238718
1.2219321
1.2278381
1.2270161
1.2256262
1.2239118
1.222097
1.2202493
1.2255277
1.2246455
1.2233674
1.2217722
1.2200392
1.218297
1.2228904
1.2220635
1.2209026
1.2194235
1.21782
1.2161658
1.2197479
1.2191407
1.2181287
1.2167801
1.2153032
1.2138216
1.2161488
1.2157545
1.2148958
1.2136768
1.2123185
1.2111878
1.1895141
1.1895135
1.1892991
1.1888961
1.1885884
1.1883964
1.189496
1.1891041
1.1886278
1.1882951
1.1884328
1.1888735
1.1888217
1.1883389
1.188026
1.1882582
1.1886213
1.1889513
1.187571
1.1876147
1.1878555
1.1880297
1.1882544
1.1885767
1.1860015
1.1866967
1.1867944
1.1870004
1.187409
1.1878729
1.1840759
1.184764
1.1852531
1.1858047
1.1864305
1.1870287
1.1815371
1.1830008
1.1836406
1.1843775
1.1852055
1.1859669
1.1789372
1.1809719
1.1819069
1.1829076
1.1839655
1.184892
1.1768884
1.1794523
1.1805117
1.1816009
1.1827889
1.1839037
1.1753338
1.1781223
1.1792445
1.1804868
1.1818232
1.1830739
1.1740997
1.1772911
1.1783722
1.1796717
1.1811116
1.1824743
1.1730094
1.1767536
1.1778551
1.1791971
1.1807023
1.1821454
1.1723733
1.1764701
1.1777848
1.1791903
1.1806994
1.1821666
1.17246
1.1762605
1.1778345
1.1794218
1.1809903
1.182489
1.1740177
1.17679
1.1778479
1.1795735
1.1812806
1.1828753
1.1760383
1.1787085
1.1790896
1.1804908
1.1819552
1.1834216
1.1775539
1.180584
1.1816546
1.1824784
1.1835362
1.1847712
1.1795272
1.182126
1.1831508
1.1843817
1.1855996
1.1868105
1.181977
1.1844135
1.1852484
1.1862647
1.1873665
1.1885089
1.1847198
1.186897
1.1877053
1.1885472
1.1894871
1.1905066
1.1878071
1.1897705
1.1904691
1.1911071
1.1918577
1.1927239
1.1911398
1.1928999
1.1934749
1.1939083
1.1944599
1.1951565
1.1947833
1.1962374
1.1966831
1.1969311
1.1973043
1.1978547
1.1985436
1.199701
1.2000051
1.2000733
1.2002297
1.2005368
1.2122182
1.2138632
1.2157176
1.2175616
1.2191705
1.2205529
1.2216331
1.222498
1.2230872
1.2233798
1.2234462
1.2232378
1.2227146
1.2219805
1.2209956
1.2197714
1.218302
1.216617
1.2147539
1.2127271
1.2105667
1.2082916
1.2060286
1.2039586
1.2124403
1.2133676
1.2150365
1.2166535
1.2179713
1.2191015
1.2200078
1.2207181
1.2211831
1.2214307
1.2214757
1.2212537
1.220793
1.2201572
1.2193072
1.2182451
1.2169961
1.2155787
1.213985
1.2122132
1.2103051
1.208264
1.2062255
1.2047189
1.212309
1.2129664
1.2144411
1.2157533
1.2168021
1.2176532
1.2183777
1.2189205
1.2192679
1.219461
1.2194688
1.219248
1.2188559
1.2183224
1.2176182
1.2167471
1.2157297
1.2145487
1.2132327
1.2117421
1.210132
1.2083796
1.206567
1.2053269
1.2120228
1.2125383
1.213755
1.2147584
1.2155472
1.216197
1.216736
1.2171256
1.2173831
1.2175226
1.2174885
1.2172804
1.2169538
1.2165128
1.2159386
1.2152344
1.2144137
1.2134743
1.2123631
1.2111642
1.2098389
1.208382
1.2068551
1.205858
1.2116459
1.212029
1.2129377
1.2136589
1.2142425
1.2147269
1.2151103
1.2153808
1.2155651
1.2156518
1.2155863
1.2153969
1.2151281
1.2147674
1.2143047
1.2137408
1.2130776
1.2123149
1.2114625
1.2105077
1.2094357
1.2082393
1.207003
1.2062686
1.2111857
1.2113708
1.2119925
1.2125154
1.2129423
1.213287
1.2135481
1.2137308
1.2138534
1.2138866
1.2138007
1.2136366
1.2134161
1.213124
1.2127564
1.2123139
1.2117964
1.2112035
1.2105426
1.2098032
1.2089689
1.2080036
1.2070163
1.206521
1.2105805
1.2106091
1.2109994
1.211382
1.2116912
1.2119259
1.2120949
1.2122178
1.212287
1.2122692
1.2121749
1.212036
1.2118537
1.2116181
1.2113282
1.2109844
1.2105865
1.2101333
1.2096259
1.2090637
1.2084369
1.2077083
1.2069306
1.2065969
1.2099295
1.209808
1.2100447
1.2103318
1.2105525
1.2107044
1.2108075
1.2108778
1.2108965
1.2108456
1.2107531
1.2106338
1.2104802
1.2102887
1.2100595
1.2097927
1.2094877
1.2091434
1.2087593
1.2083343
1.207862
1.2073277
1.2067653
1.2065447
1.2093625
1.2091845
1.2092858
1.2094623
1.2095949
1.2096788
1.2097352
1.2097574
1.2097279
1.2096606
1.2095746
1.2094678
1.2093352
1.2091766
1.2089922
1.2087819
1.2085451
1.208281
1.2079895
1.2076691
1.207312
1.2069073
1.2065053
1.2064121
1.2088534
1.2086188
1.2086513
1.2087632
1.2088436
1.2088908
1.2089073
1.208883
1.2088294
1.2087618
1.2086802
1.2085806
1.2084625
1.2083266
1.2081727
1.2080006
1.2078096
1.207599
1.2073689
1.2071186
1.2068412
1.206526
1.2062182
1.2061884
1.2084503
1.208248
1.2082675
1.2083333
1.2083788
1.2083884
1.2083638
1.2083194
1.2082641
1.2081971
1.208116
1.2080207
1.2079122
1.2077905
1.2076553
1.2075061
1.2073421
1.2071626
1.206967
1.2067544
1.2065201
1.2062612
1.2060189
1.2059765
1.2083576
1.2082227
1.2082103
1.2082216
1.2082254
1.2082097
1.2081797
1.2081393
1.2080876
1.2080235
1.2079473
1.2078597
1.2077613
1.2076517
1.2075298
1.2073944
1.2072444
1.2070789
1.2068971
1.2066959
1.2064696
1.2062275
1.2060417
1.2060118
1.2084402
1.2083918
1.2083771
1.2083698
1.2083582
1.2083386
1.2083106
1.2082734
1.2082258
1.2081674
1.2080985
1.2080197
1.2079319
1.2078356
1.2077304
1.2076146
1.2074862
1.2073439
1.2071859
1.2070083
1.2068019
1.2065649
1.2063537
1.2062856
1.2084379
1.2084514
1.208448
1.2084404
1.2084268
1.2084051
1.2083739
1.2083328
1.2082822
1.2082239
1.2081602
1.2080913
1.2080179
1.20794
1.2078566
1.2077681
1.2076749
1.2075776
1.2074765
1.2073715
1.2072589
1.2071326
1.2070117
1.2070123
1.2083961
1.2083906
1.2083666
1.2083372
1.2083028
1.208263
1.2082181
1.2081685
1.2081146
1.2080568
1.207995
1.2079295
1.2078603
1.2077872
1.2077101
1.2076291
1.2075443
1.2074561
1.2073652
1.2072725
1.2071783
1.2070856
1.2070112
1.2069983
1.2081845
1.2081469
1.2080996
1.2080538
1.2080083
1.2079621
1.2079151
1.2078676
1.2078198
1.2077715
1.2077228
1.2076736
1.2076235
1.2075723
1.2075193
1.2074638
1.207405
1.207342
1.2072739
1.2072002
1.2071205
1.2070381
1.2069652
1.2069166
1.2078276
1.2077826
1.2077322
1.2076845
1.207638
1.2075914
1.2075444
1.2074971
1.2074498
1.2074025
1.2073554
1.2073089
1.2072631
1.2072182
1.2071746
1.2071324
1.2070917
1.2070524
1.2070142
1.2069763
1.2069377
1.2068986
1.2068615
1.2068287
1.2074609
1.207417
1.2073686
1.2073224
1.2072774
1.2072328
1.2071886
1.2071452
1.2071025
1.2070607
1.2070196
1.2069791
1.206939
1.2068991
1.2068594
1.2068199
1.2067805
1.2067413
1.2067023
1.2066636
1.2066253
1.2065887
1.2065555
1.206525
1.2070776
1.2070362
1.2069912
1.2069484
1.2069073
1.2068673
1.2068281
1.2067899
1.2067526
1.2067163
1.2066809
1.2066467
1.2066137
1.2065819
1.2065514
1.2065221
1.206494
1.206467
1.206441
1.2064157
1.206391
1.2063672
1.2063454
1.2063248
1.206704
1.2066686
1.2066305
1.2065941
1.2065589
1.2065243
1.2064903
1.2064569
1.2064243
1.2063925
1.2063615
1.2063314
1.206302
1.2062734
1.2062456
1.2062185
1.2061922
1.2061667
1.2061421
1.2061185
1.2060961
1.2060752
1.2060564
1.2060382
1.2063394
1.2063095
1.2062774
1.2062466
1.2062171
1.2061884
1.2061604
1.2061333
1.2061071
1.2060818
1.2060574
1.206034
1.2060115
1.2059898
1.2059692
1.2059494
1.2059307
1.2059128
1.2058959
1.2058796
1.205864
1.2058494
1.2058365
1.2058242
1.2059917
1.2059681
1.2059427
1.2059182
1.2058945
1.2058713
1.2058485
1.2058262
1.2058045
1.2057834
1.2057629
1.205743
1.2057237
1.2057051
1.2056872
1.2056698
1.2056531
1.2056371
1.2056217
1.2056071
1.2055933
1.2055805
1.205569
1.2055576
1.2056722
1.2056539
1.2056342
1.2056152
1.2055967
1.2055787
1.2055611
1.2055441
1.2055276
1.2055117
1.2054964
1.2054818
1.2054677
1.2054543
1.2054415
1.2054293
1.2054178
1.2054069
1.2053966
1.2053869
1.2053777
1.2053692
1.2053617
1.2053544
1.205375
1.2053614
1.2053468
1.2053325
1.2053186
1.2053049
1.2052914
1.2052783
1.2052654
1.2052529
1.2052407
1.2052288
1.2052173
1.2052062
1.2051954
1.205185
1.205175
1.2051653
1.205156
1.2051471
1.2051387
1.2051307
1.2051234
1.205116
1.205123
1.2051129
1.2051023
1.2050918
1.2050815
1.2050713
1.2050613
1.2050515
1.2050421
1.205033
1.2050242
1.2050157
1.2050077
1.2049999
1.2049926
1.2049856
1.204979
1.2049728
1.2049669
1.2049614
1.2049562
1.2049513
1.204947
1.2049427
1.2048855
1.2048789
1.2048715
1.2048642
1.204857
1.2048498
1.2048427
1.2048356
1.2048287
1.2048219
1.2048152
1.2048086
1.2048021
1.2047958
1.2047895
1.2047833
1.2047773
1.2047713
1.2047654
1.2047597
1.2047541
1.2047487
1.2047436
1.2047382
1.2047077
1.204703
1.2046978
1.2046925
1.2046871
1.2046817
1.2046764
1.2046712
1.2046661
1.2046612
1.2046564
1.2046519
1.2046475
1.2046434
1.2046394
1.2046356
1.204632
1.2046284
1.2046249
1.2046214
1.2046179
1.2046144
1.2046108
1.2046069
1.2045342
1.204531
1.2045274
1.2045237
1.2045199
1.2045162
1.2045125
1.2045089
1.2045053
1.2045018
1.2044983
1.2044948
1.2044913
1.2044879
1.2044845
1.2044811
1.2044777
1.2044744
1.2044711
1.204468
1.2044649
1.2044619
1.2044589
1.2044557
1.2044241
1.2044218
1.2044192
1.2044164
1.2044135
1.2044106
1.2044078
1.204405
1.2044022
1.2043995
1.2043969
1.2043943
1.2043919
1.2043896
1.2043873
1.2043852
1.2043832
1.2043812
1.2043793
1.2043774
1.2043754
1.2043735
1.2043714
1.2043691
1.2043356
1.2043335
1.2043312
1.2043289
1.2043266
1.2043243
1.204322
1.2043198
1.2043176
1.2043154
1.2043132
1.204311
1.2043088
1.2043064
1.204304
1.2043015
1.2042989
1.2042962
1.2042933
1.2042904
1.2042874
1.2042844
1.2042812
1.2042779
1.2041812
1.2041793
1.2041774
1.2041757
1.2041742
1.2041729
1.2041718
1.2041708
1.20417
1.2041692
1.2041685
1.2041677
1.204167
1.2041662
1.2041655
1.2041647
1.2041639
1.2041631
1.2041623
1.2041614
1.2041605
1.2041595
1.2041585
1.2041573
1.2029706
1.2023467
1.201831
1.201674
1.2020312
1.202942
1.2042516
1.2055227
1.2068377
1.2035662
1.202975
1.2024831
1.2023256
1.2026581
1.2035297
1.204841
1.2062293
1.2073717
1.2041809
1.2036309
1.2031617
1.2029879
1.2032624
1.2040413
1.2052534
1.2066034
1.2076211
1.204819
1.2043113
1.2038661
1.2036741
1.203881
1.2045452
1.205603
1.2068046
1.2077064
1.2054659
1.2050053
1.2045869
1.2043767
1.20451
1.2050454
1.2059257
1.2069416
1.2077243
1.2060984
1.2056896
1.2053031
1.205078
1.2051365
1.205537
1.2062354
1.2070642
1.2077374
1.2067074
1.206346
1.2059919
1.2057572
1.205748
1.2060249
1.2065718
1.2072618
1.2077782
1.2072832
1.2069678
1.206645
1.2064109
1.2063608
1.2065679
1.207027
1.2075874
1.2078184
1.2077624
1.2075115
1.2072407
1.2070331
1.2069654
1.2070737
1.2072891
1.2075457
1.2076512
1.2081395
1.2079754
1.2077371
1.2074913
1.2073226
1.2072712
1.2073852
1.2075974
1.207645
1.2083463
1.2082502
1.2081497
1.2080021
1.2078482
1.2077417
1.20774
1.2077732
1.2076948
1.2085018
1.2084207
1.2083285
1.2082911
1.2082697
1.2082325
1.2081927
1.2081404
1.2080246
1.2084707
1.2084948
1.2084605
1.2083913
1.2083553
1.2083693
1.2084001
1.2084131
1.2083883
1.2083729
1.2083806
1.2084306
1.2084517
1.2084287
1.2083992
1.2083967
1.2084196
1.2084456
1.2082139
1.2082315
1.2082459
1.2082847
1.2083393
1.2083735
1.2083856
1.208395
1.2084049
1.207984
1.2079948
1.2080186
1.2080419
1.2080675
1.2081041
1.2081442
1.2081776
1.208196
1.2077018
1.2077121
1.2077255
1.2077464
1.2077709
1.2077925
1.2078119
1.2078319
1.2078453
1.2073815
1.2073877
1.2073999
1.2074133
1.2074277
1.2074437
1.2074596
1.2074745
1.2074826
1.2070297
1.2070361
1.2070456
1.2070573
1.207069
1.2070787
1.2070871
1.2070958
1.2071
1.206679
1.2066812
1.2066871
1.2066943
1.2067019
1.2067091
1.2067155
1.206722
1.2067245
1.2063176
1.2063217
1.206328
1.2063351
1.2063416
1.2063467
1.2063509
1.2063554
1.206357
1.2059845
1.2059843
1.2059867
1.2059904
1.2059944
1.205998
1.2060012
1.2060047
1.206006
1.2056597
1.2056617
1.2056655
1.2056698
1.2056737
1.2056768
1.2056793
1.2056821
1.2056834
1.205374
1.2053728
1.2053734
1.2053749
1.2053768
1.2053785
1.2053801
1.2053821
1.2053834
1.2051183
1.2051186
1.2051201
1.205122
1.2051239
1.2051254
1.2051266
1.2051281
1.2051292
1.2048876
1.2048861
1.2048856
1.2048859
1.2048865
1.2048871
1.2048879
1.2048891
1.2048898
1.2047054
1.2047055
1.2047064
1.2047076
1.2047086
1.2047093
1.2047099
1.2047106
1.204711
1.2045404
1.2045391
1.2045383
1.2045377
1.2045372
1.2045368
1.2045365
1.2045366
1.2045366
1.2044316
1.2044305
1.2044297
1.204429
1.2044282
1.2044274
1.2044267
1.2044262
1.2044259
1.2043434
1.2043425
1.2043418
1.204341
1.2043401
1.2043392
1.2043383
1.2043378
1.2043374
1.2041982
1.2041968
1.2041952
1.2041934
1.2041914
1.2041894
1.2041874
1.2041853
1.2041834
1.2036101
1.2042069
1.2047726
1.2053562
1.2059421
1.2065092
1.2070563
1.2075572
1.2079482
1.2082518
1.2084545
1.2085219
1.2084664
1.2083795
1.208208
1.2079904
1.2077013
1.2073878
1.2070317
1.2066851
1.2063198
1.20599
1.2056619
1.2053783
1.2051204
1.204891
1.2047064
1.2045425
1.2044332
1.2043443
1.2041997
1.2041627
1.2047182
1.2052459
1.2057849
1.2063213
1.2068345
1.2073242
1.2077462
1.2080786
1.2083738
1.2085104
1.2085305
1.2084865
1.2083922
1.2082246
1.2080072
1.2077173
1.2074052
1.2070455
1.2067005
1.2063309
1.2060026
1.2056703
1.2053874
1.2051268
1.2048976
1.2047102
1.2045467
1.2044364
1.2043463
1.204201
1.2047455
1.2052574
1.2057373
1.2062214
1.2066971
1.2071398
1.2075449
1.2079015
1.20825
1.2084548
1.2085397
1.2085718
1.2085229
1.2084283
1.2082622
1.2080423
1.2077535
1.2074376
1.2070769
1.2067283
1.2063562
1.2060252
1.2056895
1.2054037
1.2051406
1.2049092
1.2047191
1.2045547
1.2044431
1.2043515
1.204203
1.2052484
1.2057133
1.206149
1.206577
1.206994
1.2073746
1.2077531
1.208158
1.2083844
1.2085469
1.2086378
1.2086691
1.2086211
1.2085205
1.2083569
1.2081256
1.2078391
1.2075135
1.207153
1.2067944
1.2064215
1.2060805
1.2057422
1.2054441
1.2051782
1.2049369
1.2047457
1.2045752
1.2044599
1.2043593
1.2042087
1.2055865
1.205982
1.2064257
1.2068397
1.2073044
1.2077767
1.2081281
1.2084037
1.2085957
1.2087579
1.208844
1.2088732
1.2088243
1.208708
1.2085484
1.208308
1.2080217
1.2076837
1.2073245
1.2069535
1.2065816
1.2062286
1.2058949
1.2055711
1.2052958
1.2050267
1.2048353
1.2046428
1.2045226
1.2044012
1.2042561
1.2059363
1.2065057
1.2069273
1.2074458
1.207758
1.2081932
1.2083878
1.2086773
1.2088753
1.2090341
1.2091238
1.2091496
1.2090998
1.208965
1.2088066
1.2085642
1.2082722
1.207926
1.20756
1.2071784
1.2068021
1.2064352
1.2060915
1.2057665
1.2054913
1.2052167
1.2050174
1.2048123
1.2046853
1.2045466
1.2043726
)
;

boundaryField
{
    Side1
    {
        type            empty;
    }
    Inlet
    {
        type            calculated;
        value           nonuniform List<scalar> 
70
(
1.2042435
1.2042421
1.2042404
1.2042383
1.2042358
1.2042329
1.2042294
1.2042254
1.2042206
1.2042151
1.2042085
1.2042008
1.2041909
1.2041798
1.2041674
1.204153
1.2041363
1.2041166
1.2040932
1.2040652
1.2040326
1.2039942
1.2039529
1.2039087
1.2038548
1.2037949
1.2037312
1.203667
1.2036069
1.203557
1.2035261
1.2042742
1.204275
1.2042755
1.2042756
1.2042755
1.2042751
1.2042744
1.2042735
1.2042725
1.2042712
1.2042699
1.2042684
1.2042668
1.2042651
1.2042634
1.2042615
1.2042596
1.2042576
1.2042556
1.2042535
1.2042514
1.2042492
1.2042471
1.204245
1.2042609
1.2042628
1.2042647
1.2042668
1.2042687
1.2042704
1.2042718
1.204273
1.2042737
1.2042587
1.2042555
1.2042506
1.2042403
1.2042093
1.203755
)
;
    }
    Freestream
    {
        type            calculated;
        value           nonuniform List<scalar> 
118
(
1.2023987
1.2024042
1.2024104
1.2024175
1.2024256
1.2024348
1.2024452
1.202457
1.2024704
1.2024856
1.202503
1.202523
1.202546
1.2025724
1.2026027
1.2026371
1.2026758
1.2027188
1.202766
1.2028173
1.2028726
1.2029321
1.2029959
1.2030643
1.2031372
1.2032139
1.2032928
1.2033718
1.2034474
1.2035188
1.2035614
1.2022016
1.2022097
1.2022177
1.2022256
1.2022335
1.2022416
1.2022497
1.2022579
1.2022662
1.2022745
1.2022828
1.2022911
1.2022995
1.2023079
1.2023163
1.2023248
1.2023332
1.2023417
1.2023502
1.2023586
1.2023671
1.2023756
1.2023841
1.2023925
1.2021943
1.2021872
1.2021806
1.2021717
1.2021642
1.2021567
1.2021513
1.2021423
1.2021316
1.2021221
1.2021132
1.2021043
1.2020948
1.2020844
1.2020732
1.2020613
1.2020486
1.2020353
1.2020213
1.2020066
1.201991
1.2019747
1.2019576
1.2019398
1.2019212
1.201902
1.201882
1.2018617
1.2018407
1.2018196
1.201798
1.2017767
1.2017552
1.2017344
1.201714
1.2016947
1.2016766
1.2016601
1.2016455
1.2016334
1.2016228
1.2016168
1.2016114
1.2016103
1.2016121
1.2016172
1.2016246
1.2016373
1.2016504
1.2016689
1.2016865
1.2017105
1.2017323
1.2017602
1.2017839
1.2018137
1.2018375
1.2018684
1.2018916
1.2019226
1.2019453
1.2019741
1.2019961
)
;
    }
    Side2
    {
        type            empty;
    }
    Outlet
    {
        type            calculated;
        value           nonuniform List<scalar> 
70
(
1.200514
1.2005143
1.2005146
1.2005151
1.2005158
1.2005167
1.200518
1.2005197
1.2005222
1.2005255
1.2005302
1.2005366
1.2005453
1.2005571
1.2005732
1.2005951
1.200625
1.2006652
1.200719
1.2007901
1.2008825
1.2010006
1.2011491
1.2013341
1.2015716
1.2018677
1.202005
1.2020193
1.2020195
1.2020184
1.2020166
1.2004994
1.2005024
1.2005049
1.200507
1.2005087
1.2005101
1.2005112
1.200512
1.2005127
1.2005132
1.2005135
1.2005137
1.2005138
1.2005139
1.2005138
1.2005137
1.2005136
1.2005135
1.2005134
1.2005134
1.2005133
1.2005134
1.2005135
1.2005137
1.2004967
1.2004947
1.200492
1.2004884
1.2004838
1.2004783
1.2004721
1.2004654
1.2004587
1.2004508
1.2004394
1.200424
1.2004011
1.2003625
1.2003026
)
;
    }
    Botwall
    {
        type            calculated;
        value           nonuniform List<scalar> 
118
(
1.1911237
1.1912962
1.1914392
1.1915743
1.1917136
1.191855
1.1919959
1.192136
1.1922761
1.1924175
1.1925599
1.192708
1.1928736
1.1930625
1.1932186
1.1933884
1.1935572
1.193729
1.1939043
1.1940628
1.1942281
1.1943718
1.1945199
1.1946979
1.1949095
1.1951735
1.1954886
1.1958442
1.1962089
1.1965456
1.1968356
1.197054
1.1971738
1.1972105
1.1971512
1.1969926
1.1967629
1.1967697
1.1970039
1.1972126
1.197312
1.1973372
1.1971946
1.1969941
1.196976
1.1971122
1.197271
1.1973336
1.1973625
1.1974234
1.1975463
1.1976944
1.1978424
1.1979999
1.1982092
1.1984372
1.1987083
1.198977
1.1992804
1.1995383
1.1998275
1.2000004
1.2005265
1.2053456
1.2042893
1.2032207
1.2019416
1.2006916
1.1991993
1.1977746
1.1963253
1.1948003
1.1933152
1.1920028
1.1908893
1.1900576
1.1894455
1.1891154
1.1890049
1.1890289
1.1891866
1.1894307
1.1897132
1.1900373
1.1903281
1.1906493
1.1908705
1.2059363
1.2065057
1.2069273
1.2074458
1.207758
1.2081932
1.2083878
1.2086773
1.2088753
1.2090341
1.2091238
1.2091496
1.2090998
1.208965
1.2088066
1.2085642
1.2082722
1.207926
1.20756
1.2071784
1.2068021
1.2064352
1.2060915
1.2057665
1.2054913
1.2052167
1.2050174
1.2048123
1.2046853
1.2045466
1.2043726
)
;
    }
    Cyli
    {
        type            calculated;
        value           nonuniform List<scalar> 
96
(
1.2122337
1.2081702
1.2040069
1.1998555
1.1957391
1.1917351
1.1879155
1.1843651
1.1813119
1.1784263
1.1769754
1.1746654
1.1725032
1.1713149
1.1717605
1.173009
1.1744666
1.1763366
1.1789194
1.1816272
1.1849131
1.1866652
1.1883894
1.1891458
1.1889091
1.1892166
1.1892368
1.1892818
1.1893059
1.1893487
1.1894097
1.1894923
1.1895858
1.189686
1.1897841
1.1898516
1.1899046
1.1898898
1.1898436
1.1897745
1.1897078
1.1896467
1.1895931
1.1895529
1.1895324
1.1895374
1.1895509
1.1895158
1.2023765
1.206247
1.2100516
1.2137551
1.2173104
1.2206775
1.223738
1.2262836
1.2284329
1.2304029
1.2320162
1.2332412
1.2341121
1.2345871
1.2343769
1.2338914
1.2328876
1.231566
1.2299046
1.2278381
1.2255277
1.2228904
1.2197479
1.2161488
1.1895141
1.189496
1.1888217
1.187571
1.1860015
1.1840759
1.1815371
1.1789372
1.1768884
1.1753338
1.1740997
1.1730094
1.1723733
1.17246
1.1740177
1.1760383
1.1775539
1.1795272
1.181977
1.1847198
1.1878071
1.1911398
1.1947833
1.1985436
)
;
    }
}


// ************************************************************************* //
