/*--------------------------------*- C++ -*----------------------------------*\
| =========                 |                                                 |
| \\      /  F ield         | OpenFOAM: The Open Source CFD Toolbox           |
|  \\    /   O peration     | Version:  2406                                  |
|   \\  /    A nd           | Website:  www.openfoam.com                      |
|    \\/     M anipulation  |                                                 |
\*---------------------------------------------------------------------------*/
FoamFile
{
    version     2.0;
    format      ascii;
    arch        "LSB;label=32;scalar=64";
    class       volScalarField;
    location    "0.073";
    object      p;
}
// * * * * * * * * * * * * * * * * * * * * * * * * * * * * * * * * * * * * * //

dimensions      [1 -1 -2 0 0 0 0];

internalField   nonuniform List<scalar> 
8260
(
101071.74
100993.47
100948.42
100893.65
100843.69
100807.69
100787.81
100783.86
100794.87
100818.73
100855.62
100903.42
100959.13
101019.93
101081.05
101145.25
101184.27
101215.18
101240.4
101262.22
101281.54
101297.97
101312.58
101324.95
101335.6
101344.79
101352.4
101358.66
101363.81
101366.96
101369.24
101227.95
101159.15
101092.16
101020.53
100958.05
100910.29
100878.48
100863.23
100862.92
100876.37
100903.69
100943.21
100991.48
101046.54
101099.88
101158.03
101192.45
101223.32
101246.81
101267.25
101285.54
101301.14
101315.12
101326.99
101337.24
101346.12
101353.5
101359.58
101364.59
101367.65
101369.88
101333.43
101270.52
101197.05
101118.83
101050.03
100994.96
100954.81
100931.1
100922.61
100926.62
100946.12
100978.73
101021.13
101072.19
101120.05
101173.6
101203.04
101233.14
101254.35
101273.12
101290.19
101304.82
101318.06
101329.34
101339.13
101347.66
101354.76
101360.63
101365.49
101368.44
101370.61
101420.18
101361.12
101288.1
101208.2
101135.76
101075.36
101028.44
100996.67
100980.01
100976.79
100989.08
101015.07
101052.01
101099.22
101142.35
101190.76
101216.05
101244.24
101262.93
101279.81
101295.5
101309.02
101321.42
101332.02
101341.28
101349.41
101356.19
101361.83
101366.51
101369.34
101371.43
101495.17
101440.14
101370.58
101292.32
101219.02
101155.63
101103.88
101065.55
101041.55
101031.61
101036.82
101056.09
101087.37
101129.95
101167.93
101209.51
101231.82
101256.68
101272.69
101287.42
101301.54
101313.82
101325.25
101335.08
101343.74
101351.4
101357.83
101363.19
101367.68
101370.37
101372.37
101557.2
101506.06
101441.86
101368.27
101297.23
101233.66
101179.53
101136.83
101107.1
101091.06
101089.63
101102.31
101127.89
101165.04
101197.16
101230.15
101250.52
101270.62
101283.73
101296.09
101308.41
101319.28
101329.61
101338.57
101346.55
101353.67
101359.69
101364.74
101369
101371.53
101373.44
101606.06
101558.88
101500.8
101434.36
101368.44
101307.44
101253.51
101208.8
101175.27
101154.32
101147.09
101153.67
101173.84
101204.71
101230.02
101253.44
101271.88
101286.26
101296.2
101305.92
101316.23
101325.48
101334.56
101342.52
101349.74
101356.26
101361.8
101366.51
101370.5
101372.86
101374.65
101643.21
101600.66
101549.88
101491.72
101432.65
101376.37
101324.95
101280.52
101245.23
101220.91
101209
101210.3
101225.59
101248.9
101266.19
101280.9
101295.36
101303.8
101310.21
101317.07
101325.09
101332.54
101340.2
101347.02
101353.36
101359.2
101364.21
101368.52
101372.2
101374.37
101376.03
101673.05
101634.19
101590.79
101541.59
101490.64
101440.75
101393.77
101351.66
101316.57
101290.52
101275.26
101272.32
101283.23
101297.07
101305.73
101313.43
101320.53
101323.34
101325.91
101329.65
101335.07
101340.55
101346.62
101352.12
101357.46
101362.55
101366.95
101370.81
101374.14
101376.09
101377.59
101697.5
101664.79
101627.3
101586.58
101544.48
101502.09
101460.87
101422.62
101389.34
101363.08
101345.82
101339.64
101345.79
101349.73
101349.44
101349.39
101347.37
101344.93
101343.36
101343.75
101346.27
101349.62
101353.91
101357.93
101362.14
101366.36
101370.08
101373.43
101376.35
101378.06
101379.37
101717.28
101697.52
101669.41
101636.5
101600.81
101564.48
101528.7
101494.76
101464.24
101439.01
101421.22
101412.71
101412.84
101406.81
101396.39
101386.07
101376.25
101368.41
101362.57
101359.44
101358.8
101359.83
101362.14
101364.56
101367.47
101370.69
101373.64
101376.41
101378.86
101380.31
101381.39
101744.76
101731.45
101712.37
101686.49
101657.74
101628.18
101598.56
101569.71
101542.88
101519.9
101502.96
101492.03
101481.78
101464.42
101442.78
101423.02
101406.64
101393.42
101383.5
101376.7
101372.8
101371.2
101371.36
101372.09
101373.55
101375.59
101377.69
101379.81
101381.73
101382.87
101383.71
101788.02
101787.63
101776.08
101753.55
101728.27
101702.98
101678.02
101653.4
101629.62
101607.73
101588.16
101568.8
101544.59
101515.21
101485.78
101459.63
101437.67
101419.9
101405.92
101395.5
101388.22
101383.78
101381.6
101380.51
101380.43
101381.14
101382.28
101383.66
101385
101385.76
101386.36
101863.56
101849.52
101831.38
101809.66
101787.94
101768.54
101750.36
101730.83
101708.71
101684.03
101656.47
101625.68
101592.22
101557.67
101524.42
101494.62
101468.95
101447.22
101429.44
101415.55
101405.09
101397.57
101392.82
101389.81
101388.12
101387.41
101387.45
101388.01
101388.69
101389.03
101389.41
101894.37
101894.53
101891.54
101885.38
101871.33
101847.86
101821.35
101794.09
101764.45
101732.31
101698.63
101663.45
101627.86
101592.62
101558.67
101527.18
101499.09
101474.57
101453.56
101436.48
101423.01
101412.54
101405.08
101399.94
101396.62
101394.46
101393.26
101392.88
101392.83
101392.7
101392.88
101896.13
101887.46
101875.22
101860.25
101847.38
101837.37
101826.81
101814.59
101794.78
101765.15
101730.04
101692.92
101656.78
101622.06
101588.69
101556.65
101527.06
101500.8
101477.52
101457.71
101441.64
101428.52
101418.42
101411.01
101405.9
101402.3
101399.77
101398.3
101397.44
101396.8
101396.81
101888.16
101880.55
101871.07
101860.02
101848.16
101835.03
101818.58
101798.37
101779.4
101764.02
101743.95
101715.64
101681.61
101646.89
101614.33
101582.99
101552.57
101525.02
101500.44
101478.74
101460.47
101445.16
101432.77
101423.1
101415.99
101410.88
101406.98
101404.3
101402.55
101401.37
101401.2
101859.97
101853.96
101846.73
101838.45
101828.96
101817.98
101805.26
101790.68
101774.57
101756.36
101738.23
101721.95
101699.79
101668.3
101635.37
101605.07
101575.67
101547.22
101521.57
101498.77
101478.99
101462.07
101447.85
101436.11
101426.87
101420.09
101414.86
101410.9
101408.18
101406.44
101406.07
101834.33
101829.49
101823.66
101817
101809.39
101800.63
101790.58
101779.13
101766.18
101751.71
101734.99
101715.12
101696.45
101679.33
101652.37
101622.64
101595.09
101567.37
101540.73
101517.17
101496.63
101478.64
101463
101449.65
101438.43
101429.82
101423.3
101418.15
101414.4
101412.04
101411.41
101804.3
101800.5
101795.92
101790.72
101784.77
101777.95
101770.1
101761.12
101750.84
101739.11
101725.98
101711.73
101694.88
101677.83
101661.42
101637.07
101610.52
101584.49
101558.17
101534.12
101512.98
101494.33
101477.63
101463.06
101450.45
101440.09
101432.26
101426.05
101421.26
101418.23
101417.25
101777.33
101774.35
101770.76
101766.67
101762.01
101756.65
101750.49
101743.4
101735.24
101725.88
101715.13
101702.71
101689.15
101673.65
101658.67
101643.54
101621.02
101597.39
101573.6
101550.17
101528.42
101509.01
101491.53
101476.04
101462.65
101451
101441.79
101434.56
101428.8
101425.04
101423.61
101748.55
101746.24
101743.46
101740.3
101736.71
101732.56
101727.78
101722.28
101715.95
101708.68
101700.36
101690.92
101680.02
101667.8
101653.49
101640.27
101625.92
101605.48
101585.16
101564.34
101543.01
101523.19
101505.15
101488.87
101474.94
101462.48
101451.92
101443.63
101437.01
101432.51
101430.55
101722.14
101720.34
101718.18
101715.72
101712.92
101709.68
101705.93
101701.58
101696.56
101690.74
101684.01
101676.25
101667.4
101657.33
101646.18
101633.11
101620.93
101608.74
101593.02
101574.95
101555.51
101536.65
101518.57
101501.75
101487.07
101474.12
101462.52
101453.15
101445.79
101440.61
101438.09
101696
101694.63
101692.98
101691.12
101689
101686.55
101683.72
101680.45
101676.66
101672.28
101667.23
101661.41
101654.72
101647.14
101638.53
101628.58
101618.05
101607.62
101594.7
101578.5
101562.08
101546.33
101529.94
101513.66
101498.39
101485.17
101473.18
101462.98
101455.01
101449.28
101446.26
101672.83
101671.81
101670.58
101669.19
101667.6
101665.77
101663.64
101661.17
101658.3
101654.98
101651.11
101646.61
101641.42
101635.43
101628.58
101621.11
101612.63
101602.94
101594.16
101582.88
101567.62
101552.93
101537.58
101522.73
101508.33
101495.23
101483.52
101472.97
101464.55
101458.41
101455.01
101651.66
101650.93
101650.06
101649.08
101647.96
101646.65
101645.14
101643.37
101641.32
101638.91
101636.11
101632.83
101629
101624.54
101619.37
101613.3
101606.36
101598.52
101589
101581.14
101572.85
101559.01
101544.34
101530.46
101517.58
101504.86
101493.53
101483.05
101474.31
101467.9
101464.2
101632.43
101631.89
101631.25
101630.53
101629.7
101628.73
101627.62
101626.32
101624.81
101623.04
101620.98
101618.56
101615.75
101612.47
101608.56
101604.01
101598.75
101592.8
101586.59
101579.52
101572.23
101563.82
101551.05
101538.16
101526.62
101514.54
101503.21
101493.02
101484.17
101477.56
101473.67
101616.32
101615.94
101615.49
101614.98
101614.39
101613.71
101612.92
101611.99
101610.91
101609.65
101608.19
101606.48
101604.46
101602.06
101599.31
101596.15
101592.45
101588.1
101582.81
101576.35
101568.51
101561.57
101554.31
101543.81
101533.6
101523.03
101512.16
101502.4
101493.82
101487.15
101483.18
101604.8
101604.5
101604.16
101603.76
101603.31
101602.79
101602.19
101601.49
101600.68
101599.72
101598.59
101597.26
101595.68
101593.82
101591.62
101588.98
101585.83
101582.08
101577.65
101572.69
101567.39
101559.98
101552.95
101546.72
101537.63
101529.01
101519.75
101510.75
101502.72
101496.29
101492.36
101594.12
101593.86
101593.55
101593.2
101592.8
101592.33
101591.79
101591.15
101590.42
101589.55
101588.55
101587.38
101586.02
101584.45
101582.64
101580.53
101578.1
101575.3
101572.08
101568.24
101563.58
101558.59
101554.16
101548.76
101541.41
101533.64
101525.68
101517.72
101510.4
101504.43
101500.74
101582.14
101582.01
101581.86
101581.68
101581.47
101581.23
101580.95
101580.62
101580.23
101579.77
101579.22
101578.56
101577.78
101576.82
101575.65
101574.25
101572.58
101570.58
101568.2
101565.38
101562.1
101558.35
101553.92
101548.66
101542.7
101536.08
101529.02
101521.84
101515.07
101509.44
101505.98
100479.06
100464.94
100455.43
100445.95
100435.21
100428.04
100430.82
100445.26
100468.19
100503.69
100550.7
100607.52
100672.51
100743.13
100816.74
100896.68
100966.35
101039.04
101084.14
101131.07
101172.72
101207.69
101237.61
101262.84
101283.96
101301.55
101315.89
101327.27
101336.11
101341.9
101345.76
100490.88
100475.11
100454.59
100437.44
100424.5
100419.46
100426.72
100446.69
100476.98
100518.09
100568.88
100627.95
100693.84
100763.71
100835.75
100912.32
100980.92
101047
101087.35
101136.83
101177.62
101211.78
101240.95
101265.57
101286.19
101303.38
101317.41
101328.55
101337.23
101342.9
101346.71
100453.38
100428.22
100404.11
100389.61
100384.84
100389.97
100406.82
100435.87
100473.58
100520.8
100576.4
100638.91
100706.9
100777.42
100849.83
100924.1
100993.93
101054.36
101093.15
101143.2
101182.72
101215.97
101244.36
101268.34
101288.45
101305.23
101318.94
101329.84
101338.35
101343.91
101347.62
100392.64
100370.79
100353.61
100346.85
100350.07
100363.55
100388.46
100424.39
100468.7
100521.53
100581.51
100647.18
100717.2
100788.65
100862.44
100935
101005.36
101061.64
101100.27
101149.54
101187.77
101220.14
101247.77
101271.12
101290.72
101307.09
101320.48
101331.15
101339.49
101344.93
101348.53
100313.38
100299.4
100291.88
100295.81
100310.21
100334.7
100369.42
100413.36
100464.77
100523.22
100587.38
100655.97
100727.76
100800.04
100875.32
100946.96
101015.85
101068.5
101107.67
101155.81
101192.8
101224.3
101251.18
101273.9
101292.99
101308.96
101322.04
101332.46
101340.63
101345.95
101349.48
100219.04
100217.42
100223.92
100242.09
100269.94
100306.51
100351.45
100403.78
100462.23
100526.08
100594.16
100665.43
100738.77
100811.71
100888.31
100959.54
101025.32
101074.61
101115.17
101161.96
101197.79
101228.43
101254.57
101276.68
101295.27
101310.84
101323.6
101333.78
101341.78
101346.99
101350.44
100110.86
100127.91
100152.93
100187.85
100230.41
100279.58
100334.93
100395.72
100460.94
100529.87
100601.58
100675.28
100749.9
100823.33
100900.83
100971.85
101034.84
101080.49
101122.76
101168.01
101202.74
101232.53
101257.94
101279.45
101297.55
101312.73
101325.17
101335.11
101342.94
101348.02
101351.4
100000.62
100039.34
100084.15
100136.24
100193.57
100255.11
100320.63
100389.53
100461.06
100534.63
100609.61
100685.45
100761.1
100835.12
100912.93
100983.2
101044.67
101086.82
101130.39
101173.95
101207.65
101236.59
101261.3
101282.21
101299.83
101314.62
101326.75
101336.45
101344.11
101349.07
101352.38
99897.368
99957.21
100020.65
100089.35
100160.92
100234.14
100309.16
100385.54
100462.76
100540.45
100618.29
100695.95
100772.44
100847.95
100925.01
100993.45
101054.06
101093.86
101137.96
101179.8
101212.52
101240.62
101264.64
101284.96
101302.1
101316.5
101328.33
101337.8
101345.28
101350.12
101353.36
99805.28
99885.339
99965.132
100049.48
100134.18
100217.64
100301.06
100384.02
100466.17
100547.38
100627.61
100706.77
100784.07
100861.22
100936.97
101003.68
101062.68
101101.39
101145.44
101185.57
101217.34
101244.61
101267.95
101287.7
101304.36
101318.39
101329.91
101339.14
101346.46
101351.18
101354.34
99727.963
99825.105
99921.802
100019.29
100114.63
100206.36
100296.89
100385.25
100471.39
100555.44
100637.59
100718.04
100796.5
100874.66
100948.17
101013.79
101070.69
101109.2
101152.77
101191.25
101222.11
101248.57
101271.24
101290.42
101306.62
101320.27
101331.49
101340.49
101347.64
101352.24
101355.33
99673.218
99784.028
99892.648
99998.966
100101.8
100201.19
100297.36
100389.58
100478.61
100564.77
100648.42
100730.13
100809.85
100886.1
100957.97
101023.76
101078.44
101117.17
101159.96
101196.86
101226.82
101252.48
101274.49
101293.12
101308.86
101322.15
101333.06
101341.84
101348.83
101353.3
101356.32
99645.683
99764.372
99879.223
99990.722
100098.44
100202.11
100302.07
100397.64
100488.5
100576.01
100660.74
100743.24
100821.13
100895.34
100968.11
101033.12
101086.21
101125.23
101167.01
101202.4
101231.47
101256.34
101277.72
101295.79
101311.09
101324.01
101334.64
101343.2
101350.01
101354.36
101357.32
99645.809
99767.157
99882.83
99995.344
100104.69
100210.19
100312.25
100409.96
100502.22
100590.08
100674.42
100754.32
100830.93
100905.49
100977.88
101042.12
101094.26
101133.32
101173.9
101207.87
101236.07
101260.16
101280.9
101298.44
101313.3
101325.87
101336.21
101344.54
101351.2
101355.43
101358.32
99658.67
99784.297
99900.737
100012.65
100121.38
100226.75
100329.01
100425.74
100517.3
100603.26
100684.07
100763.39
100842.25
100915.79
100987.32
101051.6
101102.56
101141.44
101180.64
101213.26
101240.59
101263.93
101284.05
101301.06
101315.49
101327.71
101337.77
101345.89
101352.39
101356.5
101359.32
99679.596
99806.333
99924.318
100036.68
100144.38
100247.7
100347.33
100439.29
100526.15
100611.67
100695.78
100776.01
100854.03
100926
100996.67
101061.23
101111.02
101149.57
101187.2
101218.56
101245.05
101267.63
101287.15
101303.65
101317.66
101329.53
101339.32
101347.23
101353.57
101357.57
101360.33
99748.432
99857.034
99960.973
100064.57
100166.83
100265.38
100358.14
100449.99
100541.81
100627.33
100710.04
100789.4
100865.95
100936.18
101005.94
101070.68
101119.51
101157.62
101193.59
101223.78
101249.43
101271.29
101290.21
101306.21
101319.8
101331.34
101340.86
101348.56
101354.76
101358.64
101361.33
99887.944
99971.674
100050.16
100132.22
100218.04
100304.72
100389.55
100476.33
100563.62
100645.61
100725.44
100803.04
100877.97
100946.39
101015.12
101080
101127.98
101165.55
101199.84
101228.92
101253.75
101274.88
101293.22
101308.73
101321.92
101333.13
101342.38
101349.89
101355.94
101359.71
101362.34
100021.88
100091.09
100151.47
100215.21
100284.34
100356.81
100430.3
100508.15
100588.82
100665.58
100741.71
100817
100890.12
100956.71
101024.2
101089.28
101136.37
101173.33
101205.97
101233.96
101257.99
101278.41
101296.19
101311.2
101324
101334.9
101343.89
101351.2
101357.11
101360.78
101363.35
100173.32
100223.06
100262.75
100307.09
100358.62
100415.38
100475.92
100543.68
100616.58
100687.32
100758.88
100831.26
100902.3
100967.14
101033.19
101098.57
101144.66
101180.94
101211.99
101238.9
101262.13
101281.86
101299.08
101313.63
101326.05
101336.64
101345.38
101352.5
101358.27
101361.85
101364.37
100343.94
100370.69
100386.83
100409.15
100440.69
100479.79
100526.95
100583.29
100646.61
100710.78
100776.96
100845.74
100914.4
100977.64
101042.13
101107.74
101152.73
101188.27
101217.82
101243.69
101266.14
101285.21
101301.89
101315.99
101328.04
101338.34
101346.85
101353.79
101359.43
101362.92
101365.38
100534.03
100533.82
100524.43
100522.38
100531.07
100552.75
100586.33
100628.16
100679.8
100736.87
100796.84
100861.13
100926.87
100988.45
101051.11
101116.32
101160.3
101195.01
101223.37
101248.27
101269.99
101288.43
101304.61
101318.29
101329.99
101340.01
101348.3
101355.07
101360.58
101363.98
101366.4
100750.85
100723.47
100689.67
100660.94
100645.76
100646.22
100659.66
100685.2
100722.57
100769.71
100821.76
100880
100941.56
101000.69
101060.63
101124.07
101166.99
101200.92
101228.63
101252.7
101273.72
101291.56
101307.27
101320.55
101331.92
101341.67
101349.74
101356.34
101361.73
101365.05
101367.42
100977.37
100937.73
100895.06
100845.28
100801.8
100772.96
100760.28
100763.98
100782.92
100813.98
100854.87
100904.73
100960.26
101015.93
101072.03
101132.45
101173.44
101206.83
101234.12
101257.32
101277.6
101294.8
101309.99
101322.84
101333.86
101343.34
101351.18
101357.61
101362.88
101366.11
101368.44
100517.96
100512.16
100502
100491.63
100482.22
100476.13
100476.68
100486.47
100504.38
100534.45
100575.89
100627.35
100687.25
100753.24
100821.9
100896.31
100960.79
101028.38
101078.47
101125.25
101168.35
101204.13
101234.7
101260.47
101282.04
101299.97
101314.59
101326.18
101335.18
101341.07
101344.96
100526.24
100524.31
100515.18
100504.51
100495.14
100489.85
100490.6
100496.91
100512.87
100540.67
100579.68
100628.87
100686.81
100751.41
100819.35
100893.02
100959.31
101024.74
101077.24
101122.83
101166.04
101202.03
101232.87
101258.91
101280.72
101298.86
101313.65
101325.38
101334.47
101340.43
101344.33
100522.24
100520.03
100513.6
100507.23
100501.61
100498.49
100500.29
100507.04
100522.81
100549.21
100586.26
100633.32
100689.2
100752.05
100818.88
100891.09
100958.33
101023.04
101075.68
101120.77
101164.11
101200.21
101231.24
101257.48
101279.47
101297.78
101312.71
101324.56
101333.74
101339.77
101343.46
100518.25
100516.69
100513.42
100510.4
100508.04
100507.51
100510.85
100518.99
100534.89
100560.12
100595.3
100640.16
100693.75
100754.51
100819.74
100889.81
100956.94
101021.26
101073.68
101118.36
101161.97
101198.24
101229.47
101255.93
101278.13
101296.62
101311.7
101323.68
101332.95
101339.05
101342.46
100516.01
100516.41
100515.73
100515.01
100514.84
100516.44
100521.38
100530.84
100547
100571.4
100604.97
100647.77
100699.12
100757.7
100821.15
100888.72
100955.4
101019.13
101071.4
101115.73
101159.57
101196.05
101227.53
101254.22
101276.65
101295.34
101310.6
101322.72
101332.09
101338.28
101341.61
100513.78
100515.94
100517.33
100518.68
100520.63
100524.28
100530.92
100541.72
100558.36
100582.31
100614.63
100655.62
100704.87
100761.29
100822.87
100887.8
100953.73
101017.14
101069.01
101113.01
101157.06
101193.72
101225.44
101252.39
101275.07
101293.97
101309.42
101321.69
101331.17
101337.45
101340.9
100510.6
100513.88
100517.25
100520.83
100525.08
100530.92
100539.45
100551.71
100569.09
100592.92
100624.3
100663.72
100711.01
100765.32
100824.98
100887.29
100952.51
101015.42
101066.89
101110.22
101154.51
101191.33
101223.28
101250.48
101273.4
101292.53
101308.16
101320.6
101330.2
101336.57
101340.14
100506.86
100511.54
100516.55
100522.14
100528.65
100536.75
100547.27
100561.12
100579.45
100603.42
100634.14
100672.2
100717.67
100769.91
100827.57
100887.66
100951.92
101013.62
101065.28
101107.48
101151.95
101188.89
101221.05
101248.49
101271.66
101291.01
101306.84
101319.44
101329.17
101335.64
101339.11
100502.78
100509.11
100515.7
100523.2
100531.9
100542.21
100554.75
100570.26
100589.66
100613.99
100644.25
100681.15
100724.91
100775.13
100830.77
100889.03
100951.38
101011.46
101063.84
101104.91
101149.39
101186.4
101218.76
101246.43
101269.84
101289.42
101305.45
101318.22
101328.07
101334.65
101337.99
100498.59
100506.48
100514.84
100524.38
100535.27
100547.76
100562.31
100579.48
100600.02
100624.81
100654.77
100690.65
100732.8
100781.05
100834.62
100891.13
100951
101009.62
101062.3
101102.5
101146.84
101183.88
101216.4
101244.3
101267.94
101287.75
101303.98
101316.93
101326.91
101333.59
101336.81
100495.33
100504.56
100514.81
100526.39
100539.41
100554
100570.46
100589.22
100610.87
100636.14
100665.88
100700.82
100741.44
100787.73
100839.19
100893.85
100951.63
101008.53
101060.61
101100.31
101144.32
101181.33
101213.99
101242.09
101265.96
101285.99
101302.43
101315.55
101325.67
101332.47
101335.74
100494.42
100504.96
100516.94
100530.37
100545.3
100561.76
100579.91
100600.05
100622.65
100648.32
100677.8
100711.82
100750.92
100795.26
100844.54
100897.22
100953.02
101008.13
101059.17
101098.45
101141.86
101178.79
101211.54
101239.81
101263.9
101284.16
101300.8
101314.1
101324.37
101331.27
101334.67
100497.43
100509.13
100522.62
100537.59
100554.07
100572.02
100591.49
100612.66
100635.91
100661.75
100690.82
100723.84
100761.38
100803.73
100850.76
100901.32
100955
101007.82
101057.86
101097.15
101139.49
101176.27
101209.06
101237.48
101261.77
101282.24
101299.08
101312.58
101322.98
101330.01
101333.52
100506.27
100518.9
100533.53
100549.59
100567.07
100585.92
100606.12
100627.79
100651.23
100676.87
100705.28
100737.11
100772.97
100813.23
100857.91
100906.21
100957.6
101008.09
101056.6
101096.16
101137.25
101173.8
101206.58
101235.1
101259.56
101280.24
101297.29
101310.96
101321.52
101328.67
101332.27
100523.64
100536.52
100551.55
100567.94
100585.62
100604.55
100624.71
100646.19
100669.2
100694.14
100721.49
100751.87
100785.85
100823.89
100866.1
100911.96
100960.89
101009.06
101055.82
101095.46
101135.17
101171.43
101204.12
101232.69
101257.29
101278.17
101295.42
101309.27
101319.98
101327.25
101330.93
100550.66
100562.74
100577.73
100593.71
100610.68
100628.77
100648.01
100668.46
100690.33
100713.95
100739.77
100768.32
100800.18
100835.8
100875.39
100918.63
100964.81
101010.52
101055.64
101095.17
101133.28
101169.19
101201.72
101230.26
101254.97
101276.03
101293.46
101307.49
101318.35
101325.75
101329.5
100586.49
100599.26
100613.04
100627.33
100642.55
100658.88
100676.3
100694.91
100714.89
100736.57
100760.33
100786.65
100816.08
100849.07
100885.86
100926.25
100969.23
101012.31
101056.33
101095.38
101131.61
101167.13
101199.4
101227.84
101252.62
101273.82
101291.43
101305.63
101316.64
101324.17
101327.99
100631.26
100642.42
100654.63
100667.09
100680.22
100694.23
100709.22
100725.35
100742.83
100761.99
100783.21
100806.92
100833.62
100863.75
100897.57
100934.91
100974.49
101015.36
101058.65
101096.08
101130.24
101165.29
101197.21
101225.46
101250.24
101271.56
101289.33
101303.69
101314.85
101322.5
101326.4
100681.08
100690.44
100700.98
100711.49
100722.28
100733.68
100745.89
100759.14
100773.71
100789.96
100808.26
100829.04
100852.76
100879.85
100910.56
100944.78
100981.43
101020.28
101061.81
101097.04
101129.26
101163.76
101195.19
101223.14
101247.86
101269.25
101287.16
101301.67
101312.97
101320.74
101324.73
100733.27
100741.15
100749.91
100758.36
100766.79
100775.56
100784.95
100795.23
100806.75
100819.9
100835.1
100852.77
100873.36
100897.28
100924.8
100955.88
100989.73
101025.81
101064.1
101098.3
101128.99
101162.55
101193.37
101220.93
101245.52
101266.92
101284.94
101299.57
101311
101318.9
101322.96
100784.97
100791.23
100798.35
100805.05
100811.46
100817.93
100824.74
100832.25
100840.86
100851.01
100863.14
100877.7
100895.14
100915.87
100940.19
100968.11
100999.03
101032.21
101067.29
101100.19
101129.27
101161.73
101191.77
101218.85
101243.23
101264.58
101282.66
101297.4
101308.96
101316.97
101321.11
100834.39
100839.09
100844.61
100849.72
100854.44
100858.99
100863.65
100868.8
100874.87
100882.33
100891.64
100903.29
100917.73
100935.39
100956.56
100981.34
101009.24
101039.56
101071.82
101102.41
101130.16
101161.33
101190.39
101216.96
101241.03
101262.26
101280.35
101295.16
101306.83
101314.95
101319.17
100880.41
100883.56
100887.46
100891.05
100894.27
100897.26
100900.25
100903.56
100907.62
100912.89
100919.83
100928.94
100940.7
100955.52
100973.71
100995.46
101020.34
101047.77
101077.11
101105.56
101132.05
101161.42
101189.23
101215.25
101238.95
101259.97
101278.03
101292.87
101304.62
101312.85
101317.13
100921.29
100923.65
100926.08
100928.26
100930.19
100931.97
100933.72
100935.72
100938.32
100941.95
100947.06
100954.12
100963.61
100975.93
100991.43
101010.28
101032.26
101056.76
101082.81
101108.47
101135.12
101162.47
101188.43
101213.79
101236.99
101257.75
101275.7
101290.54
101302.35
101310.67
101315.01
100955.19
100956.3
100958.66
100960.47
100961.61
100962.59
100963.58
100964.76
100966.46
100969.03
100972.87
100978.42
100986.1
100996.34
101009.47
101025.68
101044.9
101066.53
101089.53
101113.62
101138.06
101163.68
101188.67
101212.8
101235.23
101255.63
101273.39
101288.18
101300.01
101308.41
101312.81
100986.59
100986.46
100986.68
100987.34
100988.3
100989.06
100989.72
100990.57
100991.89
100993.95
100997.06
101001.61
101007.96
101016.54
101027.66
101041.55
101058.2
101077.18
101097.79
101120.04
101141.81
101165.67
101189.19
101211.84
101233.58
101253.61
101271.14
101285.81
101297.63
101306.08
101310.53
101011.43
101011.5
101011.81
101011.97
101012.04
101012.2
101012.72
101013.67
101015.04
101016.99
101019.79
101023.75
101029.19
101036.46
101045.89
101057.74
101072.06
101088.61
101106.84
101126.71
101146.22
101167.26
101189.72
101211.8
101232.46
101251.78
101268.96
101283.46
101295.2
101303.69
101308.18
101032
101032.02
101032.23
101032.47
101032.94
101033.66
101034.55
101035.62
101037.05
101039
101041.65
101045.2
101049.94
101056.14
101064.13
101074.17
101086.36
101100.59
101116.45
101133.79
101151.08
101169.13
101191.29
101212.61
101231.28
101250.1
101266.89
101281.16
101292.77
101301.24
101305.77
101051.61
101051.93
101052.4
101052.84
101053.42
101054.3
101055.43
101056.76
101058.41
101060.46
101063.03
101066.27
101070.41
101075.69
101082.39
101090.78
101101
101113.03
101126.58
101141.52
101155.86
101172.35
101192.85
101212.9
101231.26
101248.72
101264.94
101278.93
101290.33
101298.77
101303.32
101071.32
101071.95
101072.76
101073.6
101074.55
101075.39
101076.43
101078.03
101079.91
101082
101084.42
101087.29
101090.81
101095.18
101100.66
101107.49
101115.87
101125.82
101137.12
101149.52
101161.67
101177.05
101195.26
101213.57
101231.1
101247.49
101263.16
101276.8
101287.94
101296.27
101300.82
101091.56
101092.33
101093.28
101094.23
101095.17
101096.48
101098.24
101100.02
101101.87
101103.83
101105.96
101108.36
101111.17
101114.6
101118.86
101124.2
101130.84
101138.85
101148.08
101158.31
101169.2
101182.26
101197.79
101214.5
101231.32
101246.73
101261.54
101274.79
101285.59
101293.78
101298.31
101113.07
101113.83
101114.79
101115.71
101116.9
101118.55
101120.32
101122.01
101123.71
101125.47
101127.27
101129.15
101131.23
101133.7
101136.77
101140.7
101145.71
101151.94
101159.33
101167.75
101177.1
101187.57
101201.13
101216.11
101231.49
101246.21
101260.17
101272.91
101283.33
101291.32
101295.8
101135.49
101136.07
101136.9
101137.93
101139.25
101140.67
101142.1
101143.54
101145
101146.43
101147.79
101149.12
101150.49
101152.05
101154.02
101156.64
101160.17
101164.77
101170.47
101177.15
101184.73
101193.18
101204.97
101218.11
101232.45
101246.15
101259.02
101271.17
101281.17
101288.91
101293.32
101158.66
101158.92
101159.52
101160.13
101160.89
101161.88
101162.94
101164.03
101165.08
101166.03
101166.87
101167.61
101168.31
101169.07
101170.08
101171.59
101173.84
101177.04
101181.24
101186.36
101192.38
101199.12
101209.18
101220.86
101233.7
101246.2
101258.13
101269.58
101279.17
101286.59
101290.88
101179.09
101178.89
101179.43
101180.66
101182.12
101183.02
101183.3
101183.53
101183.81
101184.05
101184.19
101184.24
101184.24
101184.29
101184.53
101185.16
101186.39
101188.45
101191.41
101195.26
101199.97
101205.31
101213.69
101223.73
101234.79
101246.74
101258.03
101268.27
101277.32
101284.39
101288.53
101197.9
101197.51
101197.2
101196.66
101196.23
101196.66
101197.87
101199.08
101199.51
101199.16
101198.68
101198.18
101197.67
101197.22
101196.94
101196.99
101197.53
101198.78
101200.84
101203.71
101207.36
101211.64
101218.44
101227.05
101236.94
101247.56
101257.68
101267.11
101275.7
101282.35
101286.29
101213.8
101213.32
101212.94
101212.42
101211.61
101210.56
101209.47
101208.6
101208.52
101209.05
101209.07
101208.51
101207.88
101207.33
101206.95
101206.83
101207.12
101207.96
101209.46
101211.63
101214.47
101217.95
101223.3
101230.71
101239.15
101248.36
101257.9
101266.48
101274.31
101280.51
101284.21
101222.74
101222.61
101222.3
101221.91
101221.45
101220.86
101220.09
101219.06
101217.84
101216.71
101216.1
101215.83
101215.45
101215.12
101214.94
101214.99
101215.35
101216.09
101217.31
101219.05
101221.29
101224.1
101228.31
101234.57
101241.74
101249.93
101258.38
101265.95
101273.12
101278.89
101282.31
101225.22
101225.2
101225.13
101225.01
101224.83
101224.62
101224.37
101224.11
101223.82
101223.45
101222.95
101222.56
101222.36
101222.18
101222.17
101222.35
101222.8
101223.56
101224.66
101226.1
101227.88
101230.12
101233.43
101238.56
101244.65
101251.52
101258.57
101265.86
101272.53
101277.56
101280.65
101228.23
101228.4
101228.52
101228.59
101228.66
101228.75
101228.84
101228.95
101229.07
101229.18
101229.09
101228.79
101228.76
101229.08
101229.41
101229.75
101230.22
101230.91
101231.83
101232.98
101234.35
101236.07
101238.55
101242.64
101247.66
101253.31
101259.83
101266.34
101271.82
101276.47
101279.24
101233.32
101233.48
101233.63
101233.76
101233.91
101234.1
101234.34
101234.62
101234.9
101235.1
101235.44
101236.11
101236.71
101237.05
101237.34
101237.64
101237.97
101238.42
101239.03
101239.8
101240.75
101241.96
101243.68
101246.84
101250.91
101255.67
101261.27
101266.72
101271.58
101275.66
101278.15
101241.87
101241.91
101241.99
101242.08
101242.19
101242.34
101242.53
101242.75
101243.02
101243.43
101243.99
101244.49
101244.84
101245.09
101245.3
101245.48
101245.62
101245.8
101246.06
101246.43
101246.95
101247.68
101248.78
101251.11
101254.31
101258.12
101262.47
101267.14
101271.95
101275.4
101277.44
101251.03
101250.94
101250.93
101250.94
101250.96
101251
101251.05
101251.15
101251.42
101251.97
101252.43
101252.6
101252.69
101252.76
101252.79
101252.75
101252.68
101252.59
101252.55
101252.6
101252.76
101253.09
101253.72
101255.36
101257.81
101260.81
101264.28
101268.3
101272.35
101275.26
101277.02
101259.42
101259.28
101259.19
101259.12
101259.05
101258.99
101258.95
101258.9
101258.76
101258.54
101258.65
101258.89
101258.92
101258.9
101258.85
101258.76
101258.62
101258.43
101258.25
101258.12
101258.06
101258.12
101258.43
101259.53
101261.39
101263.73
101266.47
101269.62
101272.76
101275.34
101277.05
101265.76
101265.76
101265.68
101265.54
101265.38
101265.23
101265.08
101264.96
101264.86
101264.62
101264.21
101263.99
101264
101263.93
101263.83
101263.72
101263.59
101263.43
101263.26
101263.08
101262.91
101262.81
101262.91
101263.6
101264.98
101266.75
101268.84
101271.21
101273.69
101275.86
101277.25
101269.38
101269.36
101269.35
101269.33
101269.3
101269.27
101269.23
101269.18
101269.12
101269.06
101268.99
101268.8
101268.6
101268.5
101268.4
101268.29
101268.17
101268.04
101267.88
101267.7
101267.5
101267.31
101267.25
101267.6
101268.56
101269.85
101271.41
101273.18
101275.07
101276.74
101277.89
101273.7
101273.69
101273.68
101273.67
101273.65
101273.64
101273.62
101273.6
101273.58
101273.55
101273.52
101273.46
101273.38
101273.3
101273.19
101273.03
101272.85
101272.66
101272.46
101272.24
101271.98
101271.7
101271.48
101271.52
101272.1
101272.98
101274.1
101275.37
101276.74
101278
101278.94
101278.09
101278.05
101278.03
101278.01
101277.98
101277.96
101277.94
101277.92
101277.89
101277.87
101277.85
101277.9
101277.95
101277.88
101277.78
101277.64
101277.47
101277.25
101276.99
101276.7
101276.36
101275.98
101275.59
101275.37
101275.62
101276.14
101276.89
101277.77
101278.74
101279.63
101280.36
101282.8
101282.75
101282.72
101282.69
101282.65
101282.62
101282.58
101282.54
101282.5
101282.47
101282.42
101282.32
101282.21
101282.13
101282.04
101281.91
101281.74
101281.52
101281.23
101280.88
101280.47
101279.99
101279.52
101279.15
101279.14
101279.38
101279.81
101280.36
101281
101281.6
101282.1
101286.8
101286.76
101286.72
101286.69
101286.65
101286.61
101286.56
101286.52
101286.46
101286.41
101286.34
101286.26
101286.16
101286.07
101285.95
101285.81
101285.63
101285.39
101285.1
101284.74
101284.3
101283.78
101283.25
101282.78
101282.6
101282.65
101282.82
101283.11
101283.49
101283.85
101284.16
101290.65
101290.62
101290.59
101290.55
101290.51
101290.47
101290.42
101290.37
101290.31
101290.24
101290.17
101290.08
101289.98
101289.86
101289.73
101289.56
101289.35
101289.11
101288.81
101288.46
101288.03
101287.52
101286.95
101286.42
101286.09
101285.97
101285.95
101286.02
101286.19
101286.37
101286.53
101294.14
101294.1
101294.07
101294.04
101294
101293.96
101293.91
101293.86
101293.81
101293.74
101293.66
101293.58
101293.56
101293.53
101293.4
101293.22
101293.02
101292.78
101292.49
101292.15
101291.73
101291.24
101290.69
101290.11
101289.64
101289.36
101289.19
101289.09
101289.08
101289.11
101289.17
101297.9
101297.86
101297.83
101297.8
101297.76
101297.72
101297.68
101297.63
101297.57
101297.51
101297.44
101297.36
101297.21
101297.05
101296.91
101296.76
101296.56
101296.33
101296.04
101295.69
101295.28
101294.78
101294.22
101293.63
101293.09
101292.74
101292.45
101292.24
101292.11
101292.03
101292.03
101300.99
101300.96
101300.93
101300.9
101300.87
101300.83
101300.79
101300.74
101300.68
101300.63
101300.56
101300.48
101300.38
101300.25
101300.13
101299.99
101299.81
101299.6
101299.33
101299.01
101298.62
101298.14
101297.58
101296.99
101296.46
101296.07
101295.73
101295.45
101295.25
101295.11
101295.05
101304.35
101304.32
101304.29
101304.25
101304.22
101304.17
101304.12
101304.07
101304.01
101303.94
101303.87
101303.78
101303.68
101303.57
101303.44
101303.28
101303.09
101302.87
101302.6
101302.29
101301.91
101301.45
101300.93
101300.38
101299.84
101299.41
101299.05
101298.73
101298.48
101298.29
101298.2
101307.29
101307.26
101307.23
101307.2
101307.16
101307.12
101307.08
101307.03
101306.98
101306.91
101306.85
101306.77
101306.68
101306.58
101306.46
101306.32
101306.16
101305.97
101305.73
101305.45
101305.12
101304.71
101304.22
101303.7
101303.17
101302.72
101302.35
101302.02
101301.74
101301.53
101301.42
101310.43
101310.4
101310.37
101310.34
101310.3
101310.26
101310.21
101310.16
101310.11
101310.04
101309.97
101309.89
101309.8
101309.69
101309.57
101309.43
101309.26
101309.06
101308.83
101308.56
101308.24
101307.85
101307.4
101306.92
101306.41
101305.97
101305.61
101305.28
101304.99
101304.76
101304.64
101313.07
101313.04
101313.02
101312.99
101312.95
101312.92
101312.87
101312.83
101312.78
101312.72
101312.66
101312.59
101312.51
101312.42
101312.32
101312.2
101312.06
101311.9
101311.71
101311.48
101311.2
101310.87
101310.47
101310.04
101309.56
101309.13
101308.79
101308.47
101308.19
101307.97
101307.85
101315.94
101315.91
101315.89
101315.86
101315.82
101315.79
101315.74
101315.7
101315.64
101315.58
101315.52
101315.44
101315.35
101315.26
101315.15
101315.03
101314.9
101314.75
101314.56
101314.35
101314.09
101313.79
101313.44
101313.05
101312.62
101312.22
101311.88
101311.57
101311.31
101311.11
101311
101318.23
101318.2
101318.18
101318.15
101318.11
101318.08
101318.04
101317.99
101317.94
101317.89
101317.83
101317.76
101317.7
101317.69
101317.65
101317.54
101317.41
101317.28
101317.14
101316.96
101316.74
101316.49
101316.18
101315.84
101315.48
101315.12
101314.84
101314.58
101314.35
101314.18
101314.08
101320.73
101320.72
101320.7
101320.67
101320.64
101320.61
101320.57
101320.54
101320.5
101320.46
101320.42
101320.37
101320.3
101320.14
101319.99
101319.93
101319.88
101319.8
101319.69
101319.56
101319.4
101319.2
101318.96
101318.68
101318.37
101318.02
101317.72
101317.49
101317.31
101317.17
101317.1
101322.31
101322.28
101322.24
101322.19
101322.15
101322.1
101322.05
101322
101321.94
101321.89
101321.85
101321.81
101321.82
101321.91
101322.06
101322.07
101321.96
101321.85
101321.75
101321.64
101321.52
101321.38
101321.22
101321.03
101320.84
101320.63
101320.46
101320.34
101320.24
101320.14
101320.09
101330.09
101329.91
101329.75
101329.59
101329.44
101329.29
101329.14
101329
101328.85
101328.71
101328.54
101328.34
101328.08
101327.71
101327.27
101326.87
101326.54
101326.17
101325.73
101325.24
101324.73
101324.25
101323.85
101323.51
101323.25
101323.07
101323.08
101323.11
101323.12
101323.11
101323.1
100511.62
100520.22
100526.69
100532.05
100537.18
100542.26
100547.62
100553.58
100560.69
100569.34
100579.19
100589.59
100600.44
100611.03
100620.49
100628.28
100634.43
100639.94
100647.4
100660.23
100683.42
100720.04
100771.99
100832.74
100896.67
100958.84
101014.99
101062.23
101098.76
101124.47
101140.22
101147.77
101154.65
101160.95
101168.75
101180.73
101198.49
101219
101230.99
101237.71
101241.44
101249.28
101254.8
101260.76
101267.08
101272.14
101276.47
101280.78
101285.13
101288.9
101292.63
101296.06
101299.69
101302.72
101306.07
101308.98
101312.08
101314.7
101317.5
101319.78
101321.97
101324.52
101338.14
100522.38
100526.7
100531.82
100536.03
100539.85
100543.85
100548.47
100554.14
100561.27
100570.03
100579.93
100590.71
100601.48
100611.63
100620.4
100627.34
100632.72
100637.63
100644.62
100659.7
100684.27
100723.52
100776.53
100840.57
100905.38
100967.33
101022.53
101068.32
101103.19
101127.42
101142.09
101148.4
101156.2
101162.08
101170.16
101183.09
101200.27
101219.81
101231.38
101237.31
101241.92
101249.6
101255.07
101261.12
101267.29
101272.16
101276.46
101280.77
101285.12
101288.87
101292.58
101296
101299.62
101302.65
101305.99
101308.89
101311.99
101314.6
101317.41
101319.69
101321.88
101324.37
101337.33
100529.78
100530.36
100531.73
100533.33
100535.43
100538.37
100542.51
100548.4
100556.19
100565.61
100576.15
100587.39
100598.45
100608.6
100617.2
100623.9
100629.16
100634.23
100642.34
100659.12
100686.36
100729.53
100783.33
100848.35
100914.15
100975.49
101029.37
101073.49
101106.62
101129.47
101143.13
101148.65
101157.66
101163.22
101171.86
101185.21
101202.59
101220.58
101231.65
101236.77
101242.41
101249.79
101255.31
101261.47
101267.48
101272.15
101276.43
101280.75
101285.11
101288.83
101292.53
101295.94
101299.56
101302.58
101305.91
101308.81
101311.9
101314.51
101317.32
101319.59
101321.8
101324.22
101336.95
100526.15
100525.59
100525.97
100527.07
100528.62
100530.99
100534.95
100541.23
100549.42
100559.22
100570.12
100581.61
100592.89
100603.27
100612.13
100619.24
100625.14
100631.21
100640.99
100659.56
100689.67
100734.67
100791.3
100855.06
100921.12
100981.95
101034.44
101076.99
101108.65
101130.46
101143.33
101148.57
101158.94
101164.33
101173.71
101187.35
101204.7
101221.39
101231.72
101236.36
101242.62
101249.8
101255.52
101261.78
101267.62
101272.11
101276.36
101280.7
101285.07
101288.78
101292.47
101295.87
101299.49
101302.5
101305.84
101308.72
101311.82
101314.42
101317.23
101319.5
101321.72
101324.07
101336.55
100521.02
100521.28
100521.7
100522.54
100523.96
100526.49
100530.75
100536.71
100544.58
100554.06
100564.7
100575.96
100587.19
100597.76
100607.11
100615.01
100622.02
100629.59
100641.27
100661.7
100693.91
100740.46
100798.43
100861.83
100926.77
100987.12
101038.16
101079.21
101109.66
101130.68
101142.41
101149.09
101159.86
101165.47
101175.61
101189.49
101206.53
101222.24
101231.61
101236.14
101242.49
101249.69
101255.68
101262.06
101267.72
101272.03
101276.28
101280.64
101285.02
101288.72
101292.41
101295.8
101299.42
101302.43
101305.76
101308.64
101311.74
101314.34
101317.15
101319.41
101321.64
101323.92
101336.13
100517.6
100518.37
100519.24
100520.26
100521.82
100524.53
100528.68
100534.4
100541.72
100550.5
100560.54
100571.39
100582.42
100593.21
100603.2
100612.1
100620.46
100629.75
100643.46
100665.76
100699.55
100746.95
100805.07
100868.41
100931.8
100991.21
101041.05
101080.46
101109.85
101130.28
101140.47
101150.36
101160.31
101166.64
101177.55
101191.6
101208.24
101222.93
101231.43
101235.88
101242.18
101249.52
101255.82
101262.29
101267.79
101271.93
101276.18
101280.55
101284.96
101288.66
101292.34
101295.73
101299.35
101302.36
101305.69
101308.56
101311.66
101314.25
101317.07
101319.33
101321.57
101323.77
101335.7
100516.38
100517.33
100518.13
100519.27
100521.23
100524.09
100528.09
100533.44
100540.22
100548.32
100557.68
100568.08
100578.9
100589.9
100600.55
100610.55
100620.42
100631.59
100647.42
100671.58
100706.62
100754.37
100811.91
100874.48
100936.39
100994.03
101042.99
101081.17
101109.27
101128.49
101139.5
101150.78
101160.36
101167.78
101179.48
101193.67
101209.86
101223.45
101231.19
101235.52
101241.78
101249.28
101255.9
101262.48
101267.82
101271.82
101276.06
101280.46
101284.89
101288.58
101292.27
101295.66
101299.28
101302.29
101305.61
101308.49
101311.58
101314.17
101316.99
101319.25
101321.5
101323.64
101335.28
100516.43
100517.18
100518.05
100519.37
100521.38
100524.19
100527.99
100532.95
100539.08
100546.58
100555.48
100565.5
100576.21
100587.5
100598.78
100610.13
100621.72
100634.92
100652.92
100678.81
100714.89
100762.67
100819.14
100880.42
100940.65
100996.23
101043.84
101081.12
101108.02
101125.95
101138.87
101150.13
101160.15
101168.85
101181.36
101195.67
101211.36
101223.85
101230.87
101235.05
101241.31
101248.97
101255.92
101262.61
101267.82
101271.69
101275.94
101280.36
101284.81
101288.51
101292.19
101295.58
101299.21
101302.21
101305.54
101308.41
101311.51
101314.1
101316.91
101319.17
101321.43
101323.51
101334.87
100516.89
100517.42
100518.27
100519.57
100521.52
100524.2
100527.76
100532.37
100538.08
100545.13
100553.54
100563.19
100573.77
100585.11
100597.18
100610.18
100623.75
100639.45
100659.72
100687.01
100724.15
100771.73
100826.82
100886.43
100944.71
100998.27
101044.12
101080.05
101106.05
101123.71
101137.07
101148.71
101159.66
101169.75
101183.13
101197.58
101212.74
101224.17
101230.47
101234.53
101240.78
101248.6
101255.88
101262.69
101267.8
101271.55
101275.82
101280.25
101284.72
101288.42
101292.12
101295.51
101299.14
101302.14
101305.47
101308.34
101311.43
101314.02
101316.84
101319.1
101321.36
101323.4
101334.47
100517.48
100517.66
100518.31
100519.49
100521.29
100523.77
100527.03
100531.23
100536.51
100543.08
100551.08
100560.43
100570.93
100582.64
100595.72
100610.25
100625.92
100644.09
100666.8
100696.08
100734.27
100781.34
100834.97
100892.67
100948.66
101000.06
101043.94
101078.36
101103.45
101120.92
101134.48
101146.81
101158.86
101170.45
101184.71
101199.33
101213.96
101224.39
101230.04
101233.96
101240.21
101248.19
101255.79
101262.71
101267.75
101271.41
101275.69
101280.14
101284.63
101288.34
101292.04
101295.43
101299.07
101302.07
101305.4
101308.27
101311.36
101313.95
101316.77
101319.03
101321.3
101323.3
101334.09
100517.7
100517.51
100517.89
100518.85
100520.4
100522.58
100525.49
100529.25
100534.03
100540.07
100547.59
100556.76
100567.43
100579.42
100593.42
100609.68
100627.67
100648.61
100674.12
100705.6
100744.71
100791.43
100843.56
100899.21
100952.59
101001.64
101043.37
101076.15
101100.21
101117.42
101131.35
101144.56
101157.84
101170.95
101186.08
101200.9
101214.98
101224.56
101229.6
101233.36
101239.62
101247.75
101255.63
101262.7
101267.69
101271.27
101275.56
101280.02
101284.53
101288.25
101291.96
101295.35
101298.99
101302
101305.33
101308.2
101311.29
101313.88
101316.71
101318.96
101321.24
101323.2
101333.72
100517.03
100516.54
100516.69
100517.41
100518.67
100520.51
100522.99
100526.26
100530.5
100535.97
100542.93
100551.79
100562.71
100575.27
100590.02
100608.14
100628.69
100652.64
100681.1
100714.89
100755.2
100801.76
100852.34
100905.96
100956.51
101003.03
101042.42
101073.4
101096.35
101113.31
101127.82
101142.03
101156.58
101171.19
101187.16
101202.23
101215.84
101224.69
101229.14
101232.76
101239.01
101247.3
101255.43
101262.65
101267.61
101271.12
101275.43
101279.89
101284.42
101288.16
101291.87
101295.27
101298.92
101301.93
101305.26
101308.13
101311.23
101313.81
101316.64
101318.9
101321.19
101323.11
101333.36
100515.32
100514.61
100514.55
100515.02
100515.95
100517.38
100519.38
100522.1
100525.77
100530.67
100537.15
100545.48
100556.53
100569.9
100585.51
100605.42
100628.73
100655.74
100687.17
100723.45
100765.3
100811.85
100861.26
100912.56
100960.27
101004.15
101041.01
101070.11
101091.91
101108.86
101124.03
101139.28
101155.05
101171.1
101187.89
101203.28
101216.54
101224.75
101228.68
101232.18
101238.41
101246.84
101255.2
101262.56
101267.52
101270.98
101275.29
101279.77
101284.31
101288.07
101291.79
101295.19
101298.84
101301.86
101305.19
101308.06
101311.16
101313.75
101316.58
101318.84
101321.14
101323.03
101333.03
100512.49
100511.79
100511.57
100511.76
100512.34
100513.32
100514.78
100516.89
100519.9
100524.14
100530.07
100537.94
100548.81
100563.13
100580.16
100601.64
100627.74
100657.91
100692.35
100730.96
100774.74
100821.18
100869.69
100918.59
100963.69
101004.84
101039.18
101066.26
101087.28
101104.34
101120.15
101136.44
101153.37
101170.69
101188.27
101204.04
101217.07
101224.75
101228.24
101231.63
101237.83
101246.38
101254.92
101262.43
101267.41
101270.85
101275.16
101279.64
101284.2
101287.97
101291.7
101295.11
101298.77
101301.78
101305.12
101307.99
101311.1
101313.68
101316.52
101318.78
101321.1
101322.96
101332.72
100508.82
100508.21
100507.83
100507.74
100507.95
100508.48
100509.4
100510.86
100513.13
100516.63
100521.86
100529.29
100539.84
100555.01
100573.81
100596.8
100625.58
100658.92
100696.41
100737.56
100782.92
100829.19
100877.09
100923.8
100966.3
101004.78
101036.78
101062.35
101082.77
101099.87
101116.34
101133.62
101151.62
101169.99
101188.33
101204.5
101217.47
101224.71
101227.83
101231.13
101237.28
101245.92
101254.62
101262.27
101267.29
101270.71
101275.03
101279.5
101284.08
101287.87
101291.61
101295.02
101298.69
101301.71
101305.05
101307.92
101311.03
101313.62
101316.46
101318.72
101321.06
101322.89
101332.42
100504.79
100504.17
100503.7
100503.35
100503.19
100503.24
100503.57
100504.36
100505.89
100508.58
100513.05
100519.96
100530.23
100545.68
100566.3
100590.74
100621.99
100658.3
100698.63
100742.38
100789.28
100835.85
100883.26
100928.19
100968.36
101004.51
101034.37
101058.66
101078.39
101095.62
101112.72
101130.89
101149.87
101169.08
101188.08
101204.68
101217.73
101224.65
101227.46
101230.68
101236.75
101245.47
101254.3
101262.07
101267.17
101270.58
101274.89
101279.37
101283.96
101287.77
101291.52
101294.94
101298.61
101301.64
101304.98
101307.86
101310.97
101313.56
101316.4
101318.66
101321.02
101322.82
101332.14
100501.28
100500.71
100500.01
100499.25
100498.62
100498.12
100497.81
100497.87
100498.58
100500.42
100504.03
100510.31
100520.21
100535.71
100557.57
100584.16
100617.38
100656.24
100699.15
100745.23
100793.57
100840.67
100888.09
100931.55
100970.1
101004.24
101032.22
101055.04
101074.26
101091.71
101109.36
101128.29
101148.13
101168.06
101187.57
101204.58
101217.82
101224.56
101227.13
101230.27
101236.26
101245.02
101253.95
101261.83
101267.02
101270.45
101274.76
101279.23
101283.83
101287.67
101291.43
101294.85
101298.54
101301.57
101304.91
101307.79
101310.9
101313.5
101316.34
101318.61
101320.98
101322.75
101331.87
100498.81
100498.15
100497.05
100495.85
100494.7
100493.58
100492.57
100491.86
100491.74
100492.68
100495.42
100500.99
100510.51
100525.95
100548.4
100577.32
100612.56
100653.36
100698.33
100746.22
100795.9
100843.99
100891.15
100933.48
100970.99
101003.46
101029.86
101051.58
101070.49
101088.19
101106.31
101125.84
101146.4
101166.97
101186.83
101204.24
101217.74
101224.43
101226.88
101229.91
101235.8
101244.59
101253.59
101261.57
101266.87
101270.33
101274.62
101279.09
101283.71
101287.56
101291.34
101294.76
101298.46
101301.5
101304.84
101307.73
101310.84
101313.44
101316.29
101318.55
101320.95
101322.69
101331.6
100497.63
100496.82
100495.43
100493.73
100491.94
100490.14
100488.39
100486.87
100485.9
100485.88
100487.76
100492.77
100501.94
100517.2
100539.85
100569.73
100606.3
100649.22
100696.91
100746.57
100796.98
100845.67
100892.42
100934.19
100970.9
101002.14
101027.43
101048.38
101067.09
101085.06
101103.58
101123.56
101144.69
101165.82
101185.9
101203.67
101217.51
101224.27
101226.73
101229.58
101235.37
101244.16
101253.21
101261.29
101266.7
101270.2
101274.49
101278.94
101283.58
101287.45
101291.24
101294.67
101298.38
101301.42
101304.77
101307.66
101310.78
101313.38
101316.23
101318.5
101320.91
101322.63
101331.35
100498.68
100497.28
100495.43
100493.18
100490.76
100488.24
100485.73
100483.4
100481.55
100480.63
100481.37
100485.43
100494.07
100509.06
100532.02
100562.83
100600.88
100645.36
100694.54
100745.62
100796.8
100845.62
100892.31
100933.83
100969.93
101000.38
101024.96
101045.43
101064.04
101082.27
101101.14
101121.45
101143
101164.61
101184.82
101202.88
101217.11
101224.06
101226.55
101229.3
101234.97
101243.73
101252.82
101260.98
101266.52
101270.07
101274.35
101278.79
101283.44
101287.34
101291.14
101294.58
101298.29
101301.35
101304.69
101307.6
101310.72
101313.33
101316.18
101318.45
101320.88
101322.57
101331.11
100502.19
100500.37
100497.96
100495.03
100491.9
100488.63
100485.31
100482.09
100479.23
100477.16
100476.82
100479.8
100487.94
100502.51
100525.48
100556.83
100595.85
100641.49
100691.76
100743.74
100795.46
100844.31
100890.95
100932.38
100968.15
100998.17
101022.39
101042.61
101061.25
101079.72
101098.92
101119.49
101141.33
101163.34
101183.63
101201.93
101216.56
101223.78
101226.28
101229.06
101234.59
101243.32
101252.43
101260.65
101266.32
101269.93
101274.22
101278.64
101283.31
101287.23
101291.04
101294.49
101298.21
101301.27
101304.62
101307.53
101310.66
101313.27
101316.13
101318.4
101320.84
101322.51
101330.87
100506.9
100504.65
100502.39
100499.37
100495.87
100492.06
100488.01
100483.92
100480.15
100477.09
100475.79
100477.75
100484.59
100498.17
100520.56
100551.87
100591.16
100637.41
100688.37
100740.88
100792.67
100842.21
100888.18
100929.49
100965.48
100995.4
101019.57
101039.78
101058.59
101077.33
101096.82
101117.62
101139.62
101161.97
101182.3
101200.77
101215.83
101223.39
101226
101228.85
101234.25
101242.91
101252.02
101260.3
101266.1
101269.79
101274.08
101278.49
101283.17
101287.11
101290.94
101294.4
101298.12
101301.2
101304.55
101307.46
101310.59
101313.22
101316.07
101318.35
101320.81
101322.45
101330.65
100512.74
100510.46
100508.88
100506.35
100502.82
100498.79
100494.45
100489.76
100485.19
100481.23
100478.84
100479.65
100484.92
100496.8
100517.76
100548.29
100586.74
100632.59
100683.8
100736.39
100788.32
100838.4
100884.25
100924.91
100961.42
100991.82
101016.28
101036.79
101055.97
101075.06
101094.82
101115.8
101137.83
101160.37
101180.67
101199.28
101214.8
101222.89
101225.75
101228.71
101233.96
101242.5
101251.57
101259.89
101265.87
101269.64
101273.93
101278.33
101283.02
101286.98
101290.82
101294.29
101298.03
101301.12
101304.47
101307.4
101310.53
101313.16
101316.02
101318.31
101320.77
101322.4
101330.45
100515.36
100515.51
100514.48
100512.68
100510.27
100506.98
100503.11
100498.71
100494.11
100489.83
100486.86
100486.24
100489.88
100499.74
100518.46
100547.41
100583.52
100628.59
100679.39
100731.75
100783.68
100833.44
100879.68
100920.07
100956.16
100987.64
101012.72
101033.78
101053.53
101073.09
101093.11
101114.22
101136.16
101158.68
101178.81
101197.5
101213.49
101222.36
101225.5
101228.66
101233.77
101242.13
101251.09
101259.45
101265.68
101269.48
101273.8
101278.17
101282.86
101286.86
101290.71
101294.19
101297.94
101301.04
101304.4
101307.33
101310.47
101313.11
101315.98
101318.26
101320.75
101322.36
101330.27
100507.82
100490.05
100469.23
100450.41
100435.99
100425.54
100416.86
100409.37
100402.96
100515.1
100498.35
100480.1
100464.15
100451.6
100441.57
100433.11
100425.87
100419.78
100518.13
100503.53
100489.67
100476.84
100466.14
100457.16
100449.29
100442.5
100436.83
100523.61
100512.56
100502.12
100491.48
100481.8
100473.41
100465.97
100459.57
100454.26
100530.48
100522.65
100514.72
100505.8
100497.03
100489.2
100482.25
100476.28
100471.34
100537.29
100531.79
100526.05
100519.15
100511.19
100504.12
100497.83
100492.41
100487.92
100544.32
100541.1
100536.5
100530.51
100524.25
100518.32
100512.81
100508.03
100504.04
100551.43
100550.17
100547.35
100542.09
100537.08
100532.11
100527.36
100523.21
100519.75
100559.69
100559.52
100557.32
100553.68
100549.77
100545.6
100541.53
100538
100535.06
100568.53
100568.67
100567.45
100565.23
100562.25
100558.79
100555.38
100552.44
100549.97
100578.57
100578.93
100578.54
100577.03
100574.61
100571.75
100568.95
100566.54
100564.52
100588.97
100589.86
100589.98
100588.81
100586.79
100584.47
100582.23
100580.33
100578.73
100600.06
100601.03
100601.28
100600.33
100598.71
100596.92
100595.23
100593.82
100592.64
100610.93
100611.82
100612.1
100611.43
100610.3
100609.11
100608.01
100607.13
100606.37
100620.73
100621.65
100622.14
100621.98
100621.56
100621.14
100620.78
100620.51
100620.2
100628.95
100630.2
100631.29
100632.03
100632.66
100633.28
100633.83
100634.26
100634.45
100635.49
100637.59
100639.87
100642.06
100644.21
100646.22
100647.9
100649.2
100649.98
100641.53
100645.04
100649.06
100653.19
100657.26
100660.93
100663.9
100666.1
100667.47
100649.63
100654.75
100660.85
100667.27
100673.5
100678.96
100683.29
100686.44
100688.41
100661.03
100668.48
100677.51
100686.57
100695
100702.16
100707.68
100711.58
100713.97
100684.81
100693.82
100704.35
100714.82
100724.46
100732.53
100738.62
100742.85
100745.38
100721.34
100731.02
100742.18
100753.09
100762.97
100771.13
100777.22
100781.41
100783.89
100771.39
100780.23
100790.77
100800.87
100809.85
100817.17
100822.55
100826.22
100828.35
100830.95
100838.33
100847.21
100855.53
100862.8
100868.65
100872.91
100875.8
100877.43
100894.42
100899.95
100906.72
100912.87
100918.09
100922.15
100924.99
100926.85
100927.77
100956.55
100960.23
100964.89
100968.93
100972.15
100974.47
100975.95
100976.83
100977.12
101013.1
101015.25
101018.13
101020.42
101022.02
101022.97
101023.44
101023.66
101023.59
101061.05
101062.05
101063.56
101064.54
101064.92
101064.86
101064.57
101064.29
101063.94
101098.52
101098.8
101099.44
101099.64
101099.33
101098.69
101097.99
101097.43
101096.97
101125.05
101124.92
101125.03
101124.83
101124.2
101123.34
101122.5
101121.87
101121.42
101141.08
101140.67
101140.42
101140
101139.33
101138.55
101137.88
101137.42
101137.15
101148.9
101148.81
101148.47
101148.09
101147.71
101147.4
101147.33
101147.45
101147.57
101154.3
101153.92
101153.85
101153.71
101153.47
101153.24
101153.01
101152.93
101153.01
101160.15
101159.91
101159.75
101159.62
101159.54
101159.51
101159.04
101158.6
101158.3
101167.45
101167.28
101166.56
101165.16
101163.82
101162.73
101162.23
101162.21
101162.26
101178.01
101176.84
101176.15
101176.13
101176.38
101176.73
101177.06
101177.25
101177.33
101197.55
101198.16
101198.83
101199.29
101199.58
101199.77
101199.81
101199.77
101199.66
101218.6
101218.88
101219.2
101219.42
101219.56
101219.59
101219.54
101219.42
101219.24
101231.19
101231.42
101231.76
101232.08
101232.31
101232.41
101232.4
101232.3
101232.15
101238.36
101238.54
101238.79
101239.09
101239.34
101239.51
101239.6
101239.61
101239.57
101241.69
101242.04
101242.52
101243.02
101243.48
101243.88
101244.2
101244.44
101244.59
101249.18
101249.15
101249.09
101249.02
101248.95
101248.89
101248.86
101248.85
101248.85
101254.58
101254.59
101254.63
101254.52
101254.29
101254.07
101253.91
101253.8
101253.74
101260.47
101260.41
101260.29
101260.17
101260.14
101260.11
101260.06
101259.99
101259.91
101266.95
101266.98
101267.09
101267.22
101267.27
101267.27
101267.24
101267.18
101267.12
101272.21
101272.32
101272.44
101272.64
101272.89
101273.05
101273.12
101273.15
101273.15
101276.56
101276.68
101276.81
101276.87
101276.88
101276.94
101277.03
101277.1
101277.13
101280.83
101280.94
101281.07
101281.19
101281.3
101281.36
101281.39
101281.41
101281.42
101285.17
101285.26
101285.37
101285.48
101285.58
101285.66
101285.71
101285.75
101285.77
101288.95
101289.05
101289.17
101289.3
101289.41
101289.51
101289.59
101289.64
101289.67
101292.69
101292.79
101292.92
101293.05
101293.18
101293.31
101293.4
101293.47
101293.51
101296.13
101296.23
101296.36
101296.5
101296.64
101296.78
101296.9
101296.99
101297.05
101299.75
101299.85
101299.97
101300.11
101300.25
101300.39
101300.51
101300.61
101300.68
101302.79
101302.88
101303
101303.13
101303.28
101303.42
101303.56
101303.66
101303.74
101306.14
101306.23
101306.34
101306.47
101306.62
101306.76
101306.9
101307.01
101307.1
101309.05
101309.14
101309.26
101309.39
101309.53
101309.68
101309.81
101309.93
101310.02
101312.15
101312.23
101312.34
101312.46
101312.59
101312.73
101312.86
101312.97
101313.06
101314.78
101314.86
101314.96
101315.08
101315.21
101315.34
101315.46
101315.56
101315.65
101317.57
101317.64
101317.73
101317.83
101317.94
101318.06
101318.17
101318.26
101318.34
101319.86
101319.93
101320.01
101320.11
101320.22
101320.32
101320.43
101320.51
101320.58
101322.03
101322.08
101322.15
101322.23
101322.32
101322.41
101322.49
101322.56
101322.62
101324.64
101324.76
101324.89
101325.03
101325.17
101325.3
101325.43
101325.54
101325.62
101338.6
101338.98
101339.35
101339.73
101340.33
101340.81
101341.23
101341.6
101341.91
100394
100383.02
100372.55
100363.47
100356.7
100352.11
100411.26
100401.55
100392.43
100384.59
100378.92
100375.5
100428.99
100420.17
100411.94
100404.88
100399.65
100396.31
100447.07
100438.96
100431.37
100424.81
100419.81
100416.51
100464.81
100457.44
100450.52
100444.53
100439.93
100436.85
100482.08
100475.47
100469.28
100463.93
100459.81
100457.03
100498.9
100493.05
100487.57
100482.83
100479.17
100476.67
100515.28
100510.13
100505.31
100501.14
100497.9
100495.67
100531.21
100526.71
100522.5
100518.85
100516
100514.02
100546.69
100542.81
100539.15
100535.98
100533.48
100531.74
100561.77
100558.42
100555.27
100552.53
100550.35
100548.82
100576.45
100573.6
100570.9
100568.53
100566.65
100565.31
100590.81
100588.4
100586.1
100584.08
100582.44
100581.28
100604.96
100602.95
100601
100599.27
100597.85
100596.83
100619.21
100617.55
100615.9
100614.39
100613.13
100612.19
100633.86
100632.51
100631.12
100629.82
100628.7
100627.84
100649.83
100648.78
100647.6
100646.47
100645.48
100644.72
100667.72
100666.88
100665.87
100664.88
100664.04
100663.47
100689.03
100688.35
100687.43
100686.47
100685.62
100685.07
100714.74
100714.01
100712.99
100711.9
100710.89
100710.2
100746.09
100745.14
100743.9
100742.62
100741.45
100740.67
100784.43
100783.24
100781.75
100780.24
100778.88
100777.93
100828.57
100827.11
100825.43
100823.81
100822.42
100821.53
100877.32
100875.67
100873.88
100872.21
100870.8
100869.88
100927.17
100925.25
100923.25
100921.38
100919.79
100918.69
100976.17
100974.14
100972.08
100970.22
100968.7
100967.56
101022.59
101020.77
101018.99
101017.43
101016.23
101015.44
101062.96
101061.41
101059.93
101058.67
101057.73
101057.15
101096.1
101094.87
101093.74
101092.8
101092.11
101091.71
101120.76
101119.93
101119.21
101118.65
101118.28
101118.07
101136.81
101136.42
101136.19
101136.1
101136.05
101136.02
101147.57
101147.51
101147.41
101147.33
101147.31
101147.32
101153.06
101153.08
101153.12
101153.2
101153.29
101153.34
101158.08
101157.86
101157.7
101157.6
101157.55
101157.54
101162.26
101162.15
101162.04
101161.95
101161.87
101161.83
101177.2
101176.85
101176.49
101176.18
101175.94
101175.81
101199.36
101198.84
101198.33
101197.89
101197.58
101197.42
101218.93
101218.46
101218.01
101217.62
101217.35
101217.22
101231.9
101231.56
101231.23
101230.94
101230.74
101230.65
101239.45
101239.28
101239.1
101238.94
101238.83
101238.77
101244.63
101244.59
101244.54
101244.49
101244.45
101244.42
101248.86
101248.88
101248.9
101248.91
101248.92
101248.92
101253.68
101253.6
101253.53
101253.49
101253.46
101253.45
101259.81
101259.67
101259.55
101259.46
101259.4
101259.38
101267.02
101266.9
101266.78
101266.69
101266.63
101266.61
101273.11
101273.05
101272.98
101272.91
101272.86
101272.84
101277.12
101277.09
101277.06
101277.04
101277.02
101277.01
101281.42
101281.4
101281.39
101281.37
101281.36
101281.36
101285.77
101285.75
101285.73
101285.71
101285.7
101285.7
101289.68
101289.67
101289.65
101289.64
101289.63
101289.63
101293.52
101293.52
101293.52
101293.52
101293.51
101293.51
101297.08
101297.1
101297.1
101297.1
101297.1
101297.1
101300.73
101300.75
101300.76
101300.77
101300.77
101300.77
101303.8
101303.84
101303.86
101303.88
101303.88
101303.89
101307.17
101307.22
101307.25
101307.27
101307.28
101307.28
101310.09
101310.15
101310.19
101310.22
101310.23
101310.23
101313.13
101313.19
101313.23
101313.26
101313.28
101313.28
101315.72
101315.78
101315.83
101315.86
101315.87
101315.88
101318.4
101318.46
101318.5
101318.53
101318.55
101318.55
101320.64
101320.7
101320.74
101320.77
101320.79
101320.79
101322.67
101322.72
101322.75
101322.78
101322.79
101322.8
101325.7
101325.77
101325.82
101325.86
101325.89
101325.9
101342.18
101342.43
101342.69
101342.97
101343.18
101343.39
101500.06
101550.66
101601.14
101643.74
101669.39
101679.17
101391.2
101444.55
101496.4
101539.41
101564.96
101573.74
101273.29
101328.04
101379.75
101421.73
101446.38
101454.87
101144.23
101198.7
101248.87
101289.2
101313.24
101321.78
101005.4
101058.16
101105.76
101143.79
101166.83
101175.33
100858.85
100908.49
100952.42
100987.3
101008.73
101016.83
100707.23
100752.57
100792.18
100823.83
100844.24
100852.92
100558.91
100600.28
100636.2
100665
100684.02
100693.48
100416.29
100452.76
100484.09
100508.93
100525.17
100533.65
100283.53
100314.14
100340.12
100360.56
100373.79
100380.5
100169.84
100194.62
100215.21
100231.41
100241.8
100247.02
100080.31
100099.27
100114.87
100126.89
100134.8
100138.91
100020.72
100034.44
100045.15
100052.96
100057.39
100059.44
99997.172
100002.64
100006.41
100008.87
100010.67
100011.67
99985.942
99989.728
99992.283
99993.898
99994.905
99995.189
100001.98
100002.53
100001.91
100000.59
99999.232
99998.091
100033.86
100030.81
100027.21
100023.58
100020.43
100018.1
100076.47
100070.67
100064.8
100059.48
100055.27
100052.36
100126.46
100118.48
100110.72
100103.89
100098.61
100095.05
100179.09
100169.46
100160.29
100152.3
100146.16
100142.08
100231.1
100220.41
100210.35
100201.71
100195.16
100190.82
100279.92
100268.69
100258.12
100248.95
100241.9
100237.23
100325.14
100313.57
100302.76
100293.53
100286.55
100282.01
100363.2
100352.43
100342.17
100333.06
100325.77
100320.54
101777.48
101642.53
101518.92
101408.29
101333.99
101307.62
101326.69
101377.91
101441.73
101555.59
101438.31
101325.89
101235.27
101180.62
101169.9
101200.78
101260.66
101330.69
101300.67
101214.36
101128.44
101060.05
101023.6
101026.8
101067.71
101134.67
101209.86
101042.55
100984.81
100924.26
100879.72
100861.45
100878.09
100928
101000.69
101079.34
100779.8
100750.71
100716.31
100693.9
100695.06
100725.82
100783.87
100860.71
100940.79
100519.22
100516.78
100509.27
100510.1
100529.69
100573.15
100638.09
100717.13
100796.37
100269.77
100291.9
100309.96
100333.54
100370.33
100424.52
100494.3
100573.04
100648.83
100040.38
100084.17
100125.32
100169.64
100221.76
100284.71
100357.3
100433.92
100505.01
99834.576
99898.254
99960.498
100023.38
100088.55
100158.04
100231.17
100303.54
100368.12
99673.496
99747.027
99824.168
99901.172
99975.971
100049.41
100120.6
100186.41
100242.54
99489.531
99587.884
99699.273
99798.111
99884.733
99962.66
100030.88
100089.01
100136.13
99442.287
99544.947
99639.368
99731.543
99821.374
99903.321
99967.431
100016.75
100054.21
99403.058
99513.766
99624.762
99731.739
99818.304
99884.583
99936.571
99973.422
100000.96
99409.594
99517.942
99627.706
99731.223
99818.222
99884.242
99933.567
99968.126
99987.629
99460.211
99560.858
99663.188
99758.573
99839.108
99899.372
99940.263
99965.456
99979.021
99550.905
99639.493
99729.818
99815.341
99886.254
99937.509
99970.339
99989.075
99998.212
99670.894
99742.36
99817.282
99889.122
99948.785
99991.316
100017.23
100030.05
100034.16
99811.995
99863.276
99919.005
99974.328
100021
100053.8
100072.38
100079.71
100079.81
99964.209
99993.036
100027.17
100064.44
100097.3
100120.22
100131.98
100134.85
100132.05
100113.38
100120.31
100133.34
100152.92
100172.41
100186.09
100191.88
100191.19
100186.31
100244.38
100234.57
100230.33
100234.63
100242.35
100248
100248.91
100245.57
100239.35
100349.75
100328.33
100312.01
100305.23
100304.04
100303.49
100300.72
100295.54
100288.63
100426.69
100404.41
100381.92
100367.08
100358.66
100353.11
100347.61
100341.26
100334.01
100469.07
100443.61
100420.79
100405.45
100395.59
100389.17
100383.59
100377.83
100371.54
102049.42
102100.2
102088.07
102038.87
101981.04
101922.31
101657.79
101742.03
101752.51
101726.75
101693.57
101660.41
101260.17
101375.84
101405.89
101402.86
101392.88
101381.4
100866.04
101005.6
101053.29
101072.49
101085.35
101095.73
100479.22
100640.25
100702.4
100742.22
100776.2
100806.62
100107.36
100288.05
100361.34
100420.14
100473.15
100521.33
99758.909
99955.193
100041.23
100115.76
100184.99
100248.74
99444.047
99652.992
99750.691
99838.739
99921.786
99998.761
99177.371
99393.915
99497.003
99594.137
99687.309
99774.538
98951.193
99179.685
99302.344
99409.566
99510.518
99603.609
98826.387
99051.41
99137.318
99223.335
99317.404
99410.298
98664.806
98887.976
98969.29
99089.44
99212.76
99331.351
98498.65
98759.427
98893.588
99031.16
99164.419
99288.276
98455.724
98779.074
98924.863
99053.113
99178.872
99297.394
98592.556
98888.335
99001.225
99117.966
99239.113
99353.096
98789.669
99026.808
99126.015
99233.226
99346.353
99452.458
99002.843
99203.52
99297.64
99393.79
99494.45
99587.978
99255.432
99425.57
99506.958
99590.459
99674.142
99749.428
99553.853
99688.482
99746.778
99805.902
99867.072
99922.99
99872.384
99965.784
99995.808
100026.54
100061.55
100094.74
100183.82
100226.83
100224.1
100223.27
100231.66
100243.79
100390.7
100415.31
100396.96
100377.29
100366.92
100362.41
100481.1
100483.34
100472.46
100459.4
100447.98
100438.43
100488.7
100490.62
100495.38
100493.32
100490.24
100484.82
100479.57
100501.91
100503.71
100504.66
100503.25
100506.46
100496.63
100501.56
100503.94
100506.69
100510.85
100522.65
100501.87
100503.57
100505.41
100508.34
100512.82
100530.44
100505.38
100507.21
100508.76
100511.32
100515.97
100527.59
100507.99
100509.83
100510.76
100512.61
100515.62
100521
100510.74
100512.31
100512.73
100513.63
100515.03
100517.32
100514.49
100515.29
100515.19
100515.28
100515.62
100516.53
100519.43
100519.07
100518.27
100517.39
100516.94
100517.02
100525.04
100523.59
100521.57
100519.6
100518.24
100517.69
100531.16
100528.78
100525.32
100522.05
100519.78
100518.46
100537.34
100533.42
100528.95
100524.47
100521.13
100519.01
100542.39
100535.08
100530
100525.01
100521.12
100518.55
100541.15
100536.18
100530.17
100524.34
100519.94
100517.04
100537.3
100533.05
100527.25
100521.59
100517.26
100514.33
100530.36
100526.72
100521.79
100517
100513.18
100510.61
100521.5
100519.03
100515.28
100511.51
100508.64
100506.72
100512.93
100511.32
100509.02
100506.58
100504.6
100503.29
100505.47
100505.14
100504.17
100502.9
100501.83
100501.02
100499.5
100500.6
100500.54
100500.48
100500.23
100499.79
100496.13
100498.17
100499.06
100499.75
100500.21
100500.57
100494.83
100498.43
100499.52
100500.88
100502.39
100503.85
100494.98
100499.52
100500.4
100502.51
100505.92
100509.74
100496.54
100499.17
100499.84
100503.55
100508.75
100516.56
100495.63
100499.65
100500.19
100502.21
100507.93
100516.06
101053.06
101189.41
101245.98
101266.39
101269.48
101267.84
101422.69
101529.36
101566.36
101566.96
101549.23
101517.63
101790.73
101869.44
101886.25
101866.41
101828.59
101775.95
102151.8
102203.72
102200.09
102159.81
102101.93
102030.32
102501.02
102526.84
102502.57
102441.99
102364.81
102275.08
102834
102833.56
102788.25
102707.57
102612.33
102507.05
103140.23
103114.34
103048.56
102949.5
102838.48
102721.61
103399.46
103358.04
103276.13
103164.44
103040.88
102912.6
103625.55
103582.38
103485.36
103360.52
103227.51
103087.27
103830.15
103775.53
103666.86
103531.41
103384.07
103233.2
103998.52
103931.04
103812.67
103667.49
103510.4
103351.33
104129.79
104055.05
103929.16
103771.94
103606.35
103440.7
104223.87
104135.57
104002.8
103842.12
103673.32
103503.91
104276.63
104149.97
104014.97
103860.64
103696.35
103528.85
104263.33
104165.59
104029.75
103867.96
103697.83
103526.71
104212.75
104131.38
104001.07
103839.1
103668.03
103496.12
104112.49
104039.34
103914.87
103759.15
103593.74
103426.89
103978.38
103912.03
103792.87
103646.79
103488.82
103327.25
103808.77
103753.43
103642.14
103503.37
103356.23
103201.09
103599.72
103555.61
103455.69
103327.57
103187.52
103038.57
103362.97
103322.01
103235.94
103118.78
102986.56
102851.56
103096.47
103065.08
102992.86
102888.14
102769.89
102645.45
102783.32
102774.03
102719.34
102629.61
102525.46
102418.49
102428.52
102444.83
102408.1
102332.99
102241.8
102166.59
100497.37
100500.3
100500.74
100502.7
100504.11
100494.63
100494.1
100497.93
100498.58
100496.1
100494
100492.9
100485.23
100490.37
100485.43
100475.81
100469.54
100463.7
100436.88
100456.52
100438.32
100420.59
100409.66
100403.55
100302.08
100340.67
100324.57
100310.79
100309.81
100315.07
100078.6
100146.6
100153.91
100165.03
100185.29
100207.15
99806.337
99920.038
99955.249
99994.172
100038.37
100079.88
99522.81
99687.464
99752.01
99818.992
99886.769
99947.891
99265.509
99476.011
99563.538
99647.593
99738.395
99822.722
99053.292
99294.951
99395.129
99499.067
99608.918
99710.875
98866.389
99152.103
99259.128
99376.701
99502.382
99619.771
98688.568
99046.541
99161.205
99288.534
99425.354
99554.596
98548.13
98964.541
99105.984
99244.346
99386.776
99522.761
98496.687
98894.354
99068.112
99228.014
99379.985
99522.458
98585.19
98897.471
99037.872
99212.952
99378.918
99532.586
98749.628
99015.485
99105.453
99265.686
99418.855
99564.705
98854.42
99178.31
99304.823
99412.212
99533.734
99663.722
99005.225
99302.277
99434.448
99568.409
99698.348
99825.625
99202.532
99481.532
99604.677
99728.251
99851.172
99973.042
99433.734
99694.409
99814.53
99924.576
100035.3
100147.83
99703.724
99944.832
100056.93
100150.73
100246.17
100346.19
100006.37
100226.5
100327.15
100403.34
100481.83
100567.38
100339.5
100532.79
100620.9
100680.31
100742.95
100815.62
100690.97
100856.27
100930.38
100973.17
101016.57
101068.22
102273.69
102440.32
102623.6
102802.96
102959.1
103094.07
103199.11
103281.89
103336.99
103362.72
103364.68
103338.69
103282.32
103204.3
103101.37
102974.49
102823.54
102656.39
102469.98
102268.71
102055.77
101833.57
101613.49
101412.35
102314.69
102420.34
102585.18
102742.58
102871.88
102982.51
103070.53
103138.27
103181.47
103202.44
103202.25
103175.64
103125.54
103057.29
102967.81
102857.69
102730.56
102585.3
102423.73
102246.34
102056.83
101856.12
101656
101501
102326.94
102407.49
102552.95
102681.89
102786
102870.5
102941
102992.84
103024.84
103040.42
103036.87
103010.83
102967.43
102909.16
102833.77
102741.92
102636.04
102513.44
102377.97
102226.61
102064.39
101889.89
101710.37
101578.39
102325.91
102391.31
102512.03
102612.27
102691.91
102757.04
102809.92
102847.28
102870.57
102880.94
102873.73
102849.2
102812.13
102762.87
102700.03
102624.09
102536.49
102436.91
102321.24
102196.82
102060.86
101913.28
101759.54
101649.44
102316.08
102366.87
102458.82
102532.68
102592.58
102641.61
102679.57
102705.49
102721.62
102726.95
102717.03
102694.49
102663.02
102621.65
102569.66
102507.25
102434.79
102352.27
102260.7
102159.23
102046.88
101923.37
101795.98
101709.76
102297.37
102328.28
102393.33
102448.03
102492.48
102527.79
102553.84
102571.11
102581.17
102581.55
102569.91
102549.83
102523.12
102488.54
102445.88
102395.29
102336.87
102270.66
102197.36
102116.28
102026.2
101924.3
101819.93
101755.85
102264.66
102279.22
102322.15
102362.75
102395.26
102419.54
102436.39
102447.53
102452.36
102448.11
102435.8
102418.16
102395.29
102366.4
102331.49
102290.66
102243.96
102191.36
102133.02
102068.98
101998.55
101918.7
101834.05
101785.89
102225.95
102225.02
102252.57
102282.94
102306.09
102321.79
102331.83
102337.61
102337.57
102330.31
102318.22
102302.54
102282.66
102258.34
102229.63
102196.6
102159.24
102117.51
102071.42
102020.94
101965.6
101904.24
101839.82
101803.33
102191.54
102183.28
102197.21
102216.3
102230.38
102238.99
102244.01
102244.97
102240.45
102231.68
102220.21
102205.88
102188.32
102167.54
102143.61
102116.53
102086.29
102052.87
102016.28
101976.45
101932.76
101884.34
101835.5
101811.89
102158.72
102143.65
102149.88
102161.83
102169.97
102174.2
102175.01
102171.58
102164.77
102155.86
102144.84
102131.44
102115.64
102097.5
102077.05
102054.27
102029.14
102001.64
101971.79
101939.56
101904.4
101865.43
101826.51
101810.36
102131.11
102116.83
102120.26
102127.16
102131.21
102131.21
102128.03
102122.49
102115.26
102106.31
102095.48
102082.79
102068.32
102052.08
102034.06
102014.23
101992.55
101968.96
101943.45
101915.96
101886.11
101853.67
101822.15
101807.02
102124.71
102114.48
102114.16
102115.34
102115.09
102112.58
102108.35
102102.71
102095.59
102086.93
102076.74
102065.08
102052.01
102037.49
102021.43
102003.73
101984.33
101963.16
101940.16
101915.09
101887.49
101858.13
101833.08
101820.73
102128.11
102123.84
102121.93
102120.37
102118.08
102114.76
102110.41
102104.92
102098.23
102090.28
102081.1
102070.72
102059.22
102046.62
102032.87
102017.83
102001.36
101983.34
101963.64
101941.93
101917.46
101890.09
101864.57
101850.77
102117.49
102117.26
102115.45
102113.14
102110.21
102106.46
102101.8
102096.16
102089.57
102082.17
102074.12
102065.41
102056.07
102046.08
102035.34
102023.85
102011.65
101998.74
101985.14
101970.85
101955.54
101938.74
101922.1
101915.31
102095.34
102093.45
102089.94
102085.94
102081.53
102076.63
102071.27
102065.44
102059.14
102052.41
102045.26
102037.68
102029.68
102021.23
102012.3
102002.89
101992.97
101982.56
101971.68
101960.33
101948.49
101936.36
101925.33
101918.98
102061.94
102057.43
102052.15
102046.99
102041.83
102036.54
102031.12
102025.59
102019.95
102014.19
102008.32
102002.31
101996.15
101989.8
101983.22
101976.36
101969.16
101961.58
101953.55
101945.04
101936.02
101926.71
101918.13
101911.46
102019.73
102014.51
102008.82
102003.34
101997.96
101992.58
101987.17
101981.75
101976.33
101970.91
101965.52
101960.15
101954.82
101949.54
101944.31
101939.14
101933.99
101928.85
101923.68
101918.4
101912.96
101907.38
101901.9
101896.72
101976.16
101970.92
101965.36
101960
101954.78
101949.61
101944.48
101939.4
101934.37
101929.41
101924.49
101919.61
101914.78
101909.97
101905.2
101900.47
101895.8
101891.19
101886.65
101882.18
101877.78
101873.5
101869.49
101865.65
101931.33
101926.43
101921.27
101916.32
101911.53
101906.84
101902.26
101897.77
101893.37
101889.08
101884.89
101880.8
101876.81
101872.91
101869.1
101865.38
101861.74
101858.17
101854.67
101851.24
101847.87
101844.61
101841.54
101838.59
101887.03
101882.7
101878.18
101873.85
101869.67
101865.57
101861.54
101857.6
101853.75
101849.98
101846.29
101842.7
101839.19
101835.77
101832.44
101829.21
101826.08
101823.05
101820.13
101817.32
101814.63
101812.08
101809.74
101807.49
101843.84
101840.21
101836.43
101832.81
101829.31
101825.91
101822.59
101819.36
101816.22
101813.17
101810.21
101807.34
101804.56
101801.86
101799.24
101796.71
101794.25
101791.89
101789.61
101787.42
101785.31
101783.32
101781.5
101779.75
101802.32
101799.36
101796.29
101793.33
101790.48
101787.69
101784.97
101782.31
101779.73
101777.21
101774.77
101772.4
101770.1
101767.88
101765.74
101763.68
101761.7
101759.8
101757.99
101756.26
101754.62
101753.09
101751.71
101750.37
101763.9
101761.6
101759.23
101756.94
101754.72
101752.56
101750.45
101748.4
101746.4
101744.45
101742.57
101740.74
101738.96
101737.25
101735.59
101733.98
101732.44
101730.96
101729.55
101728.19
101726.9
101725.69
101724.59
101723.53
101728.23
101726.48
101724.68
101722.94
101721.24
101719.58
101717.96
101716.37
101714.83
101713.33
101711.87
101710.45
101709.07
101707.74
101706.45
101705.2
101704
101702.85
101701.75
101700.69
101699.69
101698.75
101697.89
101697.04
101696.8
101695.52
101694.22
101692.95
101691.72
101690.5
101689.32
101688.16
101687.03
101685.92
101684.85
101683.8
101682.78
101681.79
101680.83
101679.9
101679.01
101678.14
101677.3
101676.49
101675.72
101674.98
101674.3
101673.62
101668.58
101667.71
101666.8
101665.92
101665.05
101664.2
101663.36
101662.55
101661.75
101660.96
101660.2
101659.46
101658.73
101658.03
101657.35
101656.69
101656.05
101655.43
101654.84
101654.26
101653.71
101653.19
101652.7
101652.2
101645.32
101644.73
101644.11
101643.48
101642.86
101642.25
101641.64
101641.04
101640.45
101639.86
101639.28
101638.71
101638.15
101637.61
101637.07
101636.55
101636.05
101635.55
101635.07
101634.6
101634.14
101633.7
101633.28
101632.85
101625.36
101625
101624.62
101624.23
101623.83
101623.44
101623.05
101622.66
101622.27
101621.89
101621.5
101621.12
101620.73
101620.35
101619.97
101619.58
101619.2
101618.83
101618.45
101618.08
101617.72
101617.36
101617.01
101616.65
101611.89
101611.66
101611.42
101611.16
101610.89
101610.63
101610.35
101610.07
101609.78
101609.49
101609.2
101608.9
101608.59
101608.29
101607.97
101607.66
101607.34
101607.02
101606.7
101606.38
101606.06
101605.74
101605.41
101605.08
101600.45
101600.26
101600.07
101599.86
101599.64
101599.42
101599.19
101598.96
101598.72
101598.47
101598.22
101597.96
101597.7
101597.43
101597.15
101596.86
101596.57
101596.28
101595.98
101595.67
101595.36
101595.04
101594.71
101594.38
101585.7
101585.56
101585.41
101585.26
101585.11
101584.97
101584.84
101584.71
101584.6
101584.48
101584.36
101584.24
101584.11
101583.97
101583.83
101583.69
101583.53
101583.38
101583.21
101583.04
101582.87
101582.69
101582.5
101582.3
101520.64
101463.94
101415.71
101397.08
101421.32
101492.07
101597.08
101700.92
101810.55
101586.23
101532.94
101487.45
101469.74
101493.17
101562.15
101668.77
101783.36
101879.11
101653.78
101604.58
101561.77
101543.66
101563.42
101626.01
101725.67
101837.96
101923.63
101723.36
101678.36
101638.33
101619.63
101634.83
101689.02
101776.93
101877.7
101954.06
101793.44
101753.04
101716.04
101696.71
101706.73
101751.17
101825.2
101911.15
101977.91
101861.67
101826.3
101792.74
101773.01
101777.64
101811.67
101871.27
101942.13
101999.95
101926.81
101896.15
101866.09
101846.34
101846.08
101870.46
101918.05
101977.86
102022.58
101987.35
101961.44
101934.86
101915.94
101912.91
101932.01
101972.52
102021.49
102042.44
102037.05
102017.73
101996.5
101980.62
101976.7
101987.79
102008.17
102032.05
102042.53
102073.94
102064.17
102047.07
102029.03
102017.42
102015.6
102027.43
102047.44
102053.1
102088.12
102088.93
102086.15
102077.66
102067.93
102062.23
102064.48
102069.61
102065.04
102092.52
102094.08
102097.12
102101.65
102104.87
102105.52
102105.19
102103.15
102095.13
102089.46
102092.22
102094.97
102099.32
102105.42
102112.81
102119.44
102123.19
102122.88
102079.51
102082.25
102085.85
102090.12
102094.91
102100.34
102106.36
102112.55
102117.57
102061.35
102063.89
102067.25
102071.64
102076.86
102082.14
102087.02
102091.57
102095.34
102035.52
102037.63
102040.38
102043.72
102047.65
102052.01
102056.38
102060.29
102062.97
102003.2
102004.91
102007.04
102009.53
102012.25
102014.96
102017.54
102019.99
102021.69
101965.79
101967.2
101968.92
101970.8
101972.74
101974.61
101976.31
101977.84
101978.7
101925.22
101926.32
101927.63
101929.02
101930.36
101931.54
101932.55
101933.48
101933.93
101883.23
101884.13
101885.19
101886.27
101887.26
101888.08
101888.74
101889.31
101889.49
101841.29
101842.01
101842.84
101843.68
101844.43
101845.02
101845.46
101845.86
101845.97
101800.59
101801.15
101801.81
101802.46
101803.03
101803.46
101803.77
101804.04
101804.09
101762.54
101762.98
101763.5
101764.01
101764.46
101764.79
101765.03
101765.25
101765.31
101727.24
101727.57
101727.96
101728.35
101728.68
101728.93
101729.1
101729.25
101729.32
101696.06
101696.3
101696.59
101696.88
101697.13
101697.3
101697.42
101697.54
101697.6
101668.04
101668.21
101668.42
101668.63
101668.8
101668.93
101669.03
101669.12
101669.16
101645.14
101645.24
101645.37
101645.5
101645.59
101645.66
101645.7
101645.74
101645.75
101625.27
101625.34
101625.42
101625.5
101625.56
101625.6
101625.62
101625.64
101625.65
101612.11
101612.13
101612.16
101612.17
101612.17
101612.15
101612.13
101612.11
101612.09
101600.77
101600.77
101600.78
101600.77
101600.75
101600.72
101600.68
101600.65
101600.63
101586.69
101586.64
101586.57
101586.49
101586.4
101586.28
101586.16
101586.02
101585.88
101576.12
101641.36
101704.49
101769.13
101833.7
101896.02
101955.42
102008.94
102049.82
102076.65
102087.54
102091.45
102088.15
102078.04
102060.03
102034.5
102002.44
101965.2
101924.79
101882.88
101841.01
101800.35
101762.34
101727.08
101695.93
101667.93
101645.06
101625.2
101612.08
101600.73
101586.73
101622.46
101683.88
101743.52
101804.24
101864.43
101921.97
101976.1
102022.04
102054.79
102075.62
102086.52
102090.48
102087.79
102077.31
102059.54
102034.25
102002.42
101965.27
101924.94
101883.01
101841.15
101800.46
101762.42
101727.13
101695.97
101667.94
101645.08
101625.21
101612.08
101600.72
101586.75
101671.69
101728.77
101783.98
101839.73
101894.44
101945.61
101991.65
102028.42
102055.18
102074.24
102085.49
102089.87
102087.13
102076.65
102059.08
102033.99
102002.36
101965.28
101925.02
101883.09
101841.24
101800.53
101762.47
101727.16
101695.99
101667.95
101645.09
101625.21
101612.1
101600.81
101586.76
101714.67
101766.96
101816.91
101867.36
101916.07
101960.17
101997.88
102029.14
102054.23
102073.27
102084.81
102089.53
102086.84
102076.22
102058.77
102033.81
102002.3
101965.28
101925.06
101883.14
101841.29
101800.57
101762.49
101727.18
101695.99
101667.95
101645.09
101625.2
101612.07
101600.61
101586.82
101742.1
101790.44
101834.79
101881.2
101924.59
101964.28
101998.33
102028.35
102053.63
102072.65
102084.38
102089.22
102086.63
102076.01
102058.61
102033.69
102002.28
101965.27
101925.08
101883.17
101841.33
101800.6
101762.52
101727.19
101696
101667.95
101645.1
101625.2
101612.11
101600.87
101588.99
101750.22
101796.64
101840.1
101883.74
101925.03
101963.9
101998.18
102028.19
102053.36
102072.27
102084.13
102089
102086.53
102075.99
102058.53
102033.62
102002.28
101965.27
101925.1
101883.17
101841.35
101800.61
101762.53
101727.21
101696.01
101667.96
101645.09
101625.21
101612.09
101600.69
101586.5
)
;

boundaryField
{
    Side1
    {
        type            empty;
    }
    Inlet
    {
        type            totalPressure;
        rho             rho;
        psi             none;
        gamma           1;
        p0              uniform 102920.87;
        value           nonuniform List<scalar> 
70
(
101588.41
101588.24
101588.03
101587.79
101587.49
101587.15
101586.74
101586.26
101585.7
101585.04
101584.26
101583.35
101582.24
101580.86
101579.35
101577.6
101575.55
101573.11
101570.24
101566.84
101562.9
101558.59
101554.09
101548.7
101542.18
101535.18
101527.62
101520.02
101512.92
101507.05
101503.41
101591.96
101592.06
101592.12
101592.15
101592.14
101592.09
101592.02
101591.93
101591.81
101591.67
101591.52
101591.34
101591.16
101590.96
101590.76
101590.54
101590.32
101590.08
101589.84
101589.6
101589.34
101589.09
101588.83
101588.58
101590.37
101590.59
101590.82
101591.06
101591.29
101591.5
101591.67
101591.8
101591.9
101590.11
101589.74
101589.19
101588.05
101584.63
101530.62
)
;
    }
    Freestream
    {
        type            slip;
    }
    Side2
    {
        type            empty;
    }
    Outlet
    {
        type            freestreamPressure;
        freestreamValue uniform 101325;
        value           uniform 101325;
    }
    Botwall
    {
        type            zeroGradient;
    }
    Cyli
    {
        type            zeroGradient;
    }
}


// ************************************************************************* //
