/*--------------------------------*- C++ -*----------------------------------*\
| =========                 |                                                 |
| \\      /  F ield         | OpenFOAM: The Open Source CFD Toolbox           |
|  \\    /   O peration     | Version:  2406                                  |
|   \\  /    A nd           | Website:  www.openfoam.com                      |
|    \\/     M anipulation  |                                                 |
\*---------------------------------------------------------------------------*/
FoamFile
{
    version     2.0;
    format      ascii;
    arch        "LSB;label=32;scalar=64";
    class       surfaceScalarField;
    location    "0.05";
    object      phi;
}
// * * * * * * * * * * * * * * * * * * * * * * * * * * * * * * * * * * * * * //

dimensions      [1 0 -1 0 0 0 0];

oriented        oriented;

internalField   nonuniform List<scalar> 
4030
(
0.015293741
0.0012735711
0.015541381
0.0013430077
-0.0015904425
0.015742141
0.0014644245
-0.0016649296
0.015883898
0.0016571943
-0.001798611
0.015958474
0.0019472414
-0.0020213484
0.015951096
0.0023528654
-0.0023447994
0.015848514
0.0028936995
-0.0027901741
0.015646924
0.0035596839
-0.0033567476
0.01534641
0.0043395891
-0.004037224
0.014963192
0.0051822966
-0.0047967621
0.014536156
0.0059778773
-0.0055481654
0.014104185
0.0066359561
-0.0062010074
0.013700526
0.0070656703
-0.0066588759
0.013347683
0.0072005912
-0.0068446895
0.013061249
0.0069888293
-0.0066995941
0.012861209
0.0063874118
-0.006185072
0.0127666
0.005392721
-0.0052965437
0.01278154
0.004068609
-0.004082756
0.012886564
0.0025936427
-0.0026988762
0.013021068
0.0013521321
-0.0014874458
0.013132332
0.00072951152
-0.00084151273
0.013145242
0.0010592676
-0.0010727598
0.013026219
0.0026796574
-0.0025592398
0.012776959
0.0050265429
-0.0047732644
0.012433015
0.0076365145
-0.0072856869
0.012026701
0.010027948
-0.0096132014
0.011604513
0.011681656
-0.011250099
0.011286225
0.01203212
-0.011704911
0.011205346
0.010153328
-0.010064964
0.011332426
0.0064441069
-0.0065654714
0.011559459
0.0024360942
-0.0026579028
0.011848525
-0.00043853393
0.00015387016
0.012156193
-0.0021196021
0.0018154679
0.012319763
-0.0012635939
0.0011051534
0.012315971
0.0019277127
-0.0019169985
0.012326627
0.0051048333
-0.0051060704
0.012486389
0.0054616695
-0.0056124561
0.012735077
0.003134376
-0.0033752805
0.013035076
0.00074042602
-0.0010353651
0.013352497
-0.00048482627
0.00017084358
0.013669439
-0.00027895056
-3.5118654e-05
0.014022817
0.0002105988
-0.00056206434
0.014426293
-0.00018024056
-0.00022284654
0.014861596
-0.0010456883
0.00060951659
0.015316613
-0.0016753005
0.001218747
0.015790302
-0.0020811925
0.0016056623
0.016284057
-0.0024397675
0.0019439125
0.016792507
-0.0027701397
0.0022588771
0.017327246
-0.0032163596
0.0026767816
0.017876219
-0.0035059603
0.00294651
0.018453768
-0.0038958911
0.0032956587
0.019037069
-0.003929059
0.0033123365
0.019639976
-0.0039096692
0.0032669322
0.020274395
-0.0039914095
0.0033085339
0.020971573
-0.0042881953
0.003546878
0.021677395
-0.0036926216
0.0029516988
0.022445877
-0.0036078486
0.0028202306
-0.0020788762
0.001358996
0.013243873
0.00074697242
0.013702575
0.0008845032
0.014095007
0.0010722434
0.014414453
0.0013380946
0.014656047
0.0017061597
0.014809688
0.0022000132
0.014853921
0.0028505794
0.014772779
0.0036423743
0.014566284
0.00454814
0.014276772
0.0054744939
0.013919531
0.0063382112
0.013530044
0.0070287598
0.013150452
0.0074486949
0.012801177
0.0075531465
0.012507733
0.0072852287
0.012307916
0.0065895847
0.012229417
0.0054727315
0.012276541
0.0040220984
0.012429341
0.0024403471
0.01261043
0.0011701263
0.012790236
0.0005488131
0.012878107
0.00097066626
0.012841642
0.0027177218
0.012675853
0.005196665
0.012405472
0.0079140046
0.012072857
0.010369511
0.011711965
0.012052351
0.011454372
0.012299063
0.011423203
0.010192272
0.011571287
0.0063019082
0.0118008
0.0022106296
0.012099789
-0.00073111971
0.012420789
-0.0024367402
0.012602288
-0.0014395587
0.01264672
0.0018904536
0.012723902
0.0050372177
0.012932643
0.0052619044
0.01321258
0.0028625555
0.013536041
0.00042240256
0.013873797
-0.00081879005
0.014214506
-0.00061667412
0.014591665
-0.00016473205
0.015010671
-0.0005989442
0.015452372
-0.0014882612
0.015906801
-0.0021312558
0.016374077
-0.0025503555
0.016855478
-0.0029233958
0.0173461
-0.0032637702
0.017857549
-0.0037329502
0.018378071
-0.0040373541
0.01892181
-0.0044628439
0.019466465
-0.0045075178
0.020026948
-0.0045105088
0.020612739
-0.0046260077
0.021255591
-0.0049753154
0.021902617
-0.0043744456
0.022606592
-0.0043301345
-0.0027295244
0.0085166675
-0.00013079915
0.0093003944
-3.6626238e-05
0.01005163
0.00013342738
0.010757149
0.00036695813
0.011401787
0.00069381048
0.011971894
0.0011366065
0.012444183
0.0017285782
0.012781114
0.0025149029
0.012960782
0.0034644458
0.012981162
0.0045300669
0.012851162
0.0056074094
0.012637971
0.0065548712
0.012359952
0.0073104577
0.012043491
0.0077688237
0.011735066
0.0078650297
0.011480033
0.007543329
0.011334375
0.006737605
0.011325466
0.0054830306
0.011455755
0.0038921648
0.011680432
0.0022150524
0.011944085
0.000905507
0.012224975
0.00026687644
0.012412303
0.00078282806
0.012481557
0.0026503051
0.012422751
0.0052601847
0.012250852
0.0080932304
0.012002638
0.010626833
0.011728198
0.012337123
0.011544876
0.012491817
0.011568797
0.010176334
0.011740824
0.0061359775
0.01197687
0.0019795433
0.012293112
-0.001040811
0.012631723
-0.002771208
0.012840524
-0.0016424677
0.012945329
0.0017930025
0.013096479
0.0048957153
0.01335756
0.005009774
0.013671923
0.0025565301
0.01402197
7.8155568e-05
0.014381961
-0.0011746277
0.014746828
-0.00097843797
0.015146121
-0.00056228006
0.01557842
-0.0010310294
0.01602469
-0.0019354069
0.01647725
-0.0025853266
0.016937165
-0.0030121968
0.017405686
-0.0033942757
0.017878374
-0.0037396722
0.018366875
-0.004226911
0.018859622
-0.0045413692
0.019370596
-0.0049975231
0.019878207
-0.0050492682
0.020398233
-0.0050714592
0.020937811
-0.0052146734
0.02152913
-0.0056109567
0.022120589
-0.0050003332
0.022763923
-0.0049908247
-0.0033157602
0.0045055836
-0.00076943752
0.0051326268
-0.00075772142
0.0058047872
-0.00070864498
0.0065282678
-0.00058985621
0.0072761881
-0.00038067697
0.0080273076
-5.6904056e-05
0.0087498383
0.00041470512
0.0094170182
0.0010623473
0.0099758258
0.0019574649
0.010395635
0.0030465476
0.010653481
0.0042747616
0.010747484
0.0055165564
0.010699006
0.0066070128
0.01057641
0.0074370615
0.010395815
0.0079533104
0.010191196
0.0080732073
0.010045349
0.0076923253
0.010019925
0.006765357
0.010132586
0.0053715816
0.01037696
0.0036479169
0.010691142
0.0019003852
0.011075716
0.0005199556
0.011470592
-0.00012919296
0.011769571
0.00048369972
0.011963086
0.0024589093
0.012033154
0.0051951113
0.011978627
0.0081553943
0.011832944
0.010781437
0.011663497
0.012517444
0.011570864
0.012593829
0.011654134
0.010101217
0.011854595
0.0059419166
0.012103165
0.0017368055
0.012442222
-0.0013734116
0.01280174
-0.0031262016
0.013045686
-0.0018801792
0.013220731
0.0016254244
0.013450324
0.0046757644
0.013766168
0.0047028422
0.014117215
0.0022139862
0.014495093
-0.00029357769
0.014877559
-0.001552569
0.015265368
-0.0013630094
0.01568417
-0.00097940722
0.016127043
-0.0014737719
0.016575796
-0.0023850386
0.017025107
-0.0030361318
0.017476751
-0.0034658035
0.017931959
-0.0038519763
0.018386754
-0.0041978983
0.018852767
-0.004698716
0.019318608
-0.0050188722
0.019798072
-0.0055011496
0.020270478
-0.0055560928
0.020752273
-0.005594791
0.021248255
-0.005759974
0.021791106
-0.0061981254
0.022330623
-0.0055738676
0.022917399
-0.0055938695
-0.003842813
0.0029703407
-0.0011415209
0.0033663146
-0.001153525
0.0037929624
-0.0011350842
0.0042656812
-0.0010623015
0.0047883891
-0.00090301842
0.0053571185
-0.00062512777
0.0059454547
-0.0001728919
0.006521403
0.00048744864
0.0070634769
0.0014169097
0.0075462291
0.0025658799
0.0079289433
0.0038947795
0.0081912219
0.0052576255
0.0083299369
0.0064721182
0.0083672798
0.0074038164
0.0083477083
0.0079769685
0.0083189923
0.0081055156
0.0083398095
0.0076746715
0.0084800484
0.006627305
0.0087467056
0.0051059279
0.0091019346
0.0032927913
0.0095341142
0.00146793
0.010052521
4.1566899e-07
0.010557832
-0.00063559945
0.010980707
6.1006204e-05
0.011314091
0.0021279617
0.011527914
0.0049865608
0.011610938
0.0080802107
0.011589689
0.010812164
0.011532799
0.012584644
0.011546575
0.012589334
0.011693319
0.0099627437
0.01192719
0.0057147153
0.012196602
0.0014739119
0.012563904
-0.0017340702
0.012945805
-0.0035030908
0.013231089
-0.0021588908
0.013482494
0.0013815349
0.013791669
0.0043761374
0.014162664
0.0043406639
0.014550793
0.0018344747
0.014955883
-0.00069219478
0.015359761
-0.001951539
0.015768134
-0.0017679931
0.01620317
-0.0014128236
0.016653637
-0.0019241845
0.017102712
-0.0028349952
0.017547404
-0.0034822989
0.017989952
-0.0039103454
0.018431544
-0.0042962002
0.018868636
-0.0046386466
0.019312798
-0.0051490136
0.019752807
-0.0054709357
0.020202234
-0.0059751606
0.020641515
-0.0060300148
0.021087529
-0.006082995
0.021542792
-0.006264732
0.022040524
-0.0067401165
0.022532008
-0.0060989139
0.023066597
-0.0061435416
-0.0043162332
0.0016988649
-0.0013104368
0.0018998183
-0.0013422782
0.0021109127
-0.0013643847
0.0023391237
-0.0013630182
0.0025945242
-0.001317354
0.0028856152
-0.0011936629
0.0032148638
-0.00095378386
0.0035791595
-0.00053638465
0.0039656036
0.00010212939
0.0043746669
0.0010094926
0.004782633
0.00216013
0.0051648152
0.0035154482
0.0055018428
0.0049240373
0.0057773457
0.0062004983
0.0059791581
0.0072060482
0.0061317454
0.0078284023
0.0062976662
0.0079431547
0.0065140078
0.0074613576
0.0068400742
0.0063032246
0.0072415446
0.0047053663
0.0077159636
0.0028187294
0.0082895727
0.00089405086
0.0089194208
-0.0006305656
0.0095330568
-0.001250069
0.010087499
-0.00049295971
0.010569969
0.0016482543
0.010938586
0.0046234575
0.011172383
0.007854254
0.01129209
0.010702595
0.011359052
0.012527127
0.011485611
0.012472154
0.011704665
0.009751712
0.011972076
0.0054542651
0.0122741
0.0011789824
0.012676608
-0.0021296415
0.013079624
-0.0039004857
0.013410222
-0.0024825664
0.0137394
0.0010598698
0.014125633
0.0039992836
0.014549794
0.0039251323
0.014973305
0.0014196292
0.015403303
-0.0011154203
0.015826398
-0.0023693445
0.016252259
-0.0021902963
0.016699942
-0.0018589255
0.017154984
-0.0023792396
0.017602281
-0.0032831756
0.018041074
-0.0039225462
0.018473843
-0.004345136
0.018901689
-0.0047268192
0.019321441
-0.0050622895
0.019744585
-0.0055786468
0.020160054
-0.0058988509
0.02058114
-0.0064212141
0.020989595
-0.0064732824
0.021402508
-0.0065387741
0.021820186
-0.0067320284
0.022276441
-0.0072405153
0.022724063
-0.0065795916
0.023211123
-0.0066444103
-0.0047418622
0.00075280656
-0.0013917755
0.00085152065
-0.0014089308
0.00094103063
-0.0014315323
0.0010265481
-0.0014496092
0.0011090263
-0.0014451599
0.0011963231
-0.0014042258
0.0013027611
-0.0012995612
0.0014312997
-0.0010816449
0.0015860197
-0.00069023899
0.0017672957
-7.8150927e-05
0.0019980021
0.00078047529
0.0022784502
0.0018819546
0.0026099236
0.0031868272
0.0029648178
0.0045725345
0.0033149624
0.005854133
0.0036414856
0.0068834525
0.0039625049
0.0075111666
0.004308715
0.0076003477
0.0047151656
0.0070576996
0.0051901521
0.0058301333
0.0057129179
0.0041836358
0.0063232916
0.0022088827
0.0070092613
0.00020777962
0.0077336402
-0.0013558193
0.0084535871
-0.0019704864
0.0091392062
-0.0011777418
0.0097712377
0.0010192831
0.010298476
0.0041018882
0.010690984
0.0074694774
0.01096008
0.010443339
0.011163536
0.012333124
0.011407266
0.01223784
0.011700444
0.0094662408
0.012008369
0.0051536258
0.012359505
0.00083534797
0.012796235
-0.0025590479
0.013217876
-0.0043157825
0.013595028
-0.0028524156
0.013998354
0.00066402573
0.014455375
0.0035514166
0.014928584
0.0034603485
0.015384034
0.00097281435
0.015835012
-0.0015593557
0.016274262
-0.0028029351
0.016714227
-0.0026265189
0.017170925
-0.0023140626
0.017627648
-0.0028360319
0.018071218
-0.0037276299
0.018502982
-0.0043557438
0.018925484
-0.0047696815
0.019339641
-0.0051438943
0.019742614
-0.0054693939
0.020145773
-0.0059886579
0.02053822
-0.0063041333
0.020932906
-0.006841211
0.021313062
-0.0068883792
0.021695783
-0.0069650441
0.022079269
-0.0071652017
0.022497966
-0.0077031826
0.022906148
-0.0070202871
0.023350613
-0.0071013669
-0.0051257824
-5.6531594e-05
-0.0013798499
-7.0584268e-05
-0.0013946108
-8.6914141e-05
-0.0014148985
-0.00010347546
-0.0014326964
-0.00011416204
-0.0014340488
-0.00012215783
-0.0013957303
-0.00013519988
-0.0012859144
-0.00015090362
-0.0010651721
-0.00015857838
-0.00068155925
-0.00013459075
-0.00010066223
-5.6382757e-05
0.00070400934
9.7666736e-05
0.0017301366
0.00037792723
0.0029093103
0.00073896574
0.0042147131
0.0011237632
0.0054728598
0.0015399493
0.0064709513
0.001991066
0.0070635905
0.0024824657
0.0071121137
0.0030379266
0.0065048499
0.0036245217
0.0052454771
0.0042674305
0.0035419264
0.0049833154
0.0014935274
0.0057572737
-0.00056628858
0.0065659497
-0.0021649406
0.0073824668
-0.0027870246
0.0081889348
-0.0019829737
0.0089614434
0.00025008766
0.0096430904
0.0034259611
0.010195628
0.0069244998
0.010619555
0.010028873
0.010966305
0.011995809
0.011326684
0.011886523
0.011696241
0.0091043353
0.012059951
0.0047974327
0.012467573
0.0004354897
0.012934982
-0.003018576
0.013374367
-0.0047480479
0.013794323
-0.0032646443
0.01426325
0.00020255042
0.014782325
0.0030412366
0.015298491
0.0029524776
0.015780446
0.00049936239
0.016247604
-0.0020192253
0.016699423
-0.003248748
0.01715006
-0.0030732141
0.0176123
-0.0027747397
0.018068048
-0.003291893
0.018506169
-0.004166635
0.018929984
-0.0047809692
0.019341951
-0.0051837105
0.019742682
-0.0055476891
0.020129649
-0.0058607394
0.020514069
-0.0063802985
0.020885237
-0.0066885255
0.021255716
-0.0072373027
0.021610328
-0.0072780251
0.021965996
-0.0073649283
0.022318937
-0.0075678435
0.022704251
-0.0081322392
0.023077665
-0.0074256734
0.023484737
-0.0075196138
-0.0054742573
-0.0008299243
-0.0012839544
-0.00092632364
-0.0012979012
-0.0010248008
-0.0013160736
-0.0011264087
-0.001330692
-0.0012321314
-0.0013278595
-0.0013413994
-0.0012859093
-0.0014513883
-0.0011752571
-0.0015554811
-0.00096025326
-0.0016367482
-0.00059927097
-0.0016774311
-5.8839541e-05
-0.0016589244
0.00068716194
-0.0015655725
0.0016389157
-0.0013886087
0.0027349221
-0.0011261465
0.0039552127
-0.0007455784
0.0050954789
-0.00026325629
0.0059919781
0.00029360975
0.0065100062
0.00088612155
0.0065225155
0.0015450615
0.0058483652
0.0022268716
0.0045657152
0.0029674011
0.0028026826
0.0037664356
0.00069517886
0.004613961
-0.001413513
0.0054907136
-0.0030416034
0.0063850234
-0.0036808242
0.0072910925
-0.0028873861
0.0081850599
-0.00064035978
0.0090084777
0.0026082212
0.009715062
0.006225259
0.010293578
0.0094594151
0.010784919
0.011513669
0.011261588
0.011418511
0.011713517
0.0086600139
0.012143546
0.0043750267
0.012603728
-1.6803607e-05
0.013098184
-0.0035045152
0.013553969
-0.0051959155
0.014011066
-0.0037135477
0.014534872
-0.00031380148
0.015105568
0.0024791576
0.015656877
0.0024093155
0.016158799
5.6809796e-06
0.016636901
-0.0024898233
0.01709748
-0.0037030008
0.017555461
-0.0035270415
0.018020087
-0.0032377758
0.018472522
-0.0037444722
0.018903764
-0.0045987584
0.019318959
-0.0051975504
0.019720357
-0.0055871853
0.020108147
-0.0059386887
0.020480109
-0.0062373292
0.020847256
-0.00675504
0.021199122
-0.0070540007
0.021547844
-0.0076118964
0.021879892
-0.0076451756
0.022211863
-0.0077417469
0.022538152
-0.0079437909
0.022894512
-0.00853206
0.023238071
-0.0078006674
0.023613194
-0.0079046379
-0.0057936582
-0.0013460362
-0.0011174625
-0.0015069685
-0.0011227106
-0.0016678038
-0.0011367192
-0.0018304846
-0.0011530058
-0.0019974156
-0.001163324
-0.0021699805
-0.0011547906
-0.0023469612
-0.0011083374
-0.0025232741
-0.00099823954
-0.0026893414
-0.00079332832
-0.0028289192
-0.00045860358
-0.0029242012
3.8015354e-05
-0.0029618138
0.00072642352
-0.0028891946
0.0015682725
-0.0026912012
0.002539253
-0.0024205065
0.0036871776
-0.0020589099
0.0047367237
-0.0016309124
0.0055670286
-0.0011009637
0.0059830447
-0.00044062969
0.0058648469
0.00030137267
0.0051086822
0.0010623063
0.0038068749
0.0018858798
0.0019805784
0.0027544984
-0.00017247549
0.0036595066
-0.0023177295
0.0045815026
-0.0039628899
0.0055248096
-0.0046230158
0.0064988039
-0.0038592723
0.007485691
-0.0016235646
0.0084297195
0.0016697567
0.0092770864
0.0053849703
0.010003953
0.0087411522
0.010636967
0.010889493
0.011228952
0.010834726
0.011766722
0.0081297942
0.012265601
0.0038837658
0.012772703
-0.00051589497
0.013288043
-0.004010697
0.013757802
-0.0056569659
0.014244372
-0.0041914199
0.014810992
-0.00087291122
0.015421899
0.0018765884
0.01599941
0.0018396912
0.01651439
-0.00050142832
0.016998215
-0.002965958
0.017463744
-0.0041619131
0.017925949
-0.0039848733
0.018390229
-0.0037004153
0.018837387
-0.0041917909
0.019260652
-0.0050229001
0.019666848
-0.0056051059
0.020057878
-0.0059803039
0.020433451
-0.0063176157
0.020791642
-0.0066003998
0.021143214
-0.0071145811
0.021477988
-0.0074027646
0.021807658
-0.0079676524
0.022120343
-0.0079930153
0.022432185
-0.008099011
0.022735952
-0.0082971159
0.023068021
-0.0089072582
0.023386866
-0.0081503979
0.023735709
-0.0082622332
-0.0060904115
-0.0018330447
-0.00089860446
-0.0020448504
-0.00091056634
-0.0022539992
-0.00092719648
-0.0024639907
-0.0009425983
-0.0026779439
-0.0009489045
-0.0028970707
-0.00093513485
-0.0031196653
-0.00088513396
-0.0033400047
-0.00077718925
-0.0035479736
-0.00058451315
-0.0037289748
-0.00027656861
-0.0038670322
0.00017737386
-0.0039444972
0.00080538797
-0.0039213091
0.0015468511
-0.0037640366
0.0023840508
-0.0035013139
0.0034268108
-0.0031198863
0.0043579578
-0.0026287415
0.0050785734
-0.0020502354
0.005406992
-0.0013914111
0.0052084116
-0.00064132455
0.0043608037
0.00019119398
0.0029764738
0.0010912427
0.0010822
0.0020239744
-0.0011038783
0.0029699688
-0.0032623886
0.00391129
-0.0049028134
0.004864207
-0.0055741601
0.0058620846
-0.0048545493
0.0069042396
-0.0026618838
0.0079397911
0.000639616
0.008907705
0.004423822
0.009770921
0.0078860395
0.010538274
0.010130505
0.01124184
0.010138831
0.01186403
0.0075150497
0.012426666
0.0033287097
0.012971291
-0.0010524299
0.013500107
-0.0045297477
0.013980232
-0.0061276536
0.014488529
-0.0046904904
0.015085904
-0.0014626585
0.015725796
0.0012447795
0.016320668
0.0012522964
0.016841904
-0.0010153176
0.017326544
-0.003442755
0.017793392
-0.0046218855
0.018256997
-0.0044438833
0.018718668
-0.0041603709
0.019158994
-0.0046322789
0.019573551
-0.005438326
0.01997068
-0.0060035654
0.02035178
-0.0063635
0.020716114
-0.0066854468
0.021062012
-0.0069514276
0.021399941
-0.0074608533
0.021720063
-0.0077372522
0.022033636
-0.0083074789
0.022330371
-0.0083249504
0.022625856
-0.0084404141
0.022911452
-0.0086321135
0.023224115
-0.0092626672
0.023523595
-0.0084802058
0.023852042
-0.0085985343
-0.0063709368
-0.0021631885
-0.00064228941
-0.002407946
-0.00066544927
-0.0026497164
-0.00068503515
-0.0028921873
-0.00069969727
-0.0031375668
-0.00070304741
-0.0033865816
-0.00068558431
-0.0036371801
-0.0006339289
-0.0038836463
-0.00053002836
-0.00411626
-0.00035109258
-0.0043216022
-7.0277383e-05
-0.004483151
0.00034006827
-0.0045818421
0.00090541314
-0.0045801943
0.0015467341
-0.0044585775
0.002264229
-0.0042161424
0.0031863807
-0.003850598
0.0039946123
-0.0033576854
0.0045878633
-0.0027494818
0.0048009519
-0.0020261427
0.0044872071
-0.0012168856
0.0035535882
-0.00033537711
0.0020970939
0.00062543224
0.00012325459
0.0016093944
-0.00208603
0.002576427
-0.0042274834
0.0035147547
-0.0058390278
0.0044486463
-0.0065055919
0.0054267597
-0.0058295618
0.0064776758
-0.0037088111
0.0075678485
-0.00044528299
0.0086297535
0.0033683359
0.0096116121
0.0069117482
0.010500174
0.0092497244
0.011306326
0.0093400515
0.01200538
0.0068232815
0.012621161
0.0027204514
0.013191758
-0.001614855
0.013725867
-0.0050536179
0.014211903
-0.0066036263
0.014734782
-0.0052036174
0.015352011
-0.0020720759
0.016010551
0.00059412482
0.016614514
0.00065529849
0.017135728
-0.0015297747
0.017616751
-0.0039158103
0.018081594
-0.005079625
0.018544133
-0.0049016091
0.019001409
-0.0046158353
0.019433789
-0.0050648059
0.019839291
-0.0058446842
0.020227588
-0.0063931638
0.02059945
-0.006737464
0.02095379
-0.0070434196
0.021289116
-0.0072921316
0.02161557
-0.0077960204
0.021923709
-0.008060124
0.022224377
-0.0086345201
0.02250878
-0.00864459
0.022791872
-0.0087698273
0.023063856
-0.0089532854
0.0233622
-0.0096033281
0.023647859
-0.0087956217
0.023961983
-0.0089200808
-0.0066415909
-0.0023185859
-0.00036769155
-0.0025825986
-0.0004010643
-0.0028399841
-0.00042724545
-0.0030966458
-0.00044259491
-0.0033555368
-0.00044367243
-0.0036172893
-0.00042329627
-0.0038798289
-0.00037079211
-0.0041376458
-0.00027153942
-0.0043811847
-0.00010678872
-0.0045962169
0.00014564155
-0.0047655559
0.00051042333
-0.0048616177
0.0010026438
-0.0048718862
0.001558325
-0.0047771529
0.0021709919
-0.0045533849
0.0029642437
-0.0041956292
0.0036386489
-0.0037013434
0.0040954005
-0.0030719918
0.0041734519
-0.0023133123
0.0037303971
-0.0014537949
0.0026959747
-0.00051427029
0.001159742
0.00049156512
-0.00088040364
0.001497798
-0.0030899506
0.0024601572
-0.0051872933
0.0033710477
-0.0067471045
0.004266399
-0.0073978012
0.0052051945
-0.0067647735
0.0062308323
-0.0047303011
0.0073359804
-0.0015452485
0.0084604473
0.0022499164
0.0095377601
0.0058414351
0.010529588
0.0082650476
0.011420907
0.0084559488
0.012184219
0.0060670116
0.012840393
0.0020717213
0.013423568
-0.0021897743
0.013954698
-0.0055741744
0.014441613
-0.00707996
0.014972654
-0.0057244088
0.015600478
-0.0026918468
0.016268537
-6.6184638e-05
0.016874335
5.6050911e-05
0.017390178
-0.0020394445
0.017863693
-0.0043812216
0.018323605
-0.0055322411
0.018783016
-0.0053559949
0.019234592
-0.0050654846
0.019658374
-0.0054887043
0.020054843
-0.0062419925
0.02043484
-0.0067744321
0.020798442
-0.0071031687
0.021144292
-0.007393033
0.021471014
-0.007624473
0.021788394
-0.0081224769
0.022087437
-0.0083742562
0.022378613
-0.0089521397
0.022654492
-0.0089557298
0.022929338
-0.0090912916
0.023192467
-0.0092653301
0.02348176
-0.0099344744
0.023759313
-0.0091023492
0.024065356
-0.0092337923
-0.0069086256
-0.0022961592
-9.2945643e-05
-0.0025614982
-0.00013534891
-0.0028220231
-0.00016631203
-0.0030802332
-0.00018394087
-0.0033385306
-0.00018489086
-0.0035976003
-0.00016369613
-0.0038555521
-0.00011225678
-0.0041072047
-1.9239598e-05
-0.0043435202
0.00013024552
-0.0045513914
0.00035431667
-0.0047126449
0.0006725677
-0.0047988625
0.0010898557
-0.0048118257
0.0015723964
-0.004725758
0.0020861296
-0.0045093947
0.0027491681
-0.0041544007
0.0032850504
-0.0036574314
0.0035998848
-0.0030154749
0.0035330267
-0.002232038
0.0029485934
-0.0013421692
0.0018078468
-0.00036078788
0.00018054539
0.00066983737
-0.0019086731
0.0016749729
-0.0040923496
0.0026128857
-0.0061220864
0.003479407
-0.0076101739
0.0043163557
-0.0082309633
0.0051929141
-0.007637236
0.006166752
-0.0056998302
0.0072544772
-0.0026278926
0.0084079534
0.0011021136
0.0095524908
0.0047032916
0.010622621
0.0072014288
0.011580392
0.0075048796
0.012391955
0.0052621442
0.013071106
0.001399923
0.013654622
-0.002764951
0.014175128
-0.0060838633
0.014657673
-0.0075515123
0.015191095
-0.0062471393
0.015822015
-0.0033144351
0.016491904
-0.00072840756
0.017093414
-0.00053916709
0.01759958
-0.0025399304
0.018062332
-0.0048357422
0.018514858
-0.0059773193
0.018969507
-0.0058054192
0.019414551
-0.0055084692
0.019829547
-0.0059037714
0.020217368
-0.0066306298
0.020589889
-0.0071481928
0.020946499
-0.0074618798
0.021285626
-0.0077360445
0.02160595
-0.0079506507
0.021916885
-0.0084428406
0.022209928
-0.0086827298
0.022495224
-0.0092639005
0.022766563
-0.0092623333
0.023037481
-0.009409012
0.023296688
-0.0095731204
0.023582348
-0.010261499
0.023857672
-0.0094062657
0.024162025
-0.0095466843
-0.0071781716
-0.002099161
-0.0023537058
0.00011957217
-0.0026024619
8.285022e-05
-0.0028476377
6.1674243e-05
-0.0030908793
5.8826614e-05
-0.0033326223
7.8563489e-05
-0.0035712842
0.00012696706
-0.0038024683
0.00021255545
-0.0040182414
0.00034668419
-0.0042065234
0.00054331913
-0.0043497688
0.00081658806
-0.0044296321
0.0011705456
-0.0044344978
0.0015781408
-0.0043515054
0.0020040796
-0.0041337035
0.0025323333
-0.0037807266
0.0029330666
-0.0032798095
0.0031000468
-0.0026248431
0.0028792511
-0.001825955
0.0021510734
-0.00091800326
0.00090146611
8.6608121e-05
-0.00082190756
0.0011139215
-0.0029334195
0.0020972412
-0.0050726218
0.0029921171
-0.0070133463
0.0038012902
-0.008415335
0.0045705688
-0.0089958926
0.0053736932
-0.0084357609
0.006276645
-0.0065983005
0.0073180782
-0.0036642603
0.0084668322
-4.1274837e-05
0.0096459591
0.003529966
0.01076999
0.0060832547
0.011774885
0.0065059833
0.012613699
0.0044296544
0.013299427
0.00072142865
0.013872291
-0.0033294029
0.014375472
-0.0065760755
0.014848608
-0.0080133503
0.015379255
-0.006766723
0.016007379
-0.0039339318
0.016673026
-0.0013864286
0.017265271
-0.0011252843
0.01775838
-0.003027682
0.01820782
-0.0052769031
0.018651037
-0.0064129797
0.019099737
-0.0062487119
0.019537871
-0.0059443993
0.019944343
-0.0063102517
0.020324257
-0.0070113306
0.020690418
-0.0075155616
0.02104159
-0.0078151477
0.021376016
-0.0080744632
0.021692381
-0.0082730923
0.021999717
-0.0087599433
0.022290046
-0.0089888149
0.022573255
-0.0095735435
0.022844194
-0.0095685157
0.023115655
-0.0097273417
0.023376021
-0.0098816778
0.023663595
-0.010589918
0.023942699
-0.0097134404
0.024251876
-0.0098658466
-0.0074562754
-0.0019851125
0.0003480383
-0.0022084657
0.00030660613
-0.0024275658
0.00028120805
-0.0026427669
0.00027449443
-0.0028537407
0.00029003909
-0.0030588003
0.00033256539
-0.0032540029
0.000408334
-0.0034325005
0.0005257943
-0.003583919
0.00069538251
-0.0036941782
0.00092751703
-0.0037474312
0.0012244849
-0.0037288517
0.0015602362
-0.0036372658
0.0019131901
-0.0034138356
0.0023095724
-0.0030612858
0.0025811873
-0.0025655967
0.0026050753
-0.0019156034
0.0022301268
-0.0011298785
0.0013664516
-0.00022263274
-4.3241244e-06
0.00077440038
-0.0018168821
0.0017735265
-0.0039297769
0.0027163165
-0.0060120885
0.0035514014
-0.0078444359
0.0042918851
-0.0091513439
0.0049864432
-0.009685632
0.0057109846
-0.0091552263
0.0065335657
-0.0074162896
0.0075088071
-0.0046343447
0.0086249481
-0.0011522548
0.0098107064
0.0023494824
0.010961661
0.0049375064
0.011987442
0.0054855801
0.012833772
0.0035892492
0.01351137
5.089709e-05
0.014064146
-0.0038737263
0.014544353
-0.0070452409
0.01500352
-0.0084610109
0.015526886
-0.007278736
0.016147761
-0.0045458889
0.01680461
-0.0020356638
0.017383742
-0.0016983348
0.017861277
-0.0034999599
0.018295603
-0.005702978
0.018728152
-0.0068379066
0.019170171
-0.0066851598
0.019601452
-0.0063733216
0.020000081
-0.0067088122
0.020373173
-0.0073851726
0.02073438
-0.0078779434
0.021081943
-0.008164797
0.02141393
-0.0084105385
0.021728994
-0.0085944425
0.022035779
-0.0090768156
0.02232686
-0.0092959531
0.022611925
-0.0098849623
0.022886739
-0.009878522
0.023163351
-0.010050768
0.023430079
-0.010196146
0.023725217
-0.010925351
0.024014224
-0.010030052
0.024334831
-0.010198263
-0.0077484508
-0.0014876544
0.00053920926
-0.0016754169
0.00049476869
-0.0018587635
0.00046498359
-0.0020362774
0.00045246627
-0.0022063178
0.00046056775
-0.0023667947
0.00049356002
-0.0025140771
0.00055616125
-0.0026423468
0.00065463142
-0.0027429917
0.00079660807
-0.0028050188
0.00099012365
-0.0028135628
0.0012335888
-0.0027613941
0.001508578
-0.0026418633
0.001794137
-0.0024082693
0.0020763806
-0.0020561394
0.0022294149
-0.0015709239
0.0021202453
-0.00094740087
0.0016071886
-0.00019005271
0.00060994874
0.00069399052
-0.00088702264
0.0016546387
-0.0027755464
0.0026075161
-0.0048798114
0.0034841039
-0.0068851134
0.0042448776
-0.0086009388
0.0049060157
-0.0098076606
0.0055191802
-0.010293636
0.006162188
-0.0097926945
0.0069006692
-0.0081501946
0.0077972555
-0.0055256169
0.008859258
-0.0022092232
0.010025493
0.0011880487
0.011175857
0.0037917152
0.01219956
0.00446663
0.013036455
0.0027578582
0.013693386
-0.00059915115
0.014218315
-0.0043902173
0.014670972
-0.0074868589
0.015112285
-0.0088907091
0.015624582
-0.007779478
0.016235046
-0.0051471699
0.016879894
-0.0026728576
0.017443076
-0.0022553759
0.01790337
-0.0039548643
0.018321516
-0.006112943
0.018742609
-0.0072513565
0.019177661
-0.007114501
0.01960255
-0.0067956917
0.019994411
-0.0071005133
0.020362093
-0.0077535602
0.020720031
-0.0082370213
0.02106607
-0.0085129078
0.021398107
-0.0087467439
0.021714733
-0.0089175462
0.022024199
-0.009396669
0.02231965
-0.0096077367
0.022610642
-0.010202177
0.022893719
-0.010196705
0.0231802
-0.010383892
0.023458588
-0.010521763
0.023767018
-0.011273501
0.024072124
-0.010362293
0.024410832
-0.010550721
-0.0080603583
-0.00089750375
-0.0010427166
0.00064038103
-0.0011839127
0.00060660536
-0.0013175756
0.00058658164
-0.0014401348
0.00058360455
-0.001548673
0.00060259973
-0.0016394133
0.00064742178
-0.0017073091
0.00072305812
-0.0017452498
0.00083507682
-0.0017440368
0.00098941617
-0.0016924939
0.0011825
-0.0015881104
0.0014045705
-0.0014224116
0.0016287306
-0.0011672768
0.0018214263
-0.0008125212
0.0018747432
-0.00034367024
0.0016514644
0.00024690422
0.0010168813
0.00095927186
-0.00010177645
0.0017924067
-0.0017189849
0.002692946
-0.003674122
0.0035693514
-0.0057533258
0.0043585246
-0.0076705742
0.0050286843
-0.0092666562
0.0056000606
-0.010373994
0.0061255208
-0.010813715
0.0066846599
-0.010345806
0.0073382833
-0.008799466
0.0081492017
-0.0063309602
0.009139819
-0.0031948579
0.010263883
6.8360025e-05
0.011391335
0.0026682595
0.012393461
0.0034686175
0.01320637
0.0019500303
0.013832728
-0.0012188379
0.014323754
-0.0048728859
0.014745466
-0.0078975991
0.01516591
-0.0092995278
0.015664066
-0.008265962
0.016262008
-0.0057357068
0.016892673
-0.0032956542
0.017438006
-0.0027944446
0.017880267
-0.0043914189
0.01828185
-0.0065064535
0.018691272
-0.0076531583
0.019119505
-0.0075369096
0.019538839
-0.0072123445
0.019925362
-0.0074867712
0.020289349
-0.0081182004
0.020645968
-0.0085947413
0.0209928
-0.0088617939
0.021327582
-0.0090857558
0.021648814
-0.0092454274
0.021964357
-0.0097228755
0.022267927
-0.0099278852
0.022569016
-0.010529307
0.022864831
-0.010527503
0.023165985
-0.010731408
0.023461397
-0.010863838
0.023788898
-0.011640119
0.024116341
-0.010716379
0.024479853
-0.010930015
-0.0083985833
-0.00034973332
-0.0004425764
-0.00052738734
-0.00059887654
-0.00065182288
-0.00068158248
-0.00068342389
-0.00065179092
-0.00057852787
-0.00045737725
-0.0002789747
-4.5426116e-05
0.00024955709
0.00061590404
0.0010605293
0.0016054978
0.0022713278
0.0030382751
0.0038464713
0.004618584
0.0052977521
0.0058597303
0.0063304427
0.0067626045
0.0072360838
0.0078060532
0.008529056
0.0094361296
0.010500032
0.011587057
0.012551981
0.013329208
0.013917662
0.014370345
0.0147587
0.015156159
0.015637953
0.016222042
0.016837192
0.017363874
0.017788152
-0.0048095942
0.018173438
-0.0068838478
0.018571512
-0.0080436778
0.018993451
-0.0079529405
0.019408396
-0.0076244465
0.019791325
-0.0078693196
0.020153601
-0.008481068
0.020511078
-0.0089532766
0.020861216
-0.009213962
0.021201597
-0.0094304108
0.021530615
-0.0095812448
0.021855761
-0.010058932
0.022171332
-0.010260244
0.022486821
-0.010870607
0.022799964
-0.010875463
0.023120685
-0.011098102
0.023438532
-0.011227727
0.023790897
-0.012030977
0.024146908
-0.011098512
0.024541897
-0.011342903
-0.0087701413
0.017623878
0.017993718
0.018381275
0.018797823
0.019209846
0.019591199
0.019953993
0.020314718
0.020670852
0.021019838
0.021359949
0.021698331
0.022029861
0.022364096
0.022699187
0.0230444
0.023390096
0.023773109
0.024163894
0.024596993
-0.0010007413
0.027734129
0.022319056
-0.00083252886
-0.0017282673
0.022362573
-0.0017572414
0.028151288
-0.0017110029
0.032899269
-0.0015854397
0.035469355
-0.0014034012
0.035197259
-0.0011995728
0.032258837
-0.0010043105
0.027539368
0.022151265
-0.00083611099
-0.0016859559
0.016688616
-0.0017553173
0.02243221
-0.0017768552
0.028173219
-0.0017252468
0.032848186
-0.0015964964
0.03534124
-0.0014125565
0.035014006
-0.0012073715
0.032054317
-0.0010110949
0.027343676
0.021982778
-0.00084213244
-0.0017565198
0.016780445
-0.0018154828
0.022491524
-0.0018235043
0.028181744
-0.0017614003
0.032786736
-0.0016241046
0.035204716
-0.0014339392
0.034824659
-0.0012242668
0.031845427
-0.0010247793
0.027144871
0.021811979
-0.00085342658
-0.0018790484
0.016861198
-0.0019226308
0.022535567
-0.0019135757
0.028173323
-0.0018311218
0.032705094
-0.0016769361
0.035051471
-0.0014742223
0.034622926
-0.0012554621
0.031627592
-0.0010493815
0.026939591
0.021636531
-0.00087328823
-0.0020888273
0.016929106
-0.002106085
0.022553441
-0.0020626507
0.028130729
-0.0019457753
0.032589262
-0.0017641058
0.034870964
-0.0015404367
0.034400438
-0.0013063823
0.031394634
-0.0010892974
0.026723446
0.021453262
-0.00090527463
-0.0023778156
0.016962692
-0.0023568198
0.022533205
-0.0022688191
0.028043843
-0.0021105771
0.032432341
-0.0018920128
0.034653826
-0.0016385593
0.034148404
-0.0013820589
0.031139432
-0.0011485137
0.026491001
0.021258159
-0.00095253349
-0.0027808766
0.016954234
-0.0027012951
0.022454816
-0.0025515865
0.027895598
-0.0023357652
0.032218159
-0.0020673613
0.034387155
-0.0017738125
0.03385655
-0.0014865528
0.0308537
-0.0012301829
0.026235914
0.021046519
-0.0010175265
-0.0032846294
0.016883348
-0.0031363189
0.022308068
-0.0029127449
0.027673814
-0.0026244148
0.031931827
-0.0022928955
0.034057721
-0.0019482305
0.033513887
-0.0016213423
0.030528591
-0.0013353417
0.025951394
0.020813344
-0.0011009986
-0.0038926448
0.016740378
-0.003658231
0.022075577
-0.0033442265
0.027362025
-0.0029700153
0.031560049
-0.002563653
0.033653835
-0.0021578954
0.03311046
-0.0017833938
0.030156134
-0.0014614657
0.025631155
0.020553913
-0.0012007085
-0.0045650727
0.016510649
-0.0042340656
0.021746923
-0.0038207377
0.026951397
-0.0033526871
0.031094893
-0.0028640473
0.033168071
-0.0023905907
0.032639664
-0.0019629932
0.029730845
-0.0016008052
0.025270861
0.020264947
-0.0013103557
-0.0052305431
0.016195341
-0.0048057877
0.021324949
-0.0042958924
0.02644465
-0.003735551
0.030537863
-0.0031650718
0.032600831
-0.0026235455
0.032101099
-0.002142041
0.029251889
-0.0017387006
0.024869602
0.0199456
-0.0014177273
-0.0058076414
0.015804576
-0.0053013777
0.020821788
-0.0047079579
0.025854704
-0.0040676081
0.029901133
-0.003425607
0.03196234
-0.0028239917
0.031502671
-0.002294459
0.028725088
-0.0018541591
0.02443153
0.019598767
-0.0015055853
-0.0062073311
0.015355781
-0.0056405104
0.020258233
-0.0049866021
0.025204431
-0.004289242
0.029207546
-0.0035967039
0.031273451
-0.0029527159
0.03086199
-0.0023894193
0.028164625
-0.0019232433
0.023967668
0.019232813
-0.0015554761
-0.0063544312
0.014868223
-0.0057512986
0.019658312
-0.0050654834
0.024522193
-0.0043418892
0.028487673
-0.0036291542
0.030564323
-0.0029705458
0.030206661
-0.0023975648
0.027594463
-0.0019256643
0.023498078
0.018864035
-0.00155507
-0.0061902421
0.014361354
-0.0055754284
0.019046453
-0.0048886122
0.023838676
-0.0041747248
0.027777238
-0.0034794457
0.029872417
-0.0028423135
0.029572622
-0.002291557
0.027046388
-0.0018403569
0.023049093
0.018513067
-0.0014876399
-0.0056824064
0.01386074
-0.0050838961
0.01845039
-0.0044273345
0.023184865
-0.0037585309
0.027111353
-0.003118421
0.029235213
-0.0025392815
0.028996199
-0.0020427744
0.026552278
-0.0016381158
0.022646438
0.018199368
-0.00132282
-0.004833521
0.013399138
-0.004284393
0.017902974
-0.0036902344
0.02259266
-0.0030990131
0.026522268
-0.0025477038
0.028686117
-0.0020596241
0.028510279
-0.0016474272
0.026142055
-0.0013146472
0.022315357
0.01794295
-0.001056847
-0.0036949695
0.013012093
-0.0032322424
0.017441159
-0.002735742
0.022097231
-0.0022547739
0.02604255
-0.0018231896
0.028255951
-0.0014552779
0.028143877
-0.0011534199
0.025841678
-0.00091413927
0.02207741
0.017760493
-0.00073056577
-0.0024211435
0.012734231
-0.002080368
0.017100333
-0.0017107456
0.021727708
-0.0013585712
0.025690703
-0.0010559906
0.027953973
-0.00081262298
0.027901354
-0.00062415418
0.025654172
-0.00048159109
0.021935794
0.017655674
-0.00037593894
-0.001337142
0.012583277
-0.0011345447
0.016897219
-0.00089822299
0.021491039
-0.00066621705
0.025458614
-0.00047143538
0.027759434
-0.00032543623
0.027755889
-0.00022276505
0.025552225
-0.00015232547
0.021866127
0.017608361
-0.00010430667
-0.00080679851
0.012547733
-0.0007263568
0.0168157
-0.00060195705
0.021365706
-0.00045728252
0.025313456
-0.00032338637
0.027625608
-0.00021830423
0.027651305
-0.00014361714
0.025478248
-9.2950947e-05
0.02181619
0.017574809
-5.8753903e-05
-0.0011155542
0.012590311
-0.0011095636
0.016809907
-0.0010397535
0.021296332
-0.00090872235
0.025183181
-0.00074563872
0.027463709
-0.00058527613
0.027492436
-0.00044868988
0.025343212
-0.00034216114
0.021711071
0.017497145
-0.00026330872
-0.0026028716
0.012635052
-0.0025724715
0.016781323
-0.002430807
0.021157683
-0.002180783
0.024937018
-0.0018607841
0.027147972
-0.0015263957
0.027162294
-0.0012234796
0.025044182
-0.00097389224
0.021464892
0.017306447
-0.00078040658
-0.0047303495
0.012595919
-0.0045880103
0.01664408
-0.0043068337
0.020882517
-0.0038807844
0.024517696
-0.0033533211
0.026627652
-0.0027950205
0.026610991
-0.002270695
0.024526148
-0.0018214395
0.021020775
0.016951355
-0.0014624227
-0.0071170371
0.012433264
-0.0068099208
0.016344292
-0.0063269699
0.020408291
-0.0056702151
0.023870839
-0.0048932901
0.025861
-0.0040838088
0.025811201
-0.0033268229
0.023777565
-0.0026777082
0.020378458
0.016436106
-0.0021572213
-0.0092962265
0.012123572
-0.0088095582
0.01586681
-0.0081244271
0.019734247
-0.0072522831
0.023011109
-0.0062584186
0.024879881
-0.005243047
0.024807848
-0.0043021499
0.022847155
-0.0034981694
0.019583059
0.015798394
-0.0028537946
-0.010795287
0.011676982
-0.010147175
0.015229019
-0.0092825552
0.018881842
-0.0082247346
0.021966768
-0.0070524676
0.023721367
-0.0058762011
0.023644545
-0.0047978759
0.021780177
-0.0038819097
0.018676414
0.015073726
-0.0031499772
-0.011169731
0.011149435
-0.010428486
0.01449729
-0.0094636367
0.017928377
-0.008305873
0.020821685
-0.0070420019
0.022470527
-0.0057896952
0.022404635
-0.0046546742
0.02065613
-0.0037009475
0.01773181
0.014326806
-0.0029468348
-0.0095756029
0.010666595
-0.008903792
0.013833625
-0.0080353466
0.017069561
-0.006998978
0.019796
-0.0058733661
0.021355948
-0.0047659553
0.021307817
-0.0037726923
0.019672337
-0.0029492987
0.016916379
0.013691924
-0.0023080767
-0.0062188929
0.010324999
-0.0057497233
0.013370773
-0.0051498911
0.016477258
-0.0044402716
0.019094726
-0.0036761132
0.020600364
-0.0029330519
0.020572952
-0.0022779862
0.01902462
-0.0017472704
0.016391865
0.013294204
-0.0013445743
-0.0024882983
0.010160819
-0.0022627078
0.013151497
-0.0019810418
0.016202374
-0.0016570855
0.018777704
-0.0013193106
0.02026947
-0.0010022338
0.020262394
-0.00073306493
0.018761301
-0.00052319334
0.016186981
0.013145018
-0.00036995446
0.00014346773
0.010173482
0.00013667779
0.013161092
0.000135104
0.016207607
0.0001386459
0.018778367
0.00014662115
0.02026582
0.00015670306
0.020256395
0.00016515888
0.018756442
0.00016929411
0.016185813
0.013147633
0.00016899326
0.0016606562
0.010331153
0.0014776066
0.013347716
0.0012766887
0.016412757
0.0010736661
0.018986064
0.00088424997
0.02045999
0.00072100019
0.020424076
0.00058945942
0.018891769
0.00048885016
0.01628948
0.013224195
0.00041464564
0.00094090889
0.010499546
0.00075881099
0.01353498
0.0005755766
0.016601947
0.00041000575
0.019157915
0.00027719583
0.020598927
0.00018232059
0.020524724
0.00012148573
0.018957806
8.6432103e-05
0.016329054
0.013246026
6.8261223e-05
-0.0019660696
0.010554422
-0.0019812983
0.013557656
-0.0019341864
0.016563944
-0.0018058646
0.019040185
-0.0016029748
0.020407568
-0.0013564098
0.020289625
-0.0011036716
0.018715507
-0.00087477612
0.016108962
0.013063635
-0.00068532619
-0.0050615343
0.010517886
-0.0049418636
0.013448267
-0.004710705
0.016345207
-0.0043448101
0.018688305
-0.0038507063
0.019928001
-0.0032739225
0.0197267
-0.0026849972
0.018138865
-0.0021478924
0.015582145
0.01262418
-0.0017002659
-0.0055521637
0.010465167
-0.0054187944
0.013324553
-0.0051750388
0.016113104
-0.004794135
0.018320552
-0.0042809308
0.019428582
-0.0036786505
0.01913784
-0.0030550192
0.017527337
-0.0024763285
0.015013648
0.012141868
-0.0019859222
-0.0033474748
0.010443636
-0.0032767101
0.013261601
-0.0031436498
0.015989245
-0.0029343464
0.018121428
-0.0026496728
0.019154417
-0.0023114382
0.018809695
-0.0019559411
0.017180874
-0.0016202191
0.014685523
0.011857877
-0.001330172
-0.0010831196
0.010495309
-0.0011162253
0.01329941
-0.0011199658
0.015998223
-0.0010844876
0.018091343
-0.001010713
0.019085804
-0.0009080757
0.018711708
-0.0007907127
0.017067492
-0.00067288735
0.014570987
0.011753175
-0.00056562571
6.003826e-05
0.010608692
-5.4114646e-05
0.013416621
-0.00015321201
0.016100733
-0.00021984327
0.018161501
-0.00024606106
0.019115376
-0.00023582474
0.018704396
-0.0002020359
0.017036061
-0.00015928172
0.014529983
0.011712651
-0.00011745479
-0.00016357617
0.010739408
-0.00029682838
0.013552701
-0.00041164196
0.016218909
-0.00048117216
0.018234808
-0.00048869624
0.019126856
-0.00043898929
0.018658532
-0.00035467121
0.016955182
-0.00026102927
0.014439229
0.011629545
-0.00017567472
-0.00069810524
0.010877048
-0.00083824443
0.013694968
-0.00095552892
0.016338908
-0.0010178247
0.018300373
-0.0010040693
0.019116757
-0.00091854823
0.018576744
-0.00078310057
0.016823216
-0.00062924286
0.01428833
0.011486745
-0.00048408276
-0.00037364388
0.011028206
-0.0005379131
0.013859741
-0.00069149797
0.016493158
-0.00080203062
0.018411726
-0.00084242595
0.019158077
-0.00080696468
0.018542238
-0.00071614271
0.016733299
-0.00059824314
0.014171234
0.011367266
-0.00047809482
0.00044237102
0.011194663
0.00024993224
0.014051259
5.1386812e-05
0.016690515
-0.00012376326
0.018585406
-0.00024520913
0.019277816
-0.00029691475
0.018592106
-0.00028969556
0.016724296
-0.00024719605
0.014127146
0.011310576
-0.00019180781
0.0010405042
0.011371704
0.00082796624
0.014262225
0.00059574537
0.016920771
0.00036971233
0.018809119
0.00018024134
0.019464733
5.0135642e-05
0.018719607
-1.3266687e-05
0.016785244
-2.5425269e-05
0.014137151
0.011292717
-9.3285926e-06
0.0014235034
0.011552489
0.0012018523
0.014482138
0.00095211262
0.017168434
0.00069740107
0.01906151
0.00046793486
0.019691798
0.00028983527
0.018895413
0.00017429181
0.016898762
0.00011638237
0.014193385
0.011308225
9.9560644e-05
0.0017611163
0.011733787
0.0015351319
0.014706283
0.0012744842
0.017426957
0.00099920269
0.019334511
0.00073795593
0.019950779
0.00051886069
0.019112427
0.00035856618
0.017057273
0.00025730745
0.014293207
0.011361218
0.00020321056
0.0020828874
0.011907815
0.001862495
0.014924276
0.0016033105
0.017683377
0.0013215661
0.019613283
0.0010425848
0.02022679
0.00079382559
0.019358426
0.00059537503
0.017253323
0.0004538153
0.014432802
0.011450426
0.00036307
0.0024992691
0.012081991
0.0022745758
0.015144859
0.0020063285
0.017946831
0.0017083796
0.019906023
0.0014040216
0.02052585
0.0011202506
0.019637215
0.00087905605
0.017490087
0.00069146974
0.014616735
0.011582266
0.00055673186
0.0027765383
0.012244741
0.0025595601
0.015352777
0.002297403
0.018198231
0.0020014659
0.020189994
0.001692767
0.020822172
0.0013971586
0.019920926
0.0011374877
0.017739129
0.00092711142
0.014818196
0.011733921
0.00076837818
0.0031202844
0.012404623
0.0028951109
0.015558443
0.0026210428
0.018449025
0.0023088196
0.020476231
0.0019792636
0.021124711
0.0016588686
0.02021532
0.0013717577
0.018002908
0.0011333174
0.015037099
0.011903815
0.00094790686
0.0031511206
0.012543287
0.0029429935
0.015737939
0.0026879307
0.018669755
0.0023948913
0.020730723
0.0020825905
0.021396828
0.0017754097
0.020483584
0.001496504
0.018246838
0.0012611641
0.015242889
0.012066452
0.0010749545
0.003117563
0.012666453
0.0029247797
0.015897593
0.0026883457
0.018866492
0.0024161019
0.020958342
0.0021247423
0.021641449
0.0018367587
0.02072618
0.0015738992
0.018468743
0.0013510836
0.015431187
0.012216246
0.0011738059
0.0031640177
0.012779777
0.0029766989
0.016045497
0.0027460363
0.019050015
0.0024794011
0.021172137
0.0021929931
0.021872817
0.0019085966
0.020957403
0.0016474959
0.018682156
0.0014244373
0.015614162
0.012363326
0.001245529
0.0033972182
0.012901674
0.0032030937
0.016204532
0.0029637644
0.019247385
0.002686625
0.021402235
0.0023883089
0.022122154
0.0020913434
0.021207038
0.001818009
0.018913087
0.0015838433
0.015812666
0.012523404
0.0013954544
0.0028395615
0.012992139
0.0026934078
0.01632316
0.0025120249
0.019395626
0.0023005716
0.021576293
0.0020715886
0.022311894
0.0018428002
0.021397717
0.0016317867
0.019089706
0.0014510885
0.015964378
0.012645589
0.0013058133
0.0027165531
0.013084014
0.0025814011
0.016443029
0.0024140528
0.019544307
0.0022193635
0.021749563
0.0020087802
0.022499718
0.0017979848
0.021586043
0.0016029392
0.019264421
0.0014347922
0.016115203
0.012767821
0.0012987766
0.001337817
0.0013087435
0.0012701831
0.0012218021
0.0011653353
0.0011051718
0.0010464291
0.00099411138
0.00095072971
-0.00068522048
0.019659951
-0.00053978974
0.018551076
-0.00039749682
0.017496704
-0.0002592234
0.016500472
-0.00012572952
0.015562825
0.014618304
-0.00068849182
0.019512694
-0.00054270121
0.018405624
-0.0003999382
0.017354256
-0.00026099409
0.01636182
-0.00012669914
0.015428802
0.014491859
-0.00069349477
0.019364477
-0.00054685928
0.01825938
-0.00040332669
0.017211088
-0.00026353805
0.016222371
-0.00012801858
0.015293597
0.014364134
-0.00070240352
0.019213942
-0.0005538083
0.01811124
-0.00040855393
0.017066257
-0.00026713505
0.016081345
-0.0001298776
0.015156704
0.014234598
-0.00071788131
0.019059102
-0.0005656072
0.017959495
-0.00041716293
0.016918304
-0.00027283709
0.015937475
-0.00013281048
0.015017102
0.014102183
-0.00074281349
0.018897301
-0.00058449784
0.017801793
-0.00043076579
0.016765142
-0.00028169047
0.015788929
-0.00013723493
0.014873138
0.013965408
-0.00077970985
0.018725244
-0.00061240421
0.017635199
-0.00045073215
0.01660413
-0.00029451952
0.015633329
-0.00014349256
0.01472268
0.013822449
-0.00083050036
0.018539104
-0.00065074796
0.017456267
-0.00047802117
0.016432165
-0.00031186869
0.015467882
-0.00015178051
0.01456325
0.013671285
-0.00089579044
0.018334911
-0.00069998693
0.017261405
-0.00051293621
0.016245986
-0.00033387497
0.015289632
-0.00016205655
0.014392187
0.013509936
-0.00097367658
0.01810903
-0.00075849299
0.017047288
-0.00055409503
0.016042579
-0.00035945626
0.015095913
-0.00017374648
0.014207335
0.013336996
-0.0010591754
0.017859137
-0.00082244806
0.016811754
-0.00059874949
0.015819988
-0.00038682462
0.014885023
-0.00018590998
0.014007386
0.013151991
-0.0011420794
0.017584901
-0.0008832853
0.016554269
-0.00063962499
0.015577549
-0.00040968411
0.014656219
-0.00019299673
0.013791764
0.012959993
-0.0012081637
0.017288993
-0.00092932256
0.016276838
-0.00066716481
0.015316707
-0.00042033147
0.014410622
-0.00018950933
0.013562104
0.012771583
-0.0012436542
0.016978754
-0.00095140615
0.015986068
-0.00067707501
0.015043764
-0.00042019129
0.014155042
-0.00018426517
0.013327406
0.01258847
-0.0012438818
0.016669157
-0.00095301636
0.015696695
-0.00068132157
0.014773471
-0.00042893042
0.013903972
-0.00019925147
0.013098967
0.012390359
-0.0011953409
0.016378398
-0.00092246881
0.015425272
-0.00066782768
0.014520197
-0.00043072729
0.013668163
-0.00021078326
0.012880238
0.012180709
-0.0010657482
0.016122744
-0.00082512371
0.015185987
-0.00059962891
0.014295971
-0.00038806245
0.013457795
-0.00018877546
0.01268208
0.011992986
-0.00085177095
0.015918915
-0.0006592965
0.014994711
-0.00047832357
0.014116143
-0.00030790396
0.013288476
-0.00014720048
0.012522425
0.011846764
-0.00059082501
0.015780202
-0.00045898885
0.014863869
-0.00033408154
0.013992199
-0.0002154263
0.013170736
-0.0001028137
0.012410677
0.011744763
-0.00030456653
0.015709622
-0.0002376773
0.014797771
-0.00017417423
0.013929467
-0.0001132579
0.013110577
-5.4522621e-05
0.012352665
0.011690886
-8.1310455e-05
0.015687308
-6.1926211e-05
0.014779063
-4.5024831e-05
0.013913237
-2.9795977e-05
0.013095989
-1.5559413e-05
0.012339042
0.011675929
-4.3202565e-05
0.015672364
-3.1922336e-05
0.014768376
-2.3663648e-05
0.01390554
-1.7403246e-05
0.01309026
-1.1916452e-05
0.012334055
0.011664494
-0.00020511372
0.015615252
-0.00015558429
0.014719867
-0.0001128004
0.013863703
-7.4889811e-05
0.013053216
-3.9202691e-05
0.012299157
0.011626018
-0.00061889648
0.01545621
-0.00047445069
0.014577684
-0.00034420172
0.013735528
-0.00022507799
0.012935956
-0.00011291354
0.012188715
0.011514792
-0.0011520912
0.015149218
-0.00086824129
0.014296849
-0.00060990312
0.01347989
-0.00037676956
0.012705282
-0.00017078144
0.011984953
0.011346109
-0.0017034088
0.014699924
-0.0012836324
0.013881185
-0.00089768356
0.013097727
-0.0005466008
0.012357682
-0.00023623498
0.011677872
0.011112925
-0.0022922633
0.014144175
-0.0017681838
0.013362406
-0.0012793477
0.012613725
-0.00082315537
0.011905913
-0.00039721026
0.011255905
0.010719208
-0.0025173508
0.013517889
-0.0019262118
0.012777098
-0.0013747895
0.012067671
-0.00086235529
0.011398432
-0.00039293474
0.010791057
0.010330524
-0.0023058034
0.01288322
-0.0017126504
0.012189867
-0.001167567
0.011528117
-0.00067472033
0.010910744
-0.0002531379
0.010374287
0.010081773
-0.001778141
0.01235895
-0.0012961539
0.011713236
-0.00086320449
0.011100196
-0.00048382793
0.010536152
-0.00017358511
0.010068529
0.0099122463
-0.0010303935
0.012049263
-0.00075106392
0.011438138
-0.00050605467
0.010859211
-0.0002954291
0.010329273
-0.00012123558
0.0098978369
0.009794254
-0.00027042046
0.011953443
-0.00018699473
0.011358298
-0.0001196929
0.010795293
-6.8752518e-05
0.010281571
-3.4195648e-05
0.0098663608
0.0097629406
0.00014211155
0.011982348
0.00011362696
0.011388625
8.3214167e-05
0.010827438
5.1142233e-05
0.010315249
1.9444114e-05
0.0098996334
0.0097841784
0.00033053604
0.01206853
0.00025315151
0.011467943
0.00018072354
0.010901683
0.00011168914
0.010386055
4.6057896e-05
0.0099670023
0.0098319809
3.9355883e-05
0.012100758
1.6982332e-05
0.011493413
6.0076469e-07
0.01092066
-8.817868e-06
0.010397831
-9.03189e-06
0.0099693574
0.0098249643
-0.00053163107
0.011953459
-0.00038928172
0.011357106
-0.00025921386
0.010796308
-0.00014358509
0.01028759
-4.9782929e-05
0.0098805591
0.0097798613
-0.001310524
0.011571063
-0.00094641988
0.010999809
-0.000614542
0.01047075
-0.00032505995
0.010004013
-0.0001002287
0.0096613092
0.0096849745
-0.0015541632
0.011146607
-0.0011420614
0.01059454
-0.00075840064
0.010093461
-0.00041560339
0.0096671727
-0.00013756264
0.0093887721
0.0095523089
-0.0010825758
0.010904517
-0.00083637739
0.010353504
-0.00059514968
0.0098570925
-0.00036367165
0.0094402531
-0.00015133173
0.0091808007
0.009405083
-0.00048955088
0.01083075
-0.00040661512
0.010272782
-0.0003170616
0.0097696328
-0.00022022231
0.0093454681
-0.00011449468
0.0090770167
0.0092924601
-0.00010711927
0.010821493
-9.3475171e-05
0.010259986
-7.6959284e-05
0.0097538128
-5.7687651e-05
0.0093267096
-3.4710477e-05
0.0090544243
0.009258185
-0.00012617983
0.010774037
-7.9158999e-05
0.010214898
-3.8200978e-05
0.009714631
-7.4082752e-06
0.0092976015
7.4026215e-06
0.0090411793
0.0092670157
-0.00037324204
0.010665356
-0.00026240649
0.010106035
-0.0001583269
0.0096123898
-6.9896547e-05
0.0092108028
-1.0904651e-05
0.0089836592
0.0092573699
-0.00038819104
0.0105761
-0.00029044667
0.010008959
-0.00019099763
0.0095135933
-9.7942379e-05
0.0091184307
-2.4918847e-05
0.0089112868
0.0092330108
-0.00016733866
0.010550411
-0.00013189351
0.0099723517
-8.9949532e-05
0.0094705818
-4.7372989e-05
0.009074835
-1.2280036e-05
0.0088752914
0.0092200289
-2.1233651e-05
0.010560646
-1.9032365e-05
0.009968563
-8.3296343e-06
0.009458379
4.2504161e-06
0.0090608486
9.8114018e-06
0.0088684058
0.0092285664
5.876804e-05
0.010600219
3.8868368e-05
0.0099873211
3.2229394e-05
0.0094639201
3.0156982e-05
0.0090618494
2.2510615e-05
0.0088749888
0.0092499876
0.00012467585
0.010677756
7.5417074e-05
0.01003567
4.9580834e-05
0.0094889548
3.7135536e-05
0.0090735826
2.4308227e-05
0.0088871751
0.0092736613
0.00024221678
0.010797185
0.00015287481
0.010123703
9.3247963e-05
0.0095473434
5.7065438e-05
0.009108614
3.0628973e-05
0.0089125698
0.009303413
0.0003832151
0.010967979
0.00024158518
0.010262908
0.00013434575
0.0096523359
6.4270134e-05
0.0091768629
2.6413355e-05
0.0089487695
0.0093279248
0.00055915873
0.011170491
0.00037810433
0.010437587
0.00022947489
0.0097950877
0.00011882247
0.0092818108
4.6804971e-05
0.0090154505
0.0093700216
0.00070111369
0.011402431
0.00048069997
0.010644387
0.0002909391
0.0099720451
0.0001428383
0.0094184203
5.0778014e-05
0.0090968437
0.0094103068
0.00081471593
0.011639868
0.00057662118
0.010860858
0.00036459655
0.010163829
0.0001879923
0.0095755418
6.6284558e-05
0.0092002356
0.0094600659
0.00091093378
0.011876003
0.00066812357
0.011078772
0.00044677672
0.010361859
0.000252107
0.0097485848
9.795248e-05
0.0093342254
0.0095391203
0.00096935685
0.012121046
0.00071339638
0.01130559
0.00047951854
0.010568588
0.00027284178
0.0099297761
0.00010655856
0.0094767214
0.0096236551
0.001096773
0.012391787
0.00081802163
0.011558051
0.00056025617
0.010801791
0.00032633648
0.010140293
0.00012860813
0.0096525265
0.0097324937
0.0010362696
0.012638255
0.00078463294
0.011788328
0.00055059286
0.011015743
0.00033590067
0.010336622
0.00014444175
0.0098268896
0.0098605392
0.0010245484
0.012898657
0.00076764803
0.012031718
0.00052924787
0.011241768
0.00031093977
0.010542208
0.00012547645
0.010000368
0.0099762186
0.00075449772
0.00057152967
0.00040116009
0.00024520494
0.00010876147
)
;

boundaryField
{
    Side1
    {
        type            empty;
    }
    Inlet
    {
        type            calculated;
        value           nonuniform List<scalar> 0();
    }
    Side2
    {
        type            empty;
    }
    Outlet
    {
        type            calculated;
        value           nonuniform List<scalar> 
35
(
0.023168646
0.023258979
0.023350387
0.023442718
0.02353588
0.023629796
0.023724398
0.023819631
0.023915427
0.024011734
0.024108506
0.024205698
0.024303267
0.024401172
0.024499372
0.024597825
0.024696504
0.024795365
0.024894359
0.024993444
0.013107479
0.016475617
0.019587518
0.021803468
0.022561987
0.021651923
0.01932807
0.016171672
0.012814352
0.013097977
0.012218087
0.011415141
0.010702197
0.010140682
0.010086954
)
;
    }
    Botwall
    {
        type            calculated;
        value           uniform 0;
    }
    Cyli
    {
        type            calculated;
        value           nonuniform List<scalar> 0();
    }
    procBoundary1to0
    {
        type            processor;
        value           nonuniform List<scalar> 
44
(
-0.015006193
-0.0015609456
-0.012717109
-0.00064633012
-0.007739437
0.0001883304
-0.0039243716
-0.0025981148
0.0011092582
-0.0014975201
0.0012857465
-0.00064658592
4.4843828e-05
0.00073430782
0.0012779669
0.0011858146
0.0016144977
0.0019072055
0.0020443315
0.0020217611
0.00017116776
0.001835396
0.0017570197
0.0012968569
0.00075333407
0.00068375185
0.00025495876
-0.027929236
-0.022486915
-0.02228816
-0.028121993
-0.032945074
-0.035594385
-0.035378715
0.0011962802
-0.032462097
0.0016540787
-0.016592914
-0.019806946
-0.018696214
-0.017638724
-0.016638491
-0.015696083
-0.014743815
)
;
    }
    procBoundary1to3
    {
        type            processor;
        value           nonuniform List<scalar> 
62
(
0.00073555424
0.00069987384
0.00067184174
0.00065556639
0.00065603777
0.00067768551
0.00072540488
0.00080393411
0.00091660381
0.0010617254
0.0012264327
0.0013953215
0.00152645
0.0015082546
0.0012066474
0.00047187501
-0.00076718742
-0.0024849259
-0.0044804115
-0.0065225222
-0.0083459562
-0.0098241107
-0.010839575
-0.011240517
-0.010812533
-0.0093656839
-0.0070481045
-0.0040968838
-0.00099151364
0.0015847603
0.002507214
0.001177469
-0.0018008256
-0.0053173471
-0.0082751163
-0.0096854402
-0.008736058
-0.0063102117
-0.0039025897
-0.0033147185
-0.017216755
-0.0052102707
-0.0072461084
-0.0084237833
-0.008363525
-0.0080334688
-0.0082501665
-0.0088443825
-0.0093150139
-0.0095720958
-0.0097836928
-0.0099282794
-0.010408435
-0.010608727
-0.01123037
-0.011245161
-0.011488803
-0.011618792
-0.012451841
-0.011514915
-0.011796225
-0.0091830828
)
;
    }
}


// ************************************************************************* //
