/*--------------------------------*- C++ -*----------------------------------*\
| =========                 |                                                 |
| \\      /  F ield         | OpenFOAM: The Open Source CFD Toolbox           |
|  \\    /   O peration     | Version:  2406                                  |
|   \\  /    A nd           | Website:  www.openfoam.com                      |
|    \\/     M anipulation  |                                                 |
\*---------------------------------------------------------------------------*/
FoamFile
{
    version     2.0;
    format      ascii;
    arch        "LSB;label=32;scalar=64";
    class       volScalarField;
    location    "0.052";
    object      Ma;
}
// * * * * * * * * * * * * * * * * * * * * * * * * * * * * * * * * * * * * * //

dimensions      [0 0 0 0 0 0 0];

internalField   nonuniform List<scalar> 
8260
(
0.14433859
0.14549007
0.14668189
0.14794662
0.14921465
0.1504628
0.15169839
0.15291977
0.15422572
0.15570353
0.15719332
0.15872423
0.16024
0.16159835
0.16228687
0.16177039
0.15918904
0.15579689
0.15395322
0.1528275
0.15191973
0.15111852
0.15039696
0.14977905
0.14926185
0.14884139
0.14850439
0.14822569
0.14799813
0.14785619
0.14775956
0.14064788
0.14215218
0.14375781
0.14538231
0.14699471
0.14858068
0.15013867
0.15167712
0.15325068
0.15490015
0.15655234
0.15820407
0.15979572
0.16117645
0.16182044
0.16118068
0.15849336
0.15524639
0.1536101
0.15257681
0.15171998
0.15096031
0.15026939
0.14967755
0.14918208
0.14877709
0.14845204
0.14818194
0.14796048
0.14782295
0.14772907
0.13639207
0.13824186
0.14028501
0.14232655
0.14433339
0.14629805
0.14821662
0.15009347
0.15196139
0.15384087
0.15568923
0.15749081
0.1591834
0.1606046
0.16122802
0.1604879
0.15770988
0.15468371
0.15324982
0.15230212
0.15149892
0.15078517
0.15012776
0.14956423
0.14909244
0.14870435
0.14839259
0.1481322
0.14791766
0.14778517
0.14769438
0.13231578
0.1344536
0.13682492
0.13921425
0.14157301
0.14388766
0.14614852
0.14835064
0.15050878
0.15263283
0.15468725
0.15664861
0.15844967
0.15990934
0.16050513
0.1596426
0.15679262
0.15405614
0.15283409
0.15198276
0.15124165
0.15058108
0.14996302
0.14943266
0.14898873
0.14862058
0.14832431
0.14807518
0.14786873
0.14774204
0.14765492
0.12854137
0.13088667
0.133484
0.13613653
0.13878531
0.14140439
0.14397442
0.14647935
0.14891608
0.1512818
0.1535435
0.15566816
0.15757995
0.15907155
0.15962203
0.15860886
0.15572859
0.15337626
0.15236617
0.15161975
0.15094925
0.15034932
0.14977632
0.14928351
0.14887116
0.14852554
0.14824674
0.14801038
0.14781317
0.14769301
0.14761004
0.1251693
0.12764132
0.13037087
0.13319509
0.13605412
0.13891146
0.14173748
0.14450481
0.14719365
0.14978603
0.15224628
0.15452965
0.15654764
0.15805797
0.15853417
0.15734598
0.15451656
0.152639
0.1518372
0.15120606
0.15061577
0.15008461
0.14956324
0.14911315
0.14873701
0.14841727
0.14815836
0.14793653
0.14774998
0.14763718
0.14755901
0.12230507
0.12483487
0.12760948
0.13050908
0.13348398
0.13649387
0.13950166
0.14247006
0.14536477
0.14815227
0.15078807
0.15321305
0.15532118
0.15682441
0.1571831
0.15580365
0.15318498
0.15183869
0.15124202
0.15073603
0.15023707
0.14978399
0.14932139
0.14891941
0.14858456
0.14829437
0.14805798
0.1478525
0.14767822
0.14757367
0.14750103
0.12011567
0.12259591
0.12531674
0.12819097
0.13117961
0.13424357
0.13734227
0.14043151
0.14346555
0.14639634
0.14916619
0.15169812
0.15386196
0.15531316
0.15549575
0.153927
0.15177401
0.1509662
0.15057274
0.15020272
0.14980815
0.14944344
0.14904716
0.14869873
0.14841103
0.14815477
0.14794389
0.14775682
0.14759664
0.14750135
0.14743526
0.11862298
0.12097233
0.12355643
0.12631487
0.12922058
0.13223862
0.13532906
0.13844522
0.14153419
0.14453581
0.1473771
0.14995868
0.15211614
0.15344794
0.15338033
0.15171812
0.15034497
0.15001272
0.14982133
0.1495987
0.14932427
0.14905907
0.14873762
0.14844818
0.14821375
0.14799637
0.14781425
0.14764793
0.1475038
0.14741894
0.14736068
0.11780154
0.11996358
0.12235118
0.12492095
0.12765555
0.13053023
0.13351048
0.13655162
0.13959771
0.14257931
0.1454074
0.14795451
0.15000606
0.15110839
0.15070663
0.14935332
0.1489264
0.14896612
0.14898102
0.14891671
0.14877982
0.14862506
0.14838882
0.14816491
0.1479895
0.14781632
0.14766652
0.14752393
0.14739799
0.14732489
0.14727604
0.11755149
0.11948878
0.12163714
0.12396241
0.12645756
0.12910611
0.13188328
0.13475002
0.13764992
0.14050589
0.14321176
0.1456036
0.1473937
0.14807539
0.14751435
0.14716046
0.14748762
0.14783096
0.14805691
0.14815214
0.14816902
0.14813402
0.1479954
0.1478468
0.14773552
0.14761111
0.14749789
0.14738264
0.14727736
0.14721745
0.14717963
0.11784281
0.11947703
0.12131682
0.12333437
0.12552367
0.12787507
0.13036942
0.13297011
0.13561738
0.13822296
0.1406558
0.14269574
0.14400905
0.14431538
0.14446113
0.14518927
0.14602101
0.14662051
0.14704906
0.14731792
0.14748725
0.14758049
0.14754929
0.14749042
0.14744958
0.14737684
0.1473053
0.14722155
0.14714007
0.14709484
0.14706924
0.11818957
0.1195183
0.12104176
0.12273056
0.12457843
0.12658375
0.12873066
0.13097769
0.13325336
0.13545646
0.13745577
0.139035
0.13995243
0.14071063
0.14201242
0.14338687
0.14447583
0.1453408
0.14598217
0.14642585
0.14674066
0.14696492
0.1470468
0.14708954
0.14712941
0.14711136
0.14708593
0.14703802
0.1469844
0.14695539
0.14694224
0.11818598
0.11925389
0.12047523
0.12185077
0.12338152
0.12504491
0.12680999
0.1286399
0.13046913
0.13221124
0.1337708
0.13516004
0.13657556
0.13829608
0.14003772
0.14157123
0.14291174
0.14399523
0.1448603
0.14549304
0.14595181
0.14629732
0.14649022
0.14663841
0.14677057
0.14681498
0.14683772
0.14682965
0.14680856
0.14679777
0.14679586
0.1178833
0.11857347
0.11944477
0.12050607
0.12177361
0.12315759
0.12458815
0.12609405
0.12767059
0.12928918
0.13094011
0.1327297
0.13465183
0.13650233
0.13825909
0.13990108
0.14134846
0.1426038
0.14367777
0.14451747
0.14513202
0.14559902
0.14589184
0.14614028
0.14636747
0.14648745
0.14656053
0.14659488
0.14661062
0.14662089
0.14662764
0.11901524
0.11953241
0.12009587
0.12071242
0.121444
0.12236995
0.12348214
0.12476735
0.12618404
0.12770404
0.12938645
0.13124823
0.13311342
0.13494021
0.13675271
0.13842739
0.13992262
0.14123723
0.1424509
0.14348091
0.14427941
0.14487657
0.14526704
0.145606
0.14592209
0.14612332
0.14625565
0.1463332
0.14638844
0.14642359
0.14643571
0.12040063
0.12092738
0.12152296
0.12218326
0.12287041
0.12360293
0.12439262
0.12514773
0.12601309
0.1271811
0.12866867
0.13018317
0.13184411
0.13357581
0.13538902
0.13711819
0.13866835
0.14001688
0.14126936
0.14240721
0.14336139
0.14412031
0.14462241
0.14504525
0.14544059
0.14572103
0.14592181
0.14604503
0.14614027
0.14620399
0.14621888
0.12180847
0.12214098
0.1225295
0.12298597
0.12352714
0.12417754
0.12497874
0.12595729
0.12692948
0.12783504
0.12863934
0.12977018
0.13118738
0.132684
0.13415881
0.13578667
0.13745142
0.13892568
0.14022913
0.14137066
0.14238839
0.14330101
0.14394701
0.14446534
0.1449322
0.14528057
0.14555431
0.1457303
0.14586497
0.14595939
0.1459767
0.12361805
0.12392701
0.12428064
0.12467915
0.12512302
0.12560776
0.12612211
0.12666752
0.12730812
0.1281391
0.1291759
0.13009535
0.13103757
0.13227095
0.13350588
0.13479305
0.13622065
0.1378101
0.13925861
0.14044383
0.14144112
0.14242361
0.14321983
0.14386163
0.14440404
0.14480682
0.1451478
0.14538729
0.14556134
0.1456869
0.14570944
0.12512508
0.12532892
0.1255646
0.12583759
0.1261577
0.12653805
0.1269974
0.12754942
0.12817913
0.12884148
0.12952485
0.13040865
0.13135299
0.13222686
0.13323737
0.13428102
0.1355287
0.13687583
0.13825833
0.1395552
0.14060552
0.14157746
0.14245142
0.14321525
0.14385353
0.14431124
0.14470112
0.14501106
0.14522898
0.14538391
0.14541783
0.1268354
0.12702049
0.12723275
0.12747408
0.1277474
0.12805464
0.12839501
0.12876824
0.12918717
0.12968418
0.13027715
0.13088276
0.13151605
0.13236539
0.13326817
0.13413621
0.13516275
0.1363127
0.13746951
0.13867436
0.13983066
0.14084084
0.14172005
0.14253129
0.14326434
0.14379826
0.1442241
0.14459877
0.14486652
0.14504943
0.14510213
0.12823499
0.12835257
0.12848836
0.1286456
0.12882974
0.12904774
0.12930765
0.12961753
0.12998124
0.13039376
0.13085459
0.13140901
0.13205541
0.13262772
0.13339093
0.13430184
0.13505962
0.13593783
0.13692438
0.13797599
0.13906166
0.14015362
0.14108406
0.14187397
0.14262655
0.14326401
0.14372844
0.14415312
0.1444719
0.14468382
0.14476185
0.1298415
0.12995026
0.13007502
0.13021726
0.13037892
0.13056143
0.13076574
0.13099244
0.13124358
0.1315274
0.13185323
0.1322107
0.13261998
0.13318844
0.1337394
0.13437413
0.13513772
0.13580396
0.13656235
0.13748764
0.13846533
0.13945732
0.14049398
0.14129828
0.14198168
0.14269663
0.14322215
0.14367833
0.14404442
0.14428828
0.14439624
0.131133
0.13119775
0.13127253
0.13135916
0.13146061
0.13158077
0.13172434
0.13189669
0.13210362
0.13235029
0.13264092
0.13298521
0.13337615
0.1337769
0.13424717
0.13469665
0.13521459
0.13587448
0.13646951
0.13723154
0.13807507
0.13891971
0.1398968
0.14077225
0.14139748
0.1421029
0.1426982
0.14318463
0.14358902
0.14386509
0.1440034
0.13251555
0.13257879
0.1326509
0.1327323
0.13282328
0.1329239
0.13303484
0.13315876
0.13329986
0.13346217
0.13364964
0.1338649
0.13411399
0.13440959
0.13474923
0.1351721
0.13559081
0.13603005
0.13666714
0.13718377
0.13785524
0.13857377
0.13938717
0.14024251
0.14087626
0.14152572
0.14215916
0.1426854
0.14311364
0.14341815
0.14358322
0.13346582
0.1334983
0.13353734
0.13358371
0.13363879
0.13370449
0.133783
0.1338765
0.13398731
0.1341184
0.13427334
0.13445632
0.1346709
0.13492994
0.1352559
0.13562445
0.13601996
0.13641476
0.13677629
0.13730476
0.13778897
0.13833517
0.13899067
0.13975267
0.14040272
0.14101757
0.14164465
0.14218539
0.14262676
0.14295424
0.14314063
0.13464001
0.13467047
0.13470377
0.13474082
0.13478272
0.13483074
0.13488632
0.13495112
0.13502703
0.13511608
0.13522029
0.13534167
0.13548333
0.13563422
0.13578524
0.13597463
0.13625893
0.13664851
0.13702644
0.13736372
0.13782988
0.13825058
0.13875343
0.13935275
0.14002377
0.14060138
0.1411794
0.14170092
0.1421449
0.14248125
0.1426816
0.1353016
0.13531792
0.1353383
0.13536302
0.13539248
0.13542724
0.13546813
0.13551625
0.13557296
0.13563973
0.13571792
0.13580885
0.13591873
0.13605611
0.13622441
0.13641192
0.13660288
0.13683309
0.13716681
0.13750669
0.13784389
0.13826634
0.1386694
0.13911171
0.13970699
0.14024423
0.14075556
0.14124673
0.14167791
0.14201082
0.14221685
0.13606182
0.13608001
0.13609931
0.13612021
0.13614348
0.13617004
0.13620096
0.13623734
0.13628038
0.13633134
0.13639164
0.136462
0.13653645
0.13661533
0.136713
0.1368428
0.13700098
0.13717436
0.13738206
0.13764304
0.13792573
0.13827988
0.13864199
0.1389979
0.13942363
0.13990109
0.14037217
0.14082674
0.14123443
0.14156116
0.14176558
0.13650017
0.13650901
0.13651989
0.13653337
0.13655009
0.1365707
0.13659587
0.13662627
0.13666266
0.13670607
0.13675816
0.13682202
0.13690261
0.1369971
0.13710301
0.13721292
0.13733869
0.13748505
0.13765633
0.13785567
0.13808821
0.13834808
0.13862484
0.13894094
0.13929262
0.13969147
0.14010898
0.14051954
0.14089756
0.14120657
0.14139936
0.13685299
0.13686159
0.13687209
0.13688476
0.13689989
0.13691786
0.13693911
0.13696415
0.13699359
0.13702816
0.13706861
0.13711626
0.13717425
0.13724629
0.13732518
0.13741545
0.13752027
0.13764229
0.13778578
0.13795625
0.13815301
0.13838677
0.13864009
0.13891071
0.13923901
0.13959826
0.13998373
0.14037043
0.14073159
0.1410304
0.14121679
0.077133303
0.09429562
0.10565187
0.11404743
0.1210696
0.12738948
0.13318433
0.13812055
0.14292781
0.14739467
0.15147952
0.15518445
0.1585254
0.1614859
0.16403466
0.16598343
0.16692604
0.16646877
0.16371803
0.15976951
0.15716629
0.15542168
0.15400332
0.1527915
0.15175519
0.1509222
0.15025058
0.14972662
0.1493209
0.14905325
0.14887339
0.10009261
0.10873843
0.11530097
0.12101283
0.12649348
0.13184393
0.13682126
0.14139844
0.14572753
0.14971454
0.15336294
0.1566908
0.1597099
0.16239204
0.16469258
0.16636442
0.16700725
0.16622481
0.16313462
0.15926479
0.15687036
0.15521249
0.15383642
0.15265415
0.15164327
0.15083164
0.15017643
0.14966452
0.14926721
0.14900511
0.14883538
0.10690071
0.11311905
0.11901844
0.12470079
0.13013008
0.13519322
0.13981372
0.1440326
0.14794915
0.15154855
0.1548538
0.15788503
0.16064732
0.1631035
0.16519782
0.16662557
0.16701591
0.16593336
0.16256918
0.15885279
0.15662572
0.15502418
0.15368091
0.15252447
0.1515363
0.15074386
0.15010376
0.14960311
0.14921378
0.14895703
0.14879417
0.11304489
0.11891445
0.12443154
0.12956061
0.13433712
0.13875941
0.14281853
0.14655693
0.15003303
0.15324639
0.15621981
0.15896915
0.16148949
0.16373296
0.1656265
0.16680483
0.16696828
0.16557992
0.16200629
0.15845122
0.15637182
0.15482648
0.15351842
0.15238961
0.1514257
0.15065368
0.15002951
0.14954063
0.14915966
0.14890851
0.14875008
0.11957038
0.12480832
0.12961603
0.13407283
0.13822857
0.14207577
0.14561844
0.14889716
0.15195377
0.1548016
0.15746342
0.15994955
0.16224375
0.16428665
0.16597946
0.16692378
0.16688335
0.16518506
0.16143466
0.15807484
0.15612961
0.15463344
0.15335845
0.15225646
0.15131615
0.15056395
0.14995532
0.14947794
0.14910524
0.14885968
0.14870457
0.12655763
0.13082714
0.1348015
0.13852427
0.14200665
0.14524332
0.14825181
0.15106377
0.15371153
0.15621196
0.15858223
0.16082393
0.16290808
0.16476319
0.16625873
0.16698946
0.1667682
0.16474021
0.16086801
0.1577198
0.15589053
0.15443982
0.15319745
0.15212234
0.15120572
0.15047344
0.14988046
0.14941464
0.1490503
0.14881046
0.14865877
0.1334544
0.13676595
0.1398799
0.14282158
0.14559752
0.14821483
0.15068971
0.15304454
0.15530221
0.15747639
0.15957588
0.16159195
0.16348249
0.16516444
0.16647251
0.16702235
0.16659665
0.16424489
0.16031484
0.15738549
0.15565659
0.15424787
0.15303731
0.15198879
0.15109559
0.15038296
0.14980543
0.14935103
0.14899502
0.14876091
0.14861247
0.14037398
0.14262209
0.14479
0.14690454
0.14896529
0.15096838
0.15292153
0.15483681
0.15672649
0.15859682
0.16044645
0.16225558
0.1639694
0.16549429
0.16662917
0.16701624
0.16637246
0.16370763
0.15978374
0.15706862
0.15542574
0.15405668
0.15287741
0.15185532
0.15098539
0.15029226
0.1497301
0.14928705
0.14893937
0.14871104
0.14856603
0.14694373
0.14812993
0.1493735
0.15069008
0.15206396
0.15347758
0.15493473
0.15643633
0.15798385
0.15957431
0.16119556
0.16281655
0.16437037
0.16574858
0.16671509
0.16696038
0.16609213
0.16313879
0.15928085
0.15676652
0.15519796
0.1538667
0.15271824
0.15172239
0.15087549
0.15020162
0.14965466
0.14922283
0.14888343
0.14866089
0.14851927
0.15293586
0.15314532
0.15355601
0.15413091
0.154858
0.15572158
0.15671892
0.15783896
0.15907329
0.16040945
0.16182438
0.16327616
0.16468627
0.16592185
0.16673972
0.16686275
0.16576121
0.16256194
0.15880752
0.15647628
0.15497265
0.15367785
0.1525598
0.15158999
0.15076592
0.15011105
0.14957915
0.14915842
0.14882724
0.1486105
0.14847232
0.1582642
0.15761983
0.1572708
0.15717018
0.15730787
0.15768131
0.158264
0.15904059
0.15999372
0.16110279
0.16233394
0.1636349
0.16491486
0.16600967
0.16670579
0.16672584
0.16538932
0.16198607
0.15836244
0.15619573
0.15474971
0.15349033
0.1524023
0.15145833
0.15065685
0.1500207
0.14950367
0.14909389
0.14877085
0.14855989
0.14842513
0.16281212
0.1614521
0.16044605
0.15976274
0.15939832
0.15934218
0.15955816
0.16003671
0.16074376
0.16165451
0.16272442
0.16389173
0.16505023
0.16602706
0.166639
0.16654982
0.16498515
0.16141762
0.15794383
0.15592288
0.15452895
0.15330426
0.15224587
0.15132753
0.15054843
0.14993065
0.14942831
0.14902931
0.14871431
0.1485091
0.14837775
0.16644748
0.16454191
0.16302821
0.16188686
0.16111118
0.16068737
0.16059915
0.16081919
0.16131875
0.16206151
0.16299264
0.16404109
0.16510149
0.16600077
0.1665357
0.16633441
0.16455471
0.160864
0.15754912
0.15565638
0.15431042
0.15311983
0.15209067
0.15119774
0.15044081
0.14984102
0.14935315
0.14896477
0.14865768
0.14845817
0.14833018
0.16911668
0.16685065
0.16498872
0.16351402
0.16242454
0.16171452
0.16137386
0.16137866
0.16170185
0.16230391
0.16312372
0.16408927
0.16509732
0.1659307
0.16638204
0.16607155
0.16410307
0.16032754
0.1571758
0.15539522
0.15409414
0.15293727
0.15193688
0.15106911
0.15033413
0.14975189
0.14927827
0.14890033
0.14860099
0.14840711
0.14828245
0.17090554
0.16838031
0.16628543
0.16458888
0.16328361
0.16236584
0.16183278
0.16167611
0.16187358
0.16238439
0.16314977
0.16407369
0.16503163
0.16580509
0.16618379
0.16576724
0.16363249
0.15981085
0.15682184
0.15513888
0.15388027
0.15275681
0.15178471
0.15094183
0.1502285
0.14966338
0.14920378
0.14883606
0.14854431
0.14835597
0.14823455
0.17198583
0.169289
0.16701944
0.1651631
0.16371364
0.16266303
0.16200581
0.16176822
0.16191386
0.1623732
0.16309359
0.16397887
0.16489133
0.16562353
0.16594484
0.16543345
0.16315171
0.15931581
0.1564854
0.1548871
0.15366899
0.15257869
0.15163432
0.15081606
0.15012404
0.14957557
0.14912973
0.14877202
0.14848769
0.14830479
0.14818651
0.17246876
0.16974157
0.16738378
0.16542835
0.16388766
0.16275986
0.16204085
0.16175242
0.16184655
0.16225456
0.16292513
0.16378098
0.16467453
0.16538655
0.16566621
0.16506962
0.16266939
0.15884329
0.15616346
0.15463971
0.15346043
0.15240308
0.15148585
0.15069186
0.15002086
0.14948855
0.1490562
0.14870829
0.14843119
0.14825359
0.14813834
0.17172069
0.16930229
0.1671237
0.16525049
0.16373217
0.16260072
0.16187636
0.16155478
0.16159887
0.16197798
0.16263168
0.16348184
0.16438042
0.16509501
0.16535074
0.1646847
0.16219116
0.15839298
0.15585424
0.15439666
0.15325471
0.15223012
0.15133944
0.15056935
0.14991907
0.14940242
0.14898329
0.14864494
0.14837487
0.14820241
0.14809005
0.16984296
0.16779495
0.1659469
0.16433792
0.16300798
0.16199988
0.16135599
0.16107781
0.16114459
0.16154213
0.16221248
0.16308221
0.16400847
0.16474961
0.16500114
0.16428427
0.16172219
0.15796468
0.15555634
0.15415783
0.15305195
0.15206
0.15119529
0.15044871
0.14981882
0.14931734
0.14891112
0.14858209
0.14831881
0.14815131
0.14804168
0.16728083
0.16560122
0.16410618
0.16282035
0.16176365
0.16097192
0.16049609
0.16033213
0.1604835
0.1609473
0.16166804
0.16258252
0.16355843
0.16435082
0.16462006
0.16387428
0.16126615
0.15755769
0.15526825
0.15392368
0.15285279
0.15189332
0.15105395
0.15033035
0.14972042
0.14923356
0.14883986
0.14851984
0.1482631
0.14810032
0.14799323
0.16396037
0.16275128
0.16168932
0.16079321
0.16007473
0.15957308
0.15932519
0.15932903
0.15962181
0.16019524
0.16099971
0.16198414
0.16303068
0.16389905
0.16421011
0.16346059
0.16082609
0.15717268
0.15499073
0.15369587
0.1526588
0.1517313
0.15091638
0.15021492
0.14962431
0.14915136
0.14876966
0.14845828
0.14820777
0.14804942
0.14794471
0.15987336
0.15922977
0.15870291
0.15828232
0.15797945
0.15782853
0.15784824
0.15807904
0.15856234
0.15928538
0.16020638
0.16128651
0.16242412
0.16339314
0.16377297
0.1630481
0.16040741
0.15681506
0.1547274
0.15347712
0.15247191
0.15157519
0.1507834
0.15010284
0.1495306
0.14907077
0.14870046
0.1483973
0.14815271
0.14799854
0.14789604
0.15495317
0.15492775
0.15504284
0.15521366
0.15542022
0.1556846
0.15604646
0.15656091
0.15728528
0.1582023
0.15927571
0.16048037
0.16173107
0.16282666
0.16330644
0.16264282
0.16001957
0.15649388
0.15448071
0.15326738
0.15229137
0.15142395
0.15065389
0.1499931
0.1494385
0.14899121
0.14863181
0.14833663
0.14809772
0.14794759
0.1478472
0.14933763
0.14966407
0.15034424
0.1511684
0.15201236
0.15284088
0.15368954
0.15458534
0.15564721
0.15684345
0.15813019
0.15950553
0.16090343
0.16216192
0.1627882
0.16223986
0.15967434
0.15620226
0.15424046
0.15305755
0.1521099
0.15127201
0.15052378
0.14988285
0.14934605
0.14891152
0.1485631
0.14827602
0.14804275
0.14789669
0.14779823
0.070399822
0.089501409
0.10190762
0.11104106
0.11848914
0.12505884
0.13106885
0.13640025
0.14141974
0.14609823
0.15039587
0.15430023
0.15782075
0.16094225
0.16363488
0.16574542
0.16686237
0.16658475
0.16402745
0.1600856
0.1573744
0.15558249
0.15413602
0.15290217
0.15184667
0.15099721
0.15031233
0.14977826
0.14936528
0.1490926
0.14890897
0.069384597
0.089263409
0.10163694
0.11078248
0.11820328
0.1246988
0.13061353
0.13595649
0.14095464
0.14563694
0.14996902
0.15392661
0.15750724
0.16069042
0.16343693
0.16561215
0.16678136
0.16660355
0.16416355
0.16023983
0.15747872
0.15567035
0.15421418
0.15297157
0.15190707
0.15104882
0.15035628
0.14981603
0.1493986
0.14912258
0.14893655
0.068848595
0.089134046
0.10162791
0.11066056
0.11794006
0.12431294
0.13011978
0.13541809
0.14039214
0.14508248
0.14945398
0.15347208
0.15712227
0.16037797
0.16319169
0.16544501
0.16669057
0.16660448
0.16431415
0.16040774
0.15758367
0.15575513
0.15429009
0.1530401
0.1519677
0.15110139
0.15040166
0.14985548
0.14943377
0.14915441
0.1489748
0.068222767
0.088800576
0.10147506
0.11043403
0.1176241
0.12390122
0.1296177
0.13487124
0.13982312
0.14451624
0.14891964
0.15299244
0.15670935
0.16003748
0.16292206
0.16525651
0.16658895
0.16659995
0.16446517
0.16059158
0.15770113
0.15584842
0.15437297
0.15311469
0.15203362
0.15115855
0.15045095
0.14989826
0.1494718
0.14918868
0.14900819
0.067335586
0.088078337
0.10107493
0.11010784
0.1172856
0.1235011
0.12914271
0.13435336
0.13927747
0.1439619
0.14838411
0.15250076
0.15627736
0.15967443
0.16263049
0.16504557
0.16647094
0.16658687
0.16460882
0.16078573
0.15782907
0.15594999
0.15446317
0.1531959
0.1521054
0.15122064
0.15050438
0.14994452
0.14951278
0.14922549
0.1490468
0.066375258
0.087194478
0.10055737
0.10976032
0.11696355
0.12313624
0.1287116
0.1338746
0.13876177
0.14342524
0.14785244
0.15200073
0.15582843
0.15928943
0.16231586
0.16480844
0.16633362
0.16656136
0.16474302
0.16098349
0.15796318
0.15605653
0.15455825
0.15328198
0.15218182
0.15128691
0.15056146
0.14999396
0.14955656
0.14926481
0.14907474
0.065481518
0.086237196
0.099992301
0.10940582
0.11665947
0.12280357
0.12831986
0.13343034
0.13827236
0.14290444
0.14732417
0.15149222
0.15536201
0.15888116
0.16197566
0.16454038
0.16617773
0.16652215
0.16487034
0.16118453
0.15810143
0.15616589
0.15465648
0.15337169
0.15226205
0.15135691
0.15062194
0.15004647
0.14960311
0.1493067
0.1491145
0.064732784
0.085240361
0.099366111
0.10902332
0.11635851
0.1224928
0.12795916
0.13301488
0.13780537
0.14239727
0.14679834
0.15097474
0.15487734
0.15844825
0.16160741
0.16423831
0.1659927
0.16646672
0.16497989
0.16139298
0.15824336
0.15627728
0.15475717
0.15346465
0.15234596
0.15143044
0.15068575
0.15010206
0.14965253
0.14935126
0.14915332
0.064085875
0.084183269
0.098658476
0.10859805
0.1160502
0.12219613
0.12762283
0.13262354
0.13735757
0.14190161
0.14627399
0.15044793
0.15437397
0.15798975
0.16120946
0.16390396
0.16576935
0.16639037
0.16506804
0.16160237
0.15838932
0.15639082
0.15486034
0.15356081
0.15243355
0.15150776
0.15075312
0.15016096
0.14970501
0.14939864
0.14920703
0.06364853
0.083152375
0.097905229
0.10814214
0.11573548
0.1219099
0.12730521
0.13225077
0.13692414
0.14141366
0.14574848
0.14991008
0.15385053
0.1575042
0.16078017
0.16353939
0.16551435
0.16629299
0.16514274
0.16181049
0.15853893
0.15650603
0.15496576
0.15366023
0.15252502
0.15158902
0.15082423
0.15022335
0.14976073
0.14944899
0.14925872
0.063561515
0.082235849
0.097133661
0.1076607
0.11541236
0.12162894
0.12699924
0.13188937
0.1364982
0.14092763
0.14521764
0.14935834
0.15330499
0.15698989
0.16031795
0.16314331
0.16522143
0.16614621
0.16519527
0.16201656
0.15869185
0.15662233
0.15507294
0.15376262
0.15262034
0.15167433
0.15089922
0.1502894
0.14981985
0.14950246
0.14930822
0.063708769
0.081467833
0.096400709
0.10718679
0.11509285
0.12135172
0.12669657
0.13152893
0.13606964
0.14043462
0.14467434
0.1487876
0.15273368
0.15644412
0.1598206
0.16271335
0.16489358
0.16597315
0.16521471
0.16221042
0.15884712
0.1567388
0.1551813
0.15386769
0.15271932
0.15176363
0.15097814
0.1503592
0.14988249
0.14955923
0.14935891
0.064319763
0.081134625
0.095830851
0.10674332
0.11476853
0.12106244
0.12637985
0.13115275
0.1356234
0.1399221
0.14410879
0.14819061
0.15213155
0.15586335
0.15928549
0.16224661
0.16452969
0.16576548
0.16520318
0.16238339
0.15900394
0.15685441
0.15528984
0.15397478
0.15282178
0.15185694
0.15106104
0.15043288
0.14994876
0.14961945
0.14941349
0.065502193
0.081186037
0.09536811
0.1063264
0.11443562
0.12074554
0.12602725
0.13073815
0.13513881
0.13937234
0.14350712
0.14755734
0.1514916
0.15524274
0.15870927
0.16173992
0.16412636
0.16551181
0.16515709
0.16254089
0.1591613
0.15696776
0.15539791
0.1540835
0.15292721
0.15195399
0.15114793
0.15051048
0.15001877
0.1496833
0.14947293
0.067191033
0.08165402
0.095228508
0.10596938
0.11405059
0.12034892
0.12559351
0.13024783
0.13458596
0.13876183
0.1428514
0.14687464
0.15080474
0.15457621
0.15808779
0.16118977
0.16368006
0.16520824
0.16506448
0.16267835
0.15931913
0.15707789
0.15550396
0.15419288
0.15303549
0.1520548
0.15123873
0.15059208
0.15009265
0.14975087
0.14953682
0.069328201
0.082693639
0.095299262
0.10559294
0.11355485
0.11981719
0.12502629
0.12963601
0.13392716
0.1380609
0.14211929
0.14612644
0.15005982
0.15385644
0.1574161
0.16059227
0.16318762
0.1648555
0.16491766
0.16278658
0.15947277
0.15718257
0.15560753
0.15430236
0.15314569
0.15215878
0.15133343
0.15067768
0.15017042
0.14982231
0.14960447
0.071767177
0.083968017
0.095563262
0.10532059
0.11300599
0.11913842
0.12428304
0.12885456
0.1331195
0.13723517
0.14128446
0.14529385
0.14924401
0.15307484
0.15668849
0.15994285
0.1626447
0.16444687
0.16471917
0.1628521
0.1596256
0.15728157
0.15570646
0.15441089
0.15325755
0.15226595
0.15143179
0.15076722
0.15025221
0.14989771
0.1496759
0.074365615
0.08533869
0.095742936
0.10476474
0.11211371
0.1181266
0.12324505
0.127824
0.13210765
0.13624552
0.14031927
0.14435755
0.14834397
0.15222241
0.15589861
0.15923562
0.16204209
0.16397943
0.16450382
0.16288838
0.15976541
0.15737033
0.15580019
0.15451707
0.15337035
0.1523755
0.15153378
0.15086077
0.15033797
0.14997715
0.14975134
0.076660877
0.086411834
0.095623898
0.10382618
0.11080002
0.11671058
0.12184838
0.12649099
0.13084959
0.13506003
0.13920016
0.14330062
0.14734802
0.15129104
0.15504043
0.15846434
0.16137238
0.16344376
0.16420245
0.1628864
0.15987052
0.1574519
0.15588708
0.15462093
0.15348199
0.1524867
0.15163872
0.15095783
0.15042774
0.15006071
0.1498308
0.078104249
0.086666799
0.094986191
0.1024895
0.10910945
0.1149202
0.12010218
0.12485138
0.12933468
0.13366637
0.13791578
0.14211326
0.14624873
0.15027555
0.15411012
0.15762652
0.16063938
0.16285951
0.1638545
0.1628475
0.1599625
0.15751895
0.15596439
0.15471855
0.15359489
0.15259998
0.15174685
0.15105886
0.15052142
0.15014839
0.14991436
0.07862266
0.086264922
0.093685553
0.10065108
0.10701374
0.1127778
0.11804156
0.12293527
0.12758338
0.13207647
0.13647221
0.14079842
0.14504713
0.1491762
0.153108
0.15672382
0.15984743
0.16221384
0.16342484
0.16273223
0.16005783
0.15757392
0.1560337
0.15481322
0.15370088
0.15271134
0.15185659
0.15116241
0.15061882
0.15024025
0.15000224
0.078266177
0.085103395
0.091884691
0.098445374
0.10462549
0.11038229
0.11575255
0.12081344
0.12564998
0.13032946
0.13489645
0.13937416
0.14375517
0.14800087
0.15203972
0.15576088
0.15899958
0.1615118
0.1629278
0.1625227
0.1601341
0.15763119
0.15609036
0.15489685
0.15380917
0.15282574
0.15196864
0.15126985
0.15071999
0.15033607
0.15009436
0.077157834
0.08337437
0.089711524
0.095985839
0.10205622
0.10784551
0.11334194
0.11857969
0.1236123
0.1284866
0.13323471
0.13787402
0.14239658
0.14676632
0.15091707
0.15474622
0.15810145
0.16076008
0.16238499
0.16227512
0.16013673
0.15763989
0.15613439
0.15497675
0.15390739
0.15293305
0.15208071
0.15137822
0.1508241
0.150436
0.15019083
0.075491108
0.081258201
0.087264773
0.093355778
0.099387332
0.10525251
0.1108977
0.11632131
0.12155184
0.1266191
0.13154581
0.13634442
0.1410063
0.14549805
0.14975838
0.15369262
0.15716132
0.15996206
0.16179071
0.16201582
0.16010982
0.15762742
0.1561521
0.15503759
0.15399619
0.15304227
0.15219252
0.15148994
0.15093182
0.1505394
0.15029118
0.073550431
0.078951273
0.084697926
0.090656874
0.096687499
0.10265884
0.10847805
0.11410503
0.11953955
0.12479621
0.12989244
0.13483859
0.13962745
0.14422926
0.14858816
0.15261735
0.15618943
0.15911854
0.16112566
0.16168435
0.16004245
0.15761483
0.15616703
0.15509053
0.15409385
0.15314524
0.15230453
0.15160106
0.15104106
0.15064664
0.15039575
0.071613529
0.07669939
0.082208886
0.088038943
0.094063511
0.10014
0.10614303
0.11198653
0.1176323
0.12307745
0.12833319
0.13341028
0.13830618
0.14299747
0.14743554
0.15154204
0.15520042
0.1582395
0.16039872
0.16119971
0.15994071
0.15761963
0.1561636
0.15511564
0.15414944
0.15323532
0.15240921
0.15171316
0.15115366
0.15075646
0.15050357
0.07004116
0.074842266
0.080114228
0.085783521
0.091747522
0.097870637
0.10400986
0.11004326
0.11589011
0.12151583
0.12691849
0.1321074
0.13708601
0.14184012
0.14633107
0.15049082
0.15421398
0.15734433
0.1596427
0.16068875
0.1597913
0.15761444
0.15615661
0.15511032
0.15420013
0.15333287
0.15251837
0.15182476
0.15126584
0.15086937
0.15061513
0.069162743
0.073707193
0.078732952
0.084196647
0.090024427
0.096101303
0.10228382
0.10842685
0.11441536
0.12018201
0.12570144
0.13097373
0.13600493
0.1407902
0.14530273
0.1494867
0.15324925
0.1564488
0.15886801
0.16013695
0.1596008
0.15758305
0.15611246
0.15511093
0.15426743
0.15340508
0.15260929
0.15193179
0.15138049
0.15098386
0.15072895
0.069155413
0.073467463
0.078254725
0.083490862
0.089122093
0.09505654
0.10116391
0.10729947
0.11333212
0.11916434
0.12474238
0.13005089
0.1350935
0.13987218
0.14437148
0.14854774
0.1523214
0.15556523
0.15808191
0.15954013
0.15928794
0.15749186
0.15606057
0.15511393
0.15428216
0.15346051
0.15270624
0.15204
0.15149283
0.15109969
0.15084548
0.070128614
0.074127482
0.078634519
0.083627964
0.089045626
0.094780363
0.10072159
0.10674078
0.1127112
0.11851308
0.12407166
0.12935505
0.13436056
0.13909219
0.14354345
0.14768196
0.1514397
0.15470338
0.1572953
0.15892053
0.15900204
0.15741342
0.15601023
0.15508603
0.15428145
0.1535223
0.15278837
0.15213698
0.1516053
0.15121659
0.15096329
0.072505794
0.076092413
0.080144826
0.084680649
0.08969272
0.095123213
0.10084192
0.10668776
0.11250227
0.11818249
0.12364116
0.12884223
0.13377005
0.13842468
0.14280287
0.14688092
0.15060201
0.15386567
0.15651221
0.15827948
0.15865183
0.15728061
0.15587033
0.15501555
0.15428238
0.15354796
0.15284485
0.15223394
0.15171385
0.15133123
0.15108144
0.07573443
0.078996253
0.082680671
0.086801192
0.091342742
0.096272881
0.10152658
0.1070004
0.11256606
0.11805064
0.12336323
0.12844247
0.13326392
0.13782338
0.14211563
0.14612179
0.14979461
0.15304515
0.15573031
0.15761514
0.15824567
0.15711033
0.15576533
0.15496876
0.15425652
0.15355582
0.15292815
0.15231989
0.15181901
0.15144748
0.15120041
0.079130609
0.08206828
0.085391533
0.089120372
0.093252345
0.09776222
0.10259356
0.10765878
0.11284453
0.11804079
0.1231431
0.1280631
0.13276149
0.13722121
0.14143108
0.14537054
0.14899647
0.15223034
0.15494425
0.15692739
0.15778554
0.15693045
0.15564769
0.15484651
0.15416748
0.15356342
0.15296968
0.15239203
0.15191862
0.15155598
0.1513155
0.082248615
0.084889296
0.087877341
0.09123567
0.09496993
0.099067324
0.10348856
0.10816588
0.11300577
0.11792843
0.1228116
0.12757593
0.13216544
0.13654597
0.14069561
0.14458842
0.14818257
0.15140753
0.154149
0.15622123
0.15728317
0.15672275
0.15548108
0.15473082
0.15412976
0.15355449
0.15297356
0.15246588
0.15201157
0.15166652
0.15143175
0.08469409
0.087075341
0.089771027
0.092805403
0.096190903
0.099924792
0.10398229
0.1083146
0.11287702
0.1175605
0.12226077
0.12690514
0.1314204
0.13575611
0.13987729
0.14375154
0.14733623
0.15056633
0.15333997
0.15549658
0.15673875
0.15646756
0.1553121
0.15461758
0.15405913
0.15350071
0.15298674
0.15251366
0.15209498
0.15176529
0.15153861
0.086400576
0.088561354
0.091009266
0.093768631
0.096857296
0.1002807
0.10403039
0.1080992
0.11240516
0.11688125
0.121447
0.12601244
0.1304953
0.13482853
0.13896109
0.14285071
0.1464518
0.14970387
0.15251699
0.15475299
0.15615216
0.15617411
0.1551442
0.1544605
0.15394953
0.1534607
0.15298591
0.15254711
0.15216888
0.15186142
0.15164595
0.087501078
0.089480089
0.091726618
0.094263735
0.097114466
0.10029176
0.10379737
0.10759957
0.11167697
0.11597317
0.12041961
0.12492862
0.12940815
0.13377318
0.13795316
0.14189156
0.14553532
0.14882614
0.15168587
0.15399607
0.15553702
0.15584955
0.15496765
0.1542967
0.15383202
0.15339863
0.1529665
0.15258891
0.15223657
0.15194962
0.1517404
0.088328568
0.09016413
0.092250011
0.094608786
0.09726349
0.10022791
0.10350049
0.10708463
0.11096308
0.11509725
0.11942645
0.12386833
0.128329
0.132714
0.13693786
0.14092756
0.14462066
0.14795657
0.15086331
0.15324004
0.15490614
0.15548576
0.15477965
0.15414053
0.15370645
0.15331471
0.15294698
0.15260576
0.15228431
0.1520226
0.15183078
0.089313502
0.091014012
0.092949177
0.095144036
0.097625119
0.10041304
0.10352139
0.10693175
0.11062632
0.11458153
0.11875557
0.12308039
0.12746812
0.13182083
0.13604365
0.14005133
0.14377055
0.14713515
0.15007583
0.1525044
0.15427485
0.15508372
0.15457899
0.15398209
0.15359176
0.15325047
0.15292811
0.15260586
0.15232365
0.15209354
0.15190776
0.090932222
0.092500538
0.094280967
0.096296103
0.098568741
0.10112527
0.10399293
0.10719156
0.11070607
0.11449132
0.11848972
0.12265305
0.12691222
0.13117296
0.13533659
0.1393137
0.1430235
0.14638989
0.14934286
0.15180392
0.15365549
0.15464971
0.15436007
0.1538156
0.15347506
0.15316468
0.15287162
0.15260164
0.15236208
0.15214407
0.15197573
0.093032331
0.094487328
0.096139518
0.098009482
0.10011813
0.10248458
0.10512378
0.10804865
0.11127068
0.11479003
0.11858262
0.12257182
0.1266604
0.13077006
0.13481882
0.13871273
0.14236925
0.14571014
0.14865732
0.15113505
0.1530484
0.15418882
0.15412036
0.15363791
0.15335205
0.15309062
0.15283008
0.15259348
0.15236575
0.15218111
0.15202481
0.095035998
0.096389613
0.097926193
0.099668185
0.10163674
0.10385085
0.10632619
0.10907396
0.11209701
0.11538611
0.1189162
0.12265538
0.12654511
0.13049311
0.13440998
0.13819997
0.14177526
0.14506368
0.14799125
0.15047887
0.15244151
0.15370328
0.1538591
0.15345424
0.15321639
0.15301951
0.15280025
0.15256713
0.15235937
0.15220872
0.15206504
0.096689025
0.097950729
0.099383621
0.10100776
0.10284364
0.10491102
0.10722709
0.10980446
0.11264815
0.11575233
0.11909727
0.12264913
0.12636905
0.13016611
0.13395793
0.13765511
0.14116678
0.14441073
0.14731743
0.14981489
0.15182228
0.15319202
0.15356754
0.15325848
0.15307069
0.15291766
0.15272969
0.15252139
0.15235241
0.15220844
0.15207639
0.098038215
0.09921086
0.10054329
0.10205436
0.10376401
0.10569187
0.10785637
0.11027265
0.11294982
0.11588616
0.11906932
0.12247138
0.1260292
0.12969589
0.1333888
0.13701686
0.14048823
0.14371597
0.14662252
0.1491393
0.15119406
0.15266524
0.15324717
0.15304756
0.15290967
0.15279561
0.15265009
0.15249081
0.15233576
0.15219894
0.15207604
0.099302773
0.10039459
0.10163468
0.10304078
0.10463184
0.106427
0.10844484
0.11070167
0.11320924
0.11597183
0.11897784
0.12220333
0.12561572
0.12915988
0.13276112
0.13633066
0.13977361
0.14299807
0.14591967
0.14846731
0.15057278
0.15214019
0.1529129
0.15282799
0.15273272
0.15264496
0.15253698
0.15241992
0.15228427
0.15217208
0.1520631
0.10069439
0.10171192
0.10286642
0.10417449
0.10565359
0.10732173
0.10919661
0.11129462
0.11362898
0.11620751
0.11903398
0.12208661
0.12533253
0.12872856
0.13220997
0.13569521
0.13909139
0.14230165
0.14523738
0.14781939
0.14997608
0.15163791
0.15258822
0.15262288
0.15254467
0.15249095
0.15242206
0.15232901
0.15222576
0.15214203
0.15204167
0.10212827
0.10308126
0.10416161
0.10538434
0.10676558
0.10832209
0.11007088
0.11202806
0.11420677
0.1166154
0.11925529
0.12212609
0.12520187
0.12843898
0.1317813
0.13515594
0.13847661
0.14165205
0.14458824
0.14719653
0.14940498
0.15115507
0.15227467
0.15244811
0.1523433
0.15230053
0.15225853
0.15220009
0.1521357
0.15207497
0.15198451
0.10341295
0.10430518
0.10531644
0.10646118
0.10775493
0.1092139
0.11085442
0.11269206
0.11474034
0.11700883
0.11950108
0.1222123
0.12512627
0.12821142
0.13141842
0.13468093
0.13791813
0.14104101
0.14395954
0.14658517
0.14884067
0.15067056
0.15193494
0.15229692
0.15219336
0.15214144
0.1521118
0.1520819
0.15204903
0.15200458
0.15193222
0.10457523
0.10541107
0.10635852
0.10743116
0.10864371
0.11001159
0.11155052
0.11327589
0.11520153
0.11733815
0.11969138
0.12225932
0.1250295
0.12797587
0.13105631
0.13421181
0.137368
0.14043705
0.14333016
0.14596139
0.14825198
0.15014327
0.15153881
0.15210072
0.15203968
0.15198348
0.15195941
0.15194142
0.15192361
0.15189603
0.15183759
0.10571553
0.1064985
0.10738566
0.1083898
0.10952474
0.11080513
0.11224607
0.1138626
0.11566867
0.11767584
0.11989151
0.12231667
0.12494308
0.12775023
0.13070265
0.13374825
0.1368186
0.13983201
0.14269829
0.14533058
0.14765118
0.14959807
0.15110595
0.15186245
0.15189149
0.15184417
0.15183163
0.15182298
0.15181719
0.15180544
0.15175718
0.10682817
0.10756189
0.10839296
0.10933336
0.11039608
0.11159494
0.11294432
0.11445872
0.11615192
0.11803584
0.12011904
0.12240465
0.1248879
0.12755364
0.13037319
0.13330161
0.13627737
0.13922424
0.14205595
0.14468433
0.1470282
0.14902268
0.15061928
0.15157374
0.15173559
0.15171496
0.15169309
0.15168174
0.15167703
0.15167091
0.15162788
0.10787286
0.10856195
0.10934226
0.11022504
0.11122249
0.11234769
0.11361432
0.1150363
0.11662714
0.11839894
0.12036107
0.12251846
0.12486921
0.12740153
0.13009216
0.132903
0.13577981
0.1386529
0.14144053
0.14405628
0.14641761
0.14845696
0.15013448
0.15125312
0.15155262
0.1515838
0.15158839
0.1515846
0.15157658
0.15156919
0.15152558
0.10888617
0.1095324
0.1102641
0.11109182
0.11202709
0.11308227
0.11427042
0.11560494
0.11709905
0.11876497
0.12061271
0.12264865
0.12487347
0.12727876
0.12984552
0.13254145
0.13531898
0.13811496
0.14085306
0.14344937
0.14582136
0.14789868
0.14963861
0.15090237
0.1513432
0.151391
0.1514051
0.15141228
0.15141365
0.15141072
0.15136972
0.10982142
0.11042921
0.11111729
0.11189561
0.11277503
0.11376727
0.11488477
0.11614037
0.11754696
0.11911665
0.12085979
0.12278365
0.12489053
0.12717637
0.1296261
0.13221272
0.13489473
0.13761528
0.1403035
0.14287973
0.1452621
0.14737739
0.14918189
0.15058712
0.15116665
0.15122767
0.15124791
0.15126523
0.15128132
0.15128739
0.15125337
0.11075313
0.11132214
0.11196635
0.1126951
0.11351865
0.11444809
0.11549524
0.11667247
0.11799227
0.11946669
0.1211064
0.12291958
0.12491027
0.12707646
0.12940747
0.13188133
0.13446246
0.13710048
0.1397308
0.14227741
0.14465932
0.14680243
0.14865784
0.15017517
0.15095965
0.15106214
0.15107
0.15108519
0.15110272
0.15111074
0.15107931
0.11158598
0.11212131
0.11272736
0.11341296
0.11418779
0.11506236
0.11604794
0.11715637
0.11839973
0.11978988
0.12133763
0.12305178
0.12493766
0.12699523
0.12921699
0.13158532
0.13407011
0.13662712
0.13919762
0.14171035
0.14408789
0.14625678
0.14816489
0.1497881
0.1507311
0.15092405
0.15095127
0.15096945
0.15098479
0.15099166
0.15095958
0.11249451
0.11299345
0.11355844
0.11419777
0.11492059
0.11573684
0.11665724
0.11769313
0.11885623
0.12015819
0.12160992
0.12322076
0.12499717
0.12694117
0.12904804
0.13130419
0.13368461
0.13615085
0.13865021
0.14111683
0.14347654
0.14565594
0.14759897
0.14928643
0.15044037
0.15074899
0.15077204
0.15078693
0.15080174
0.15080841
0.15077698
0.11323582
0.11370572
0.11423788
0.11484015
0.1155212
0.1162905
0.11715829
0.11813543
0.11923328
0.12046322
0.12183616
0.12336174
0.12504719
0.1268958
0.12890517
0.1310649
0.13335428
0.13574057
0.13817662
0.14060187
0.1429471
0.14514154
0.1471271
0.1488854
0.15019557
0.15059796
0.15065142
0.15066913
0.1506851
0.15069274
0.15066351
0.11416549
0.11459984
0.11509197
0.11564923
0.11627977
0.11699254
0.11779726
0.11870433
0.1197247
0.12086954
0.12214978
0.12357546
0.12515471
0.12689249
0.12878985
0.1308393
0.13302214
0.13530972
0.13766319
0.14002809
0.14233845
0.14452485
0.14652721
0.14831583
0.14978466
0.15041215
0.15046772
0.15048242
0.15049633
0.15050261
0.15047385
0.11480215
0.11521223
0.11567697
0.11620336
0.11679919
0.11747299
0.11823411
0.11909259
0.12005906
0.12114451
0.12235989
0.12371551
0.1252202
0.12687739
0.12868571
0.13064625
0.13274618
0.13495972
0.13725048
0.13957181
0.14186354
0.14405715
0.14608865
0.14792793
0.14951316
0.1502384
0.15036221
0.1503791
0.1503919
0.15039679
0.15036799
0.11582012
0.11619483
0.11661975
0.11710133
0.11764679
0.11826414
0.11896214
0.11975031
0.12063879
0.1216382
0.12275927
0.12401234
0.12540654
0.1269506
0.12865015
0.13049842
0.13248366
0.13458731
0.1367786
0.13901517
0.14124294
0.14340194
0.14543373
0.1472985
0.14898486
0.15001809
0.15017792
0.15019433
0.15020366
0.15020539
0.15017588
0.11632367
0.11668106
0.11708629
0.11754557
0.11806581
0.11865464
0.11932045
0.12007233
0.12091996
0.12187349
0.12294308
0.12413844
0.12546812
0.12693837
0.12855329
0.13031871
0.13223373
0.13428039
0.13643146
0.13864719
0.14087352
0.14304215
0.14508606
0.14697195
0.14869825
0.14979718
0.15009007
0.15010972
0.15011638
0.15011594
0.15008576
0.11764858
0.11796549
0.1183249
0.11873232
0.11919398
0.1197168
0.12030843
0.12097725
0.12173233
0.12258328
0.12354031
0.12461406
0.12581523
0.12715444
0.12864104
0.13027367
0.13204528
0.13394481
0.13595222
0.13803616
0.14015355
0.14224936
0.14426615
0.14616325
0.14793968
0.14936629
0.14983016
0.14987152
0.14987423
0.14986896
0.14983763
0.094754187
0.097172251
0.099274597
0.10100867
0.10258079
0.10396094
0.10518437
0.10628327
0.10728594
0.10810696
0.10865087
0.10879758
0.10857236
0.10785478
0.10663075
0.10491938
0.10278047
0.10031937
0.097650434
0.094944148
0.092469888
0.090476774
0.089094558
0.088385288
0.088256913
0.088424158
0.088411277
0.087894082
0.086594606
0.084488351
0.081604947
0.078200025
0.07497177
0.072539434
0.071287613
0.071183354
0.072000263
0.073589992
0.074402686
0.07444137
0.074070346
0.073889499
0.074105193
0.074900226
0.076076034
0.077126973
0.078283421
0.079607686
0.081117858
0.082691661
0.084394118
0.086074236
0.087916077
0.089614244
0.09152249
0.093180978
0.095182014
0.096730091
0.098827688
0.10016037
0.10239829
0.10335072
0.10600249
0.06241918
0.066916967
0.071323882
0.075499727
0.079252405
0.082553228
0.08559225
0.088329728
0.090722828
0.092757183
0.094379832
0.095529663
0.096108442
0.096023515
0.09543793
0.094116654
0.092293982
0.090065764
0.087578564
0.085092133
0.082947543
0.081380213
0.080514433
0.080399141
0.080852633
0.081663294
0.082250368
0.082253105
0.081546369
0.079944518
0.077529153
0.07457602
0.071814572
0.06979299
0.068812047
0.068852077
0.069868077
0.071534411
0.072515221
0.0728578
0.07291401
0.073070039
0.073505477
0.074509297
0.075811991
0.077062193
0.078433624
0.079935479
0.081566177
0.083226996
0.084991808
0.086716278
0.088573371
0.090281052
0.092174196
0.093822244
0.095790061
0.097318522
0.099375742
0.10068856
0.1028831
0.10382355
0.10643119
0.030557588
0.033968693
0.037747357
0.042300318
0.047225192
0.052107285
0.056955359
0.061605289
0.066009343
0.070055909
0.073620794
0.076572595
0.078751359
0.080069316
0.080470307
0.080129979
0.07908019
0.07744719
0.075500852
0.073598063
0.072102823
0.0712101
0.071075134
0.071633856
0.0728832
0.074345358
0.075614866
0.076285267
0.07616741
0.075209999
0.07334902
0.070918608
0.068666875
0.06706736
0.06635571
0.066549585
0.067793114
0.069532169
0.070713553
0.071412942
0.071901861
0.072391849
0.073074344
0.074279674
0.075716065
0.07715556
0.078722811
0.080377933
0.082109278
0.083841758
0.085654237
0.08741095
0.089273969
0.09098409
0.092856929
0.094490147
0.096421949
0.097927846
0.099942479
0.10123366
0.10338274
0.10431028
0.1068696
0.012225612
0.014785891
0.0174293
0.020423081
0.023790283
0.027567511
0.031971817
0.036635281
0.041444391
0.046249963
0.050877585
0.055111567
0.058687778
0.061398659
0.063132819
0.063932888
0.063850893
0.063225278
0.062140462
0.061128368
0.060467527
0.060423393
0.06106241
0.062493933
0.064462354
0.066628608
0.06863328
0.070053678
0.070626644
0.070310772
0.069130046
0.067286337
0.065575424
0.064405176
0.063968108
0.064349771
0.065831321
0.067643038
0.069053194
0.070142969
0.071063359
0.071884244
0.072827693
0.074225683
0.075796606
0.077408241
0.07914589
0.080928281
0.082740319
0.084529251
0.086375729
0.088153601
0.090014153
0.091720084
0.093568088
0.095182258
0.09707551
0.09855603
0.10052597
0.10179372
0.10389534
0.10480885
0.10731794
0.0076379863
0.0087834842
0.010039736
0.011498043
0.013176704
0.015127434
0.017469183
0.020313401
0.023755479
0.027531391
0.031590259
0.035701586
0.039605929
0.042987196
0.045606336
0.047376166
0.048284711
0.048614673
0.048529669
0.048467225
0.048673279
0.049483052
0.051013732
0.053192455
0.055833548
0.058711619
0.061468385
0.063673662
0.065026018
0.065393239
0.064926167
0.063744873
0.06259733
0.061861274
0.061712209
0.062339042
0.064046075
0.065931549
0.067591398
0.069084333
0.070424514
0.071570426
0.072777107
0.074356746
0.076054726
0.077815724
0.079695363
0.081578776
0.083452221
0.085282984
0.08715105
0.088939891
0.090790448
0.092486036
0.094305265
0.095896404
0.097748762
0.099201301
0.10112459
0.10236711
0.10441945
0.10531766
0.10777472
0.0077821521
0.0075260707
0.0074780944
0.0075908428
0.0078377127
0.0082565176
0.0089321678
0.0099928979
0.011641116
0.013936466
0.016866785
0.020204359
0.023706893
0.027062174
0.029973675
0.032267201
0.033860596
0.034925989
0.035629209
0.036331226
0.037331327
0.038940229
0.04119034
0.044013357
0.047273014
0.050820053
0.054310187
0.057303604
0.059455539
0.060605551
0.060815377
0.060363732
0.059796926
0.059497457
0.059661176
0.060618625
0.062502455
0.064468186
0.066384077
0.068269109
0.070006559
0.071467746
0.07292734
0.074673125
0.076484592
0.078368897
0.080361707
0.082321216
0.084237897
0.086096715
0.087975207
0.089765681
0.091599607
0.093279188
0.095066075
0.096630545
0.098439823
0.099862034
0.10173685
0.10295248
0.10495384
0.10583549
0.10823883
0.008635091
0.0078840251
0.0072102108
0.0066143367
0.0060163523
0.0053504917
0.004568923
0.0037363995
0.0032553256
0.0038771925
0.0058443214
0.0085682701
0.011588795
0.01467056
0.017495905
0.019892599
0.02168844
0.023035494
0.024123344
0.025278211
0.02685256
0.029059095
0.031887697
0.035256525
0.039054415
0.043194061
0.047361204
0.051111873
0.054058115
0.055991408
0.056930395
0.057192733
0.057232856
0.057383798
0.057928734
0.059266063
0.061267343
0.063322443
0.065481068
0.067726507
0.069827188
0.071584499
0.073276894
0.075167074
0.077075238
0.079056137
0.081134339
0.083147241
0.085090331
0.086964466
0.088843372
0.090627001
0.092438505
0.094096874
0.095848132
0.097382694
0.099146877
0.10053668
0.10236139
0.1035486
0.10549745
0.10636128
0.1087094
0.0093590718
0.0087460985
0.0082213046
0.0077664519
0.007337466
0.0068734002
0.0063039015
0.0055788606
0.0047319888
0.0038864968
0.0036119825
0.0044113795
0.0060211782
0.0079499162
0.0097877942
0.011498043
0.012711434
0.013590317
0.014422588
0.015574269
0.017437408
0.020094978
0.023410763
0.027235216
0.031464557
0.03608235
0.040827842
0.045265238
0.048967713
0.051656678
0.053333089
0.054325234
0.054969187
0.055620345
0.056620947
0.058313991
0.060415694
0.062554409
0.064920966
0.067478539
0.069895704
0.071922043
0.073817796
0.075825662
0.077812443
0.079864572
0.082002337
0.084048484
0.086002612
0.087880512
0.089750868
0.091520047
0.093303967
0.094936441
0.096649067
0.098150863
0.099868145
0.10122371
0.1029969
0.1041543
0.10604934
0.1068942
0.10918578
0.0099024456
0.0096967497
0.0096125112
0.0096263286
0.0097059592
0.0098095565
0.0098956471
0.0099319887
0.0099116599
0.0098336531
0.0097584904
0.0097593831
0.0098242409
0.0099993138
0.010097538
0.0099539839
0.0093416573
0.0083538588
0.0074722845
0.0075453593
0.009274785
0.012335923
0.016103549
0.020288643
0.024801438
0.029733203
0.034912606
0.039925885
0.044307742
0.04771809
0.050135414
0.051828301
0.053094698
0.054299557
0.055783667
0.057802681
0.060003434
0.062204378
0.06472544
0.067533317
0.07021403
0.072472882
0.074537154
0.076634122
0.078680194
0.08078081
0.082954991
0.085016588
0.086967921
0.08883936
0.09069312
0.092441083
0.094192793
0.095795215
0.097466515
0.098933047
0.10060186
0.10192162
0.10364211
0.10476849
0.10660862
0.10743353
0.10966739
0.010283009
0.01055251
0.010924695
0.011382359
0.011897615
0.012443835
0.012991615
0.013518491
0.014008812
0.014425984
0.014759525
0.014996722
0.015044102
0.014797219
0.014218025
0.013290601
0.011713871
0.0094698799
0.0065564138
0.0032426502
0.0026148231
0.006260245
0.010465528
0.014819254
0.019375969
0.024392847
0.029811466
0.035249862
0.040203124
0.044279411
0.047410333
0.049783819
0.051691955
0.053479605
0.055442578
0.05774342
0.060032588
0.062274349
0.064896024
0.067884141
0.070778953
0.073222351
0.075418708
0.077577061
0.079662284
0.081791476
0.083981972
0.086043257
0.087979583
0.08983569
0.091665607
0.093386377
0.095101767
0.096670485
0.098298098
0.099727221
0.10134626
0.10262889
0.10429576
0.1053901
0.10717447
0.10797861
0.11015375
0.010443079
0.01115631
0.011918276
0.012725817
0.01356689
0.014430797
0.015302693
0.016167175
0.017003168
0.017768734
0.018413783
0.018919685
0.019160133
0.019038868
0.018450805
0.017354932
0.015559264
0.013009334
0.0097919222
0.0060340344
0.002439334
0.00332766
0.0072366636
0.011302424
0.015521333
0.020304779
0.025716299
0.031388948
0.036777964
0.041437435
0.045228728
0.048267402
0.050821982
0.053189683
0.055595163
0.05812974
0.060493786
0.062750569
0.065416227
0.068519807
0.071570244
0.074152372
0.07644464
0.078638456
0.080743185
0.082883602
0.085073246
0.087120321
0.089031201
0.090864253
0.092663839
0.094352186
0.096027652
0.09755951
0.099141421
0.10053133
0.10209956
0.10334402
0.1049566
0.10601811
0.10774609
0.10852879
0.11064441
0.010395933
0.011447796
0.012490249
0.013537608
0.014597877
0.015673326
0.016759217
0.017844258
0.018906205
0.019901476
0.020766832
0.021477427
0.021874086
0.021927864
0.021419601
0.020324925
0.018489606
0.015894589
0.012650178
0.0089895173
0.0057397871
0.0045843009
0.0066993092
0.0099337583
0.013495375
0.017706004
0.022811498
0.028491795
0.03415217
0.039285013
0.043668756
0.047340311
0.050517197
0.05342473
0.056215839
0.058929762
0.061345391
0.063594615
0.066254713
0.069412062
0.072564726
0.075242597
0.077596716
0.079802436
0.081908244
0.084044785
0.086219039
0.088239787
0.09011666
0.091919811
0.093683334
0.095334752
0.096967196
0.098459519
0.099994072
0.10134332
0.10285998
0.10406548
0.10562337
0.10665146
0.10832267
0.10908344
0.11113898
0.010199693
0.011427634
0.012613472
0.013783304
0.014955019
0.016139053
0.017336313
0.018537568
0.01972093
0.020845029
0.021843378
0.022671592
0.023139122
0.023282436
0.022844296
0.021764584
0.019880782
0.017220258
0.013920362
0.010311508
0.0073549945
0.0063096795
0.0077394224
0.01025349
0.013161574
0.016701409
0.021253994
0.026693748
0.032436157
0.037907317
0.04279349
0.047036628
0.050770727
0.05415848
0.057260716
0.060098159
0.062534838
0.064757387
0.067371827
0.070530631
0.073736675
0.076471862
0.078856929
0.081053615
0.083143704
0.085263243
0.087409889
0.089394001
0.091229947
0.092997072
0.094719624
0.096330303
0.097917136
0.099367723
0.10085363
0.10216108
0.10362572
0.10479173
0.10629484
0.10728908
0.10890346
0.10964196
0.11163708
0.00988075
0.011098393
0.012282034
0.013456989
0.014636131
0.015829814
0.017040026
0.018258987
0.019465486
0.020618783
0.021650934
0.022499242
0.022967423
0.023129916
0.022708305
0.021560035
0.019588145
0.016826533
0.013464945
0.010019624
0.0076642413
0.0075214553
0.0093502565
0.011728904
0.014236866
0.017167726
0.021085816
0.026086811
0.031713561
0.037365398
0.042636257
0.047345589
0.051563516
0.055344462
0.058675631
0.061584538
0.064009298
0.066186985
0.068725073
0.071843212
0.075059862
0.077818831
0.080207809
0.08237722
0.084436639
0.086527791
0.088636681
0.090575647
0.092365064
0.094090735
0.095768265
0.097335073
0.098874213
0.10028133
0.10171768
0.10298255
0.10439501
0.10552126
0.10696973
0.10792994
0.10948771
0.11020374
0.11213835
0.0094557309
0.010483297
0.01151964
0.012579685
0.013663423
0.01477275
0.015906125
0.017054475
0.018196294
0.01929204
0.02027979
0.021081185
0.021516707
0.021599764
0.021073675
0.019793002
0.0176706
0.014769696
0.011415664
0.0084924713
0.0074325922
0.0089427295
0.011562401
0.014111429
0.016452523
0.018943609
0.022241958
0.026683062
0.032010289
0.037671021
0.043174724
0.048256054
0.052855559
0.056921444
0.060404309
0.063337831
0.065719593
0.067833922
0.070272978
0.073318493
0.076508911
0.079262468
0.081632542
0.083759113
0.085774884
0.087827821
0.089890621
0.091777634
0.093516024
0.095195595
0.096824854
0.098345312
0.099835185
0.10119756
0.1025838
0.10380564
0.10516606
0.10625255
0.1076468
0.10857302
0.1100747
0.11076819
0.11264245
0.0089689823
0.0096441504
0.010397226
0.01122677
0.012112515
0.013041981
0.014004501
0.014986283
0.015964442
0.016900201
0.017734818
0.018370729
0.018667471
0.018609628
0.017909344
0.016451035
0.014156981
0.011167659
0.008136629
0.0066900177
0.0081956575
0.011473058
0.014723589
0.01742937
0.019666
0.021824828
0.024570584
0.028407583
0.033297107
0.038805734
0.044412245
0.04972825
0.054578051
0.058828859
0.062392689
0.0653096
0.067620862
0.069653451
0.071977118
0.074927393
0.07805932
0.080782491
0.08311506
0.085185783
0.087146952
0.089153255
0.09116323
0.092993072
0.094676885
0.096306573
0.097885057
0.099357315
0.10079685
0.10211365
0.10344961
0.1046283
0.10593711
0.1069841
0.10832481
0.10921733
0.11066365
0.11133473
0.11314903
0.0084059637
0.0086422034
0.0090164442
0.0095202395
0.010118492
0.010783831
0.011493302
0.012224928
0.012952244
0.013636121
0.014221144
0.01459741
0.014690492
0.014372327
0.013424156
0.011718836
0.0092035412
0.0062959248
0.0048550704
0.0071747789
0.011348816
0.01553313
0.019026371
0.021722087
0.023794339
0.025641019
0.027887948
0.031121384
0.035498276
0.04072625
0.046278849
0.051680627
0.056665166
0.061008819
0.064590241
0.067454807
0.069672349
0.071605708
0.07380269
0.076639758
0.079687402
0.082359637
0.084640052
0.086644338
0.088541983
0.090494521
0.092446348
0.094215264
0.095841822
0.097418721
0.098944629
0.10036744
0.10175606
0.10302689
0.10431278
0.1054485
0.10670643
0.10771444
0.10900254
0.10986189
0.1112538
0.11190277
0.11365772
0.0078267621
0.0076178648
0.0075666343
0.0076693876
0.0078992481
0.0082232931
0.0086075989
0.0090192888
0.0094240192
0.0097784517
0.010018397
0.010076282
0.0098485889
0.0091796028
0.0078719138
0.0057729857
0.0029196598
0.0023265411
0.0066753655
0.011771834
0.016733117
0.021059676
0.024453791
0.026948777
0.028752659
0.030249764
0.032019358
0.034660105
0.038473082
0.043310863
0.048678384
0.05403843
0.059048971
0.06340571
0.06694976
0.069731789
0.07183774
0.073656167
0.075717968
0.078424516
0.081370577
0.083975965
0.086192711
0.088122616
0.089949758
0.091842471
0.093732095
0.095437743
0.0970052
0.098527238
0.099999434
0.10137213
0.10270974
0.10393466
0.10517101
0.10626427
0.10747233
0.10844211
0.1096788
0.11050572
0.11184441
0.11247175
0.11416815
0.0072989955
0.0067672548
0.0063571082
0.0060700083
0.0059034092
0.0058450315
0.0058695186
0.0059423325
0.0060261352
0.0060692613
0.0060106253
0.0058010752
0.0054002289
0.0046553638
0.0035574333
0.0028921984
0.0047712797
0.008664925
0.013638355
0.018884339
0.023768441
0.027839245
0.030877145
0.032995561
0.034422547
0.035512393
0.036801663
0.0388577
0.042076638
0.046443272
0.051518764
0.056727038
0.061665303
0.065967632
0.069427825
0.072101519
0.074082604
0.075773244
0.077693365
0.080254752
0.083088122
0.085614908
0.087758818
0.089608956
0.091360564
0.09318851
0.095013017
0.09665426
0.098161565
0.099627496
0.10104549
0.10236795
0.10365493
0.10483437
0.1060221
0.1070737
0.10823316
0.10916572
0.11035241
0.11114789
0.11243474
0.11304114
0.11467995
0.0067841122
0.0062633212
0.0058375189
0.0054816896
0.0052037667
0.0050296707
0.0049755646
0.0050387278
0.0052121103
0.0054820167
0.0058417886
0.00627914
0.0068730278
0.0076601865
0.0088118147
0.010697046
0.013692104
0.017716259
0.022557806
0.027557287
0.032058411
0.035634842
0.038130014
0.039716919
0.040655926
0.041285291
0.042079181
0.043554394
0.046160347
0.049999714
0.054702967
0.05967084
0.064454616
0.068645459
0.071985688
0.074529018
0.076376053
0.07792851
0.079700557
0.082106876
0.084820222
0.087260904
0.089325677
0.091092843
0.092765129
0.094524235
0.096281958
0.097858921
0.099305766
0.10071506
0.10207895
0.10335159
0.10458876
0.10572356
0.1068639
0.10787494
0.10898735
0.10988391
0.11102226
0.11178747
0.11302407
0.1136104
0.11519272
0.006419422
0.0064164459
0.0064780432
0.0065996775
0.0067918516
0.0070848715
0.0075092883
0.0080797022
0.0087996654
0.0096816752
0.010734032
0.011982091
0.013477559
0.015277698
0.017517156
0.020307094
0.023786846
0.027998477
0.032710083
0.037348792
0.041272525
0.044175805
0.0459888
0.046933342
0.047286028
0.047400495
0.047694568
0.048597155
0.050578307
0.053855624
0.058133943
0.062797338
0.067364015
0.071395499
0.074589347
0.07698296
0.078688861
0.080095045
0.081712231
0.083958891
0.086548546
0.088899913
0.090881982
0.092564409
0.094154512
0.095841643
0.097532204
0.099046159
0.10043293
0.10178572
0.10309618
0.10431992
0.10550851
0.1065999
0.10769439
0.10866623
0.10973338
0.11059539
0.11168726
0.11242358
0.1136117
0.11417903
0.11570607
0.0071914135
0.0080335222
0.0088630251
0.009795373
0.010775732
0.011777709
0.012839451
0.014013858
0.015329098
0.01681016
0.018462351
0.020330715
0.022468605
0.024930546
0.027793752
0.031083805
0.034900042
0.039202974
0.043711834
0.047848379
0.051038683
0.053131026
0.054170842
0.054406999
0.054128973
0.053680621
0.053478702
0.053857791
0.055208674
0.057896728
0.061718693
0.06603621
0.070340765
0.074175885
0.077203856
0.079433257
0.080992867
0.082249162
0.083706145
0.085791619
0.088256697
0.09051859
0.092416658
0.094013856
0.095520458
0.097133651
0.098757614
0.10021065
0.10153842
0.10283552
0.10409377
0.10526997
0.10641164
0.10746116
0.10851164
0.10944592
0.11046982
0.11129893
0.11234639
0.11305537
0.11419695
0.11474655
0.11621959
0.013313687
0.014508197
0.015819534
0.017296149
0.018882628
0.020522183
0.022116203
0.023687955
0.025347366
0.027138841
0.029087551
0.03123303
0.033655123
0.036391166
0.03950808
0.042974736
0.04684421
0.051013703
0.055107446
0.058540024
0.060899447
0.062128864
0.062377214
0.061916014
0.060990604
0.059981751
0.059272334
0.059186831
0.059962636
0.06202231
0.065366741
0.069315965
0.073329655
0.0769444
0.079793608
0.081853365
0.083263884
0.084371952
0.085665229
0.08758847
0.089928941
0.092104127
0.093919044
0.095432086
0.096855593
0.098393888
0.099952516
0.1013474
0.10261793
0.10386079
0.10506853
0.106199
0.10729574
0.10830526
0.10931385
0.11021243
0.11119532
0.11199338
0.11299869
0.11368203
0.11477919
0.1153125
0.11673287
0.031675171
0.033462002
0.035115557
0.036442354
0.03746807
0.038407336
0.039476417
0.040598754
0.041706898
0.042921777
0.044314892
0.045902655
0.047833698
0.050129314
0.052858972
0.055938613
0.059350201
0.062964872
0.066323628
0.068875013
0.070363723
0.070766021
0.070326294
0.069188657
0.06769814
0.066164024
0.064965115
0.064427346
0.064733073
0.066164109
0.069000745
0.072573769
0.076282116
0.079662884
0.082326236
0.084218593
0.085479756
0.086444397
0.087573955
0.089335575
0.091552068
0.09364421
0.095379305
0.096810518
0.098152932
0.09961669
0.10111187
0.10245178
0.10366745
0.10485816
0.10601756
0.10710445
0.1081586
0.10913027
0.11009935
0.11096432
0.11190862
0.11267764
0.11364322
0.1143028
0.1153578
0.11587655
0.11724552
0.11236975
0.12124373
0.12970409
0.13745718
0.14414615
0.14955618
0.1537653
0.15697266
0.15938252
0.11275221
0.12175261
0.12997663
0.13741318
0.14377028
0.14893404
0.15297235
0.15606368
0.15840358
0.11350355
0.12241345
0.13024058
0.13728649
0.14332649
0.14825735
0.15213261
0.15511125
0.15737608
0.11414982
0.12286501
0.13038557
0.13709202
0.14284803
0.14755863
0.15127373
0.15413909
0.15632619
0.11479462
0.12326649
0.13050968
0.13690031
0.14237203
0.14685891
0.1504109
0.15316081
0.15526927
0.11545652
0.1236599
0.13062432
0.13670325
0.141893
0.14615438
0.14954011
0.15217379
0.15420225
0.11606903
0.12399118
0.13068893
0.13647782
0.14139098
0.1454284
0.14864959
0.15116767
0.15311742
0.11660951
0.12423754
0.13067179
0.1361908
0.14083763
0.14466166
0.14772421
0.15013065
0.15200418
0.11708418
0.12439709
0.13056638
0.13579815
0.1402006
0.14382968
0.14674596
0.14904862
0.15085076
0.11741972
0.12437336
0.13029001
0.13526423
0.13945236
0.14291008
0.14569679
0.14790609
0.14964327
0.1174543
0.12415356
0.12979023
0.1345581
0.13856715
0.14187878
0.14455542
0.14668468
0.14836504
0.11723958
0.12360468
0.1290396
0.13364707
0.13751637
0.14071337
0.1433025
0.14536671
0.14699899
0.11662666
0.12271795
0.12800662
0.13250118
0.13627588
0.1393941
0.14192063
0.14393634
0.14552967
0.11557114
0.12147456
0.12666782
0.13110431
0.13483389
0.13791175
0.14040166
0.14238621
0.14395213
0.11410929
0.11987015
0.12502463
0.12946174
0.13319615
0.1362723
0.13875415
0.14072766
0.1422813
0.11223505
0.11792251
0.12310421
0.12760117
0.13138949
0.13450175
0.13700359
0.13898639
0.14054266
0.11000751
0.11569421
0.1209671
0.1255789
0.1294651
0.1326463
0.13519136
0.13719914
0.13876808
0.10752281
0.11327636
0.11869887
0.12347449
0.12749569
0.1307715
0.13337658
0.13541953
0.13700681
0.10488769
0.11077363
0.11640179
0.12138583
0.12557329
0.12896327
0.13164033
0.13372558
0.13533539
0.10223133
0.10829711
0.11417995
0.11941282
0.12379288
0.12731178
0.13006823
0.13219943
0.13383398
0.099762231
0.1060015
0.11214611
0.11764564
0.12223391
0.12589097
0.12873037
0.13090798
0.13256659
0.097684068
0.10403754
0.11040143
0.11614983
0.12094273
0.12473735
0.12765824
0.12987964
0.13155916
0.096118745
0.10249219
0.10898899
0.11493018
0.11990031
0.12382068
0.12681794
0.12908073
0.13078027
0.095114545
0.10137134
0.10786034
0.11388905
0.11897852
0.12299968
0.12606468
0.12836674
0.13008612
0.094584929
0.10056228
0.10688036
0.11285641
0.11797087
0.12204663
0.1251633
0.12750258
0.12924471
0.094286096
0.099875927
0.10584872
0.11159799
0.11661715
0.12068149
0.12382075
0.12618788
0.12795197
0.093771793
0.098874418
0.10439236
0.10980585
0.11463771
0.11862983
0.12175903
0.12413888
0.12591902
0.09271843
0.097287469
0.10230056
0.10731986
0.11190518
0.11577718
0.11886609
0.12124329
0.123034
0.090915293
0.094970904
0.099487037
0.10409873
0.10840755
0.11212606
0.11514655
0.1175008
0.11928875
0.0883549
0.091941092
0.096000206
0.1002273
0.10426149
0.10781641
0.11075529
0.11307726
0.11485928
0.085071383
0.088262574
0.091942445
0.095855276
0.099672016
0.10310426
0.10599065
0.10830315
0.11009917
0.08130088
0.084166981
0.087541041
0.091215602
0.094891837
0.09827602
0.10117636
0.10353311
0.10538374
0.077715495
0.08030306
0.083411137
0.086878965
0.09044342
0.093815102
0.096776389
0.099231955
0.10119182
0.074978616
0.077358245
0.080263252
0.083571729
0.087056015
0.090441192
0.093494893
0.096089407
0.098203178
0.073536915
0.075814749
0.078625259
0.081869933
0.085342984
0.088779959
0.091939767
0.094671884
0.096929903
0.073345222
0.075591089
0.078372265
0.081597402
0.085066282
0.088517361
0.091710022
0.094488331
0.096795667
0.074040996
0.076211033
0.078922796
0.08209483
0.085525721
0.088947382
0.092120552
0.094894141
0.097213723
0.075543316
0.077600734
0.080165037
0.083154479
0.086391846
0.089650152
0.092703362
0.095395424
0.09766176
0.076186951
0.078038773
0.080381713
0.083174768
0.086271657
0.089425007
0.092400895
0.095035071
0.097254764
0.075988554
0.077591401
0.079640168
0.082097854
0.084845149
0.087697726
0.090441392
0.092913047
0.095033087
0.075202146
0.076375403
0.077915388
0.079822124
0.082023686
0.084384593
0.086739885
0.088948203
0.090919995
0.074719568
0.075603397
0.076791335
0.078300439
0.080089021
0.082057271
0.084075112
0.086021717
0.087810837
0.07477628
0.07552233
0.076542638
0.077858243
0.07943581
0.081186091
0.082992011
0.084747675
0.086376771
0.075402297
0.076011349
0.076900354
0.078103238
0.079588957
0.081261254
0.082992881
0.084667952
0.086211906
0.076464101
0.076954659
0.077693225
0.078722611
0.08003083
0.081540439
0.083149018
0.084748715
0.086251946
0.077335291
0.077644993
0.07816261
0.078952051
0.080036959
0.081386698
0.082889497
0.084427502
0.085903357
0.078289656
0.078395123
0.078647991
0.07912041
0.079849955
0.080816383
0.081987045
0.083274742
0.084588662
0.07944378
0.079378828
0.079405524
0.079598951
0.080041202
0.08075141
0.081659881
0.082711276
0.083835259
0.080835451
0.080650773
0.080512919
0.080492116
0.080663461
0.081094021
0.081801968
0.082707402
0.08370849
0.082323791
0.082053484
0.081794856
0.081613423
0.081590014
0.081794143
0.082251035
0.082939921
0.083798783
0.083962554
0.083627764
0.083273325
0.082955571
0.082750843
0.082735373
0.082958421
0.083423288
0.084085701
0.085597258
0.085218134
0.084795252
0.084375721
0.084028804
0.083831588
0.083845972
0.084097828
0.084569969
0.087420978
0.087024628
0.086570315
0.086097255
0.085666035
0.085347173
0.085202687
0.085268198
0.08554232
0.089108694
0.088704651
0.088233817
0.087729877
0.087247108
0.086850728
0.086600909
0.086537433
0.086669878
0.091028391
0.09063708
0.090177227
0.08967824
0.089188723
0.088767896
0.088471202
0.088336478
0.088375455
0.092695807
0.092316389
0.091867738
0.091376227
0.09088639
0.090453076
0.090128089
0.089947214
0.089922451
0.094724906
0.094373455
0.093956841
0.093498535
0.093038727
0.092627195
0.092310904
0.092122053
0.092071008
0.096290369
0.095958543
0.095564063
0.095128335
0.094688492
0.094291015
0.093980116
0.093785991
0.093718034
0.098421805
0.098122221
0.097766195
0.097373141
0.09697658
0.096618148
0.096337153
0.096160216
0.096095025
0.099772658
0.099493333
0.099160986
0.098793527
0.098422164
0.098085917
0.097821709
0.097654352
0.097590612
0.10204613
0.10179903
0.10150536
0.10118136
0.10085512
0.10056163
0.10033366
0.10019254
0.10014291
0.10301063
0.10277913
0.10250368
0.10219945
0.10189296
0.10161735
0.10140373
0.10127226
0.10122702
0.10570132
0.10550059
0.10526312
0.10500285
0.10474248
0.10451173
0.10433775
0.10423746
0.10421326
0.16146067
0.16350772
0.16551227
0.16755845
0.16977445
0.17210142
0.16041129
0.16238689
0.16432225
0.16630326
0.16847135
0.17075769
0.15931759
0.16123525
0.16312063
0.1650599
0.16720152
0.16945866
0.15820414
0.16006413
0.16190239
0.16380488
0.16592069
0.16814208
0.15708365
0.15888467
0.16067117
0.16252892
0.16460525
0.16679632
0.15595456
0.15769586
0.15942865
0.16123646
0.16326535
0.1654289
0.15480787
0.15649092
0.15817062
0.15992769
0.16190636
0.16404624
0.15363609
0.15526402
0.15689235
0.15860009
0.16052895
0.16264314
0.15242799
0.15400442
0.15558386
0.15724205
0.15911971
0.16121265
0.15117079
0.15270049
0.15423466
0.15584753
0.15767871
0.15974841
0.14984862
0.15133622
0.15282841
0.15439685
0.15618041
0.1582346
0.14844462
0.14989537
0.15134934
0.15287704
0.15462019
0.15675077
0.1469421
0.14835803
0.14977382
0.15125989
0.15297396
0.15533904
0.14533848
0.1467248
0.14810885
0.14956831
0.15129247
0.15389319
0.14365323
0.14502001
0.1463832
0.14782392
0.14953668
0.15203001
0.14191041
0.14326594
0.14461537
0.14604068
0.14773446
0.15015272
0.14013652
0.14148263
0.14281777
0.14422234
0.14588078
0.14828503
0.13837689
0.13971136
0.14102951
0.14241095
0.14404057
0.14644809
0.13670752
0.13802783
0.1393251
0.14067948
0.14227835
0.14471527
0.13520895
0.13651509
0.13779362
0.13912386
0.14069069
0.14301979
0.13394321
0.13523434
0.13649262
0.1377982
0.13933225
0.1416174
0.13293586
0.13421063
0.13544685
0.13672331
0.1382232
0.1405382
0.13216043
0.13342625
0.13464678
0.1359015
0.13737414
0.1397002
0.1314758
0.13274329
0.13395858
0.135201
0.13665372
0.13894283
0.13065408
0.13193925
0.13316342
0.13440427
0.13583929
0.13803813
0.1293888
0.13070689
0.13195511
0.13321041
0.13464226
0.13676252
0.12738399
0.12874084
0.13002311
0.13130669
0.13276629
0.13493681
0.12452573
0.12592484
0.12724907
0.12858015
0.13011125
0.13250919
0.1207957
0.12222633
0.12359053
0.12498064
0.12664132
0.12956175
0.11637783
0.11783722
0.11924824
0.12072466
0.12259252
0.12632968
0.11164328
0.11314194
0.11461833
0.11621459
0.11836199
0.12313558
0.10698069
0.10853627
0.11009801
0.11184376
0.11433631
0.12033342
0.10288862
0.10454351
0.1062361
0.10818448
0.11107361
0.11821646
0.10004143
0.10183492
0.10369377
0.10585321
0.10906234
0.11690072
0.098897615
0.10081735
0.10281577
0.10512834
0.10848144
0.11620968
0.098805579
0.10076455
0.10280374
0.10515637
0.10854833
0.11627449
0.099251561
0.10125948
0.10336954
0.10580707
0.10925842
0.11679606
0.099667122
0.10165752
0.10375064
0.10617128
0.10961618
0.11713691
0.09923081
0.10120522
0.10328318
0.10569748
0.10917081
0.11678895
0.096971232
0.09896531
0.10110819
0.10366604
0.10746878
0.11601097
0.092799276
0.094824854
0.097117312
0.10001371
0.10452786
0.11474561
0.089560352
0.09150507
0.093796622
0.096826812
0.10174676
0.11310802
0.087981838
0.089785521
0.091949496
0.09487876
0.099768278
0.11148745
0.087727365
0.089428869
0.091473316
0.09425166
0.098925765
0.11029492
0.087745208
0.089435476
0.091471258
0.09424316
0.098912211
0.11018687
0.087399152
0.089123362
0.091219861
0.09408896
0.098914647
0.11046604
0.085996023
0.087714489
0.089906782
0.09301587
0.098279468
0.11033143
0.085084487
0.086670264
0.088776992
0.091888765
0.097316784
0.10998314
0.084856424
0.086361868
0.088410539
0.091501573
0.096976758
0.10978145
0.084842472
0.08626662
0.088276719
0.091393465
0.0969754
0.10990815
0.084976385
0.086306068
0.088274125
0.091414149
0.097081538
0.11018044
0.085290108
0.08647338
0.088357549
0.091499444
0.097272833
0.1105287
0.086048307
0.087005912
0.088705598
0.091770447
0.097600965
0.11094143
0.087019404
0.08779217
0.089293843
0.092195139
0.097962649
0.11136218
0.088601086
0.089196855
0.09046712
0.093103947
0.098651452
0.11189245
0.090058815
0.090514608
0.091576473
0.093939924
0.099243798
0.11242234
0.092158065
0.092517433
0.093400629
0.095449961
0.10032744
0.11311074
0.093773442
0.094072269
0.094842423
0.096680883
0.10124132
0.11380361
0.096138
0.096395632
0.097067104
0.098686326
0.1028326
0.11481155
0.097627043
0.097866613
0.098498077
0.10003091
0.10401306
0.11581888
0.1001822
0.10040461
0.10097446
0.10234311
0.10596498
0.11718437
0.10126682
0.10148796
0.10205366
0.10341518
0.10705063
0.11832704
0.10426426
0.10448891
0.10502868
0.10629334
0.10962809
0.12029528
0.12876049
0.12968298
0.13067313
0.13195089
0.1342864
0.14378308
0.13382403
0.13474604
0.13576179
0.13708816
0.13947062
0.14717467
0.13934309
0.14028148
0.14134932
0.14275869
0.1452329
0.15189974
0.14524848
0.14620272
0.14728881
0.14867239
0.15089145
0.15600309
0.15143089
0.15241984
0.15355608
0.15499882
0.15725645
0.1621264
0.1577243
0.15874237
0.15989735
0.16130193
0.16328212
0.16671074
0.16391479
0.16496173
0.16614824
0.16759208
0.16968085
0.17427562
0.1698054
0.17088113
0.17209782
0.17357548
0.17569438
0.17988271
0.17526531
0.17640092
0.17768061
0.17921164
0.18129399
0.18448027
0.18003247
0.1812268
0.18255836
0.18411336
0.18610822
0.18853393
0.1838866
0.18514701
0.18654096
0.1881414
0.19008371
0.19178052
0.18663573
0.1879392
0.18934179
0.19090218
0.19271351
0.19402749
0.18807815
0.18953905
0.19110251
0.19280468
0.19464328
0.19528934
0.18809183
0.1895604
0.19111914
0.19280202
0.19460622
0.1953477
0.18760362
0.18907976
0.19063018
0.1922756
0.19396486
0.19434598
0.18625046
0.18778559
0.1893817
0.19109056
0.19289271
0.19321629
0.18410053
0.18571932
0.18737701
0.18911366
0.19090794
0.19126523
0.1814415
0.18313738
0.18484894
0.18661193
0.18840648
0.18890233
0.1784449
0.18022506
0.18201063
0.18384421
0.18571529
0.18632387
0.17528057
0.17712828
0.17896094
0.18082235
0.18272245
0.18361262
0.17211775
0.17404118
0.17594892
0.17789783
0.17991378
0.18093672
0.16900756
0.17097102
0.17289756
0.17484838
0.17688524
0.17829989
0.16615969
0.16819615
0.17019526
0.17222816
0.1743694
0.17586303
0.16318747
0.16525819
0.16729307
0.16936692
0.17158258
0.17347549
0.11732974
0.11860844
0.12062858
0.12273408
0.12461328
0.12608091
0.12709342
0.12773696
0.12813487
0.12645967
0.12708114
0.12819268
0.12946841
0.13067841
0.13166886
0.13238868
0.13288015
0.13322429
0.1353661
0.13527283
0.13557912
0.13615522
0.13683393
0.1374684
0.13799281
0.13840363
0.13873989
0.14389634
0.14318183
0.1428433
0.14284713
0.14308906
0.143449
0.14384694
0.14423603
0.14461232
0.15199438
0.15075125
0.1498732
0.14942081
0.14932976
0.14950357
0.14984439
0.15026902
0.15073094
0.15949018
0.15783093
0.1565324
0.15572754
0.15541177
0.15549207
0.15584568
0.15635822
0.15694283
0.16620952
0.16425
0.16266393
0.16162713
0.16118585
0.16125281
0.161679
0.16231726
0.16304479
0.17202625
0.16987292
0.1681222
0.166972
0.16649764
0.16661985
0.16716766
0.16796027
0.16884339
0.17668849
0.17450964
0.17273655
0.1715967
0.1711837
0.17142388
0.17213676
0.17311598
0.1741823
0.18054429
0.17833239
0.17650411
0.17539467
0.17509268
0.17549195
0.17639661
0.17757525
0.17882763
0.18249274
0.1803998
0.17884376
0.17802257
0.17797141
0.17859725
0.17973262
0.18112443
0.18256066
0.18244111
0.18064975
0.17948726
0.17904273
0.17938527
0.18041657
0.18189181
0.18356055
0.18520024
0.18181017
0.18024749
0.179257
0.17903243
0.17968647
0.18103748
0.1827657
0.18463167
0.18646277
0.17996863
0.17883723
0.17827532
0.17846308
0.17937148
0.18086293
0.18268641
0.18460614
0.18646299
0.17626712
0.17582882
0.17595624
0.17674648
0.17814116
0.17996618
0.18200703
0.18405942
0.18596615
0.17102983
0.1713974
0.17230946
0.17378223
0.17573295
0.17797828
0.1803184
0.18255368
0.1845541
0.16465387
0.16598262
0.16778844
0.17003469
0.17258539
0.17525188
0.17785223
0.18023873
0.18232678
0.15734445
0.15977225
0.16259776
0.16569953
0.16889748
0.17201252
0.17489397
0.17743648
0.17960211
0.14948518
0.15311494
0.1570338
0.16103325
0.16489596
0.16846057
0.1716182
0.17430841
0.17654179
0.14161146
0.1464279
0.1514137
0.1562897
0.16079954
0.16479182
0.16820784
0.17103467
0.17332556
0.13404931
0.14006016
0.14604588
0.15171339
0.15680709
0.1611803
0.16482336
0.16777056
0.17011142
0.12719582
0.13406842
0.14091998
0.14732615
0.15297394
0.15770505
0.16154849
0.16459616
0.1669717
0.12132632
0.12927001
0.13676674
0.14360571
0.1495943
0.15456687
0.15855326
0.16167456
0.16407738
0.11383124
0.1223847
0.13107108
0.13897284
0.14570742
0.15114301
0.15538595
0.15863543
0.16108208
0.14328065
0.13457036
0.12826018
0.12392511
0.12070093
0.11822586
0.15442366
0.14596293
0.13922726
0.13438242
0.13063584
0.12762368
0.16460373
0.15659614
0.14957636
0.14436658
0.14027193
0.13694457
0.17383219
0.16645266
0.15925281
0.1537849
0.14944338
0.14588443
0.18204938
0.17534463
0.16811908
0.16250869
0.15801595
0.15431401
0.18916716
0.18329232
0.17606361
0.17038934
0.16582527
0.162056
0.19497113
0.19000218
0.1828815
0.17724335
0.17269173
0.16893044
0.19928202
0.1954045
0.18849292
0.18296778
0.17850078
0.17481625
0.20209087
0.19943547
0.19262781
0.18722474
0.18290942
0.17939935
0.20249488
0.20109676
0.19514169
0.19024247
0.18631793
0.18311111
0.20216459
0.20181667
0.19665038
0.19202133
0.18817944
0.18503045
0.20282725
0.20242111
0.19662636
0.19176278
0.18787671
0.1848045
0.200429
0.20080211
0.19483611
0.190205
0.18661944
0.18385579
0.19614898
0.19665604
0.19132266
0.187124
0.18395296
0.18159326
0.18420409
0.18874746
0.1851329
0.18166742
0.17909466
0.17728622
0.17135964
0.17933116
0.17699591
0.17440066
0.17252423
0.17133395
0.15739812
0.1689111
0.16753754
0.16565639
0.16452984
0.16409255
0.14221706
0.15486127
0.1555416
0.1552053
0.15525365
0.15576369
0.12534294
0.14023434
0.1426058
0.14372404
0.14509442
0.14676424
0.10423036
0.11996865
0.12743396
0.13142041
0.13463814
0.13767678
0.083745435
0.10256344
0.11179842
0.11856209
0.12402488
0.12876916
0.03904102
0.076001728
0.098485032
0.1082606
0.11522735
0.12107407
0.013800016
0.039706242
0.073071802
0.096016571
0.10642017
0.11371495
0.022168273
0.022762768
0.041921054
0.070626313
0.095201018
0.10699806
0.016282889
0.0035723931
0.019279715
0.03732803
0.061212247
0.088835327
0.017908391
0.012151719
0.0055297968
0.014493631
0.030030103
0.05479087
0.015448325
0.013268453
0.010149864
0.0058809348
0.0095072212
0.027293025
0.015135588
0.013496266
0.011221766
0.0085218816
0.0049744479
0.0086227558
0.01574319
0.014122863
0.012024165
0.010025929
0.0079572133
0.0067025822
0.016585084
0.01481321
0.012941741
0.011330599
0.0097999892
0.0084435404
0.017016272
0.0151485
0.0133996
0.011972562
0.010702198
0.0095837942
0.016721349
0.01482118
0.013266444
0.012057211
0.011040464
0.010143801
0.015697427
0.013659185
0.012376124
0.011496706
0.010843576
0.010317603
0.012586757
0.011602605
0.010833114
0.010419379
0.010247117
0.010213631
0.0097039934
0.0090171133
0.0088160551
0.0089655221
0.0093472291
0.0098593089
0.0059695291
0.0059614829
0.0065701238
0.0074141843
0.0083812731
0.0093828295
0.002519801
0.0035341615
0.0050007079
0.0063789178
0.007707024
0.0089684996
0.0037134969
0.0035158003
0.0049639126
0.0062227462
0.0074765816
0.0086833984
0.0063102973
0.0057529778
0.0061336125
0.0068262138
0.0076618712
0.0085317607
0.0092821972
0.0084183021
0.0080082177
0.0079668208
0.0081701401
0.0085050179
0.012219839
0.010522212
0.0095325961
0.008960299
0.0086300878
0.0084397672
0.013482024
0.011836921
0.010556482
0.0096268218
0.0089047017
0.0082954462
0.013871245
0.012305968
0.010875674
0.0097949596
0.0088640219
0.0080271791
0.013565825
0.012063482
0.01062029
0.0094518931
0.0084024774
0.0074784566
0.012795247
0.011513058
0.0099338126
0.0085373464
0.0073061705
0.006536656
0.011511694
0.010692123
0.0088609965
0.0069976161
0.0052882406
0.0058585142
0.010685957
0.0099478903
0.0080428343
0.005279657
0.0038654303
0.011475212
0.010076687
0.0096840776
0.0077843668
0.0058864118
0.016415136
0.029067185
0.17029091
0.16232948
0.15540279
0.15047869
0.14676652
0.14397501
0.16145945
0.15353718
0.14702555
0.1424974
0.13915616
0.13668467
0.15174548
0.14395968
0.13789648
0.13379121
0.1308537
0.12878494
0.14129437
0.13372107
0.12815705
0.12452029
0.12203146
0.1203958
0.13016565
0.12283184
0.11782803
0.11471746
0.11273198
0.11157221
0.11840004
0.11132139
0.10696451
0.10445347
0.10304327
0.10241051
0.10621567
0.099335858
0.09572192
0.09388933
0.093091457
0.093009058
0.094004223
0.087295226
0.084435206
0.083267683
0.083054883
0.083513025
0.077596125
0.074613008
0.07291351
0.072468835
0.072885426
0.073972481
0.064529125
0.062159429
0.061216433
0.061493328
0.062669027
0.064522187
0.050539899
0.049385801
0.049379473
0.050612932
0.052731607
0.05546516
0.036494769
0.036363521
0.037665499
0.040163985
0.043447603
0.047199944
0.023574818
0.023673448
0.02680317
0.030950061
0.035571123
0.040385512
0.014709132
0.014113619
0.019600566
0.025063414
0.030625118
0.036144218
0.010734852
0.012279851
0.017780427
0.023550225
0.029335067
0.035009538
0.021367802
0.021350149
0.024046162
0.028020893
0.032652325
0.037560387
0.035013911
0.033879868
0.034438413
0.036487682
0.039544495
0.04323643
0.049004894
0.046582939
0.045911447
0.046641292
0.048402138
0.050934986
0.062890924
0.059261645
0.05763945
0.057441172
0.058231555
0.059785707
0.076058044
0.071945828
0.069498324
0.068542944
0.068537111
0.069277832
0.092116559
0.084944409
0.081434889
0.079684266
0.078998992
0.079097804
0.10582533
0.097517345
0.093240031
0.09084493
0.089532862
0.089019334
0.11856426
0.11029992
0.10531089
0.10225225
0.10028073
0.099079513
0.13122844
0.12249209
0.11684354
0.11316673
0.11058948
0.10874363
0.0098491824
0.0093099514
0.007005281
0.020965655
0.038188401
0.050229616
0.010896801
0.0087148329
0.024302685
0.044525835
0.067215458
0.08558272
0.0056618895
0.024754766
0.048384087
0.075482693
0.091801604
0.10009563
0.024550493
0.05084438
0.081522744
0.095699118
0.10253217
0.10754976
0.05616422
0.085010786
0.097948832
0.10484116
0.11014089
0.11460326
0.086305225
0.10169417
0.1108635
0.11602654
0.11968067
0.12273513
0.10737408
0.12156305
0.12571739
0.12734887
0.12894451
0.13068814
0.12416092
0.1360381
0.13765556
0.1377156
0.13800368
0.138677
0.13965744
0.15062287
0.14958357
0.14776699
0.14671267
0.14631737
0.15365295
0.16178328
0.15922399
0.15641011
0.15449071
0.15326692
0.16621382
0.17193069
0.16793085
0.16410565
0.16136606
0.15942996
0.17762322
0.17966825
0.17478533
0.17045042
0.1671394
0.16464078
0.18859144
0.18669659
0.18024604
0.17544077
0.17170876
0.16878522
0.19621246
0.19265022
0.18462757
0.17911636
0.1750332
0.17180321
0.2000854
0.19592447
0.18816463
0.18224261
0.17762027
0.17393625
0.20051627
0.1971115
0.19016964
0.18420329
0.17922348
0.17524207
0.20095009
0.19696905
0.1901918
0.18444912
0.17969086
0.17573076
0.2017071
0.19654875
0.18874607
0.18294903
0.17844815
0.17468063
0.20095806
0.19552426
0.18766087
0.18146492
0.17659232
0.17264446
0.19887532
0.19258109
0.18480516
0.17872845
0.17388617
0.16991287
0.19557022
0.18885185
0.18101559
0.17500901
0.17023928
0.16630706
0.19096155
0.1836801
0.17603964
0.17026696
0.16568142
0.16186665
0.18513262
0.17746128
0.17002158
0.16451422
0.16016704
0.1565421
0.1781768
0.17025851
0.1630423
0.15781236
0.15376988
0.15056048
0.10554287
0.096369145
0.087079121
0.077907283
0.06893546
0.060486255
0.052858635
0.046514964
0.042134266
0.040405115
0.041568957
0.045255708
0.051088698
0.058273963
0.066299282
0.074803166
0.083517936
0.092297942
0.101049
0.10962528
0.11792415
0.12586521
0.13340735
0.14048522
0.10132089
0.092426295
0.084006669
0.075811013
0.068030906
0.060885754
0.054714319
0.049863419
0.046794035
0.045862845
0.047114557
0.050329653
0.055236167
0.061314134
0.068202333
0.07560616
0.083314064
0.091163687
0.09907208
0.10691919
0.11460467
0.12204917
0.12922011
0.13642618
0.097209231
0.089138433
0.081677262
0.074563672
0.067991758
0.062181299
0.057376328
0.05381917
0.051782881
0.051426488
0.052716783
0.055530839
0.059662332
0.064779377
0.070632822
0.077001808
0.083715294
0.090645514
0.097673636
0.10474997
0.11176551
0.11864911
0.12534616
0.13222056
0.093631718
0.086555728
0.080112984
0.074137965
0.068800164
0.064277923
0.060699895
0.058228011
0.056995916
0.057054149
0.058352021
0.060819208
0.064299655
0.068586624
0.073512113
0.078919136
0.084677354
0.090692064
0.096864877
0.10312448
0.10942019
0.11567474
0.1218365
0.12822972
0.09077884
0.084770117
0.079403715
0.074579133
0.070448498
0.067085658
0.064563631
0.062965707
0.062340786
0.062688445
0.063968375
0.066134883
0.069070682
0.072651353
0.0767663
0.081309151
0.086185615
0.091318661
0.096649728
0.10210752
0.1076473
0.11321828
0.11877225
0.12459237
0.088786082
0.08388305
0.079587569
0.07589808
0.072858304
0.070493217
0.068835475
0.067914077
0.067733187
0.068274447
0.069516424
0.071419713
0.073901044
0.076887455
0.080307447
0.084091438
0.088175234
0.092501989
0.097024601
0.1017058
0.10649507
0.11135819
0.11625318
0.12141209
0.08776677
0.083916597
0.080681697
0.078016238
0.075911446
0.074365553
0.073383098
0.072964343
0.073096608
0.07376169
0.074948552
0.07661976
0.078722925
0.081214077
0.084047844
0.087179639
0.090567281
0.094171929
0.097959153
0.10190187
0.10597653
0.11014175
0.11436922
0.11882789
0.087671245
0.084868588
0.082601798
0.080807792
0.079464117
0.078558582
0.078082146
0.078022318
0.078364817
0.079101485
0.080219737
0.081687831
0.083476252
0.085557777
0.087904118
0.090487137
0.093279699
0.096256279
0.0993935
0.10267145
0.1060736
0.10958418
0.11316981
0.11695871
0.088505065
0.08664618
0.0851951
0.084104289
0.083353307
0.082928146
0.082815731
0.083002813
0.083481554
0.084249307
0.085288897
0.086580062
0.08810636
0.089850989
0.091796523
0.093925382
0.096220273
0.098664644
0.10124317
0.1039423
0.10674995
0.10965472
0.11264527
0.11580771
0.09019589
0.089100866
0.088296929
0.087746271
0.087434914
0.087352844
0.08748969
0.087839355
0.088401155
0.089166445
0.090121872
0.091257528
0.092564054
0.094031436
0.095649167
0.097406348
0.099291941
0.1012951
0.10340566
0.10561463
0.10791391
0.11029501
0.11274946
0.11535066
0.092625917
0.092123673
0.091788355
0.091609229
0.091594422
0.091739686
0.09203844
0.092489179
0.093086065
0.093821035
0.094688455
0.095683882
0.096802653
0.098038823
0.099386802
0.10083997
0.10239131
0.10403362
0.10575986
0.1075636
0.10943907
0.11138102
0.11338374
0.11549304
0.095515434
0.095408843
0.095414144
0.095518188
0.095721896
0.096019957
0.096417178
0.096911652
0.097499258
0.098177632
0.098945864
0.099803501
0.10074979
0.1017831
0.10290103
0.10409995
0.10537536
0.10672242
0.10813614
0.10961145
0.11114307
0.11272747
0.11436951
0.11612113
0.098869721
0.099037936
0.099257503
0.099528433
0.09985185
0.10022809
0.10065662
0.10113693
0.10166982
0.10225741
0.10290255
0.10360882
0.10437897
0.10521378
0.10611221
0.10707235
0.10809289
0.10917245
0.1103092
0.11150027
0.11274046
0.1140227
0.11534713
0.11677311
0.10285662
0.10313947
0.10345828
0.10379505
0.1041481
0.10451813
0.1049071
0.10531849
0.10575636
0.10622351
0.10671751
0.10724202
0.10780585
0.10840808
0.10904977
0.1097337
0.11046326
0.11124174
0.11207184
0.11295505
0.11388956
0.11486775
0.11588037
0.11697996
0.10698774
0.10727126
0.10756703
0.10786413
0.10816442
0.10847292
0.10879473
0.10913358
0.10949126
0.10986739
0.11026051
0.11066967
0.1110942
0.11153434
0.11199104
0.11246495
0.11295703
0.11346902
0.11400397
0.1145667
0.11516188
0.11578971
0.11643879
0.117126
0.11001002
0.11029959
0.11059451
0.11089045
0.11119145
0.1114998
0.11181627
0.11214073
0.11247301
0.1128133
0.11316225
0.11352061
0.11388908
0.11426849
0.1146595
0.1150622
0.11547591
0.11589874
0.11632827
0.11676208
0.11719721
0.11762952
0.1180529
0.11848493
0.11275067
0.11305631
0.11337586
0.11369353
0.11400745
0.11431716
0.11462275
0.11492473
0.11522375
0.11552024
0.11581433
0.11610571
0.11639419
0.11668046
0.11696608
0.11725349
0.1175454
0.11784504
0.11815591
0.1184806
0.11882022
0.11917274
0.1195334
0.11991403
0.115451
0.11576455
0.11607189
0.11636869
0.11665844
0.11694445
0.117229
0.11751336
0.11779794
0.11808263
0.11836698
0.11865029
0.11893192
0.11921103
0.1194865
0.11975705
0.12002027
0.12027283
0.12051226
0.12073804
0.12095135
0.12115433
0.12134823
0.12154132
0.11810583
0.11838012
0.11865076
0.118916
0.11917683
0.11943326
0.11968455
0.11992981
0.1201687
0.12040148
0.12062874
0.12085123
0.12106987
0.12128559
0.12149927
0.12171159
0.12192327
0.12213526
0.12234801
0.12256053
0.12277036
0.12297465
0.12317223
0.12336912
0.12070408
0.12095219
0.12119422
0.12142884
0.12165651
0.12187808
0.12209449
0.12230674
0.12251559
0.12272123
0.12292344
0.12312173
0.12331531
0.12350322
0.12368445
0.12385828
0.12402422
0.12418181
0.12433117
0.12447306
0.12460805
0.12473598
0.12485637
0.12497184
0.12316315
0.12335721
0.12354573
0.12372902
0.12390814
0.12408369
0.1242558
0.12442446
0.12458954
0.12475097
0.12490877
0.12506295
0.12521368
0.12536142
0.12550691
0.12565071
0.12579302
0.12593369
0.12607164
0.12620525
0.12633358
0.12645654
0.12657467
0.12669053
0.12550907
0.12566905
0.12582549
0.1259779
0.12612628
0.1262708
0.12641172
0.12654921
0.12668335
0.12681409
0.12694127
0.12706473
0.12718427
0.12729946
0.12740963
0.12751411
0.12761253
0.12770497
0.127792
0.12787419
0.12795144
0.1280232
0.1280893
0.12815109
0.1276217
0.1277366
0.12784844
0.12795743
0.12806408
0.1281689
0.12827215
0.12837396
0.12847432
0.12857322
0.12867061
0.12876638
0.12886041
0.12895272
0.12904347
0.12913285
0.1292208
0.12930688
0.12939031
0.12947045
0.12954709
0.12962033
0.12969047
0.12975838
0.12960574
0.12969206
0.12977748
0.12986168
0.1299446
0.13002617
0.1301063
0.13018485
0.13026166
0.13033654
0.13040932
0.13047982
0.13054783
0.13061312
0.13067537
0.13073429
0.13078973
0.13084174
0.13089056
0.13093642
0.13097933
0.13101903
0.1310554
0.13108882
0.1312464
0.13130322
0.13135904
0.13141398
0.13146828
0.13152221
0.13157598
0.13162971
0.1316835
0.13173737
0.13179131
0.13184529
0.1318993
0.13195332
0.13200733
0.13206126
0.13211498
0.13216826
0.13222079
0.13227222
0.13232229
0.13237096
0.13241836
0.13246483
0.13277388
0.13281167
0.13284943
0.13288711
0.13292468
0.13296205
0.13299911
0.13303567
0.13307157
0.13310663
0.13314068
0.13317357
0.13320514
0.13323525
0.13326377
0.13329061
0.1333157
0.13333904
0.13336064
0.13338058
0.13339891
0.13341572
0.13343123
0.13344602
0.13397068
0.13399059
0.13401065
0.13403105
0.13405203
0.13407381
0.13409657
0.13412041
0.13414544
0.13417167
0.13419913
0.13422778
0.13425756
0.1342884
0.13432018
0.13435274
0.13438587
0.13441936
0.13445294
0.13448638
0.13451944
0.13455186
0.13458331
0.13461326
0.13500326
0.13500975
0.13501762
0.13502685
0.13503736
0.13504903
0.13506169
0.13507513
0.13508914
0.1351035
0.13511799
0.13513247
0.13514681
0.13516099
0.13517501
0.13518887
0.13520256
0.13521601
0.13522917
0.13524196
0.13525437
0.1352664
0.13527821
0.13529009
0.13570071
0.13570111
0.1357023
0.13570471
0.13570854
0.13571394
0.13572097
0.13572963
0.13573987
0.13575162
0.13576479
0.13577931
0.13579511
0.13581227
0.13583098
0.13585124
0.13587293
0.13589584
0.13591973
0.13594432
0.13596932
0.13599441
0.13601921
0.1360433
0.1363139
0.1363095
0.13630747
0.13630758
0.13630974
0.13631376
0.13631944
0.13632657
0.13633494
0.13634435
0.13635461
0.13636555
0.13637699
0.1363886
0.13639996
0.13641088
0.13642134
0.13643145
0.13644136
0.13645122
0.13646116
0.13647126
0.1364816
0.13649219
0.13666203
0.13665688
0.13665372
0.13665259
0.13665338
0.13665591
0.13666001
0.13666547
0.13667209
0.13667969
0.13668816
0.13669734
0.13670718
0.13671759
0.13672853
0.13673997
0.13675187
0.13676419
0.13677689
0.13678991
0.13680318
0.13681661
0.13683002
0.13684316
0.12456389
0.12410106
0.1233485
0.12214937
0.12039642
0.11813175
0.1155573
0.1129764
0.11076819
0.12215754
0.12161495
0.12076666
0.11943614
0.11750091
0.11499057
0.11211618
0.10920474
0.10666342
0.11962873
0.11902555
0.11808583
0.1166282
0.11452003
0.11177761
0.1086034
0.10532999
0.10246311
0.11707621
0.1164087
0.11538545
0.11382264
0.11158312
0.10867509
0.10529397
0.10177546
0.098650895
0.1145787
0.11384474
0.1127468
0.11110501
0.10878492
0.1057935
0.10232339
0.098706331
0.095440374
0.11223444
0.11143071
0.11026806
0.10857802
0.10623644
0.10325475
0.099822301
0.096255436
0.092983843
0.11014769
0.10927517
0.10805992
0.10635445
0.10405269
0.10117454
0.097896642
0.094507399
0.091379193
0.10842446
0.10747557
0.10622293
0.10453432
0.10232218
0.099610593
0.096572105
0.093472485
0.090628532
0.10731199
0.10619948
0.10487931
0.10321821
0.10113786
0.098660381
0.095940456
0.093225985
0.090784768
0.10692275
0.10559757
0.10420348
0.10258859
0.10066731
0.098473061
0.096160394
0.093908107
0.091884944
0.1076589
0.10596073
0.1042562
0.10261958
0.10091834
0.099088851
0.097203387
0.095394167
0.09379625
0.10837523
0.10767149
0.10597796
0.10388032
0.10199466
0.10034466
0.098828871
0.097449481
0.096256051
0.10848973
0.10844168
0.10791906
0.10663717
0.1047887
0.10301845
0.10150278
0.10026546
0.09930563
0.1091419
0.10881088
0.10873117
0.10848683
0.10768365
0.1064169
0.10511747
0.10402089
0.10317089
0.11030353
0.11016409
0.10979321
0.1094583
0.10925362
0.10891223
0.10834079
0.10770309
0.10714303
0.11191589
0.11172917
0.11162182
0.1113984
0.11103131
0.11069314
0.11043017
0.11019331
0.10997437
0.11390336
0.11379169
0.11360847
0.11345906
0.11334149
0.11317918
0.11298161
0.11280164
0.1126611
0.11619305
0.11607288
0.11597583
0.11584115
0.11568218
0.11555078
0.11545192
0.11537439
0.11531535
0.11855325
0.11848399
0.1183984
0.11832236
0.11825045
0.11816948
0.1180902
0.11802612
0.1179812
0.1210708
0.12098053
0.12089833
0.1208142
0.12073606
0.12067497
0.12063024
0.12059931
0.1205808
0.12337932
0.12333921
0.12329497
0.12324918
0.123202
0.12315545
0.12311534
0.1230855
0.12306637
0.12576723
0.1256961
0.12562984
0.12557013
0.12552008
0.12548162
0.12545405
0.12543605
0.12542612
0.12776851
0.12774359
0.12771652
0.12768596
0.12765324
0.12762185
0.12759534
0.12757556
0.12756252
0.12981778
0.12976538
0.12971572
0.12967146
0.12963445
0.12960542
0.12958401
0.12956932
0.12956013
0.13135251
0.13133351
0.13131486
0.13129507
0.13127445
0.13125477
0.13123793
0.13122491
0.13121572
0.13292651
0.13289296
0.13286122
0.13283258
0.13280792
0.13278773
0.13277212
0.13276069
0.13275281
0.1340343
0.1340257
0.1340178
0.1340086
0.13399755
0.13398576
0.13397479
0.13396561
0.13395861
0.13514684
0.1351248
0.13510093
0.1350769
0.1350545
0.13503518
0.13501966
0.13500793
0.13499957
0.13577995
0.13576688
0.13575451
0.13574257
0.13573106
0.13572043
0.13571131
0.13570414
0.13569886
0.13640493
0.13639253
0.13637951
0.13636624
0.13635333
0.13634151
0.13633131
0.13632298
0.13631665
0.13674744
0.13673553
0.13672292
0.13671008
0.13669782
0.13668701
0.13667824
0.13667172
0.13666716
0.12523594
0.12285381
0.12032148
0.11778627
0.11531014
0.11299638
0.11094027
0.10930109
0.10842093
0.10830429
0.10867241
0.10860768
0.10858764
0.10940042
0.11037845
0.11210212
0.11395281
0.1163141
0.1185897
0.12115553
0.1234058
0.12583398
0.12778858
0.12986942
0.13137312
0.13296297
0.13404729
0.13516985
0.1357976
0.1364203
0.13676124
0.12616481
0.12379115
0.12123311
0.11868171
0.11618886
0.11387655
0.11182547
0.11036807
0.10978788
0.1096949
0.10914548
0.10888296
0.10884858
0.10954473
0.11058348
0.11223084
0.11406608
0.11642216
0.11865487
0.12124605
0.12345004
0.12590923
0.12782071
0.12992882
0.1314056
0.13300741
0.13406861
0.13519775
0.13582152
0.13644056
0.13678109
0.12714141
0.12477657
0.12219526
0.11964078
0.1171339
0.11485875
0.11294252
0.11188755
0.11144339
0.11027482
0.10962498
0.10932158
0.10927992
0.10995121
0.1109752
0.11255651
0.11437962
0.11667641
0.11889509
0.12144381
0.12362668
0.12605989
0.12794066
0.13003586
0.1314973
0.13308536
0.13412826
0.13525054
0.13586646
0.13647405
0.13681219
0.12839614
0.12604661
0.12349163
0.12099757
0.11852584
0.11649481
0.11511806
0.11439478
0.11276736
0.11165526
0.11094845
0.11059805
0.11054047
0.11111802
0.11213675
0.1135774
0.1153701
0.11751504
0.11970345
0.12210487
0.1242608
0.12655047
0.12839221
0.13034285
0.13179897
0.1332929
0.13432893
0.13539506
0.13598766
0.13654944
0.13687852
0.13094902
0.1284997
0.12647626
0.12439971
0.12280538
0.12179039
0.12026986
0.1186855
0.11699075
0.11592297
0.11515239
0.11477203
0.11469124
0.11501466
0.11598949
0.11713469
0.11881592
0.1206263
0.12270429
0.12479043
0.12685971
0.12885603
0.1306511
0.13193968
0.13318621
0.13427966
0.13522855
0.13602306
0.13656034
0.13685656
0.13707925
0.14123791
0.14059818
0.13878216
0.1377919
0.13554915
0.13425882
0.13200297
0.13053374
0.12913424
0.12804274
0.12721519
0.12667188
0.12641963
0.12633639
0.12697487
0.12774911
0.12886626
0.13019757
0.1316826
0.13324732
0.13479764
0.13625651
0.13757059
0.13870467
0.13961083
0.14028205
0.14068919
0.14088574
0.14086467
0.14038406
0.13985191
)
;

boundaryField
{
    Side1
    {
        type            empty;
    }
    Inlet
    {
        type            calculated;
        value           nonuniform List<scalar> 
70
(
0.1368602
0.13686885
0.1368796
0.13689244
0.13690766
0.13692565
0.13694684
0.13697175
0.13700099
0.13703529
0.1370754
0.13712265
0.13718015
0.13725159
0.13732986
0.13741945
0.13752359
0.13764491
0.13778767
0.13795729
0.13815324
0.13838585
0.13863832
0.13890894
0.13923655
0.13959535
0.13998024
0.14036659
0.1407276
0.14102638
0.14121278
0.13667096
0.13666627
0.13666338
0.13666246
0.13666341
0.13666605
0.1366702
0.13667568
0.13668229
0.13668986
0.13669825
0.13670736
0.13671709
0.13672739
0.13673821
0.13674951
0.13676127
0.13677344
0.13678598
0.13679884
0.13681196
0.13682521
0.13683846
0.13685133
0.13675236
0.13674097
0.13672895
0.13671663
0.13670479
0.13669423
0.1366855
0.1366787
0.13667408
0.13676627
0.13678589
0.13681651
0.13688134
0.13707938
0.13979907
)
;
    }
    Freestream
    {
        type            calculated;
        value           nonuniform List<scalar> 
118
(
0.14775826
0.14772777
0.14769308
0.14765361
0.14760872
0.14755769
0.14749971
0.14743393
0.14735935
0.1472747
0.14717829
0.1470679
0.1469409
0.14679453
0.14662631
0.1464344
0.14621759
0.14597542
0.14570818
0.1454166
0.14510093
0.1447607
0.14439517
0.14400244
0.14358239
0.14313996
0.14268111
0.14221652
0.1417654
0.14139928
0.14121677
0.14887231
0.14883428
0.14879307
0.14874897
0.14870345
0.14865764
0.14861134
0.14856489
0.14851812
0.14847116
0.14842396
0.14837657
0.14832899
0.14828125
0.14823334
0.14818529
0.1481371
0.14808881
0.14804043
0.14799197
0.14794344
0.14789477
0.14784591
0.14779693
0.1489079
0.14893548
0.14897374
0.14900714
0.14904576
0.14907371
0.14911349
0.14915231
0.14920604
0.14925774
0.14930726
0.14935796
0.14941255
0.14947202
0.14953593
0.1496036
0.14967505
0.14975052
0.14983001
0.1499136
0.15000151
0.15009367
0.15019017
0.15029056
0.15039517
0.15050303
0.15061463
0.1507285
0.15084507
0.15096293
0.15108112
0.15120014
0.15131527
0.15143156
0.15153846
0.15164583
0.15174032
0.15183071
0.15190772
0.1519757
0.1520248
0.15206503
0.15207638
0.15207604
0.1520631
0.15204167
0.15198451
0.15193221
0.15183758
0.15175717
0.15162786
0.15152556
0.1513697
0.15125336
0.1510793
0.15095957
0.15077697
0.1506635
0.15047384
0.15036799
0.15017587
0.15008576
0.14983762
)
;
    }
    Side2
    {
        type            empty;
    }
    Outlet
    {
        type            calculated;
        value           nonuniform List<scalar> 
70
(
0.11764858
0.11796549
0.1183249
0.11873232
0.11919398
0.1197168
0.12030843
0.12097725
0.12173233
0.12258328
0.12354031
0.12461406
0.12581523
0.12715444
0.12864104
0.13027367
0.13204528
0.13394481
0.13595222
0.13803616
0.14015355
0.14224936
0.14426615
0.14616325
0.14793968
0.14936629
0.14983016
0.14987152
0.14987423
0.14986896
0.14983763
0.10600249
0.10643119
0.1068696
0.10731794
0.10777472
0.10823883
0.1087094
0.10918578
0.10966739
0.11015375
0.11064441
0.11113898
0.11163708
0.11213835
0.11264245
0.11314903
0.11365772
0.11416815
0.11467995
0.11519272
0.11570607
0.11621959
0.11673287
0.11724552
0.10570132
0.10550059
0.10526312
0.10500285
0.10474248
0.10451173
0.10433775
0.10423746
0.10421326
0.10426426
0.10448891
0.10502868
0.10629334
0.10962809
0.12029528
)
;
    }
    Botwall
    {
        type            calculated;
        value           nonuniform List<scalar> 
118
(
0.14983698
0.14982986
0.14982281
0.14981554
0.14980826
0.14980099
0.14979374
0.14978648
0.14977917
0.14977183
0.14976421
0.14975658
0.14974944
0.1497414
0.14973242
0.14972364
0.1497149
0.14970598
0.14969802
0.14968957
0.14968149
0.14967397
0.14966683
0.14965967
0.14965212
0.14964378
0.14963402
0.14962372
0.14961419
0.14960557
0.14959801
0.149592
0.14958679
0.14958141
0.14957533
0.14956596
0.14955138
0.14953517
0.14952963
0.14953259
0.14953456
0.14953473
0.14953101
0.14951664
0.14950401
0.14950399
0.14950948
0.14951388
0.14951413
0.14951436
0.14951751
0.149524
0.14953119
0.14953866
0.14954899
0.14956102
0.14957575
0.1495906
0.14960754
0.14962198
0.14963853
0.14964699
0.14966661
0.14972787
0.14974197
0.14976447
0.14978447
0.14981583
0.14984173
0.14987551
0.14990411
0.14992958
0.14995186
0.14997017
0.14998192
0.14998986
0.1499876
0.1499795
0.14997083
0.14995739
0.14994145
0.14992473
0.14990714
0.14989083
0.14987412
0.14986048
0.1498452
0.14971392
0.14971461
0.14970654
0.14970708
0.14969484
0.14969301
0.14967918
0.14967459
0.14966784
0.14966334
0.1496597
0.14965736
0.14965587
0.14965488
0.14965756
0.14966052
0.14966522
0.14967075
0.14967735
0.14968431
0.14969153
0.14969849
0.14970504
0.1497108
0.14971617
0.1497202
0.14972377
0.14972603
0.14972802
0.14972774
0.14972743
)
;
    }
    Cyli
    {
        type            calculated;
        value           uniform 0;
    }
}


// ************************************************************************* //
