/*--------------------------------*- C++ -*----------------------------------*\
| =========                 |                                                 |
| \\      /  F ield         | OpenFOAM: The Open Source CFD Toolbox           |
|  \\    /   O peration     | Version:  2406                                  |
|   \\  /    A nd           | Website:  www.openfoam.com                      |
|    \\/     M anipulation  |                                                 |
\*---------------------------------------------------------------------------*/
FoamFile
{
    version     2.0;
    format      ascii;
    arch        "LSB;label=32;scalar=64";
    class       volScalarField;
    location    "0.021";
    object      k;
}
// * * * * * * * * * * * * * * * * * * * * * * * * * * * * * * * * * * * * * //

dimensions      [0 2 -2 0 0 0 0];

internalField   nonuniform List<scalar> 
8260
(
655.61565
634.34714
605.17974
569.3362
527.68695
481.04985
430.58942
377.77496
324.23757
271.45156
220.7384
173.22797
129.77815
91.051707
57.474632
29.792912
10.925575
3.3836295
1.6524764
1.1320951
0.85620065
0.69351232
0.59464748
0.52744624
0.48635393
0.46130036
0.44152179
0.42810891
0.41824168
0.41166974
0.40810192
639.93108
615.97112
585.47785
549.47757
508.52164
463.23034
414.55096
363.73367
312.23771
261.44159
212.51989
166.56388
124.42888
86.81275
54.156664
27.437691
9.5893296
3.0560852
1.5736328
1.1053606
0.84401252
0.68700804
0.59067832
0.52515881
0.48505386
0.46056787
0.44105912
0.42781027
0.41805566
0.41154537
0.4080198
616.82371
591.75527
561.19486
525.8519
486.1649
442.66623
396.15303
347.69664
298.56788
250.01743
203.14239
158.97142
118.34996
82.011722
50.433585
24.80551
8.3227063
2.7759997
1.526477
1.0921664
0.83818242
0.6837769
0.58864954
0.52399416
0.4843641
0.46017251
0.44080348
0.42762061
0.41792045
0.41143623
0.40792975
585.39197
560.40504
530.84502
497.12033
459.52449
418.50031
374.7259
329.12232
282.79265
236.86035
192.35859
150.25858
111.39457
76.537759
46.22701
21.882026
7.0713843
2.517884
1.4734658
1.0715073
0.8284687
0.67815401
0.58508666
0.52190713
0.48309984
0.45942978
0.44032163
0.42729067
0.41770946
0.41128713
0.40782728
546.061
522.24713
494.48936
463.13668
428.34174
390.43525
349.97171
307.72786
264.65248
221.74866
179.9809
140.26898
103.43717
70.293638
41.470027
18.670583
5.8571721
2.2773154
1.4213866
1.0523151
0.81987957
0.67340957
0.58216569
0.52020674
0.48207754
0.45881471
0.43992703
0.42700139
0.41751421
0.41113592
0.40771061
499.35604
477.5791
452.334
423.98415
392.58303
358.35361
321.7233
283.32367
243.95348
204.49577
165.83996
128.85457
94.35655
63.187452
36.109251
15.225208
4.7973884
2.0579521
1.3666755
1.0288357
0.80874791
0.66710178
0.57821178
0.51785103
0.48064173
0.45793436
0.43936634
0.42660261
0.41725792
0.41094827
0.40757764
446.10592
427.01568
404.85794
380.00994
352.46285
322.34993
289.97897
255.83994
220.58376
184.96845
149.79809
115.8851
84.044139
55.140578
30.120708
11.683642
3.8546745
1.8620988
1.3110571
1.004663
0.79759102
0.66108982
0.57456399
0.51567171
0.47931878
0.45708602
0.43883968
0.42620629
0.41699729
0.41074688
0.40742632
387.73634
371.69999
352.97695
331.93335
308.5197
282.79708
254.96768
225.38893
194.56751
163.13056
131.7836
101.27429
72.425935
46.109376
23.552824
8.2986989
3.0557514
1.699188
1.252849
0.97685643
0.78402886
0.6537905
0.57007674
0.51293398
0.47764397
0.45598372
0.43816892
0.42570626
0.41667739
0.41050626
0.40725434
326.12252
313.22163
298.01545
280.843
261.62737
240.37194
217.18847
192.31384
166.11711
139.09214
111.83476
85.017402
59.496226
36.129395
16.635252
5.6878812
2.4408356
1.56659
1.1920223
0.94740425
0.76963484
0.64647622
0.56572368
0.5102755
0.47601603
0.45484618
0.43750114
0.4251816
0.41633789
0.41024148
0.40705918
263.30451
253.39533
241.56517
228.11728
212.95866
196.04989
177.42675
157.2201
135.67435
113.15725
90.152545
67.246258
45.367591
25.421138
10.020925
3.8143523
1.9957796
1.4395485
1.1273426
0.91418023
0.75257841
0.63780457
0.56051007
0.50707453
0.47404725
0.4534325
0.43668731
0.42454396
0.41593116
0.40992994
0.40683759
201.44097
194.18676
185.44581
175.41099
163.98733
151.11166
136.76403
120.99172
103.93868
85.868362
67.16744
48.31557
30.418806
14.612203
5.6225117
2.630458
1.7163218
1.325245
1.0597082
0.87840017
0.73450786
0.62881584
0.55519654
0.5038872
0.47207382
0.45193861
0.4358449
0.42385562
0.41548492
0.40958178
0.40658522
142.60966
137.56784
131.47674
124.41453
116.27954
106.98552
96.473321
84.736912
71.860453
58.049122
43.646759
28.938222
15.60916
7.0350851
3.253484
1.9855632
1.5429673
1.2041578
0.99194204
0.83803272
0.71304871
0.61854282
0.54879879
0.50012079
0.46971633
0.45015509
0.43482176
0.42303736
0.4149501
0.4091746
0.4062657
88.821768
85.628196
81.702422
77.061141
71.619822
65.295513
58.021978
49.790359
40.697214
30.978642
21.148585
12.889446
6.8198086
3.5035616
2.1877251
1.6866808
1.3376306
1.0992089
0.91674639
0.79637755
0.6913383
0.60658658
0.54223372
0.49641676
0.46728252
0.44828708
0.43370973
0.42215004
0.41434806
0.40871622
0.40586426
42.534101
40.626578
38.339696
35.751344
32.796374
29.40627
25.569101
21.361828
16.925245
12.456067
8.3555854
5.1497127
3.1528118
2.1601936
1.7259452
1.433867
1.2061047
0.98537892
0.84839656
0.75012195
0.66515933
0.59384997
0.53431279
0.49216197
0.46436063
0.4461158
0.43234566
0.42112042
0.41363531
0.40818388
0.40539907
15.396751
14.675505
13.833437
12.882989
11.761548
10.452932
9.0450533
7.5904333
6.1093083
4.6717228
3.4058235
2.4504245
1.8950397
1.6240324
1.4666229
1.2334155
1.0249536
0.89397442
0.77809785
0.70390457
0.63782482
0.57839765
0.52738195
0.48774256
0.46126454
0.44377313
0.43085758
0.42001251
0.4128478
0.40758548
0.40488444
5.2073725
5.0324581
4.7954013
4.5162412
4.1872745
3.808511
3.3949711
2.9700938
2.5291112
2.1245195
1.7778733
1.5421136
1.4067881
1.3390533
1.1802606
1.0286598
0.91945499
0.80447001
0.72032451
0.65438735
0.6067032
0.56248695
0.51822172
0.48263646
0.45767251
0.44109581
0.42902059
0.41876322
0.41195706
0.40690076
0.40433949
2.0772726
2.0440754
1.987653
1.9128222
1.825011
1.7253281
1.6173903
1.5078319
1.3929634
1.3020185
1.2269884
1.1637316
1.128063
1.0159503
0.98157773
0.91215233
0.79713396
0.73341977
0.66528638
0.61390239
0.57514752
0.54325709
0.50920051
0.47706672
0.45377566
0.43819479
0.42714313
0.41744325
0.41098197
0.40614978
0.40372311
1.162516
1.1517255
1.1355365
1.1151656
1.0923166
1.0724614
1.0542843
1.0284324
1.0047147
0.97593708
0.97279866
0.95361162
0.87713544
0.83762985
0.79986802
0.7610065
0.7204758
0.65816967
0.61748766
0.57254576
0.54873461
0.52435598
0.49504409
0.47053734
0.44950161
0.43517337
0.42476157
0.41598018
0.4098947
0.40532607
0.40304387
0.86729055
0.86103844
0.85509664
0.84858389
0.84107924
0.83077438
0.81902113
0.80657097
0.79758509
0.7922335
0.77410192
0.74251809
0.73937636
0.70916126
0.67893395
0.67605385
0.64529064
0.61018888
0.57907038
0.54887082
0.5222577
0.50249793
0.48327862
0.4625923
0.44502953
0.43177692
0.42247765
0.41442952
0.40870777
0.40445747
0.40229841
0.69888484
0.69727496
0.69553149
0.6938874
0.6938945
0.69556101
0.69555093
0.69284361
0.6822649
0.66045995
0.64307771
0.63853925
0.62427594
0.6224308
0.60501091
0.57752755
0.57376644
0.55324832
0.54284231
0.51765602
0.49938916
0.4869397
0.46947513
0.45232875
0.44032043
0.42820655
0.41987565
0.412578
0.40745493
0.40352329
0.40151454
0.60519437
0.60496641
0.60358515
0.60005252
0.59429547
0.58585074
0.57931154
0.57524099
0.57186707
0.56903599
0.57065221
0.56887072
0.55729209
0.54685004
0.547767
0.52976995
0.51288579
0.50718028
0.50083718
0.49819675
0.48005071
0.46646033
0.45789199
0.44448756
0.43476286
0.42400674
0.41729248
0.41091013
0.40608336
0.40254087
0.40067824
0.52024441
0.52023957
0.51976309
0.51867443
0.51756282
0.51789487
0.51970603
0.52051803
0.51903568
0.5152713
0.51029271
0.50354431
0.50825777
0.49914455
0.49239408
0.49212352
0.48288589
0.47373348
0.46920233
0.46462082
0.4563843
0.45062031
0.44431336
0.4377226
0.42833252
0.42010358
0.41456078
0.40888456
0.40456157
0.40151459
0.39984474
0.47821409
0.4786465
0.47848941
0.47775999
0.47645615
0.4742993
0.47114792
0.46800542
0.4665017
0.46540245
0.46429716
0.46566781
0.46121326
0.46622269
0.46270854
0.46233179
0.4611167
0.45386703
0.45272853
0.4465433
0.44207293
0.4347809
0.43352441
0.43064833
0.42324595
0.41635605
0.41148996
0.40702932
0.4030689
0.40043744
0.39897036
0.44144145
0.44166677
0.44157932
0.44125856
0.44085866
0.44042601
0.43999701
0.44020176
0.44067567
0.44038953
0.43959682
0.43742929
0.43754641
0.43517427
0.43565952
0.43472466
0.43636256
0.43165489
0.43751819
0.43599985
0.43115683
0.42598418
0.42161696
0.42127807
0.41844934
0.41268061
0.40840384
0.40490753
0.40153136
0.39939499
0.39812512
0.42456185
0.42489636
0.42494042
0.42478912
0.42449634
0.4240384
0.42330652
0.42218899
0.42108229
0.42071537
0.42054183
0.42043978
0.42018644
0.42049803
0.42116661
0.42245625
0.42423473
0.42375465
0.42209133
0.42186142
0.42367901
0.41942687
0.41474511
0.41290018
0.41270945
0.40978148
0.40540525
0.4029901
0.40034155
0.39835487
0.39731518
0.41021402
0.41032383
0.41028191
0.41014949
0.41000128
0.40986502
0.40976026
0.40974321
0.4099977
0.41039125
0.41074111
0.41084324
0.41065678
0.41043291
0.41072586
0.41180718
0.41206708
0.41403289
0.41407674
0.41184283
0.41004676
0.41265136
0.40995591
0.40735032
0.40675569
0.40582539
0.40299222
0.40125405
0.39907997
0.39746518
0.39659079
0.40372728
0.40380287
0.40375652
0.40362057
0.40344866
0.403284
0.40315263
0.40307436
0.40305055
0.40304277
0.4030521
0.40313418
0.40348488
0.40415712
0.40488552
0.40512996
0.40569718
0.40590146
0.40603673
0.4061188
0.40491183
0.4049202
0.40550356
0.40435997
0.40276768
0.40259355
0.40147168
0.39945951
0.39796819
0.39678509
0.39611837
0.39911087
0.3991595
0.39917753
0.3991881
0.39921086
0.39924693
0.39929111
0.39934415
0.39941764
0.39953687
0.39974273
0.40013865
0.40075631
0.401276
0.40155644
0.40184685
0.40174675
0.4021186
0.40206099
0.40207864
0.40255575
0.40188973
0.40170082
0.40204268
0.4008826
0.4002184
0.39946417
0.39835346
0.39731384
0.39640839
0.39587073
0.3973597
0.39739362
0.39741455
0.39743487
0.39746339
0.39750034
0.39754444
0.39759779
0.39766841
0.39777028
0.39792105
0.3981247
0.3984202
0.39877485
0.39899331
0.39923477
0.39962001
0.39971362
0.3998081
0.39974923
0.39994996
0.40001604
0.39975929
0.39945792
0.39968443
0.39892605
0.39841398
0.39773059
0.3969288
0.39624468
0.39575219
0.39661502
0.39663632
0.39665623
0.39668096
0.39671343
0.39675295
0.39679855
0.39685213
0.39691966
0.39701176
0.39714336
0.39734824
0.3976309
0.39793393
0.39806253
0.3980476
0.39807989
0.39812494
0.39818064
0.39831403
0.39848735
0.39832417
0.39867055
0.39844918
0.39855639
0.39830548
0.3979179
0.39746107
0.3968234
0.39631915
0.39614021
0.39660675
0.39660046
0.39659981
0.39660665
0.3966212
0.39664307
0.3966721
0.3967092
0.39675732
0.39682365
0.39693119
0.39713268
0.39741121
0.39753081
0.39757734
0.39758444
0.39758793
0.39760613
0.39762986
0.39766295
0.39797825
0.39781172
0.39803966
0.39810869
0.3981067
0.39803506
0.39780766
0.39748404
0.39730122
0.39710485
0.39697175
77.220802
141.73066
224.66574
303.91365
364.82189
402.45546
416.82357
411.70622
391.94861
355.83317
312.15837
264.42609
215.69808
168.48776
124.64905
85.412367
51.600471
25.080633
9.1912793
2.980107
1.3444101
0.89782122
0.71119743
0.59318563
0.52293285
0.48057204
0.45340828
0.43587075
0.42339579
0.41537925
0.41108312
166.9425
255.46699
327.55885
379.31214
412.3792
427.09579
425.50173
412.29454
382.70461
343.43549
298.76589
251.44809
203.98002
158.43269
116.36519
78.832011
46.595461
21.79495
7.5861956
2.5502292
1.2315123
0.86239308
0.69560519
0.58469338
0.51857556
0.47844533
0.45226175
0.43525625
0.42305304
0.41518742
0.41100003
249.52731
316.97952
371.27797
410.30492
432.09225
437.29222
428.73726
406.56364
372.60451
331.6099
286.50622
239.72817
193.43058
149.37469
108.89083
72.89422
42.129875
19.013881
6.4441278
2.2113496
1.1621357
0.84606091
0.68812051
0.58049979
0.51635487
0.47731184
0.45158458
0.43486891
0.42281012
0.4150297
0.41089586
320.47935
374.51817
414.43195
438.80591
447.64116
443.47209
428.12044
399.41959
362.64067
320.43918
275.18053
229.02335
183.84025
141.14946
102.09984
67.50155
38.11025
16.623848
5.5086467
1.9903386
1.1094068
0.82372049
0.67651102
0.5739337
0.51291126
0.47560226
0.45062466
0.43433922
0.42250438
0.41484951
0.41078041
373.53767
414.70128
442.36916
456.09607
456.86325
446.48771
423.66962
391.55682
352.88199
309.88102
264.6807
219.20208
175.08414
133.65141
95.908293
62.584606
34.478274
14.530104
4.727387
1.7814706
1.0637839
0.80826316
0.66874839
0.56961962
0.5106432
0.47445815
0.44993376
0.43393993
0.4222557
0.41468774
0.41066329
415.03639
446.03529
463.80413
468.65655
463.18253
446.03486
418.50617
383.69018
343.53
299.99902
254.99191
210.20913
167.09434
126.81521
90.258684
58.086148
31.19745
12.684334
4.0808919
1.6392261
1.027578
0.79146253
0.65943095
0.56432428
0.50782257
0.47304224
0.44910662
0.4334695
0.42197539
0.41451403
0.41054382
447.50626
469.8008
479.37921
477.82591
466.00646
443.51011
412.86527
375.99222
334.71845
290.86055
246.12152
202.01629
159.82789
120.59529
85.107695
53.978898
28.236381
11.076819
3.5550359
1.5116049
0.99623481
0.77792711
0.65211793
0.56028931
0.5056817
0.47195851
0.4484405
0.43307634
0.42172921
0.41435086
0.41042348
473.11556
488.10665
491.07151
484.64637
466.93321
440.57733
407.28347
368.72241
326.58502
282.52495
238.07798
194.60378
153.25275
114.95642
80.420937
50.231542
25.563777
9.6906291
3.1347999
1.4196894
0.9701037
0.76458027
0.6443931
0.55593883
0.50333419
0.47076406
0.44771956
0.43265193
0.42146904
0.41418183
0.41030195
493.70045
502.52465
500.49701
488.79703
466.87063
437.44674
401.98488
362.05301
319.22908
275.03329
230.86452
187.95408
147.34272
109.87103
76.181216
46.822125
23.169965
8.5100277
2.8079459
1.3453947
0.94731814
0.75314455
0.63784322
0.55235165
0.50140614
0.46977393
0.44710183
0.43227585
0.42123046
0.41401917
0.41017953
510.84586
514.46271
508.27542
491.60481
466.44068
434.49371
397.21425
356.1284
312.72397
268.41213
224.47935
182.05042
142.07524
105.31637
72.377598
43.752843
21.035154
7.5158363
2.5387976
1.2891956
0.92775472
0.74241383
0.63138608
0.54875607
0.49944463
0.46875532
0.44647336
0.4318902
0.4209875
0.41385408
0.41005617
525.6974
524.95555
514.54117
494.02625
466.14846
432.00879
393.15038
351.05111
307.11969
262.67682
218.9171
176.87661
137.43015
101.27466
68.986788
41.00541
19.138678
6.6885747
2.3345138
1.2434009
0.91060523
0.73304717
0.62573073
0.54566693
0.49776423
0.46787129
0.44591755
0.43153742
0.42075925
0.41369321
0.40993196
538.66396
534.3896
519.93528
496.51027
466.257
430.17074
389.91936
346.89283
302.44978
257.83528
214.17049
172.41689
133.38812
97.737066
65.986221
38.560035
17.472055
6.0092575
2.1700801
1.2073831
0.89581216
0.72454902
0.6203917
0.54270593
0.49613359
0.46700052
0.44537434
0.43118683
0.42053174
0.41353192
0.40980691
550.57613
543.02049
525.26315
499.3187
466.82274
429.11656
387.61039
343.70581
298.73779
253.89136
210.23178
168.65787
129.93902
94.674252
63.352266
36.404224
16.020149
5.4578399
2.0467167
1.1784858
0.88298163
0.71716376
0.61568339
0.5401159
0.49470733
0.46622694
0.4448871
0.43086095
0.42031509
0.41337379
0.40968109
561.8435
551.21996
530.81606
502.63324
468.06915
428.98244
386.28412
341.5264
296.0057
250.85825
207.1036
165.60822
127.06757
92.061811
61.067673
34.51792
14.768266
5.0171931
1.9545708
1.1558144
0.87205506
0.71067333
0.61138676
0.53771417
0.4933671
0.46548836
0.44442396
0.43054368
0.42010185
0.41321638
0.40955454
573.14593
559.59239
536.89374
506.72354
470.51686
429.71836
386.04514
340.43254
294.30057
248.78379
204.81294
163.25615
124.76176
89.903677
59.134596
32.877564
13.700599
4.6723653
1.8890008
1.1382554
0.86284897
0.70515674
0.60763676
0.53561422
0.49218619
0.46482769
0.44400665
0.43024685
0.41989747
0.41306192
0.40942712
584.98666
568.86607
544.02007
511.95277
474.12302
431.96972
386.91746
340.51809
293.68783
247.64983
203.33969
161.58064
123.02097
88.198177
57.552993
31.475035
12.802559
4.4132701
1.8399078
1.1246709
0.85531401
0.70050593
0.60433182
0.53373035
0.49110405
0.4642137
0.44361786
0.42996203
0.41969814
0.41290933
0.40929856
596.92049
578.97887
552.30278
518.49275
479.06343
435.50462
389.20979
341.6333
294.02286
247.40608
202.64475
160.58723
121.84383
86.945221
56.322977
30.329251
12.078747
4.2028216
1.7955821
1.1142416
0.84936905
0.69672992
0.60152422
0.53211448
0.49015395
0.46366791
0.44326768
0.42969535
0.41950664
0.41275947
0.40916888
605.35286
586.88035
559.4959
524.80318
484.39529
439.79478
392.48864
343.9118
295.38172
247.98967
202.72568
160.27864
121.23413
86.147362
55.444606
29.448261
11.511095
4.0345692
1.7607677
1.1071647
0.84499511
0.69375917
0.59916447
0.53072684
0.48930566
0.4631748
0.44294649
0.42944245
0.4193211
0.41261182
0.40903814
612.77457
593.38348
565.54358
530.53021
489.6851
444.49346
396.47809
347.11123
297.76127
249.60494
203.64946
160.62094
121.19767
85.810455
54.919843
28.835367
11.085138
3.9006957
1.7324118
1.1030749
0.84218898
0.69157064
0.59727166
0.52959021
0.48857479
0.4627449
0.44265886
0.42920646
0.41914315
0.41246686
0.40890644
622.00099
601.30035
572.58413
537.01526
495.7152
450.01804
401.38393
351.27298
301.1014
252.12554
205.40651
161.73312
121.75277
85.920106
54.752669
28.492866
10.791296
3.7952823
1.7104759
1.1019506
0.84098094
0.69012273
0.59582768
0.52868849
0.4879491
0.46237104
0.44239996
0.42898523
0.41897198
0.41232431
0.40877386
631.10745
609.72132
580.43321
544.41457
502.69326
456.53386
407.31108
356.47049
305.44792
255.5867
208.0089
163.56474
122.91647
86.547121
54.943863
28.423341
10.62599
3.7116709
1.6935736
1.1036572
0.84140569
0.68942382
0.5948484
0.52803448
0.48743836
0.4620583
0.44217201
0.42878006
0.41880835
0.41218423
0.40864041
639.77416
618.22739
588.81466
552.63939
510.65607
464.10959
414.33437
362.75544
310.85215
260.03047
211.48812
166.1453
124.70352
87.672286
55.530726
28.643672
10.594365
3.6425024
1.680968
1.1084216
0.84348225
0.68951465
0.59432936
0.52762052
0.48703705
0.46180139
0.44197156
0.42858889
0.41865129
0.41204606
0.40850618
647.61372
626.15968
597.06973
561.22684
519.44989
472.73379
422.46626
370.16154
317.34896
265.49127
215.87598
169.5048
127.13608
89.316141
56.511315
29.171199
10.690983
3.5763508
1.6714727
1.1156627
0.84714748
0.69045177
0.59425111
0.52743641
0.48674156
0.46159655
0.44179672
0.42841053
0.41850024
0.41190951
0.40837118
653.28992
632.11419
603.52605
568.19932
526.8359
480.31329
429.9025
377.15087
323.66853
270.95146
220.374
173.03004
129.74855
91.132633
57.63916
29.822104
10.911212
3.4921554
1.6641122
1.1247482
0.85213015
0.69204156
0.59441206
0.52744033
0.48653101
0.46143119
0.44164193
0.42824243
0.41835437
0.41177461
0.40823549
77.013428
133.69661
210.92747
287.07361
348.55447
389.42192
408.22238
407.16436
390.58349
357.2109
315.39684
268.6544
220.20121
172.81026
128.51545
88.679408
54.180632
26.762568
9.9495394
3.1541776
1.3801037
0.91005127
0.71690145
0.59644333
0.52469991
0.48150254
0.45395232
0.43617576
0.42358595
0.4155018
0.41112724
77.444381
130.45385
204.18256
278.02808
338.78255
380.24273
400.56239
401.32753
386.63296
355.3368
314.57306
268.59404
220.76309
173.73586
129.59458
89.76341
55.197656
27.542371
10.357085
3.266596
1.4031051
0.91810504
0.72075761
0.59877807
0.52600964
0.48208287
0.45429777
0.43637677
0.42371534
0.41559364
0.41117205
78.367223
127.73473
197.29787
268.70662
328.64871
370.65789
392.46257
395.07171
381.953
352.6288
313.34965
268.42905
221.28355
174.66193
130.70063
90.888854
56.258657
28.366785
10.800868
3.3909128
1.4284577
0.92631005
0.72457689
0.60099934
0.52722313
0.48282549
0.45472703
0.43660992
0.42386151
0.41568456
0.41123548
79.77316
125.30251
190.56159
259.2887
318.27204
360.71963
383.93515
388.37916
376.92594
349.61201
311.90567
268.123
221.74103
175.57528
131.82657
92.053398
57.361569
29.241561
11.282184
3.5299203
1.4568199
0.93600664
0.72910784
0.60387095
0.52885513
0.48342008
0.45508621
0.43682719
0.42400401
0.41578945
0.41131189
82.01535
123.66012
184.29679
250.00837
307.78265
350.48547
374.99836
381.24496
371.52093
346.26228
310.21278
267.66013
222.11742
176.46415
132.96594
93.254719
58.503287
30.169508
11.801008
3.6841183
1.4880839
0.94460797
0.73300713
0.60608395
0.53007588
0.48431895
0.45559907
0.43710174
0.42417444
0.41589802
0.41137202
84.562623
122.26085
178.31294
240.82209
297.18943
339.98259
365.67315
373.67446
365.71999
342.55806
308.2448
267.01573
222.39282
177.31515
134.11068
94.48907
59.6849
31.151011
12.351998
3.8590949
1.5239933
0.95640948
0.73835322
0.60952268
0.53202452
0.48518194
0.45609614
0.43737794
0.42434879
0.41601353
0.41141731
88.287652
121.97882
173.07965
232.07948
286.72753
329.3494
356.0275
365.68737
359.49975
338.49031
305.97963
266.16835
222.54864
178.11806
135.25626
95.75608
60.919125
32.190533
12.949253
4.0519413
1.5636024
0.96755384
0.74331555
0.61263862
0.5338146
0.4861106
0.45663009
0.43767174
0.42453308
0.41613623
0.4114711
92.592556
122.31804
168.46243
223.70621
276.37175
318.58862
346.07584
357.30181
352.90959
334.02565
303.40677
265.10616
222.56561
178.86827
136.40322
97.058839
62.200311
33.285632
13.614353
4.2674725
1.6076028
0.97936408
0.74847669
0.61593506
0.53572853
0.48711304
0.45720187
0.4379854
0.4247297
0.41626587
0.41156017
97.937928
123.43346
164.80474
215.99973
266.33498
307.84244
335.90386
348.55488
345.92249
329.1636
300.49661
263.79985
222.4672
179.54518
137.53344
98.381781
63.524124
34.438936
14.335431
4.5083302
1.6566375
0.99186855
0.75387411
0.61937942
0.53777091
0.48818891
0.45781611
0.43831836
0.42493612
0.41640257
0.41168641
103.85762
125.37064
161.87356
208.94588
256.70161
297.20786
325.58664
339.48881
338.55596
323.89553
297.23156
262.22672
222.19439
180.13162
138.63547
99.717529
64.88651
35.657583
15.115958
4.7777752
1.7114165
1.0050622
0.7593773
0.62297986
0.53994008
0.48934792
0.45847445
0.4386748
0.42515756
0.41654609
0.4117995
110.53123
128.42088
160.13042
202.8058
247.64859
286.81557
315.21708
330.15802
330.85009
318.21741
293.5983
260.3646
221.70616
180.60842
139.69658
101.05819
66.282107
36.931
15.96209
5.079927
1.7727172
1.0189403
0.76515338
0.62672284
0.54226456
0.49059267
0.4591816
0.43905268
0.42538752
0.41669781
0.41190518
117.49773
132.15607
159.13831
197.47574
239.22453
276.76414
304.89146
320.63327
322.85129
312.14008
289.58994
258.19708
221.00392
180.95781
140.7031
102.395
67.705331
38.249219
16.850059
5.4158096
1.8413587
1.0335637
0.77083068
0.63052057
0.54468747
0.49192283
0.45993952
0.43945758
0.42563604
0.41685745
0.41201568
124.47207
136.49386
159.35753
193.34241
231.68713
267.23113
294.73607
311.01504
314.60275
305.69677
285.20998
255.71341
220.07038
181.16028
141.64054
103.71827
69.150296
39.610256
17.774693
5.7897441
1.9182733
1.0487336
0.77675997
0.63448773
0.54731365
0.49335953
0.46075078
0.439886
0.42589018
0.41702517
0.41213301
130.98834
140.7426
160.10106
190.05211
225.01592
258.32536
284.91221
301.39179
306.15834
298.93286
280.47823
252.91211
218.89133
181.18005
142.49354
105.0175
70.61039
41.00924
18.752407
6.20474
2.0046048
1.0648801
0.78241789
0.63830389
0.54995628
0.49487164
0.46162049
0.44034457
0.42616752
0.41720061
0.41225565
136.54811
144.90573
161.45447
187.78857
219.33976
250.19313
275.55637
291.91821
297.58521
291.93371
275.42658
249.80252
217.46637
181.07735
143.25406
106.28225
72.078178
42.439892
19.780831
6.6656843
2.1016591
1.0812935
0.7879216
0.64231382
0.55286466
0.49652405
0.46254455
0.44082871
0.42644566
0.41738239
0.41238374
141.09836
148.61221
163.35938
186.6617
214.82376
243.02563
266.84109
282.76689
289.01758
284.77774
270.11124
246.40748
215.7977
180.79657
143.91006
107.50229
73.545902
43.894914
20.867304
7.1669606
2.2108625
1.0990824
0.79353158
0.64601744
0.55568454
0.49823521
0.4635365
0.44134489
0.42675205
0.41757279
0.41251724
145.25147
152.43183
166.04892
186.77885
211.6234
236.97914
258.9307
274.11033
280.61378
277.57215
264.60631
242.7674
213.89509
180.30943
144.44934
108.66817
75.007332
45.37004
22.015571
7.7358094
2.3342967
1.1173677
0.79784113
0.64964248
0.55873705
0.50010643
0.46457646
0.44188729
0.42705338
0.41776657
0.41265467
150.00111
157.28864
169.71005
187.73668
209.59333
232.11035
251.97611
266.12006
272.55052
270.44934
259.00487
238.938
211.784
179.6466
144.86672
109.7719
76.457063
46.866942
23.236665
8.356884
2.4733668
1.1366544
0.80307444
0.65327844
0.56176239
0.50205508
0.46569493
0.44246169
0.42738722
0.4179719
0.4127944
157.08909
163.92744
174.90899
190.47143
209.44822
228.69909
246.15608
258.95519
265.00382
263.55238
253.41405
234.98591
209.49774
178.81849
145.15981
110.80522
77.884268
48.38502
24.510038
9.0054554
2.6305845
1.1588707
0.80690722
0.65600923
0.56462601
0.50407483
0.46683976
0.44305878
0.42771249
0.41817632
0.41293567
167.15753
172.68021
181.83877
194.67536
210.14772
226.46899
241.45768
252.69084
258.10884
257.01069
247.93837
230.98535
207.07939
177.84159
145.32919
111.75903
79.274804
49.900898
25.818466
9.7159525
2.8083174
1.1832792
0.80954025
0.65925018
0.56796351
0.5063111
0.46807054
0.44368733
0.42807131
0.41839624
0.4130776
179.9531
183.53957
190.20355
199.948
212.06043
225.37859
237.80993
247.32314
251.93414
250.91786
242.66764
227.0059
204.57155
176.73095
145.35326
112.62213
80.617652
51.406171
27.156363
10.493894
3.012877
1.2124267
0.81526627
0.66157704
0.57032828
0.50832242
0.46928317
0.44433115
0.42842652
0.41860804
0.41321918
194.97578
196.41684
200.22834
206.69667
215.46715
225.58239
235.27057
242.87699
246.51748
245.33134
237.66536
223.10226
202.01159
175.50951
145.28983
113.39242
81.903449
52.890607
28.506887
11.309853
3.2435573
1.2455917
0.81691574
0.66298299
0.57372919
0.51079256
0.47057506
0.44500453
0.42880628
0.41883328
0.41335886
212.11255
211.43474
212.15487
215.02736
220.08085
226.67891
233.6531
239.27304
241.82762
240.25954
232.95862
219.30487
199.42328
174.19007
145.1137
114.06485
83.124898
54.348522
29.866855
12.155276
3.5011093
1.2829648
0.81931343
0.6656892
0.5759633
0.5127206
0.47181211
0.44569405
0.42919794
0.41904201
0.41349511
229.74465
227.38619
225.69872
225.28123
226.53757
229.47264
233.51944
236.68265
237.88233
235.6861
228.53493
215.61002
196.8057
172.76463
144.7896
114.62556
84.273663
55.776294
31.245689
13.066616
3.795702
1.3276233
0.82714093
0.66632148
0.57829253
0.51503537
0.47307916
0.44638443
0.42958133
0.41925388
0.41362538
244.20535
241.72856
238.83592
236.14822
234.38701
233.86067
234.31799
235.07572
234.66884
231.58197
224.35256
211.9791
194.12833
171.21032
144.3206
115.06025
85.338336
57.167462
32.632623
14.062678
4.1436434
1.379758
0.83056618
0.66695321
0.58138068
0.5170175
0.47434946
0.44712152
0.42999062
0.41945405
0.41374729
250.74378
249.49582
247.213
244.19536
240.97411
238.12093
235.93408
234.22025
231.97767
227.82468
220.3206
208.33625
191.33047
169.48192
143.67388
115.34971
86.30315
58.512377
34.031779
15.119223
4.5429956
1.4430202
0.8361619
0.6700452
0.58240704
0.51847477
0.47547275
0.44775273
0.43034102
0.41963628
0.41385707
249.7821
249.66237
248.44187
246.12002
242.96981
239.44384
236.01922
232.88157
229.19658
224.05391
216.21414
204.5292
188.30259
167.49707
142.7759
115.3809
87.127233
59.79278
35.426397
16.22772
4.9927705
1.5213307
0.84484058
0.67091273
0.58467891
0.52050062
0.47680632
0.44846438
0.43071237
0.41983323
0.41395128
244.27259
245.7819
245.82091
244.38518
241.86457
238.4578
234.61818
230.358
225.60479
219.72078
211.65935
200.31102
184.88025
165.14738
141.57692
115.2592
87.802968
60.993045
36.809861
17.393409
5.5126782
1.6169027
0.85690337
0.67243507
0.58628657
0.52107257
0.47767022
0.44896228
0.43101679
0.41998179
0.41402544
230.73163
234.48057
237.07751
237.96385
236.85377
234.16335
230.26003
225.54942
220.38951
214.26707
206.29025
195.4449
180.90554
162.33098
140.01015
114.88507
88.302993
62.093765
38.16775
18.601876
6.0939093
1.7308609
0.87279319
0.6753598
0.58643246
0.52221387
0.47876902
0.44942715
0.43132438
0.42014384
0.41407627
214.188
218.1594
221.4585
223.6111
224.37472
223.54744
221.18374
217.63668
213.092
207.38063
199.8977
189.79301
176.28869
158.9755
137.99374
114.10458
88.555519
63.064185
39.482907
19.845822
6.7496785
1.8672532
0.89251784
0.67819306
0.58804341
0.52292614
0.4795337
0.44981729
0.43156209
0.42023747
0.41409911
199.59219
203.191
206.37041
208.81654
210.24129
210.5123
209.5462
207.36266
203.96734
199.15732
192.52529
183.38942
171.05647
155.08797
135.52738
112.97301
88.5305
63.87643
40.734833
21.109479
7.4893035
2.0301861
0.91647178
0.68546745
0.58828138
0.52248448
0.47965978
0.44992691
0.43176543
0.42032355
0.41409046
189.29271
192.08429
194.59781
196.65001
198.03704
198.60647
198.26902
196.90558
194.40839
190.52007
184.80171
176.66938
165.5046
150.87139
132.73242
111.55912
88.360324
64.545959
41.909996
22.373537
8.2981984
2.2221876
0.94449471
0.69113039
0.58772392
0.52237214
0.47967082
0.44992352
0.43186997
0.42036552
0.41404635
184.52657
186.48058
188.16452
189.45052
190.25018
190.45631
189.94637
188.62272
186.33895
182.8146
177.64768
170.27203
160.08561
146.63905
129.81397
109.96476
87.95615
65.067649
42.999908
23.622594
9.1666089
2.445474
0.97664072
0.69728769
0.5878379
0.52209597
0.47937559
0.44982308
0.43185195
0.4203543
0.41396504
184.21787
185.68603
186.83167
187.57001
187.8052
187.42207
186.30704
184.37323
181.49641
177.5361
172.19272
164.97958
155.32863
142.74827
127.01851
108.34921
87.444972
65.47819
44.010464
24.843094
10.090794
2.7027285
1.0123841
0.70463352
0.58763729
0.52020658
0.47831711
0.44953612
0.43178752
0.42031857
0.41384824
186.32678
187.356
188.08087
188.4683
188.42808
187.73103
186.29332
183.91932
180.46694
175.79586
169.68827
161.90769
152.08482
139.78651
124.72065
106.94629
86.989482
65.857694
44.967682
26.036613
11.064481
2.9977017
1.0511155
0.71064609
0.58610308
0.51832975
0.4777915
0.44925021
0.43164213
0.42021536
0.41370018
189.05677
190.24206
191.02714
191.36299
191.10316
190.13922
188.27115
185.40442
181.43082
176.26261
169.68696
161.34137
150.95586
138.35958
123.40947
106.0989
86.829101
66.301758
45.904702
27.205975
12.057783
3.3391354
1.0934693
0.71305471
0.5837039
0.51752462
0.47625381
0.44846976
0.43129093
0.42007609
0.41353192
188.69404
190.15434
191.32683
192.09424
192.33438
191.84179
190.39298
187.77487
183.77494
178.18112
170.912
161.92846
151.08437
138.18284
123.08804
105.90878
86.909508
66.853326
46.854854
28.349818
13.052458
3.7532811
1.14233
0.71289189
0.5814488
0.5154188
0.47438818
0.44811545
0.43106501
0.41985065
0.41334555
184.16853
186.39399
188.30069
189.73327
190.54659
190.58637
189.64806
187.53048
183.88307
178.58584
171.47354
162.42969
151.38112
138.26989
123.11563
106.01057
87.262571
67.564889
47.858388
29.49405
14.056909
4.2173362
1.2006408
0.71201997
0.57958864
0.51382603
0.47375966
0.44771275
0.43061248
0.41953525
0.41315039
171.3988
174.8058
178.20565
181.32142
183.86802
185.46949
185.84961
184.70776
181.99965
177.39214
170.75427
162.01133
151.1341
138.12826
123.05516
106.09902
87.692864
68.316862
48.881101
30.644789
15.09485
4.7264456
1.2763935
0.71306681
0.57859396
0.51329223
0.47320816
0.44734426
0.43029685
0.41933016
0.41294178
155.93551
159.20078
162.58901
165.94864
169.13273
171.97076
174.11561
175.15499
174.61657
172.08792
167.11091
159.57507
149.54142
137.12311
122.4831
105.87609
87.749274
68.862112
49.803974
31.786834
16.199611
5.3127331
1.3818486
0.71768754
0.57863318
0.51336666
0.4730611
0.44735154
0.43011429
0.4190725
0.41271179
145.17964
147.8199
150.57026
153.34344
156.02781
158.46617
160.44254
161.64839
161.79073
160.47302
157.37447
152.0362
144.116
133.50293
120.30706
104.76634
87.386999
68.951642
50.533026
32.869289
17.351412
6.0260795
1.5216668
0.72809822
0.58057584
0.51447113
0.4733499
0.44748021
0.42992938
0.41885895
0.41245914
139.83068
141.80436
143.81936
145.82733
147.74072
149.43744
150.7511
151.45403
151.32574
150.03788
147.26277
142.66506
135.9228
126.81489
115.30555
101.57771
85.875028
68.632046
50.860019
33.73957
18.460558
6.843965
1.70393
0.74544697
0.58779545
0.51821849
0.47486522
0.4477689
0.42989544
0.41876211
0.41217996
137.78292
139.36238
140.92127
142.42107
143.7797
144.88785
145.58999
145.7343
145.10054
143.43593
140.46585
135.91048
129.52598
121.12315
110.59197
97.970331
83.476928
67.556587
50.824525
34.372188
19.444636
7.6872655
1.931963
0.76887129
0.59484802
0.52240598
0.47695917
0.44835316
0.42989872
0.41855205
0.41186679
136.05348
137.52129
138.96417
140.33381
141.53853
142.46556
142.96187
142.88247
142.00747
140.11177
136.95704
132.31766
125.97673
117.77781
107.64097
95.595418
81.81997
66.683323
50.796411
34.905463
20.336734
8.5167487
2.2086593
0.79789687
0.59900259
0.52504929
0.47834987
0.44877524
0.4298764
0.41833681
0.41151991
131.41409
132.95964
134.50923
136.00414
137.3712
138.50303
139.24982
139.4505
138.89333
137.32569
134.48711
130.13213
124.04987
116.09264
106.21327
94.484451
81.107193
66.446002
50.948098
35.576893
21.310835
9.4263433
2.5440623
0.83519351
0.60135348
0.52604434
0.47898073
0.44891124
0.42981232
0.41810484
0.41113324
123.4155
125.02907
126.69288
128.35039
129.93408
131.35053
132.47472
133.12967
133.14481
132.26499
130.21236
126.69071
121.43132
114.23329
104.99593
93.773256
80.817101
66.547412
51.518743
36.521284
22.43293
10.441303
2.9534878
0.88630859
0.60274992
0.52612676
0.47910314
0.44890626
0.42971479
0.41776597
0.41069938
116.74166
118.18591
119.68384
121.19652
122.67033
124.02957
125.17086
125.94917
126.19981
125.71294
124.22797
121.46047
117.11651
110.93777
102.74641
92.493927
80.297855
66.586005
52.167509
37.522275
23.624563
11.567346
3.5073661
0.96166807
0.60414333
0.52570038
0.47902754
0.44879543
0.42950547
0.41731485
0.41021115
112.10716
113.32887
114.58902
115.85889
117.09315
118.22792
119.17603
119.8145
120.00458
119.5631
118.26248
115.84978
112.05557
106.62357
99.351582
90.144049
79.06464
66.287394
52.360976
38.250967
24.662776
12.677142
4.1682924
1.0679644
0.60624178
0.52329553
0.47844053
0.44825982
0.42894874
0.4166926
0.40966219
107.66915
108.75247
109.86803
110.98912
112.0747
113.06731
113.88874
114.42852
114.56462
114.13075
112.92369
110.71493
107.2589
102.31522
95.682883
87.246
77.026523
65.24357
52.183647
38.576368
25.377131
13.571728
4.7864636
1.2033138
0.61082502
0.51852268
0.47581609
0.44639999
0.42769967
0.41582707
0.40904991
102.98273
103.98104
105.01231
106.05143
107.06172
107.99159
108.77063
109.3
109.46564
109.11852
108.07032
106.10764
102.99707
98.504293
92.425014
84.627052
75.099483
64.000207
51.680503
38.707254
25.934025
14.337276
5.3475919
1.3684951
0.62018202
0.51572849
0.47265725
0.44455544
0.42649004
0.41496843
0.40838652
98.130032
99.042888
99.989366
100.94767
101.88597
102.75925
103.50559
104.03889
104.25295
104.01766
103.1597
101.48097
98.759914
94.766639
89.289454
82.173794
73.371677
62.994565
51.358311
39.004024
26.698251
15.354697
6.2148225
1.5914235
0.63709176
0.51522443
0.47131163
0.44357519
0.42567454
0.41437812
0.40768819
93.705144
94.525047
95.376511
96.240914
97.09065
97.886483
98.574259
99.079022
99.304676
99.137214
98.420002
96.972133
94.587481
91.046074
86.136272
79.688596
71.622549
62.000692
51.080778
39.342647
27.492621
16.408582
7.1532012
1.8775739
0.66406839
0.51598632
0.47114556
0.44322375
0.42528705
0.41407143
0.4069642
89.205404
89.945137
90.714598
91.497837
92.270818
92.999248
93.635617
94.114543
94.3491
94.23933
93.643981
92.39837
90.31156
87.176277
82.785902
76.963163
69.603449
60.726446
50.527682
39.418792
28.036767
17.228426
7.964672
2.2288823
0.70431413
0.51789411
0.4711968
0.44305708
0.42499508
0.41351509
0.40620253
85.251979
85.918075
86.611723
87.319094
88.019115
88.681629
89.264741
89.710992
89.942076
89.869613
89.366415
88.283114
86.444378
83.654502
79.71177
74.434981
67.699833
59.488467
49.944061
39.422885
28.487367
17.948239
8.7038399
2.6056013
0.76328572
0.51966152
0.47098773
0.44265949
0.42430828
0.41240561
0.40539276
80.982026
81.586601
82.217749
82.863672
83.506157
84.119007
84.665652
85.096313
85.340275
85.320693
84.923514
84.013929
82.431541
79.994183
76.509027
71.793193
65.707134
58.2004
49.364812
39.480817
29.066465
18.846279
9.7102371
3.201142
0.85879542
0.52204263
0.46915904
0.44095785
0.42248754
0.41110988
0.40455314
77.448824
77.993193
78.562143
79.145445
79.72717
80.284348
80.784835
81.184763
81.421539
81.426834
81.098967
80.316385
78.932927
76.780063
73.67488
69.4366
63.914511
57.028778
48.822152
39.51229
29.603328
19.707878
10.665092
3.7714528
0.99664064
0.52782296
0.46623966
0.43892067
0.42137558
0.41038439
0.40367831
73.286172
73.782059
74.301822
74.83666
75.372872
75.890585
76.361865
76.748435
76.996253
77.042747
76.800283
76.15958
74.988812
73.133608
70.422774
66.681288
61.753835
55.541253
48.050045
39.452141
30.091349
20.592669
11.739329
4.6190737
1.1819756
0.53968558
0.46523107
0.43771402
0.42030018
0.40926541
0.40273662
70.076452
70.526344
70.998531
71.485218
71.974343
72.448375
72.882614
73.243147
73.482305
73.54329
73.34868
72.799741
71.776746
70.138796
67.72723
64.374567
59.9244
54.261612
47.355277
39.309209
30.489915
21.356681
12.657324
5.3444774
1.4177718
0.56009011
0.46533045
0.43720923
0.41960013
0.4085818
0.40182346
65.824313
66.234993
66.667195
67.114367
67.566204
68.007635
68.417325
68.765868
69.0124
69.105499
68.979112
68.545683
67.699101
66.311693
64.237028
61.319008
57.403567
52.370433
46.169802
38.876251
30.670528
22.059909
13.692306
6.3809751
1.7293819
0.5929423
0.46594817
0.43654807
0.41872048
0.40754375
0.40121533
63.087398
63.464159
63.860958
64.272015
64.688108
65.095713
65.475645
65.801403
66.036232
66.132979
66.032018
65.652986
64.898239
63.65122
61.778384
59.133359
55.56754
50.953552
45.21978
38.39901
30.666109
22.437534
14.288906
6.9785992
2.0869348
0.6436832
0.46712962
0.43590661
0.41806636
0.40679556
0.39945791
58.724306
59.07245
59.440623
59.824164
60.215412
60.602997
60.970662
61.295806
61.547562
61.683442
61.653805
61.388357
60.801591
59.788734
58.225277
55.973781
52.893398
48.855838
43.775555
37.649201
30.607683
22.948633
15.213709
8.0715403
2.6940794
0.73253159
0.46948241
0.43403839
0.41628139
0.40495948
0.39804247
56.570154
56.900944
57.251576
57.617925
57.993078
58.366686
58.72387
59.043859
59.298322
59.447243
59.445417
59.226887
58.711666
57.802273
56.384085
54.326813
51.491487
47.747145
43.000384
37.231442
30.544705
23.215851
15.692117
8.6484043
3.1071585
0.85637787
0.47489612
0.43256728
0.41507494
0.40393112
0.39760288
51.32515
51.628746
51.951449
52.290192
52.639643
52.991735
53.334776
53.652336
53.921855
54.113009
54.186076
54.089467
53.75398
53.096096
52.016714
50.399699
48.118944
45.047548
41.078887
36.157969
30.322968
23.753819
16.818717
10.068576
4.2626681
1.0907696
0.48766503
0.42997256
0.41214293
0.4014145
0.39512687
135.80002
147.18267
156.77349
164.5286
170.78028
175.88967
180.09399
183.68957
186.83037
189.66993
192.39581
194.98562
197.51588
200.03008
202.52397
205.02265
207.71982
210.71636
213.96455
215.14142
214.36663
211.6131
204.58302
192.22916
178.44537
165.80671
155.41145
147.24682
140.02479
132.86839
127.41856
124.31166
120.79718
114.98287
106.91664
96.849329
84.045268
69.958409
59.159865
53.96279
52.51206
50.946765
46.21601
39.244875
34.893131
33.542433
33.410506
33.131451
32.523483
32.363595
32.535431
33.069927
33.365452
33.664577
33.7261
33.710446
33.309368
32.826936
31.677424
30.883161
29.118572
28.110414
25.308473
72.066774
82.073178
93.065853
104.04381
114.50174
123.9788
132.57963
140.80299
148.50867
155.95535
163.04418
170.08315
177.18292
184.11506
190.89547
197.80501
204.7742
211.59526
217.47451
219.80986
219.37797
216.22098
207.35668
193.43803
178.91366
166.24678
156.38948
148.78475
142.09316
135.79891
131.19039
127.80273
122.84982
115.38281
106.07703
95.282173
82.471599
69.16342
59.42855
54.992561
53.773361
52.187535
47.362038
40.622463
36.641832
35.638457
35.820435
35.894374
35.529943
35.378552
35.537645
36.017922
36.22107
36.40035
36.322529
36.193067
35.633009
35.071809
33.767476
32.924124
31.032336
29.988455
27.048176
39.246773
44.39425
51.515126
61.312066
72.823265
85.460544
98.669876
111.92901
124.32266
136.20114
147.25772
157.6718
167.99295
178.20373
188.19715
198.3638
207.74875
216.70076
223.68653
225.18392
223.83661
219.09343
207.8748
193.34027
178.82069
166.52541
157.42608
150.52788
144.31876
138.79548
134.5841
130.3409
123.68113
114.69052
104.39937
93.194739
80.642754
68.27243
59.645074
55.949695
54.998656
53.529231
48.918696
42.474718
38.806898
38.094646
38.534663
38.932795
38.747405
38.561942
38.667173
39.042394
39.123559
39.159812
38.918379
38.666578
37.923481
37.273208
35.80752
34.902495
32.876592
31.78733
28.709937
30.363475
34.392495
40.063115
48.279006
58.639273
70.46612
83.372884
96.852039
110.63169
124.66182
138.14058
151.36018
164.43451
177.12683
189.21003
201.21721
212.16175
221.35152
226.65027
226.79711
224.3647
217.37852
205.25922
191.29488
177.75485
166.42043
158.28098
152.2309
146.52189
141.54542
137.21664
131.64866
123.26295
113.00914
102.102
90.808027
78.709185
67.375008
59.862346
56.8974
56.278676
55.092788
51.001675
44.888729
41.440622
40.927571
41.560784
42.221967
42.155227
41.895148
41.899406
42.127568
42.05936
41.938001
41.501356
41.122076
40.180931
39.430403
37.799144
36.82222
34.656243
33.515186
30.301444
28.90382
32.586021
37.447327
43.779039
51.521058
60.698324
71.863145
84.769699
98.853021
113.79699
128.92857
144.12693
159.15528
173.72666
187.71061
200.57912
211.58798
219.92303
223.30006
222.42938
218.56354
210.29355
198.97042
186.83266
175.36617
165.74502
158.79808
153.57038
148.39186
143.66533
138.70595
131.55273
121.64326
110.59362
99.540739
88.448919
76.904407
66.610525
60.177575
57.933197
57.727054
56.996607
53.675786
47.923426
44.566016
44.13804
44.888007
45.732395
45.725494
45.359484
45.203737
45.262644
45.012127
44.720024
44.066614
43.551058
42.403798
41.541164
39.743308
38.685187
36.37505
35.177666
31.82884
30.7832
34.456969
38.839809
44.079012
50.391368
57.962288
67.020181
77.80739
90.258689
104.18941
119.18941
134.76118
150.50809
166.00953
180.82179
193.92547
204.29505
211.05851
212.51787
210.86634
206.25966
198.59074
189.44073
180.21356
171.60322
164.2787
158.69132
154.24736
149.52045
144.75554
138.77116
130.12683
119.0124
107.84995
97.209366
86.544337
75.538023
66.17167
60.735295
59.193829
59.493972
59.331802
56.927351
51.601386
48.17914
47.709505
48.492329
49.430563
49.434124
48.922195
48.561656
48.432793
47.9614
47.488587
46.610789
45.944802
44.589853
43.603628
41.639135
40.491782
38.035949
36.778721
33.296948
34.239179
37.859649
41.927857
46.55605
51.917139
58.211738
65.665769
74.52736
84.970838
97.01902
110.5045
125.05502
139.99556
154.90964
168.93512
180.89912
189.91212
195.1051
195.6774
193.85596
189.64358
183.85742
177.76707
172.03791
166.67356
161.79838
157.78281
153.99902
149.58048
144.53588
137.49984
127.34807
115.84884
105.32852
95.713132
85.62802
74.992913
66.300468
61.700314
60.815475
61.68774
62.21624
60.657169
55.919858
52.252525
51.607903
52.340051
53.280843
53.251213
52.550933
51.952193
51.61537
50.895437
50.231959
49.12548
48.296016
46.734945
45.61564
43.484871
42.241584
39.641004
38.321073
34.709393
38.114972
41.478077
45.142032
49.21735
53.83732
59.163457
65.396077
72.752788
81.431096
91.499801
102.88846
115.42691
128.55855
141.71757
154.03942
164.44533
171.7935
175.59726
175.80461
174.10869
171.16399
167.92817
165.17258
162.95136
160.75308
158.22243
155.71467
152.75166
148.57698
142.99482
134.65938
123.75007
112.76664
103.67134
95.553215
86.111876
75.633136
67.272293
63.262551
62.92102
64.385866
65.708045
64.827333
60.776998
56.737595
55.785899
56.39056
57.246835
57.143453
56.21399
55.35244
54.784354
53.807286
52.939412
51.601441
50.598574
48.833569
47.574472
45.278462
43.934515
41.190782
39.806558
36.068827
41.801848
44.786016
47.961812
51.456048
55.388806
59.892221
65.121132
71.248196
78.426963
86.715583
96.098508
106.4049
117.31816
128.20364
138.24917
146.72664
152.5859
155.51546
155.93498
154.80984
153.44318
152.68054
152.84009
153.61849
154.08828
153.56914
152.32652
150.12138
146.1428
139.83406
130.73004
119.97014
110.45887
103.44538
97.126949
88.43555
77.829833
69.374666
65.652185
65.62484
67.646492
69.755724
69.409053
66.048937
61.570158
60.189816
60.59817
61.292155
61.075338
59.88072
58.740114
57.922255
56.682794
55.600158
54.029588
52.846261
50.88026
49.477046
47.017653
45.570027
42.685444
41.23641
37.377052
44.914515
47.468804
50.150336
53.093775
56.404927
60.18565
64.545066
69.599901
75.457331
82.184658
89.769146
98.080533
106.89157
115.64223
123.61459
130.22311
134.99066
137.70249
138.82995
138.99515
139.18361
140.03628
142.0416
144.79362
147.18413
148.07267
147.7581
146.23163
142.38205
135.60522
126.40274
116.76312
109.56006
104.99688
100.56201
92.786362
81.806568
72.814427
68.96338
69.041263
71.466191
74.270741
74.344459
71.607208
66.678107
64.766192
64.913665
65.380815
65.00982
63.522167
62.093726
61.012368
59.50801
58.203576
56.401111
55.032899
52.869696
51.320115
48.700087
47.147252
44.124856
42.61137
38.635111
47.231044
49.386139
51.631184
54.101184
56.884
60.053491
63.678825
67.831843
72.580058
77.970529
84.014516
90.628489
97.648361
104.6858
111.21611
116.79335
121.19952
124.39635
126.73324
128.60792
130.3231
132.19807
134.45009
137.51067
140.74127
142.39488
142.5786
141.50367
137.83452
131.00496
122.4896
114.86085
110.44443
108.38433
105.69903
99.090447
87.595838
77.687907
73.24821
73.23516
75.796885
79.14175
79.565588
77.31397
71.991855
69.467143
69.281475
69.480772
68.908602
67.111913
65.392817
64.038803
62.269531
60.739422
58.707587
57.152483
54.796781
53.100399
50.323385
48.66511
45.508673
43.93183
39.843358
48.579911
50.455778
52.397885
54.530956
56.927628
59.638965
62.707223
66.173915
70.0821
74.471643
79.365657
84.744517
90.513636
96.468494
102.29662
107.7264
112.67105
117.14875
121.1744
124.60825
127.4207
129.76437
131.64936
133.62258
135.99025
137.51294
137.71216
136.7524
133.24176
126.88505
119.83345
114.79229
113.23612
113.42553
112.24711
106.95357
95.043582
83.955162
78.504103
78.156078
80.585114
84.26633
84.958987
83.053416
77.448896
74.24441
73.642405
73.569128
72.731785
70.627174
68.618202
66.986615
64.954739
63.198005
60.941095
59.199297
56.656725
54.814706
51.885225
50.122518
46.836465
45.197938
41.001493
48.917366
50.687793
52.498588
54.468591
56.654439
59.097993
61.82629
64.866617
68.254059
72.032765
76.246374
80.931153
86.079466
91.660784
97.592191
103.66179
109.84003
115.95568
121.73683
126.77059
130.61007
133.00557
133.98317
134.13984
134.57396
134.80574
134.36056
133.05503
129.61192
124.20081
119.11825
116.65062
117.70541
119.92234
119.79633
115.71252
103.87905
91.453136
84.664513
83.678785
85.767656
89.541993
90.416246
88.756076
82.952499
79.040444
77.965705
77.606513
76.441544
74.050962
71.75218
69.841949
67.551984
65.570345
63.094326
61.16802
58.445116
56.460022
53.383401
51.518339
48.107745
46.40969
42.108555
48.314193
50.15524
52.009496
53.990703
56.156875
58.537892
61.155154
64.03547
67.220871
70.77194
74.757566
79.257246
84.401987
90.24113
96.814101
104.03753
111.87457
119.956
127.8246
134.69774
139.74347
142.2988
142.27791
140.24862
137.89413
135.78076
133.78685
131.57761
128.04904
123.74877
120.54375
120.47727
123.54673
127.33357
128.04781
124.91432
113.61852
99.928291
91.603489
89.664842
91.259151
94.867724
95.841089
94.353028
88.416009
83.80071
82.212797
81.54868
80.019405
77.367832
74.778611
72.59221
70.050736
67.848309
65.160677
63.053825
60.157979
58.033592
54.81588
52.851466
49.321995
47.566986
43.162918
46.740835
48.834867
50.923383
53.111049
55.448124
57.964527
60.683795
63.640269
66.893189
70.528384
74.64689
79.360485
84.812587
91.215614
98.733734
107.41312
117.0713
127.25203
137.35763
146.34895
153.04289
156.33826
155.83201
151.96745
146.69802
141.51198
136.97202
133.18956
129.26039
125.72264
124.37226
125.69924
130.39916
135.1841
136.60065
134.19578
123.7801
109.0795
99.153101
95.97763
96.974062
100.14097
101.15086
99.779791
93.762727
88.47469
86.349085
85.355389
83.458078
80.556612
77.683042
75.226215
72.441706
70.024721
67.134335
64.852452
61.791832
59.532977
56.180895
54.120819
50.478713
48.669683
44.164189
44.375571
46.8214
49.2633
51.792285
54.451232
57.266457
60.260578
63.472563
66.973351
70.857101
75.275478
80.374186
86.363248
93.518312
102.05033
112.06211
123.37485
135.58885
147.96355
159.39879
168.14963
172.91919
172.83372
168.15247
160.56653
152.26013
144.68243
138.58941
133.68971
130.55921
130.19019
132.15324
137.69249
143.0627
145.06366
143.25106
133.93799
118.59519
107.121
102.49612
102.78561
105.30044
106.27763
104.97921
98.925877
93.016739
90.343994
88.995631
86.746252
83.600693
80.452993
77.734331
74.71695
72.093455
69.010344
66.560278
63.343726
60.956103
57.476927
55.325464
51.577445
49.717636
45.113898
41.398545
44.207164
47.042597
49.982128
53.059544
56.292704
59.695637
63.299762
67.173045
71.432413
76.283226
81.859745
88.379069
96.143088
105.45663
116.51266
129.17278
143.26247
157.79774
171.50089
182.4801
189.47746
190.90079
186.69033
178.02333
167.23604
156.64218
147.95449
141.49403
137.83392
137.47838
139.47216
145.02401
150.63863
153.12971
151.81905
143.72768
128.18034
115.30658
109.12709
108.53199
110.31882
111.16849
109.90317
103.84873
97.386735
94.170992
92.450132
89.868316
86.486766
83.078077
80.10858
76.869931
74.049498
70.784654
68.174363
64.811275
62.301301
58.702759
56.464651
52.617824
50.710718
46.012651
37.967795
41.076608
44.275729
47.623069
51.150284
54.86553
58.771706
62.88453
67.265923
72.018576
77.294397
83.327205
90.306177
98.535888
108.39263
120.15775
133.74265
148.96188
164.77077
180.25644
193.76738
203.58823
207.62524
205.01725
196.8981
184.83377
171.79104
160.44309
151.90879
146.90686
145.7511
147.26344
152.12101
157.67025
160.56962
159.69807
152.84563
137.57721
123.51496
115.77851
114.08836
115.16564
115.78385
114.51303
108.48495
101.55053
97.807849
95.704489
92.811175
89.204394
85.550075
82.342718
78.895583
75.889008
72.454169
69.692501
66.192697
63.567348
59.857509
57.537846
53.599592
51.648845
46.860873
34.260587
37.560396
41.028873
44.717197
48.658184
52.855297
57.287265
61.962375
66.932679
72.244496
78.032459
84.540408
91.983707
100.62924
110.84661
122.89645
136.53057
151.41578
167.35117
183.99053
199.89685
213.06895
220.87721
220.85353
214.77999
203.02403
188.59844
174.93478
164.10614
157.17646
154.51095
155.15727
158.83145
164.00201
167.22444
166.75116
161.04231
146.58264
131.56842
122.3424
119.42413
119.7752
120.09504
118.7792
112.79915
105.48025
101.23685
98.748695
95.564762
91.745861
87.862953
84.432269
80.790325
77.609332
74.016758
71.113232
67.486817
64.753475
60.94064
58.544745
54.522633
52.531994
47.659333
30.400695
33.75952
37.374611
41.325816
45.648186
50.348554
55.416167
60.831991
66.577825
72.636394
79.107023
86.225271
94.222808
103.30504
113.5107
125.0501
137.78342
151.60861
166.9375
183.98068
201.27743
216.68631
228.30939
232.84614
229.70221
220.28492
205.94623
190.62715
177.45905
168.1413
163.30604
162.55904
164.79741
169.20922
172.72109
172.73559
168.24883
155.25046
139.5662
128.82506
124.49007
123.99711
123.98983
122.62987
116.82295
109.19443
104.44451
101.56077
98.11697
94.107643
90.013701
86.374039
82.551136
79.207921
75.470025
72.434537
68.692231
65.858878
61.951296
59.484486
55.386154
53.35937
48.407679
26.404983
29.811291
33.625753
37.94201
42.793604
48.184724
54.128374
60.550636
67.302642
74.318769
81.775766
89.707575
98.32063
107.54968
117.20213
127.54321
138.47274
150.04954
163.4718
179.77472
198.05595
215.54468
230.40886
239.43176
240.37449
234.56552
222.01019
206.14961
190.98973
179.18423
171.84755
169.15635
170.04197
173.35116
177.08445
177.71285
174.44043
163.31916
147.32164
135.11659
129.26686
127.81467
127.47778
126.06309
120.53742
112.67126
107.4212
104.13981
100.46499
96.287304
92.000485
88.167066
84.177483
80.68464
76.813916
73.656613
69.809072
66.883763
62.889698
60.357339
56.190437
54.131196
49.1065
22.653843
26.233133
30.501449
35.528451
41.224149
47.573976
54.482708
61.865919
69.739703
78.011932
86.675433
95.581581
104.69133
113.47357
122.17206
130.87171
139.51214
148.38654
159.20014
173.76605
191.77106
210.34602
228.21527
241.23512
246.31551
244.05828
234.9785
220.06408
203.72131
189.8101
180.04098
175.19909
174.73972
176.87146
180.55655
181.81178
179.51889
170.33134
154.50535
141.08341
133.78902
131.33352
130.62897
129.13292
123.87446
115.86449
110.16656
106.50391
102.61315
98.282786
93.822697
89.812516
85.670906
82.041278
78.050277
74.781478
70.838761
67.829228
63.757022
61.164531
56.936616
54.848508
49.757503
20.838769
24.651001
30.16429
36.520971
43.207564
50.261942
57.819087
66.028474
74.902651
84.142098
93.570745
102.97375
112.24836
120.59783
128.11718
134.9085
141.0428
147.63172
156.24288
168.65374
185.00705
203.4414
222.67316
239.00246
248.20399
249.15022
243.90528
231.5485
215.0594
199.6068
187.68016
180.70348
178.72731
179.89321
183.18709
185.05283
183.56589
176.22952
161.06137
146.6751
138.0361
134.55605
133.42859
131.85909
126.84298
118.77275
112.68
108.65631
104.56388
100.09648
95.482494
91.312547
87.033339
83.279627
79.180592
75.810508
71.782416
68.69628
64.554076
61.906718
57.625184
55.511584
50.361389
29.64004
34.294206
39.466558
45.182186
51.579985
58.336252
65.635927
73.6187
82.387484
91.489502
100.79536
109.99943
118.88379
126.71911
133.22438
138.57604
143.02707
147.78378
155.04792
166.17795
180.65059
197.36152
215.9868
233.96812
246.9175
250.92163
248.49996
240.04445
224.59982
208.26632
194.61521
185.6539
182.09353
182.41176
185.08681
187.49194
186.68385
181.00077
166.96138
151.85847
141.99463
137.49104
135.8907
134.25134
129.45666
121.39803
114.96452
110.60284
106.32223
101.7329
96.983745
92.670711
88.267879
84.402432
80.207126
76.745705
72.641665
69.486317
65.281974
62.584784
58.256793
56.120763
50.918522
235.76314
310.78557
375.76724
415.48924
430.00986
426.94741
410.45439
385.57681
357.83776
236.07131
307.19558
369.24814
407.53078
421.91119
419.17409
402.99305
378.67513
351.31415
236.06312
303.38715
362.32189
399.13367
413.33189
410.87882
395.07541
371.296
344.33107
235.83975
299.19546
354.93662
390.3056
404.26283
402.05293
386.66632
363.4073
336.84309
235.2823
294.66563
347.19746
381.05355
394.69221
392.67352
377.72792
354.99235
328.87164
234.40563
289.75824
339.00742
371.33192
384.60784
382.78415
368.28855
346.07286
320.40548
233.24711
284.50222
330.49037
361.2414
374.07515
372.39522
358.3442
336.6466
311.45481
231.89892
279.02443
321.76249
350.8237
363.12587
361.53406
347.90957
326.72643
302.03213
230.41856
273.39127
312.87193
340.13648
351.81004
350.23919
337.00879
316.33869
292.17011
228.88348
267.70968
303.86342
329.23069
340.16613
338.53084
325.66701
305.51165
281.89749
227.32357
261.99159
294.8102
318.16175
328.24846
326.47432
313.93106
294.28234
271.2451
225.67207
256.28597
285.74869
306.97671
316.11498
314.1239
301.84849
282.70413
260.27806
224.03508
250.6336
276.7128
295.72002
303.81859
301.52433
289.46414
270.82391
249.04231
222.41885
245.05296
267.73013
284.43171
291.40803
288.73179
276.85663
258.72814
237.63028
220.78522
239.52164
258.79444
273.1306
278.92374
275.80114
264.08609
246.47528
226.08776
219.19752
234.08826
249.93561
261.85507
266.41815
262.80867
251.24877
234.18346
214.55461
217.71627
228.77585
241.17439
250.63948
253.93651
249.81874
238.41883
221.92549
203.09083
216.45116
223.67898
232.57885
239.54827
241.5453
236.91756
225.69597
209.80694
191.80182
215.67758
219.03367
224.32132
228.6995
229.33951
224.20399
213.18791
197.94341
180.80846
214.15752
214.27895
216.21413
218.09261
217.32702
211.69909
200.90255
186.31386
170.05151
211.45541
209.10526
208.15933
207.7572
205.59278
199.50306
188.95274
175.04998
159.68958
207.49935
203.27606
200.02036
197.56962
194.09178
187.54289
177.21444
163.9648
149.46831
200.5066
195.47919
190.90391
187.05609
182.59845
175.71126
165.62907
153.02695
139.38342
189.31205
184.77857
180.22798
175.95946
171.01259
163.94942
154.12048
142.12182
129.27765
176.59479
172.87714
168.88451
164.67929
159.50177
152.30612
142.66267
131.17104
119.04013
164.50206
161.44651
157.94054
153.80083
148.39641
141.00486
131.43884
120.34017
108.82458
154.12848
151.317
147.86876
143.49161
137.68296
129.9649
120.35965
109.54463
98.544702
145.63602
142.58604
138.71373
133.72337
127.25037
119.04736
109.30778
98.722342
88.21367
137.97191
134.49568
130.01775
124.31254
117.1574
108.50587
98.679609
88.365112
78.381371
130.07887
125.99363
120.78349
114.34736
106.64453
97.786592
88.144541
78.339308
69.062102
123.7062
118.9288
112.80341
105.37102
96.842766
87.570256
78.014176
68.712282
60.182118
120.41832
115.53923
109.03804
100.95812
91.662934
81.758842
71.914049
62.705026
54.548214
117.77882
113.67482
107.82528
100.13552
90.94382
80.997561
71.063792
61.816477
53.70868
113.30104
110.45199
105.93156
99.354252
90.942832
81.428444
71.667982
62.434092
54.290501
106.40593
104.75786
101.74077
96.872626
89.831652
81.147701
71.877122
63.012656
55.124288
97.130052
96.329638
94.448864
91.03538
85.808661
78.699934
70.538793
62.308318
54.781844
84.523918
83.969451
82.59162
80.010686
76.055656
70.882472
64.740979
58.106384
51.674407
70.047687
69.27637
67.845378
65.464099
61.958125
57.425367
52.23283
46.956498
41.992935
58.545049
57.338403
55.505397
52.875656
49.395112
45.202754
40.619932
36.050124
31.842202
52.848709
51.428544
49.414794
46.69329
43.253084
39.256467
35.015805
30.884068
27.146383
51.260525
49.823777
47.837786
45.197015
41.893306
38.07669
34.038388
30.108092
26.536122
49.759391
48.420439
46.628505
44.275913
41.313018
37.829352
34.076777
30.378886
26.982625
45.283008
44.270451
43.038698
41.453843
39.303432
36.559063
33.376939
30.043578
26.883404
38.210424
37.180124
36.030221
34.749082
33.303139
31.556401
29.457855
27.113831
24.742465
33.591371
32.388871
31.04454
29.570006
27.939453
26.115698
24.114729
22.038489
20.037716
31.969582
30.562202
28.971372
27.239671
25.387314
23.426789
21.402057
19.405311
17.550993
31.553531
29.889259
27.98518
25.931753
23.821496
21.725396
19.698223
17.796869
16.086994
30.953638
28.998118
26.75405
24.373248
22.03163
19.848777
17.867846
16.101647
14.566268
30.153751
28.046909
25.618106
23.032542
20.502117
18.199417
16.199707
14.500772
13.080791
29.958195
27.820898
25.306156
22.559615
19.802862
17.270418
15.099006
13.317916
11.896267
30.13161
28.007892
25.479479
22.675953
19.801918
17.059108
14.642206
12.663816
11.132046
30.691209
28.595976
26.060022
23.186009
20.170467
17.272392
14.70109
12.549938
10.854595
31.058998
29.043492
26.581904
23.756837
20.739278
17.756728
15.031172
12.738351
10.92605
31.456557
29.546958
27.196879
24.470614
21.514851
18.534726
15.742103
13.303932
11.324439
31.637755
29.854599
27.647588
25.067032
22.239524
19.349606
16.595585
14.141471
12.087487
31.730152
30.067625
28.003971
25.575841
22.891984
20.118304
17.439082
15.013194
12.945158
31.451144
29.910521
27.984596
25.711855
23.187324
20.556997
17.990733
15.64001
13.609523
31.048217
29.603078
27.794452
25.645665
23.249712
20.749913
18.300534
16.039785
14.068733
30.03655
28.731917
27.092524
25.133824
22.923291
20.580486
18.256237
16.09789
14.208979
29.291573
28.054953
26.497319
24.632975
22.528137
20.297348
18.081745
16.012432
14.19002
27.642277
26.526188
25.1185
23.430387
21.51977
19.488197
17.460963
15.558684
13.874176
26.674792
25.619727
24.286714
22.685081
20.868629
18.933429
16.999665
15.184647
13.57901
23.998983
23.072367
21.905398
20.506348
18.920917
17.230828
15.53896
13.946433
12.532066
329.30202
297.434
258.58755
209.08542
140.10612
42.963996
323.07165
291.46589
252.89302
203.75309
135.59271
41.564882
316.40024
285.083
246.82595
198.14606
131.00482
40.063498
309.25069
278.25751
240.37986
192.27283
126.35001
38.476495
301.64791
271.02027
233.59435
186.18093
121.66264
36.827509
293.58324
263.36886
226.47886
179.89263
116.94407
35.134947
285.07018
255.32422
219.0515
173.42239
112.20975
33.414186
276.12482
246.9082
211.34526
166.79832
107.46232
31.683058
266.7838
238.15108
203.38655
160.04728
102.71836
29.95312
257.07378
229.09206
195.22141
153.20297
97.990962
28.237877
247.0301
219.76742
186.87951
146.2858
93.286316
26.545566
236.72447
210.25045
178.4355
139.36724
88.670057
24.891785
226.1969
200.56906
169.89717
132.43205
84.114724
23.28709
215.55037
190.84096
161.39781
125.61987
79.715011
21.744772
204.80577
181.04844
152.86332
118.77686
75.222415
20.232514
194.12628
171.38018
144.51143
112.15875
70.963802
18.780169
183.55066
161.84695
136.31632
105.69713
66.830438
17.401843
173.17964
152.539
128.35126
99.444876
62.85491
16.190895
163.14186
143.59775
120.77375
93.57734
59.219516
15.113105
153.33284
134.86742
113.36861
87.817776
55.594492
14.117471
143.94826
126.58952
106.42789
82.502865
52.32794
13.200016
134.66562
118.37646
99.501499
77.136161
48.918338
12.290492
125.50961
110.28174
92.668908
71.806129
45.432882
11.383064
116.28206
102.07163
85.670946
66.259811
41.713252
10.450953
106.85539
93.619042
78.41089
60.470376
37.827472
9.5095787
97.372193
85.043424
70.971939
54.457375
33.698715
8.5523296
87.734372
76.219501
63.185669
48.006797
29.115449
7.6151328
78.040233
67.346764
55.391199
41.636496
24.773771
6.7951738
68.871394
59.014752
48.157355
35.851365
21.03482
6.1446848
60.352602
51.432482
41.73429
30.885913
18.038689
5.6731211
52.310941
44.361008
35.855459
26.476863
15.572762
5.3527558
47.157219
39.813633
32.142368
23.860708
14.463481
5.2353009
46.392777
39.145412
31.66262
23.644543
14.518514
5.2801385
46.925383
39.614825
32.092835
24.053746
14.952107
5.3891759
47.939847
40.732106
33.231748
25.12679
15.781335
5.4805562
47.831904
40.778235
33.380529
25.306263
15.851419
5.4214765
45.538619
39.131919
32.222542
24.528608
15.38359
5.1959939
37.28414
32.326265
26.841876
20.550637
12.843109
4.6698375
27.926226
23.921099
19.626148
14.855223
9.2754161
4.1595854
23.680209
20.175938
16.521954
12.621742
8.329425
4.0416519
23.193566
19.786626
16.257114
12.53871
8.521111
4.2125574
23.765767
20.426047
16.931631
13.251885
9.4015157
4.5511493
23.844898
20.656331
17.267887
13.618213
9.6962436
4.8028731
22.314556
19.602576
16.590017
13.234065
9.5117067
4.8531829
18.093517
15.998483
13.693574
11.123098
8.2790802
4.6406141
15.766043
13.879261
11.879821
9.7467409
7.4906929
4.5113587
14.467196
12.77635
11.026575
9.2390019
7.4453555
4.533534
13.136991
11.660745
10.155941
8.6686347
7.3181797
4.5808491
11.791694
10.489265
9.195071
7.9578126
6.9177121
4.5554973
10.656565
9.4644198
8.3525321
7.3681111
6.6039295
4.4974003
9.8459911
8.6738298
7.6618323
6.8602615
6.3473407
4.4256802
9.4303052
8.1752547
7.1699852
6.4734905
6.1432504
4.3496516
9.372978
7.9700788
6.8742377
6.2026467
5.9804689
4.2710677
9.6039119
8.0466613
6.8161597
6.0638013
5.8798197
4.1991538
10.21438
8.4154485
6.9413903
6.0059189
5.7445188
4.1196969
11.006911
9.0562798
7.3261992
6.1043843
5.69337
4.050539
11.662408
9.633487
7.7423256
6.2425357
5.555199
3.9552564
12.14319
10.084772
8.1048967
6.4273675
5.5152044
3.8655057
12.334764
10.286326
8.2621293
6.4365438
5.2844102
3.716894
12.358346
10.32779
8.2991315
6.4210711
5.1154798
3.5659036
12.147335
10.18741
8.1890472
6.2470304
4.6426041
3.3421791
11.914765
10.005941
8.056795
6.1586834
4.5846553
3.190063
11.03712
9.2867217
7.489421
5.6900782
4.090312
2.856963
200.7617
169.87908
137.23604
100.29379
53.428268
8.0651839
223.70643
191.32181
156.67742
116.99697
66.18546
11.479787
246.49593
212.66956
176.02906
133.57843
78.658898
15.112317
268.22738
233.06795
194.5015
149.26609
90.059036
18.819315
288.13138
251.91148
211.75688
164.18461
101.34738
22.625435
305.41087
268.41904
226.97497
177.33572
111.06325
26.207862
319.56362
282.20554
240.00545
189.07475
120.68625
29.823113
330.47282
293.10479
250.52333
198.6532
128.22221
32.992644
338.11362
301.01412
258.32814
205.78579
133.68523
35.610541
342.61035
306.044
263.53788
210.71318
137.7115
37.683916
344.0753
308.39259
266.4493
213.7502
140.39522
39.290134
343.43305
308.32675
267.00784
214.91497
142.14095
40.526832
341.89097
307.23811
266.28649
214.52409
142.16754
41.374458
340.02438
305.70481
265.01042
213.50926
141.62096
41.872064
338.02809
304.12022
263.70434
212.45262
140.93737
42.147538
336.08142
302.54965
262.40348
211.40464
140.24308
42.329382
334.42763
301.19239
261.26412
210.4766
139.64097
42.442504
333.28522
300.18488
260.38217
209.76076
139.22487
42.534936
332.64754
299.5839
259.82338
209.28931
138.9226
42.621541
332.34975
299.32162
259.5998
209.17505
139.10245
42.79225
332.25892
299.25275
259.47932
208.96849
138.82458
42.92691
332.24927
299.47497
259.95846
209.81104
140.11087
43.280242
332.03205
299.23054
259.62036
209.29488
139.48002
43.459088
335.36943
303.19877
263.93618
213.81746
143.64002
44.240321
675.79254
643.02293
593.94626
531.64418
462.84853
394.74071
332.63761
279.31993
235.47219
683.56237
654.41852
608.68513
549.81137
484.14881
418.39391
357.52251
304.3183
259.75497
688.01825
662.59198
620.83825
565.97014
503.92849
440.90774
381.60854
328.80403
283.69563
689.51202
667.88692
630.25673
579.70556
521.55264
461.50353
404.03238
351.88484
306.42961
688.05698
670.06575
636.67329
590.40156
536.19413
479.30385
423.8809
372.64801
327.09648
684.34232
669.02586
639.58112
597.54103
547.23605
493.54245
440.33213
390.2493
344.86597
676.98181
665.26778
638.79261
600.69484
554.22411
503.71143
452.82406
404.10323
359.17023
666.61156
658.133
635.17791
599.90077
556.88288
509.5952
461.16064
414.04301
369.87887
653.26231
647.61021
628.48263
596.40991
555.73233
511.13183
465.35814
420.10353
377.01317
638.98968
635.62267
619.00696
590.25872
552.21366
509.41021
465.5059
422.26824
380.66578
623.9272
622.07912
607.4448
581.02357
546.08282
505.76626
463.43928
421.47976
381.06084
605.54352
605.54076
593.26576
569.40882
537.10162
499.82439
459.82593
419.28129
379.7414
585.41495
587.42893
577.862
556.76725
527.15324
492.20893
454.62656
416.02219
377.62114
565.59404
569.9261
562.94032
544.49988
517.36073
484.67728
448.97603
412.03359
374.99974
546.96192
553.7448
549.25266
533.47589
508.56521
477.80803
443.7119
408.07822
372.21625
528.55395
538.30337
536.57707
523.71937
500.96808
471.94069
439.19439
404.61302
369.58033
510.0171
523.24032
524.59849
514.92952
494.39654
467.02092
435.46628
401.76646
367.41797
490.6477
507.98157
513.06168
506.55922
488.70089
462.92353
432.46241
399.54004
365.77631
469.45797
491.84113
501.39229
498.19777
483.51553
459.38231
429.97975
397.74378
364.70354
444.15385
472.68325
488.00406
488.73784
478.09624
455.95636
427.73205
396.27766
364.02016
414.7853
451.43839
473.44229
478.90515
471.82223
452.51977
425.511
394.9784
363.46687
373.58706
419.72791
451.95969
465.48579
463.04617
448.23132
423.02758
393.6296
362.90831
332.72022
391.57051
432.60672
452.98914
454.07425
443.20241
420.02672
392.07753
362.30369
239.74667
320.91496
387.8114
427.35459
440.31135
435.74907
418.38429
392.48867
364.27058
194.70445
480.57684
617.66854
678.54556
699.37291
696.62492
191.57589
466.14313
604.77942
670.13177
695.55819
698.12463
188.51777
451.78244
591.76778
661.43564
691.58756
698.17856
185.5379
436.16592
577.80531
651.27566
685.77191
696.42709
182.79939
422.57843
564.02205
639.92809
677.75107
691.66268
179.6308
404.75876
547.55342
626.30033
667.27191
684.38881
176.9598
393.1559
533.11828
612.12098
654.89088
674.44325
173.11172
370.51097
512.85342
594.4627
639.64959
661.60826
169.98206
360.38848
497.61298
577.01347
622.51329
646.02138
164.69267
332.90061
472.71753
555.49387
603.74721
629.5751
159.64847
318.37777
455.24554
538.17827
587.07513
613.57423
154.91647
303.00319
437.18017
518.19522
566.94613
594.0142
149.81443
287.83828
417.69675
496.50927
544.82156
572.47293
143.22119
265.39475
393.94731
472.78928
521.85325
550.80055
134.94742
242.31775
371.06924
449.59192
499.62027
530.11055
125.36462
218.46508
345.92662
424.7145
476.41473
509.09173
117.52514
194.35444
319.02809
398.83446
452.38941
487.5041
104.45691
169.37104
289.97216
370.00609
426.08816
464.33812
90.967259
142.37034
257.20587
337.90964
396.83127
438.64173
75.258948
114.03701
219.96363
300.45814
362.22827
407.96659
60.474879
83.892264
168.78647
254.62273
320.25967
370.7781
37.94975
56.009413
110.31774
190.64177
264.89002
322.52108
11.989184
25.230045
57.775664
122.71576
190.6165
255.51025
2.1755966
9.2613484
23.839648
59.709491
125.72154
182.30156
1.9638156
4.9608637
9.7829055
21.930085
51.019957
113.87187
2.3582071
7.1669503
12.374318
15.515873
25.314193
58.293531
2.2787645
6.9290123
11.729174
16.113318
21.646038
35.420624
2.6054305
8.6198306
13.605102
17.407322
22.104112
26.581329
3.0630117
9.7258793
15.507444
19.378532
22.6579
25.53597
3.7883651
12.381166
18.389998
22.204364
25.115415
27.678545
4.6331419
15.288264
21.857864
25.84175
28.747767
31.263712
5.6042945
18.530894
25.658196
29.828449
32.804431
35.318533
6.4460583
21.433576
29.254256
33.676124
36.728497
39.217869
7.1325466
23.950153
32.402489
37.059293
40.166891
42.581098
7.5470614
25.768247
34.796975
39.65194
42.790838
45.127162
7.8731983
27.044298
36.305054
41.232779
44.375441
46.646043
8.0897049
27.238615
36.730187
41.64796
44.791614
47.041501
7.6893696
26.614939
36.025782
40.990876
44.137989
46.398097
7.4401778
25.355158
34.356421
39.220148
42.356382
44.673184
6.9757249
23.39505
31.836224
36.529045
39.665373
42.082567
6.3337371
20.969363
28.77195
33.265706
36.378508
38.874169
5.4105209
17.91708
25.248429
29.624404
32.727624
35.261247
4.5174635
15.006879
21.695157
25.880421
28.927351
31.437385
3.6356261
11.45088
17.970581
22.085964
25.103913
27.528534
2.8681633
8.5920228
14.519316
18.475247
21.413386
23.547472
2.1144442
6.0191363
11.4467
15.21911
18.137017
19.673243
1.5749992
5.1674407
9.4792701
12.679221
17.301298
18.937128
1.1975997
3.1947217
6.0774952
9.2446482
18.36018
24.214222
194.836
457.16202
592.20565
655.13679
678.64331
678.84722
195.26085
465.03384
600.89967
663.95509
687.89611
688.65576
195.03814
471.1402
608.02565
671.20532
695.1926
696.04171
194.42998
476.4824
613.91684
676.92624
700.78299
701.69092
193.43371
480.78893
618.75661
681.49301
705.06269
706.23937
192.21211
484.25175
622.55693
685.01311
708.36988
709.56866
190.99563
487.15219
625.38397
687.62138
710.92455
712.16802
189.59039
489.81002
627.60862
689.89107
713.12923
714.34084
185.5198
489.56809
629.01353
692.11086
715.40053
716.21568
182.34975
490.30852
630.80759
693.97323
716.80767
717.29459
178.92555
490.47277
631.66667
694.54495
717.1704
717.40739
175.08404
489.92325
631.49012
694.1396
716.61142
716.63426
172.41525
488.78727
629.97513
692.38538
714.78855
714.7491
174.35911
487.40759
628.79198
690.63932
712.87152
712.68214
168.66292
486.82258
628.20739
690.21175
712.14207
711.41753
170.13483
486.34425
627.46142
689.47959
711.17902
709.95468
173.22627
486.35285
626.90111
688.63419
710.01704
708.26784
176.84204
485.95598
625.61298
687.44477
708.65846
706.50032
180.35373
486.07859
624.54504
686.06178
707.30723
704.78597
184.1258
487.13826
624.56657
685.20329
706.12047
703.34484
188.81329
488.86842
625.34515
685.16611
705.4715
702.19625
191.86406
489.52261
626.27842
685.7474
705.58667
701.24929
194.34482
489.64431
626.73477
685.7049
704.87936
699.22048
197.96394
493.47504
628.35937
685.125
702.88596
695.52726
0.77944643
1.6610607
4.6776021
11.623895
34.953445
39.462819
0.82662039
4.00798
11.082596
28.005656
71.403763
85.644647
5.5041916
14.444472
32.342372
71.040164
119.18212
169.71775
25.65658
38.11313
69.353232
125.60586
195.29006
255.58626
48.345836
62.883289
114.58144
197.82008
268.01325
322.28296
66.895676
89.501285
174.79153
258.90375
324.28997
373.65046
82.373054
117.55864
223.77742
308.39934
370.29849
414.38943
97.252304
146.03714
266.96971
350.09227
407.84714
446.91239
111.53952
174.84795
303.85001
385.65439
439.5118
473.44871
120.27152
203.44355
336.16862
415.52359
465.76552
495.6058
130.71232
231.10593
366.00288
442.81058
489.28962
514.94654
140.22163
257.7935
392.02261
466.28967
509.67061
531.8311
149.07425
283.24287
415.99282
487.99813
528.36218
547.25757
156.46222
306.15699
437.23257
507.7229
545.52022
561.58993
162.48623
327.28808
457.1988
526.42472
562.02131
575.56967
167.35531
343.12673
474.65457
544.14923
578.35068
589.84465
171.74646
355.9156
488.89592
559.67963
593.2112
603.4735
176.50941
371.97279
503.23367
571.40346
603.36259
612.67074
181.04296
388.49905
519.33069
585.24497
614.48226
621.65899
184.79414
401.92286
533.73207
599.05475
626.84837
632.56355
188.08675
415.85217
547.46857
611.5444
637.99521
642.67429
190.63469
427.93493
560.04525
623.27489
648.46763
652.14648
192.6444
439.30334
572.06896
634.59072
658.47046
660.8594
193.98495
448.66416
582.74264
645.2108
668.12367
668.77672
674.94791
679.12971
681.54042
682.83461
683.92832
685.3848
687.20533
689.22311
691.30567
693.18556
694.94492
697.25151
699.30082
700.48038
700.86858
700.40078
699.19308
697.52097
695.3437
692.44411
688.50724
683.42628
676.65964
667.7721
651.37293
653.57967
654.22252
654.15324
654.21764
655.02364
656.30394
657.96241
659.86723
661.75235
663.73812
666.15764
668.41136
670.15569
671.39621
672.04588
672.04838
671.69843
670.96776
669.55339
667.30076
664.14266
659.66476
653.11303
618.09711
617.6553
616.06864
614.35071
613.41454
613.3247
613.8539
614.98211
616.55752
618.36503
620.51071
623.06899
625.62965
628.01413
630.18727
632.07586
633.6147
634.73691
635.71895
636.31497
636.25358
635.43858
633.53082
630.01153
574.40003
571.22214
567.59561
564.61435
562.69567
561.64666
561.49069
562.13897
563.40624
565.15139
567.43266
570.16291
573.08271
576.10155
579.16562
582.20979
585.18308
587.99609
590.63646
593.27286
595.58749
597.37067
598.28361
597.81321
520.91862
515.51235
510.49187
506.5595
503.71069
501.97838
501.33052
501.62299
502.6748
504.39401
506.78463
509.7064
512.99529
516.60258
520.47243
524.54885
528.78359
533.10819
537.44213
541.87015
546.35209
550.62293
554.36311
557.0381
459.19842
452.47398
446.68172
442.08015
438.7495
436.67845
435.76186
435.8495
436.79507
438.53593
441.02509
444.12473
447.74039
451.83413
456.35635
461.26419
466.52068
472.08196
477.88354
483.8625
490.09102
496.46119
502.69016
508.30282
391.65186
384.53435
378.49491
373.77783
370.40357
368.29267
367.32508
367.35901
368.30251
370.10538
372.67793
375.91782
379.7713
384.20157
389.1701
394.64637
400.60622
407.02691
413.8782
421.10835
428.67347
436.59533
444.74053
452.72369
321.43143
314.56143
308.83478
304.4447
301.34173
299.42951
298.59141
298.71412
299.73869
301.60739
304.22915
307.53903
311.50187
316.0861
321.26591
327.02308
333.34595
340.22743
347.66053
355.62796
364.09732
373.03507
382.43029
392.03468
251.71843
245.59563
240.57887
236.80392
234.19166
232.64967
232.06546
232.36521
233.5022
235.4045
238.00859
241.27877
245.19001
249.7222
254.86242
260.60444
266.94816
273.89876
281.46445
289.65124
298.45709
307.86934
317.86864
328.32356
185.704
180.6206
176.5194
173.49578
171.469
170.35699
170.06515
170.54387
171.73686
173.5886
176.06645
179.15064
182.82789
187.09089
191.93905
197.37776
203.41761
210.07387
217.36523
225.31106
233.928
243.22768
253.21529
263.79412
126.11585
122.14476
118.99477
116.72475
115.26921
114.5592
114.50897
115.07406
116.21015
117.88992
120.09862
122.83005
126.08404
129.86365
134.17766
139.0432
144.48176
150.51815
157.17973
164.4949
172.49098
181.191
190.61125
200.69752
75.046087
72.138396
69.856836
68.252592
67.269842
66.844358
66.900531
67.411094
68.355687
69.725026
71.517621
73.742039
76.408542
79.518889
83.076542
87.119999
91.68421
96.80438
102.51706
108.8601
115.87233
123.58998
132.03317
141.14213
34.964007
33.059872
31.63361
30.672652
30.101488
29.856929
29.884359
30.172703
30.717523
31.524233
32.596934
33.964112
35.663229
37.747498
40.26794
43.232432
46.661689
50.586567
55.046314
60.086924
65.760101
72.120048
79.208058
86.981547
12.351801
11.47178
10.915453
10.587921
10.413291
10.350445
10.383639
10.50903
10.728685
11.054536
11.520569
12.128387
12.890166
13.827235
14.963819
16.325596
17.943173
19.855347
22.112
24.777461
27.935399
31.691792
36.155213
41.325552
4.0915607
3.8988659
3.7832336
3.7173397
3.689844
3.6912619
3.7197537
3.7722761
3.8506539
3.9591852
4.1059216
4.2947192
4.5307714
4.8218022
5.1769155
5.6064694
6.1220408
6.7388025
7.4763169
8.3604446
9.4312745
10.76292
12.504372
14.820798
1.7142976
1.7139948
1.7123988
1.7138886
1.7222617
1.7357225
1.7534935
1.7750063
1.8009411
1.8327432
1.8726305
1.9227271
1.9850354
2.0618169
2.1558882
2.2709706
2.4111976
2.5818831
2.7893434
3.0411419
3.350259
3.7426532
4.2701233
4.9943203
1.0770977
1.1100426
1.1295984
1.1429934
1.1552201
1.1665116
1.1775168
1.1872648
1.1962654
1.2050476
1.2142278
1.2256547
1.2400899
1.2574707
1.278398
1.3040216
1.337277
1.3799454
1.4326759
1.4965518
1.5750051
1.6767394
1.8188942
2.015776
0.87805771
0.91361536
0.93590456
0.95011825
0.9608987
0.96896842
0.9738283
0.97694354
0.97951092
0.98181797
0.98387252
0.98539589
0.98640113
0.98723536
0.98789948
0.98853968
0.99381275
1.0043766
1.0174996
1.0323097
1.0492093
1.0714856
1.1069983
1.1528047
0.76009485
0.7820088
0.78892178
0.78870834
0.78705163
0.78537821
0.78494525
0.78540657
0.78581661
0.78608229
0.78635239
0.78681287
0.78764268
0.78912714
0.79241955
0.79889193
0.80655975
0.81447896
0.82304152
0.83230364
0.8419773
0.85337365
0.86590507
0.87245803
0.64299717
0.65755384
0.66544072
0.67066746
0.67516851
0.67804392
0.67960877
0.68022274
0.68026078
0.68005071
0.6797696
0.67953779
0.67937248
0.67915329
0.67862202
0.67767283
0.67674298
0.67568234
0.67497725
0.67585282
0.67986871
0.68646954
0.69513407
0.69993907
0.56851901
0.57832658
0.58056941
0.5790696
0.57667613
0.57555874
0.57499765
0.57444102
0.5737752
0.573051
0.57239005
0.5719041
0.57167754
0.57171721
0.5720905
0.57286211
0.57427637
0.57766159
0.58253639
0.5877002
0.59194537
0.5967941
0.60245306
0.60528718
0.50666662
0.5131752
0.51641342
0.51815885
0.51928082
0.51987744
0.51991013
0.51957353
0.51905729
0.51847056
0.51791035
0.51744171
0.51708906
0.51688394
0.51681342
0.51683097
0.51680153
0.51628694
0.51496503
0.51391743
0.51479765
0.51705071
0.51983668
0.5205052
0.4654132
0.46853571
0.4688947
0.46837346
0.46812346
0.4679264
0.46766092
0.46731809
0.46693972
0.46658099
0.46628516
0.4660715
0.46595507
0.46593427
0.46601715
0.46621221
0.46659933
0.46760893
0.46953844
0.471591
0.47356266
0.47557344
0.47752611
0.47803414
0.43611964
0.43875301
0.44007958
0.44077934
0.44112833
0.44122156
0.44113407
0.44094872
0.44071611
0.44048679
0.44028733
0.44012726
0.4400089
0.43992821
0.43986802
0.43975673
0.43948025
0.43908888
0.43901015
0.43936933
0.43998791
0.44075821
0.44149853
0.44139623
0.41818038
0.41922866
0.41967614
0.41982517
0.41985177
0.41981717
0.41974919
0.41967091
0.41960094
0.41955389
0.4195385
0.41955812
0.41961712
0.41972168
0.41988834
0.42016747
0.42068559
0.42136359
0.42204656
0.42266435
0.4232431
0.42382117
0.42432765
0.42436939
0.40746156
0.40811667
0.40844405
0.40856595
0.40861129
0.40861651
0.4085996
0.40857523
0.40855465
0.4085447
0.40854847
0.40856747
0.4086021
0.40865502
0.40873342
0.40885201
0.40899981
0.40917679
0.40937903
0.40959935
0.40983166
0.41006242
0.41022622
0.41014582
0.4011647
0.4014447
0.40162276
0.40170056
0.40173402
0.40175564
0.40177801
0.40180692
0.40184656
0.40190033
0.40196959
0.4020543
0.40215386
0.40226444
0.4023878
0.40253081
0.40269468
0.40287311
0.40305941
0.40324509
0.40342013
0.40357152
0.40366997
0.40365942
0.39789556
0.3980244
0.39813459
0.39820045
0.39824265
0.398279
0.39831665
0.39835716
0.39840086
0.39844883
0.39850233
0.39856282
0.39863208
0.39870523
0.39878143
0.3988566
0.39892402
0.39897886
0.39902071
0.39905234
0.39907765
0.39909404
0.39909096
0.39906544
0.396471
0.39651746
0.39657333
0.39661701
0.3966523
0.39668604
0.39672129
0.39675811
0.39679462
0.39682819
0.39686143
0.39689962
0.39694397
0.39699933
0.39705914
0.3971171
0.39716713
0.39720487
0.39723043
0.39724866
0.39726705
0.39728735
0.39730415
0.39731933
0.39604765
0.39607189
0.39610862
0.39614245
0.39617242
0.39620167
0.39623182
0.39626227
0.3962899
0.39630947
0.39632484
0.39634436
0.39636644
0.39638606
0.39640102
0.39641304
0.39642662
0.3964453
0.39646978
0.39649872
0.39652902
0.39655545
0.39657402
0.39659079
0.39676404
0.39674605
0.3967307
0.3967179
0.39670781
0.39670044
0.39669577
0.39669318
0.39668936
0.39667092
0.39664178
0.39662085
0.39660965
0.39660486
0.39660405
0.39660558
0.39660812
0.39661063
0.39661245
0.39661354
0.39661493
0.3966183
0.39662282
0.39661837
214.48125
256.86703
309.1656
370.96799
439.67336
510.032
574.83893
627.03528
661.53886
192.61479
232.84453
282.71056
342.03239
408.52941
477.44378
542.25306
596.6851
635.63356
169.42114
207.00124
253.90712
310.13204
373.71303
440.37119
504.17856
559.39583
601.21912
145.02827
179.54546
222.9402
275.36857
335.16883
398.51289
460.00823
514.36763
557.31498
119.85385
150.93698
190.29028
238.21618
293.3424
352.28097
410.17148
462.18045
504.50414
94.52828
121.87478
156.7232
199.49948
249.11411
302.62244
355.71204
404.0208
444.13006
69.786937
93.232173
123.25275
160.37691
203.79616
251.01982
298.27844
341.70182
378.26208
46.414468
65.956331
91.021723
122.21647
158.99623
199.33569
240.02593
277.71865
309.81409
25.184355
41.012721
61.203324
86.463345
116.46896
149.66066
183.409
214.87332
241.93056
9.1486318
19.487915
34.834003
54.505338
77.944007
104.07471
130.84977
155.98518
177.7772
2.4743147
6.136189
14.195113
27.292366
44.383575
63.937479
84.122937
103.24695
119.98285
0.66053419
1.6670575
4.2412072
9.561983
18.755421
31.001184
44.83213
58.393058
70.479987
0.46430199
0.62299514
1.2405865
2.9015022
6.0043264
11.039535
17.803325
25.140504
32.142738
0.45789597
0.52320442
0.67249896
1.0467549
1.9722189
3.542412
5.7408804
8.3418927
11.07714
0.45517412
0.51434733
0.6057809
0.72787474
0.98048029
1.4126736
2.0688233
2.8630638
3.662843
0.44829728
0.49993861
0.58881089
0.6900584
0.79197818
0.93673473
1.1528829
1.3795255
1.5877252
0.44008124
0.48566505
0.5543682
0.6394134
0.73673378
0.81679526
0.90232204
0.98287209
1.0377207
0.42888528
0.46767188
0.52957212
0.59576039
0.6619802
0.73918702
0.80702862
0.85139249
0.8644962
0.41847603
0.45050921
0.4950598
0.54734208
0.60110649
0.64782073
0.69423193
0.73263726
0.7476497
0.40657876
0.4329528
0.46974564
0.5069434
0.54351767
0.58092393
0.61310628
0.63447433
0.6389817
0.39838059
0.41950573
0.44542005
0.4733642
0.49979325
0.5229395
0.54444361
0.56062759
0.56487541
0.39072668
0.40726878
0.42642336
0.4452684
0.46333004
0.48012954
0.49419985
0.50355713
0.50520979
0.38655056
0.40035773
0.41459743
0.42788195
0.4394431
0.44928447
0.45778693
0.46374124
0.46477705
0.38424011
0.39432631
0.40379978
0.41226855
0.41956353
0.42570635
0.43080597
0.43444636
0.43537988
0.3836866
0.39160835
0.3984324
0.40432288
0.40911401
0.41289648
0.41582095
0.41773877
0.41806772
0.38374751
0.39045824
0.39528769
0.39907746
0.40204394
0.40431626
0.40606737
0.40717372
0.40739047
0.38618131
0.39048893
0.39396919
0.39643427
0.39826148
0.39954911
0.40045775
0.40102651
0.40114896
0.38810483
0.3913521
0.3936828
0.39528372
0.39632522
0.39703525
0.3974948
0.39779467
0.39787722
0.39155136
0.39302189
0.39409366
0.39493741
0.39557614
0.39598379
0.3962671
0.39641146
0.39645902
0.39377785
0.39458144
0.39512632
0.39546639
0.39567817
0.39583029
0.39593792
0.39600503
0.39603227
0.39642594
0.39662659
0.39676351
0.39683701
0.39685385
0.39683839
0.39681242
0.39678926
0.39677326
181.43727
161.42213
140.47726
118.59197
96.15748
73.747608
51.972641
31.51509
13.53786
3.8089707
0.84966983
0.40881533
0.38695258
0.38614017
0.38427414
0.38190997
0.37894155
0.37798726
0.37413208
0.37245712
0.36931158
0.36822696
0.36786661
0.36880169
0.37189668
0.37403623
0.37960945
0.38303472
0.38915862
0.39248387
0.39611455
152.05104
133.78873
114.96337
95.329613
75.286259
55.357978
36.007365
17.71359
5.3143643
1.1836532
0.36161768
0.31829763
0.31697199
0.31667483
0.31803328
0.31873717
0.32179949
0.32320791
0.32641372
0.32809238
0.33207114
0.3345449
0.34030997
0.34385519
0.35216805
0.35674752
0.36714819
0.37287585
0.38396156
0.38972306
0.39543376
121.37107
104.67344
88.238014
70.884789
53.205096
35.637973
18.280866
5.6939818
1.3567731
0.32463271
0.25833019
0.25520907
0.25490549
0.25483036
0.25640417
0.25723192
0.26152081
0.26370438
0.27043299
0.27399428
0.28120586
0.28529256
0.2957503
0.3016422
0.31567923
0.32321684
0.34097258
0.35070513
0.37167188
0.38326125
0.39391614
86.845532
71.425072
58.026629
42.829809
27.155335
12.196526
4.425852
1.0020948
0.29550558
0.23785517
0.23194284
0.22850077
0.22568867
0.22305855
0.22129409
0.21845192
0.21426857
0.21244413
0.21096438
0.20883087
0.21107639
0.21194274
0.21992779
0.22569569
0.24288159
0.25227479
0.28028597
0.29604168
0.33527241
0.3631719
0.38913691
42.333277
28.010031
19.684414
10.650311
5.5722192
1.8876438
0.70022826
0.47547345
0.44385234
0.42596655
0.408531
0.38924904
0.36692942
0.3416448
0.31418879
0.2848098
0.25477499
0.22711541
0.20353505
0.18036238
0.16297424
0.1461456
0.13518162
0.12902968
0.13060794
0.13793205
0.15406626
0.17752156
0.21579912
0.2773326
0.36343981
4.9948632
3.1663129
2.1696133
1.5599309
1.3705976
1.3310471
1.3674439
1.4097526
1.4436092
1.4662433
1.4733153
1.4622818
1.4328207
1.3837566
1.3075954
1.1337123
1.0071569
0.93788307
0.78507172
0.66215975
0.56024397
0.47179395
0.39909714
0.34475596
0.31465567
0.28765317
0.27351069
0.2685526
0.27745954
0.30897319
0.35002485
)
;

boundaryField
{
    Side1
    {
        type            empty;
    }
    Inlet
    {
        type            inletOutlet;
        inletValue      uniform 0.39740317;
        value           uniform 0.39740317;
    }
    Freestream
    {
        type            slip;
    }
    Side2
    {
        type            empty;
    }
    Outlet
    {
        type            zeroGradient;
    }
    Botwall
    {
        type            kqRWallFunction;
        value           nonuniform List<scalar> 
118
(
42.963996
41.564882
40.063498
38.476495
36.827509
35.134947
33.414186
31.683058
29.95312
28.237877
26.545566
24.891785
23.28709
21.744772
20.232514
18.780169
17.401843
16.190895
15.113105
14.117471
13.200016
12.290492
11.383064
10.450953
9.5095787
8.5523296
7.6151328
6.7951738
6.1446848
5.6731211
5.3527558
5.2353009
5.2801385
5.3891759
5.4805562
5.4214765
5.1959939
4.6698375
4.1595854
4.0416519
4.2125574
4.5511493
4.8028731
4.8531829
4.6406141
4.5113587
4.533534
4.5808491
4.5554973
4.4974003
4.4256802
4.3496516
4.2710677
4.1991538
4.1196969
4.050539
3.9552564
3.8655057
3.716894
3.5659036
3.3421791
3.190063
2.856963
8.0651839
11.479787
15.112317
18.819315
22.625435
26.207862
29.823113
32.992644
35.610541
37.683916
39.290134
40.526832
41.374458
41.872064
42.147538
42.329382
42.442504
42.534936
42.621541
42.79225
42.92691
43.280242
43.459088
44.240321
4.9948632
3.1663129
2.1696133
1.5599309
1.3705976
1.3310471
1.3674439
1.4097526
1.4436092
1.4662433
1.4733153
1.4622818
1.4328207
1.3837566
1.3075954
1.1337123
1.0071569
0.93788307
0.78507172
0.66215975
0.56024397
0.47179395
0.39909714
0.34475596
0.31465567
0.28765317
0.27351069
0.2685526
0.27745954
0.30897319
0.35002485
)
;
    }
    Cyli
    {
        type            kqRWallFunction;
        value           nonuniform List<scalar> 
96
(
194.70445
191.57589
188.51777
185.5379
182.79939
179.6308
176.9598
173.11172
169.98206
164.69267
159.64847
154.91647
149.81443
143.22119
134.94742
125.36462
117.52514
104.45691
90.967259
75.258948
60.474879
37.94975
11.989184
2.1755966
1.9638156
2.3582071
2.2787645
2.6054305
3.0630117
3.7883651
4.6331419
5.6042945
6.4460583
7.1325466
7.5470614
7.8731983
8.0897049
7.6893696
7.4401778
6.9757249
6.3337371
5.4105209
4.5174635
3.6356261
2.8681633
2.1144442
1.5749992
1.1975997
194.836
195.26085
195.03814
194.42998
193.43371
192.21211
190.99563
189.59039
185.5198
182.34975
178.92555
175.08404
172.41525
174.35911
168.66292
170.13483
173.22627
176.84204
180.35373
184.1258
188.81329
191.86406
194.34482
197.96394
0.77944643
0.82662039
5.5041916
25.65658
48.345836
66.895676
82.373054
97.252304
111.53952
120.27152
130.71232
140.22163
149.07425
156.46222
162.48623
167.35531
171.74646
176.50941
181.04296
184.79414
188.08675
190.63469
192.6444
193.98495
)
;
    }
}


// ************************************************************************* //
