/*--------------------------------*- C++ -*----------------------------------*\
| =========                 |                                                 |
| \\      /  F ield         | OpenFOAM: The Open Source CFD Toolbox           |
|  \\    /   O peration     | Version:  2406                                  |
|   \\  /    A nd           | Website:  www.openfoam.com                      |
|    \\/     M anipulation  |                                                 |
\*---------------------------------------------------------------------------*/
FoamFile
{
    version     2.0;
    format      ascii;
    arch        "LSB;label=32;scalar=64";
    class       volVectorField;
    location    "0.03";
    object      U;
}
// * * * * * * * * * * * * * * * * * * * * * * * * * * * * * * * * * * * * * //

dimensions      [0 1 -1 0 0 0 0];

internalField   nonuniform List<vector> 
2065
(
(54.8299 0.66890261 -3.9429916e-19)
(53.766707 0.15874425 -2.8702079e-23)
(51.944812 0.12915819 -1.8843925e-24)
(55.793344 0.23009557 5.226698e-20)
(56.246204 0.9141359 1.2642377e-21)
(56.54658 1.5369152 -1.9485592e-21)
(56.721822 2.0750753 -4.7213963e-20)
(56.805555 2.5160546 -3.6868891e-20)
(56.831667 2.8550632 2.7931296e-20)
(56.825495 3.0948067 -4.3469524e-20)
(56.80994 3.240468 -2.6597325e-22)
(56.80161 3.3032009 2.0837619e-22)
(56.809515 3.2918128 -1.6058516e-22)
(56.833425 3.2189 -3.4186263e-20)
(56.864432 3.0907626 0)
(56.890481 2.9116124 0)
(56.881333 2.673437 0)
(56.763118 2.3758012 8.8742198e-20)
(56.440075 1.9910904 -4.8964585e-23)
(55.747333 1.4096678 1.3751274e-19)
(54.858359 0.66297738 -9.9081032e-23)
(53.780081 0.14203187 5.8641626e-23)
(51.949736 0.11198871 1.0764661e-19)
(41.65339 -3.5482153 6.8933865e-20)
(43.485243 -3.5916659 -5.1617072e-20)
(45.081025 -3.5782654 2.3389089e-20)
(46.561098 -3.5281282 -9.6731581e-21)
(47.984533 -3.4082094 -2.3913051e-20)
(49.363718 -3.1965223 -6.5326445e-20)
(50.684556 -2.8784546 5.3174334e-21)
(51.919879 -2.4514494 4.2935041e-21)
(53.04309 -1.9243025 -3.4393755e-20)
(54.030044 -1.314886 4.648955e-20)
(54.860684 -0.65069855 -3.4535502e-20)
(55.524044 0.033948695 0)
(56.02209 0.70270023 -1.3187654e-21)
(56.369252 1.3233629 3.4764438e-20)
(56.588583 1.8700755 4.9795231e-20)
(56.710844 2.326359 0)
(56.768664 2.6848263 -1.8265368e-25)
(56.787441 2.9456511 4.7026247e-20)
(56.790562 3.1123322 -2.835154e-22)
(56.795657 3.1943825 2.2261556e-22)
(56.81273 3.2027222 -1.7379436e-22)
(56.842737 3.1421547 0)
(56.877812 3.0269866 1.1885753e-22)
(56.907094 2.858758 5.2234705e-20)
(56.90042 2.630964 9.0943309e-23)
(56.785214 2.3440321 -4.7953255e-23)
(56.467862 1.9688967 -5.1409785e-23)
(55.78131 1.4002619 -2.8495521e-19)
(54.889027 0.65665736 4.1621143e-19)
(53.794685 0.12462763 8.955895e-23)
(51.955431 0.091669279 -3.4960238e-24)
(41.715851 -3.4577166 -1.5989773e-20)
(43.497988 -3.4871423 -2.4284649e-20)
(45.043302 -3.4818762 2.2091311e-20)
(46.467543 -3.4339759 -9.2241609e-21)
(47.827713 -3.3264113 2.3023303e-20)
(49.143375 -3.1399055 3.1772151e-20)
(50.409806 -2.8593373 -5.227391e-21)
(51.607105 -2.4783506 -6.7299861e-25)
(52.711468 -2.0006061 3.4506292e-21)
(53.699163 -1.4387908 -2.7710196e-21)
(54.548552 -0.8152887 2.2061315e-21)
(55.245096 -0.16049508 0)
(55.785433 0.49127663 0)
(56.178415 1.1075227 2.7685186e-24)
(56.442476 1.6605482 0)
(56.604936 2.1306396 0)
(56.696536 2.5077002 -3.2439125e-20)
(56.742396 2.7893008 3.8718277e-22)
(56.766166 2.9771335 3.8949495e-20)
(56.786209 3.0789764 -4.7440429e-22)
(56.81395 3.1048597 1.8841602e-22)
(56.851057 3.0600216 0)
(56.890826 2.9585768 -6.4691152e-20)
(56.923862 2.801844 -2.1925383e-22)
(56.919955 2.585792 9.6142114e-23)
(56.808158 2.3097641 -9.9117265e-20)
(56.496959 1.9446542 -5.3845591e-23)
(55.8173 1.3897004 2.2058983e-24)
(54.922077 0.6499282 -4.2515036e-19)
(53.810602 0.10668315 0)
(51.962322 0.068197384 0)
(41.766989 -3.4345438 0)
(43.496237 -3.4642323 -2.6735235e-24)
(44.998006 -3.4466686 0)
(46.371738 -3.3954341 -1.7542646e-20)
(47.674692 -3.2926439 -2.5844753e-24)
(48.931807 -3.1217318 -3.694275e-20)
(50.145868 -2.8678491 0)
(51.303804 -2.5225128 -3.3709699e-20)
(52.385527 -2.0855548 0)
(53.368833 -1.5651962 0)
(54.231618 -0.97906641 4.4874158e-21)
(54.956736 -0.3533726 -6.0801487e-20)
(55.5363 0.28033577 -4.5274039e-20)
(55.97382 0.89013926 -3.6695939e-20)
(56.282948 1.4472672 8.6935502e-22)
(56.487078 1.9294806 0)
(56.614477 2.3240365 -3.4272438e-20)
(56.6896 2.625896 8.2102774e-22)
(56.736088 2.8348407 -4.1378997e-20)
(56.772857 2.9568386 -2.5245767e-22)
(56.812688 3.0007755 -5.1209684e-20)
(56.858019 2.9722476 0)
(56.903264 2.8853026 6.8972402e-20)
(56.940629 2.7406812 -5.9090847e-20)
(56.939977 2.5373014 6.1942614e-26)
(56.83193 2.27283 -1.0209995e-22)
(56.527372 1.9182077 5.6350098e-23)
(55.855372 1.3778596 1.5179155e-19)
(54.957669 0.64271826 -4.3262652e-19)
(53.827971 0.088319405 1.8315848e-22)
(51.970397 0.041686898 6.1337789e-20)
(41.805778 -3.4751649 2.7415657e-20)
(43.483185 -3.4958678 2.2096227e-20)
(44.939931 -3.4719732 0)
(46.266769 -3.4128794 -1.6635057e-20)
(47.517952 -3.3081978 4.2270455e-20)
(48.721622 -3.1440361 1.1879077e-20)
(49.886405 -2.9066756 1.9921042e-20)
(51.005324 -2.5868359 2.484978e-20)
(52.062373 -2.181747 0)
(53.037588 -1.6960536 0)
(53.909387 -1.1431217 -3.6289076e-20)
(54.658945 -0.54490388 5.8348911e-20)
(55.274687 0.070305939 9.0175702e-20)
(55.755247 0.67198606 2.3027316e-21)
(56.10949 1.2310867 0)
(56.356539 1.7235835 4.5464005e-20)
(56.521676 2.1343082 1.1103307e-21)
(56.628262 2.4556846 5.4669133e-20)
(56.699625 2.6855162 -4.3512447e-20)
(56.755053 2.8279061 3.456823e-20)
(56.808587 2.8904835 5.4431116e-20)
(56.863331 2.8786025 4.3574168e-20)
(56.914889 2.8069708 7.313679e-20)
(56.957251 2.6751114 -6.2806779e-20)
(56.960336 2.4852292 0)
(56.856487 2.2330661 -1.1010386e-19)
(56.559089 1.8893891 0)
(55.895579 1.3645714 1.5622558e-19)
(54.995959 0.6350014 4.3847699e-19)
(53.846984 0.069712741 0)
(51.979763 0.012349465 -6.1909087e-20)
(41.824764 -3.5774667 -5.0637563e-20)
(43.451717 -3.5905966 -2.104678e-20)
(44.86359 -3.5569331 -1.2105102e-24)
(46.145126 -3.4862006 4.719395e-20)
(47.34882 -3.3734119 0)
(48.504215 -3.2077952 1.1422916e-20)
(49.623879 -2.9774584 -9.6570562e-21)
(50.705827 -2.6733362 -8.1056945e-21)
(51.738026 -2.2911928 6.7473804e-21)
(52.703144 -1.8329909 0)
(53.580777 -1.3083931 3.6472014e-20)
(54.351348 -0.73527618 0)
(55.000455 -0.13836581 -9.2208495e-20)
(55.522475 0.45389503 -4.0350715e-20)
(55.921644 1.0129591 0)
(56.212643 1.5137795 -4.7454627e-20)
(56.417344 1.9391194 3.8446572e-20)
(56.557584 2.2790246 -5.9422333e-20)
(56.656046 2.5293007 4.5268763e-20)
(56.732181 2.6921619 -3.5765601e-20)
(56.801026 2.7738782 0)
(56.866499 2.7833199 3.5665973e-22)
(56.925562 2.7233355 -1.5575728e-19)
(56.973503 2.6049235 6.6649315e-20)
(56.980825 2.4292687 -1.1581882e-22)
(56.881773 2.1902313 1.1569677e-19)
(56.592088 1.8579876 1.2247113e-22)
(55.937961 1.3496788 -1.6030574e-19)
(55.037105 0.6267583 -4.4267447e-19)
(53.867851 0.05108793 1.225594e-22)
(51.990514 -0.019560284 0)
(41.806733 -3.7934151 2.1901014e-20)
(43.383846 -3.7670493 -3.9541411e-20)
(44.752823 -3.7130988 1.7185393e-20)
(45.993497 -3.6201768 -5.9338879e-20)
(47.155543 -3.4896536 0)
(48.269055 -3.3133113 2.1882051e-20)
(49.349304 -3.0805785 0)
(50.398236 -2.7827957 -7.892836e-21)
(51.407424 -2.4149269 6.6271186e-21)
(52.362281 -1.9769602 0)
(53.244064 -1.4754645 4.5581986e-21)
(54.033164 -0.92450633 -3.7285334e-21)
(54.713282 -0.34514642 5.1413848e-20)
(55.275243 0.23678043 3.6487114e-20)
(55.718993 0.79394464 -1.9425738e-21)
(56.054761 1.3010345 -9.2332516e-25)
(56.300716 1.7392192 1.2169412e-21)
(56.476759 2.096406 9.5993717e-22)
(56.604585 2.3664424 4.7692994e-20)
(56.703564 2.5496354 5.9986347e-22)
(56.789359 2.6507887 2.9325671e-25)
(56.867315 2.6788881 -4.94873e-20)
(56.935096 2.6340863 1.6424148e-19)
(56.989272 2.5301548 -2.7477609e-22)
(57.001364 2.3688462 -6.2803316e-20)
(56.907704 2.1440555 1.1843067e-22)
(56.62633 1.8237732 -1.2720618e-22)
(55.982546 1.3330129 1.5976616e-22)
(55.081259 0.61797996 4.4485043e-19)
(53.890827 0.032745591 0)
(52.002792 -0.053774209 0)
(41.745474 -4.027054 -1.9942784e-20)
(43.256221 -4.0119117 9.3521213e-25)
(44.585806 -3.9262211 -2.5227059e-24)
(45.79353 -3.805249 2.7898117e-20)
(46.922952 -3.6510522 2.419066e-20)
(48.003536 -3.456857 -1.0437586e-20)
(49.052326 -3.213734 -8.966328e-21)
(50.074402 -2.9140205 -2.2953628e-20)
(51.064577 -2.5525306 1.9436006e-20)
(52.010988 -2.12794 5.4411454e-21)
(52.896886 -1.6442837 -4.5295459e-21)
(53.70321 -1.1122365 0)
(54.412648 -0.54931153 0)
(55.013254 0.021678281 2.4798562e-21)
(55.501175 0.57522722 -1.9937255e-21)
(55.882339 1.0864632 -1.5937166e-21)
(56.171077 1.5355117 1.2659077e-21)
(56.384998 1.9084642 6.4215356e-20)
(56.544462 2.1973115 -1.0093521e-19)
(56.668496 2.4004584 3.8476969e-25)
(56.773129 2.521157 -5.0544111e-22)
(56.865213 2.5673386 0)
(56.943048 2.5388511 -8.6910536e-20)
(57.004368 2.4507434 0)
(57.021793 2.3039724 6.602834e-20)
(56.934152 2.0943119 1.2381572e-22)
(56.661755 1.7864952 1.316948e-22)
(56.029338 1.3143925 0)
(55.128561 0.60867177 -4.4525966e-19)
(53.916107 0.015111181 0)
(52.016713 -0.089743565 0)
(41.602214 -4.3345262 -1.9395846e-20)
(43.059548 -4.2919041 -1.7000358e-20)
(44.353364 -4.1778345 2.9866112e-20)
(45.533526 -4.0281934 -2.6166484e-20)
(46.638538 -3.8473015 -2.2840342e-20)
(47.695796 -3.6306103 -1.2068795e-24)
(48.722524 -3.3713312 1.718568e-20)
(49.725787 -3.0632503 2.9531393e-20)
(50.702979 -2.7016293 -2.5198395e-20)
(51.644711 -2.2844699 -3.2009555e-20)
(52.536352 -1.8138375 2.6876887e-20)
(53.359956 -1.2975769 -7.4550164e-21)
(54.09786 -0.74982958 4.9178564e-20)
(54.736177 -0.19019009 5.0235787e-21)
(55.267876 0.35813741 2.0370611e-21)
(55.694913 0.8713381 -1.6383367e-21)
(56.027791 1.3290652 0)
(56.281553 1.7159921 -6.6844549e-20)
(56.474903 2.0224155 5.4022979e-20)
(56.626252 2.2448812 -6.625461e-22)
(56.751774 2.3850411 -5.320548e-22)
(56.859796 2.4495837 4.3187619e-22)
(56.948987 2.4373076 8.9222456e-20)
(57.017962 2.3668136 -1.8608698e-25)
(57.041876 2.2345546 5.4331032e-22)
(56.961006 2.0405962 1.5969487e-25)
(56.69828 1.7458801 -4.0819943e-22)
(56.07831 1.293624 1.6519013e-22)
(55.179127 0.59885348 1.0014829e-23)
(53.943851 -0.0012102285 0)
(52.032427 -0.12639064 0)
(41.360441 -4.7023024 -1.797375e-20)
(42.771736 -4.6166594 -3.6219169e-24)
(44.037072 -4.4666019 -2.7722919e-20)
(45.198389 -4.2818466 2.445328e-20)
(46.289241 -4.0688598 2.1510105e-20)
(47.334265 -3.8250405 3.7651574e-20)
(48.349866 -3.5451612 -8.1984999e-20)
(49.344082 -3.224098 -2.8394374e-20)
(50.316163 -2.8576125 -1.2202315e-20)
(51.258804 -2.4433665 5.2035876e-20)
(52.159464 -1.9819724 8.6103663e-24)
(53.001706 -1.478919 0)
(53.768139 -0.94524107 -9.8286707e-20)
(54.443693 -0.39733811 0)
(55.01887 0.14419121 7.0312639e-20)
(55.492141 0.65709815 -3.35181e-21)
(55.870331 1.1211203 2.7007071e-21)
(56.165746 1.5199497 6.4925685e-20)
(56.39516 1.8424122 1.7302612e-21)
(56.576096 2.0832809 0)
(56.724642 2.242607 5.5780292e-22)
(56.850347 2.3256822 -4.5354263e-22)
(56.952301 2.3354586 -1.8561936e-19)
(57.030204 2.2761224 -3.1991197e-22)
(57.061334 2.1601859 -7.2771556e-20)
(56.988149 1.9822974 -2.6921894e-22)
(56.735783 1.7016683 2.8020978e-22)
(56.129401 1.2705009 0)
(55.233043 0.58856595 8.8093851e-19)
(53.974317 -0.015382682 -4.7932043e-19)
(52.049962 -0.1618779 4.7380512e-20)
(40.989532 -5.0595108 -3.2710288e-20)
(42.363898 -4.938324 -3.2226108e-24)
(43.613738 -4.7556924 7.6937334e-20)
(44.770517 -4.5378393 -2.2805569e-20)
(45.861566 -4.2937896 -3.2508325e-25)
(46.90823 -4.0230934 -1.7788055e-20)
(47.925617 -3.7220563 -9.8365358e-24)
(48.922176 -3.3866406 2.7180607e-20)
(49.898527 -3.0132636 0)
(50.84914 -2.5995725 0)
(51.763518 -2.1451939 8.9406783e-24)
(52.626922 -1.6537418 -5.8273404e-20)
(53.422772 -1.1335293 4.2719813e-20)
(54.135576 -0.59794427 -1.9083988e-24)
(54.754071 -0.064873262 -6.261736e-20)
(55.273835 0.44536515 -5.4561345e-20)
(55.69831 0.91309364 2.7661234e-21)
(56.037001 1.3214718 -7.3609856e-20)
(56.304541 1.6581204 -1.7942046e-21)
(56.517303 1.9161697 4.6157632e-20)
(56.691044 2.0940731 7.6876723e-20)
(56.836052 2.1955852 -9.493056e-22)
(56.952838 2.2253457 3.0934178e-24)
(57.041081 2.1795194 0)
(57.079847 2.0804712 7.5930654e-20)
(57.015365 1.9188742 2.7931376e-22)
(56.774088 1.653616 1.7801963e-25)
(56.182498 1.2448059 -3.3695983e-22)
(55.290342 0.57787166 -2.2424343e-22)
(54.007711 -0.026324822 4.6957715e-19)
(52.069169 -0.19328543 -3.9814176e-20)
(40.492194 -5.3698039 1.4829234e-20)
(41.838291 -5.2174013 2.6269464e-20)
(43.083004 -5.0082735 -2.3647035e-20)
(44.247439 -4.7641252 2.1195946e-20)
(45.351911 -4.4953982 1.8889447e-20)
(46.413646 -4.2031375 -1.6761032e-20)
(47.445688 -3.8849503 2.9564743e-20)
(48.456206 -3.5378113 -2.5940491e-20)
(49.446706 -3.1589158 -1.1297522e-20)
(50.413049 -2.7461555 9.770089e-21)
(51.346638 -2.2986303 -3.3547055e-20)
(52.234557 -1.8185581 6.4277224e-20)
(53.06136 -1.3120201 -6.0301991e-21)
(53.811822 -0.78979206 4.0390819e-20)
(54.473609 -0.26706416 -6.7033802e-20)
(55.040019 0.23795184 5.5160579e-20)
(55.511529 0.70657667 2.8170155e-21)
(55.894883 1.1218698 -2.2862091e-21)
(56.202443 1.4705282 0)
(56.449191 1.7442083 -4.9322355e-20)
(56.650306 1.9397758 -1.5384916e-19)
(56.816478 2.0593512 -6.3359347e-20)
(56.949997 2.1062209 3.1057446e-24)
(57.050028 2.0766778 -8.8706465e-20)
(57.097081 1.9949649 -3.0819284e-22)
(57.04239 1.8497463 -1.4813602e-19)
(56.81296 1.6015073 0)
(56.237436 1.2163141 -3.3869791e-22)
(55.35099 0.56685385 -4.2855889e-19)
(54.043604 -0.032767872 0)
(52.090022 -0.21507879 -3.0388327e-20)
(39.878317 -5.5836724 2.6809946e-20)
(41.207213 -5.410087 0)
(42.456731 -5.1865091 -1.0872408e-20)
(43.638884 -4.9283605 -5.8918731e-20)
(44.7674 -4.6463188 1.763135e-20)
(45.855183 -4.3424126 1.5738152e-20)
(46.912735 -4.0153306 0)
(47.947328 -3.662997 1.2322676e-20)
(48.960894 -3.2833903 -1.0806962e-20)
(49.950293 -2.8748106 0)
(50.908521 -2.4362549 3.2520802e-20)
(51.824466 -1.9689714 0)
(52.684102 -1.477451 -5.9283684e-21)
(53.47285 -0.97028373 -7.9978259e-20)
(54.177936 -0.4601553 7.1041822e-20)
(54.791009 0.036850446 0)
(55.310023 0.50333638 0)
(55.73914 0.92262894 7.459901e-20)
(56.088385 1.2807953 0)
(56.371143 1.568218 1.5413424e-21)
(56.601782 1.780222 -1.2531561e-21)
(56.791198 1.917275 6.5780386e-20)
(56.94343 1.9812991 2.1946406e-19)
(57.056571 1.9672591 8.9881981e-20)
(57.112684 1.9031514 0)
(57.068876 1.7741855 1.5238027e-19)
(56.852077 1.5451897 0)
(56.293982 1.1847964 -3.3905797e-22)
(55.414848 0.55557694 6.1643846e-22)
(54.082581 -0.032775286 -2.172246e-22)
(52.113704 -0.18719471 3.9153701e-20)
(39.193564 -5.6608324 -2.4161747e-20)
(40.509899 -5.4808296 1.0882139e-20)
(41.767642 -5.2586535 -2.9919672e-20)
(42.971258 -5.0025972 3.6299352e-20)
(44.128528 -4.7223163 -1.641803e-20)
(45.248083 -4.4202618 0)
(46.337589 -4.095944 2.6340885e-20)
(47.402897 -3.7481077 -3.2533325e-24)
(48.445847 -3.3754614 0)
(49.463864 -2.9768503 0)
(50.451108 -2.551478 9.6533725e-24)
(51.398027 -2.100125 0)
(52.292129 -1.6262097 0)
(53.119702 -1.1365571 4.4296112e-20)
(53.867957 -0.64173515 -4.1447883e-21)
(54.52746 -0.15579553 0)
(55.094125 0.30528998 0)
(55.569754 0.72539426 -7.3234589e-20)
(55.962051 1.0902496 -1.9343362e-21)
(56.282644 1.3891852 -5.0571704e-20)
(56.544863 1.6160774 1.6537061e-19)
(56.759602 1.7698084 6.7981694e-20)
(56.932345 1.8509347 -3.3007347e-24)
(57.060103 1.8596116 0)
(57.126576 1.804352 -8.5181643e-20)
(57.094588 1.6912189 1.5540252e-19)
(56.890994 1.4846511 0)
(56.351836 1.1500277 3.382143e-22)
(55.481655 0.54396722 -4.0163719e-22)
(54.12277 -0.023618084 0)
(52.138752 -0.22720141 0)
(38.487071 -5.6092153 -7.6071509e-20)
(39.791044 -5.4337447 1.9733374e-20)
(41.055076 -5.2239846 4.6430866e-24)
(42.278116 -4.9819545 3.349237e-20)
(43.462999 -4.7155811 1.5243217e-20)
(44.614429 -4.4272269 -2.7571075e-20)
(45.737249 -4.1167902 7.4294015e-20)
(46.83556 -3.7834688 -2.209872e-20)
(47.910648 -3.4264227 -1.9593846e-20)
(48.960105 -3.0448885 5.1750796e-20)
(49.978812 -2.6383301 -4.523813e-20)
(50.958452 -2.2073373 -1.3093538e-20)
(51.887838 -1.754615 1.1279097e-20)
(52.754243 -1.2856605 4.8222727e-20)
(53.545154 -0.80929389 5.7253858e-20)
(54.250474 -0.33774973 6.8808063e-21)
(54.864522 0.11445452 -5.741729e-21)
(55.386992 0.53194147 0)
(55.823338 0.90037199 -5.8858434e-20)
(56.183314 1.2082577 9.8318876e-20)
(56.479005 1.4481563 -8.3411959e-20)
(56.721041 1.6174407 -6.991752e-20)
(56.915607 1.71531 -1.1661894e-19)
(57.060665 1.7476151 0)
(57.13935 1.6983424 8.5569437e-20)
(57.118785 1.6029926 -1.5396553e-19)
(56.929221 1.4200864 1.5808335e-19)
(56.410632 1.1118038 0)
(55.550966 0.53202636 3.9142359e-22)
(54.161608 -0.0021602387 -7.1423634e-23)
(52.171589 -0.22585245 0)
(37.796503 -5.4381207 0)
(39.086067 -5.2766003 1.7872265e-20)
(40.352287 -5.0877044 -1.6679997e-20)
(41.590018 -4.868864 -1.5417071e-20)
(42.798066 -4.6260493 -1.4139789e-20)
(43.977721 -4.3611863 -2.572003e-20)
(45.131239 -4.0742129 2.323945e-20)
(46.260966 -3.7644701 4.1686142e-20)
(47.367421 -3.4312728 -2.9765367e-24)
(48.448127 -3.0740297 1.1620539e-23)
(49.498345 -2.6923654 2.8895712e-20)
(50.510653 -2.2867582 -1.2610699e-20)
(51.474925 -1.8594183 5.46452e-20)
(52.379283 -1.4147998 8.8194324e-24)
(53.211692 -0.96038083 -6.4185557e-20)
(53.961678 -0.50678264 0)
(54.622308 -0.067109806 -4.5700215e-20)
(55.191454 0.34413142 -7.6279691e-20)
(55.672398 0.71276919 6.3283332e-20)
(56.072953 1.0267324 1.7668933e-24)
(56.403768 1.2774176 -8.6362139e-20)
(56.674939 1.4607248 -6.930002e-20)
(56.892758 1.5745613 -1.2147098e-19)
(57.057538 1.6232534 1.0155018e-19)
(57.150253 1.591691 0)
(57.140653 1.5134197 -1.5408909e-19)
(56.966461 1.3517853 -1.5877347e-19)
(56.46995 1.0699227 -6.6558325e-22)
(55.622166 0.51964813 3.7997804e-22)
(54.20354 0.026969933 -1.0485667e-22)
(52.2045 -0.22152656 3.3052663e-20)
(37.152262 -5.1799192 0)
(38.423141 -5.0374949 2.4263286e-20)
(39.685767 -4.8733181 -2.2839136e-20)
(40.931853 -4.6818432 -4.2550827e-20)
(42.15682 -4.4673339 6.54382e-20)
(43.358935 -4.2312744 -3.5928153e-20)
(44.538094 -3.973535 -2.1751591e-20)
(45.694985 -3.6934133 4.4834407e-24)
(46.829321 -3.3901271 -3.5121758e-20)
(47.93848 -3.0629875 -3.122332e-20)
(49.017936 -2.7115432 9.0288924e-24)
(50.06091 -2.3360577 4.8411793e-20)
(51.058161 -1.9382076 -8.435251e-20)
(51.998546 -1.5216751 -2.7359821e-20)
(52.87046 -1.0928193 -7.8325991e-21)
(53.66327 -0.66080034 5.341988e-20)
(54.369059 -0.23740312 -6.2513377e-24)
(54.984118 0.16383849 7.5934543e-20)
(55.509679 0.52913246 3.9641647e-21)
(55.951577 0.84603418 3.6409858e-24)
(56.318862 1.1049694 8.4784607e-20)
(56.62083 1.3004385 1.4332067e-19)
(56.863662 1.4292357 3.815951e-21)
(57.049698 1.4934552 -2.0940293e-19)
(57.158079 1.4861443 8.5885178e-20)
(57.160812 1.4202352 1.5558759e-19)
(57.002524 1.2798315 6.2507469e-22)
(56.529332 1.0241273 0)
(55.694548 0.50648056 -3.6767133e-22)
(54.252615 0.05699486 -1.692828e-19)
(52.244628 -0.21967357 -5.9130121e-20)
(36.579533 -4.850971 0)
(37.824585 -4.7325508 0)
(39.075699 -4.5964076 6.9459638e-21)
(40.322224 -4.4354559 1.3029555e-20)
(41.556634 -4.252495 -1.2106867e-20)
(42.774339 -4.0485873 1.1142593e-20)
(43.972905 -3.8235568 -2.034045e-20)
(45.151336 -3.5766817 1.84222e-20)
(46.308495 -3.3070758 1.6565935e-20)
(47.441589 -3.013888 0)
(48.546275 -2.6964714 -3.9389653e-20)
(49.616311 -2.3547715 -6.9445255e-20)
(50.643172 -1.989939 9.1214056e-20)
(51.616477 -1.6049333 -2.6444994e-20)
(52.524995 -1.2050117 -6.0896792e-20)
(53.358007 -0.79807096 -5.2205056e-20)
(54.106837 -0.39461332 3.3333912e-20)
(54.766369 -0.0071090964 7.9869623e-20)
(55.33596 0.35118563 3.9487986e-21)
(55.819458 0.66768414 -5.6136988e-20)
(56.224172 0.93205365 -2.7561995e-21)
(56.558345 1.137523 -7.1366699e-20)
(56.827852 1.2799574 1.2387284e-19)
(57.036052 1.3591 1.0556768e-19)
(57.161813 1.3774844 -8.5726087e-20)
(57.179053 1.3238054 1.5678337e-19)
(57.037097 1.2043056 -1.6010194e-19)
(56.588287 0.97409526 0)
(55.767481 0.49193259 3.62713e-19)
(54.309171 0.086914675 2.9786282e-19)
(52.292432 -0.21100238 8.4729806e-20)
(36.101588 -4.4961549 5.6716096e-20)
(37.312116 -4.4008874 -5.2998825e-20)
(38.5417 -4.2907455 9.5032512e-20)
(39.77846 -4.1583171 -1.5710906e-26)
(41.012716 -4.0052798 -3.3563067e-20)
(42.237393 -3.8323751 4.1406507e-20)
(43.447765 -3.6394385 -5.6970594e-20)
(44.641027 -3.4257794 3.4557882e-20)
(45.814981 -3.1904335 -3.1212159e-20)
(46.966508 -2.9323582 2.7993734e-20)
(48.091366 -2.6506147 -2.493969e-20)
(49.183781 -2.3447275 -6.3878565e-24)
(50.235895 -2.0152511 -3.8829052e-20)
(51.237999 -1.6643107 3.3929192e-20)
(52.179322 -1.2961414 5.890363e-20)
(53.04911 -0.91736975 0)
(53.838111 -0.53722247 5.4371515e-21)
(54.539986 -0.16703842 -8.3239099e-20)
(55.152369 0.18061695 7.8203421e-21)
(55.677151 0.49325383 -6.5798394e-21)
(56.119792 0.76001803 8.8324257e-20)
(56.487241 0.97304487 2.3158178e-21)
(56.784817 1.1273972 -1.9542431e-21)
(57.015751 1.2206444 1.6669293e-21)
(57.160639 1.2634303 0)
(57.194928 1.2234107 1.2518142e-21)
(57.069943 1.1241716 -1.2390278e-21)
(56.646287 0.91942335 0)
(55.840477 0.4752319 -3.4990881e-19)
(54.370983 0.11512721 6.8335502e-22)
(52.341992 -0.20177071 -2.0514055e-19)
(35.703474 -4.1437358 -3.1940765e-21)
(36.873299 -4.0689908 0)
(38.074455 -3.9814006 5.7818598e-21)
(39.294457 -3.8736763 -4.3977417e-20)
(40.521968 -3.7467767 1.7752152e-25)
(41.747658 -3.6012911 1.6544525e-25)
(42.964487 -3.437192 5.3138087e-20)
(44.167656 -3.2539687 3.2371947e-20)
(45.353668 -3.0507362 -2.9352924e-20)
(46.518903 -2.8263708 2.6425661e-20)
(47.659171 -2.5796691 -2.3631544e-20)
(48.769178 -2.3096979 2.099617e-20)
(49.841795 -2.0163367 0)
(50.868019 -1.700856 -1.6273886e-20)
(51.837642 -1.3663251 -4.2581054e-20)
(52.7401 -1.0181141 6.1490776e-20)
(53.565705 -0.6641436 -2.1173793e-20)
(54.307108 -0.31453559 9.0558231e-21)
(54.960379 0.018997192 0)
(55.525512 0.32430783 0)
(56.006056 0.5902784 -9.0702154e-20)
(56.40745 0.80816509 2.3167768e-21)
(56.73416 0.97226553 0)
(56.988224 1.0782885 0)
(57.154546 1.1431636 0)
(57.207974 1.1153445 -1.6532775e-19)
(57.100614 1.0378362 1.5697952e-19)
(56.702664 0.85976868 6.1867954e-22)
(55.913118 0.45551611 6.5412746e-22)
(54.434999 0.14054631 3.2488252e-22)
(52.392767 -0.21683984 6.5822484e-21)
(35.39498 -3.7805302 -4.3232892e-20)
(36.5158 -3.72643 4.9002021e-20)
(37.679687 -3.6613408 -4.7500609e-20)
(38.874264 -3.578106 2.2328835e-25)
(40.087166 -3.4769649 3.8174665e-20)
(41.307167 -3.3582349 0)
(42.524918 -3.2219293 -1.6513409e-20)
(43.733374 -3.0677251 3.0293327e-20)
(44.927323 -2.8949467 -2.7568559e-20)
(46.102245 -2.7026012 -3.0643865e-24)
(47.253752 -2.4894539 -4.4697841e-20)
(48.376914 -2.2543229 -5.5040927e-25)
(49.465338 -1.9965691 1.7661785e-20)
(50.510923 -1.7166391 1.556063e-20)
(51.504069 -1.4165184 4.0873379e-20)
(52.434593 -1.100404 -4.7438788e-20)
(53.292676 -0.77479996 0)
(54.070165 -0.44853631 8.8254429e-21)
(54.761777 -0.13231033 -6.7909439e-20)
(55.365699 0.1623381 -5.1359189e-20)
(55.88356 0.42427719 -5.4439392e-21)
(56.319129 0.64412344 8.29801e-20)
(56.675766 0.81532752 -1.9562685e-21)
(56.953914 0.93197071 1.0563748e-19)
(57.143001 1.0053413 0)
(57.217028 0.99333598 1.673495e-19)
(57.127843 0.94445807 -1.5508936e-19)
(56.756592 0.79489828 -6.0264423e-22)
(55.984939 0.43195574 -6.2594951e-22)
(54.500847 0.16406071 3.0823503e-22)
(52.44255 -0.18637775 -1.9532333e-19)
(35.180722 -3.4360111 8.3393957e-20)
(36.247454 -3.3996144 -4.9447552e-21)
(37.366554 -3.3538648 -1.701188e-25)
(38.526817 -3.2920302 -3.711371e-20)
(39.715959 -3.2136297 0)
(40.92179 -3.1186284 8.2768117e-21)
(42.133217 -3.0070055 1.5379372e-20)
(43.341082 -2.8786032 2.8324972e-20)
(44.538214 -2.7330129 -5.1729236e-20)
(45.718741 -2.5695024 7.0319948e-20)
(46.877631 -2.3869793 -4.2200823e-20)
(48.009967 -2.1841967 1.8874068e-20)
(49.109912 -1.9601557 -1.6782776e-20)
(50.170228 -1.7145941 2.9673098e-20)
(51.182156 -1.4485914 -6.5209986e-20)
(52.136026 -1.1650912 4.5594887e-20)
(53.02213 -0.8692148 0)
(53.831793 -0.56842917 6.8469422e-20)
(54.558609 -0.27221924 1.1767347e-19)
(55.199151 0.0086995751 5.6606182e-20)
(55.753171 0.26344355 -5.3584839e-21)
(56.222682 0.48226419 -7.2954767e-20)
(56.609783 0.65780011 6.6073005e-20)
(56.913667 0.78288876 -1.1342329e-19)
(57.127185 0.86395667 2.9039412e-21)
(57.220832 0.86235556 -5.1149507e-24)
(57.150009 0.84392252 1.538247e-19)
(56.807072 0.72488196 1.1718111e-21)
(56.05533 0.40376729 -1.1953513e-21)
(54.565012 0.18339408 0)
(52.497341 -0.22783825 1.7767392e-20)
(35.050629 -3.1135168 -3.5428881e-20)
(36.059084 -3.0925929 7.19848e-20)
(37.127463 -3.0633737 -7.0571307e-20)
(38.246285 -3.0200953 3.4117677e-20)
(39.404069 -2.9617572 0)
(40.588407 -2.8878908 2.3030918e-20)
(41.787051 -2.7983066 -5.7292321e-20)
(42.989029 -2.6928932 1.9942661e-25)
(44.185156 -2.5714519 4.8488667e-20)
(45.367875 -2.4335455 -2.203734e-20)
(46.531078 -2.2783583 0)
(47.66945 -2.1047824 1.7844566e-20)
(48.77743 -1.9116933 -1.5912755e-20)
(49.848497 -1.6983742 0)
(50.874814 -1.4651186 4.9774333e-20)
(51.84744 -1.2137341 -4.36609e-20)
(52.757011 -0.94803264 0)
(53.594649 -0.67406459 -1.2397126e-19)
(54.35309 -0.39996705 -6.4214402e-20)
(55.027535 -0.13544641 0)
(55.616003 0.10914483 -5.2501014e-21)
(56.118722 0.3239978 4.4846837e-21)
(56.536441 0.50112632 -6.5230092e-20)
(56.867327 0.63269129 6.6016659e-21)
(57.106188 0.72110927 -2.8739547e-21)
(57.219004 0.74218084 -1.5591959e-19)
(57.166914 0.73686973 1.177326e-21)
(56.853228 0.65016348 1.1347134e-21)
(56.123451 0.37042978 2.9110498e-19)
(54.628415 0.20442432 1.0483546e-19)
(52.559296 -0.23808121 -8.7270577e-21)
(35.001743 -2.8122565 -6.7972348e-20)
(35.949754 -2.806721 0)
(36.962872 -2.7918774 0)
(38.033958 -2.764741 5.492132e-20)
(39.153044 -2.7241695 -6.0165854e-20)
(40.308306 -2.6692654 0)
(41.487094 -2.5995267 0)
(42.677174 -2.5147479 -1.2360373e-20)
(43.867556 -2.4148344 0)
(45.048853 -2.2996033 0)
(46.213489 -2.1685685 1.8733328e-20)
(47.355279 -2.0209071 5.0537507e-20)
(48.468512 -1.8555929 -3.0121304e-20)
(49.547116 -1.6717175 2.6783926e-20)
(50.584066 -1.4689983 -1.1844359e-20)
(51.571275 -1.2483587 -2.0847656e-20)
(52.499931 -1.0123831 -9.7982748e-25)
(53.361255 -0.76574049 7.1552031e-20)
(54.147474 -0.51517023 5.5146263e-20)
(54.852683 -0.26918903 -4.7594183e-20)
(55.473366 -0.037376163 8.6968953e-20)
(56.008056 0.17072867 -4.3888071e-21)
(56.456042 0.34680687 3.7689476e-21)
(56.814509 0.48285139 -3.2483276e-21)
(57.078564 0.57787556 0)
(57.211345 0.6190414 1.4976653e-19)
(57.179173 0.62238384 2.269793e-21)
(56.893803 0.57123952 -1.0957213e-21)
(56.187657 0.33181598 -2.7641259e-19)
(54.694232 0.22692655 -2.0369085e-19)
(52.632118 -0.24346346 1.3970525e-24)
(35.026168 -2.5421591 3.0457594e-25)
(35.914026 -2.5430666 -3.7052048e-21)
(36.869334 -2.54289 0)
(37.887971 -2.5296346 -5.0557512e-20)
(38.96215 -2.5043403 5.5603773e-20)
(40.081349 -2.4660796 0)
(41.233291 -2.4139848 -4.9638949e-20)
(42.405161 -2.3475931 5.7688377e-20)
(43.584615 -2.2667794 0)
(44.760538 -2.171522 0)
(45.923676 -2.0616394 -1.7617821e-20)
(47.066554 -1.9366565 -3.1762067e-20)
(48.182833 -1.7958017 0)
(49.26649 -1.6382012 0)
(50.311034 -1.463297 -4.4997916e-20)
(51.30922 -1.271306 0)
(52.252988 -1.0638064 -5.2316259e-20)
(53.133876 -0.84419402 1.5242823e-20)
(53.943936 -0.61781858 -1.0612115e-19)
(54.676498 -0.39192731 4.5975233e-20)
(55.326731 -0.17506522 -1.6375185e-19)
(55.891635 0.023781556 4.2738561e-21)
(56.368999 0.196309 5.8910112e-20)
(56.754965 0.33480542 1.0183052e-19)
(57.043851 0.43544163 8.6009584e-20)
(57.197806 0.49416813 -1.4667987e-19)
(57.185971 0.5097523 0)
(56.928075 0.48883529 0)
(56.247563 0.28764691 2.6254428e-19)
(54.764952 0.24999904 9.6703783e-20)
(52.7208 -0.24350604 7.0305637e-20)
(35.12095 -2.2936019 -5.8360846e-20)
(35.947491 -2.305118 1.1128731e-19)
(36.844501 -2.3104874 -1.0756025e-19)
(37.807259 -2.3118857 4.6569517e-20)
(38.831256 -2.3003152 -5.1404047e-20)
(39.90797 -2.2769273 1.3765699e-25)
(41.026212 -2.2408564 -1.1548356e-20)
(42.173302 -2.191309 3.2300124e-20)
(43.33613 -2.1279374 9.9444307e-21)
(44.502177 -2.0507238 -1.8214751e-20)
(45.660499 -1.9596935 -1.6558999e-20)
(46.802052 -1.8547018 4.486406e-20)
(47.919411 -1.7353207 3.0345057e-25)
(49.006134 -1.6008997 -2.3989592e-20)
(50.055994 -1.4508343 6.396537e-20)
(51.062303 -1.2849357 -3.7727799e-20)
(52.017731 -1.1040636 8.306578e-20)
(52.914413 -0.91049201 0)
(53.744483 -0.70829561 -4.9950388e-24)
(54.500839 -0.50339412 -3.3181101e-20)
(55.177646 -0.30313877 6.7093875e-20)
(55.770517 -0.11570217 0)
(56.275821 0.050988626 -5.3704544e-20)
(56.688586 0.18990719 -6.2029853e-21)
(57.001707 0.29499342 -1.7322679e-19)
(57.177888 0.36992336 4.542181e-21)
(57.187264 0.38599668 -4.2199153e-21)
(56.955051 0.40304549 1.3175109e-19)
(56.302305 0.23631649 -2.5099861e-19)
(54.843565 0.25415759 1.6357157e-19)
(52.808283 -0.15809756 -1.227462e-20)
(35.286734 -2.0682369 -5.0465389e-20)
(36.04933 -2.0883878 5.2996543e-20)
(36.885261 -2.104839 0)
(37.791593 -2.1110834 6.0619708e-21)
(38.761611 -2.1135869 0)
(39.790244 -2.1033576 0)
(40.868165 -2.0814276 1.0742346e-20)
(41.983604 -2.0470014 -3.0130832e-20)
(43.123414 -1.999436 6.5086183e-20)
(44.274206 -1.9385276 -2.5323364e-25)
(45.42359 -1.8643558 1.5545982e-20)
(46.560873 -1.7770181 2.8137041e-20)
(47.677206 -1.6764311 -5.0624526e-20)
(48.765261 -1.562267 -1.4766541e-24)
(49.818573 -1.4340627 0)
(50.830761 -1.2915405 0)
(51.795075 -1.135037 -4.7367352e-20)
(52.704277 -0.96597963 1.3880927e-20)
(53.550827 -0.78731465 6.0776033e-20)
(54.327453 -0.60365394 3.1812264e-20)
(55.027639 -0.42112157 0)
(55.645851 -0.24684763 -6.3988919e-20)
(56.177111 -0.088047079 6.9337852e-21)
(56.615328 0.049241016 -9.6307958e-20)
(56.951555 0.15767243 7.6236694e-20)
(57.15123 0.24870139 -1.4123122e-19)
(57.182624 0.27140141 1.9869749e-21)
(56.974601 0.31424514 -1.2236859e-19)
(56.351365 0.17639092 -1.8501022e-21)
(54.919443 0.21506802 -2.2336497e-19)
(52.91898 -0.27355077 0)
(35.509678 -1.8733432 -2.9779258e-21)
(36.213357 -1.8977131 -5.7404774e-21)
(36.987443 -1.9204532 4.2889225e-20)
(37.833519 -1.9380253 -9.2098673e-20)
(38.749134 -1.9445893 4.3435827e-20)
(39.726117 -1.9473284 0)
(40.758499 -1.9375339 -9.9911868e-21)
(41.836202 -1.9161292 0)
(42.946806 -1.8824539 -3.4754863e-20)
(44.076724 -1.8360442 1.5983291e-20)
(45.212567 -1.7768515 0)
(46.34216 -1.7050727 1.3222282e-20)
(47.455091 -1.6208958 0)
(48.542774 -1.524331 -2.1362222e-20)
(49.598025 -1.4151876 1.9055886e-20)
(50.614367 -1.2932613 0)
(51.585395 -1.1586358 0)
(52.504404 -1.0121535 1.3196038e-20)
(53.364292 -0.85583063 -1.1583777e-20)
(54.157857 -0.69311536 -1.0135524e-20)
(54.878178 -0.52889176 -6.187312e-20)
(55.518841 -0.36913989 1.2304094e-19)
(56.073636 -0.22009449 4.6786215e-20)
(56.535234 -0.086717221 1.1632487e-20)
(56.892563 0.023457422 -8.6450254e-20)
(57.118557 0.13132451 2.1754824e-21)
(57.172274 0.15720513 -1.916848e-21)
(56.986801 0.22108187 1.1884608e-19)
(56.397276 0.10953951 0)
(54.991567 0.18863231 6.7696041e-21)
(53.053232 -0.26964381 0)
(35.777815 -1.7095333 1.3625529e-21)
(36.426066 -1.736874 -2.1488553e-25)
(37.142648 -1.7628948 -2.1835966e-25)
(37.929189 -1.7851808 2.5998517e-21)
(38.786126 -1.8024613 0)
(39.710831 -1.8085164 -4.8270562e-21)
(40.694407 -1.8103756 9.2857062e-21)
(41.729611 -1.7998775 -8.7249921e-21)
(42.805553 -1.7779452 6.4909286e-20)
(43.909186 -1.7440919 1.4955232e-20)
(45.026725 -1.6980474 -5.4689186e-20)
(46.144882 -1.6399216 -1.2413357e-20)
(47.251755 -1.5700373 2.2408558e-20)
(48.337282 -1.4886898 4.0233003e-20)
(49.39317 -1.3960061 -1.7975905e-20)
(50.412395 -1.2919734 0)
(51.388545 -1.1766744 0)
(52.31524 -1.0505846 6.257959e-20)
(53.185807 -0.91503262 -2.2024509e-20)
(53.993297 -0.77247803 9.6571037e-21)
(54.730624 -0.62667192 7.6003802e-20)
(55.390747 -0.48243108 -7.3673339e-20)
(55.966407 -0.34493212 -3.8517746e-20)
(56.448973 -0.21831446 2.3060095e-24)
(56.825393 -0.10931676 1.518943e-19)
(57.075932 -0.00059478152 2.061394e-19)
(57.15686 0.049939299 1.889949e-21)
(56.993194 0.12006666 -1.151484e-19)
(56.437917 0.038014233 -2.1023472e-19)
(55.069571 0.16708219 -1.9394578e-20)
(53.176965 -0.26732317 0)
(36.07502 -1.5759768 1.2473998e-21)
(36.672103 -1.6044447 2.4111736e-21)
(37.334954 -1.632283 2.4226741e-21)
(38.066163 -1.6572517 7.6826913e-20)
(38.866671 -1.6781196 -7.9677707e-20)
(39.73589 -1.6937478 4.4633264e-21)
(40.669789 -1.6985728 -8.5188906e-21)
(41.660056 -1.6984641 -5.6864573e-20)
(42.697659 -1.6862901 6.8137542e-20)
(43.77061 -1.6629719 -1.3980503e-20)
(44.865438 -1.6282183 -1.2805217e-20)
(45.968336 -1.5819684 1.1645116e-20)
(47.066236 -1.5245216 -2.1048877e-20)
(48.147618 -1.4563421 1.8925387e-20)
(49.202829 -1.3778352 -1.6933597e-20)
(50.223854 -1.2892672 3.0177797e-20)
(51.203927 -1.190829 2.6787976e-20)
(52.136747 -1.0828643 -9.4776268e-20)
(53.015899 -0.96625366 0)
(53.834712 -0.84269965 -3.6719529e-20)
(54.586164 -0.71499499 0)
(55.26284 -0.58685407 6.3325382e-20)
(55.856702 -0.46247154 4.3017203e-20)
(56.358074 -0.3453648 -8.5901163e-20)
(56.752958 -0.24095072 -7.5266685e-20)
(57.025133 -0.14015591 -6.6406841e-20)
(57.131311 -0.074825117 -1.2235488e-19)
(56.99487 0.0086271496 3.2908283e-21)
(56.466052 -0.037472516 2.0012888e-19)
(55.155282 0.13198113 0)
(53.292388 -0.31159187 0)
(36.390641 -1.4686032 7.1972268e-20)
(36.941166 -1.4970837 -1.414939e-19)
(37.554504 -1.5255238 1.4252259e-19)
(38.233992 -1.5520999 -1.4380557e-19)
(38.981602 -1.5755077 7.8049915e-20)
(39.797517 -1.5946178 6.6908752e-20)
(40.68044 -1.6074585 -5.5022745e-20)
(41.623602 -1.6119609 6.80284e-20)
(42.619731 -1.6079294 -1.1294476e-19)
(43.658353 -1.5935987 5.2242153e-20)
(44.72669 -1.5683821 1.1981548e-20)
(45.810852 -1.5322069 7.2052744e-25)
(46.896956 -1.4853729 0)
(47.972176 -1.4284277 0)
(49.02541 -1.3619912 0)
(50.047442 -1.2866128 -5.6863969e-20)
(51.030671 -1.2026628 1.7076729e-24)
(51.968508 -1.1105574 2.2387164e-20)
(52.854665 -1.0109168 5.9317417e-20)
(53.682699 -0.90493283 1.7407951e-20)
(54.445752 -0.79460091 1.528933e-20)
(55.136292 -0.68270309 -9.3800103e-20)
(55.745814 -0.57250177 -9.9684213e-20)
(56.264038 -0.4668345 -3.9857153e-25)
(56.676854 -0.36943878 6.3025615e-20)
(56.96836 -0.27509274 -5.9566352e-20)
(57.097063 -0.19937816 1.1681039e-19)
(56.98917 -0.090389052 -1.5310157e-21)
(56.48182 -0.11658685 -1.4751247e-21)
(55.238693 0.096838231 0)
(53.408939 -0.29489455 0)
(36.718792 -1.3748639 6.7040817e-20)
(37.227043 -1.4027919 0)
(37.794931 -1.4311752 0)
(38.4263 -1.4584988 -1.0613206e-25)
(39.123929 -1.48363 -4.0064948e-21)
(39.889098 -1.5053659 0)
(40.721081 -1.5228953 0)
(41.618003 -1.5315697 3.704856e-25)
(42.570801 -1.5356731 -6.5781328e-21)
(43.572077 -1.5292786 -4.8771093e-20)
(44.610379 -1.5129681 -4.0224322e-25)
(45.672261 -1.4864337 9.5087132e-26)
(46.74348 -1.4497105 5.5570083e-20)
(47.810184 -1.4032642 0)
(48.859881 -1.3478249 2.995295e-20)
(49.881986 -1.2841656 -4.0904733e-25)
(50.867723 -1.2129561 -4.7627268e-20)
(51.809809 -1.1347798 2.1125279e-20)
(52.701833 -1.0502464 -5.604563e-20)
(53.53747 -0.96027625 0)
(54.310028 -0.86630356 0)
(55.012028 -0.7703659 5.0912595e-20)
(55.634804 -0.67483955 8.928339e-20)
(56.167815 -0.58173579 1.5653597e-19)
(56.59709 -0.49300595 -6.872347e-20)
(56.905614 -0.40425944 1.2123432e-19)
(57.054061 -0.32282464 0)
(56.973163 -0.19917281 2.91884e-21)
(56.492479 -0.20223676 -4.1727652e-21)
(55.31249 0.07004533 5.7225521e-22)
(53.540351 -0.27747366 0)
(37.058457 -1.2871462 0)
(37.52831 -1.3146379 1.8647693e-21)
(38.054582 -1.3430356 0)
(38.641454 -1.3710797 1.8819108e-21)
(39.292319 -1.3978124 3.7046703e-21)
(40.009392 -1.422108 0)
(40.793185 -1.4427637 5.5200633e-20)
(41.642106 -1.4590974 -5.1629255e-20)
(42.552445 -1.4660659 6.0558785e-21)
(43.514679 -1.468607 0)
(44.51979 -1.4607469 0)
(45.555601 -1.4433269 4.5799617e-25)
(46.608163 -1.4162749 -3.4711276e-20)
(47.663105 -1.379859 0)
(48.706819 -1.3347554 2.8127292e-20)
(49.727295 -1.2818591 -5.0305613e-20)
(50.714454 -1.2220931 4.4820689e-20)
(51.660014 -1.1562893 1.9902885e-20)
(52.556994 -1.0852068 -3.5251344e-20)
(53.398949 -1.0097123 -4.6702536e-20)
(54.179286 -0.93092968 1.3715795e-20)
(54.890655 -0.85030134 0)
(55.524437 -0.76942918 -3.1780311e-20)
(56.070073 -0.68937948 -9.2960428e-21)
(56.513786 -0.61035282 6.539837e-20)
(56.837518 -0.52744307 -1.1536919e-19)
(57.003746 -0.44341115 0)
(56.948244 -0.31169358 8.8562589e-20)
(56.497224 -0.28668489 1.6546111e-19)
(55.383776 0.022988808 -5.1474258e-22)
(53.656725 -0.2758451 -4.6812383e-23)
(37.416157 -1.2035423 0)
(37.850908 -1.2307125 1.0814053e-19)
(38.338836 -1.2591594 -2.2262473e-19)
(38.884303 -1.2878436 -1.6131133e-25)
(39.491113 -1.315973 1.0627905e-19)
(40.162154 -1.3425755 1.067379e-19)
(40.898907 -1.366501 -9.9325102e-20)
(41.700964 -1.3867001 -6.0706479e-21)
(42.566311 -1.4017357 8.9910304e-20)
(43.48815 -1.4080608 -8.3910194e-20)
(44.457454 -1.409607 6.847643e-20)
(45.463575 -1.4009967 -8.0508299e-20)
(46.493458 -1.3833138 -6.8625206e-25)
(47.532834 -1.3567094 0)
(48.567389 -1.3216682 0)
(49.583878 -1.2790549 0)
(50.570787 -1.2299381 -4.2137235e-20)
(51.518651 -1.1753973 5.6192558e-20)
(52.419635 -1.1164316 1.6605231e-20)
(53.266809 -1.0540223 2.9367323e-20)
(54.053511 -0.9891749 1.2957436e-20)
(54.772471 -0.92296459 -1.1408896e-20)
(55.415211 -0.8563069 -1.0036705e-20)
(55.971351 -0.78928216 -7.0570608e-20)
(56.427383 -0.72043816 -5.4322027e-20)
(56.764721 -0.64383508 5.4765678e-20)
(56.947112 -0.55903314 3.0388772e-21)
(56.914731 -0.42454468 -8.6415632e-20)
(56.496731 -0.3568103 -1.5225254e-19)
(55.449728 -0.036964582 1.4364285e-19)
(53.775457 -0.26977184 0)
(37.790986 -1.1258418 0)
(38.193634 -1.152588 0)
(38.646275 -1.1808734 1.6051967e-21)
(39.153341 -1.209883 1.0285807e-19)
(39.718892 -1.2389862 -1.0159031e-19)
(40.3463 -1.2673829 0)
(41.03781 -1.2940621 -5.9532261e-21)
(41.794062 -1.3178598 0)
(42.613656 -1.3378928 -5.2959506e-21)
(43.494057 -1.3517999 -9.7138595e-21)
(44.425246 -1.3586676 9.1371309e-21)
(45.398731 -1.358773 0)
(46.402327 -1.3501361 1.5212247e-20)
(47.422181 -1.3328856 1.375395e-20)
(48.443788 -1.3075494 -4.9495032e-20)
(49.453083 -1.2748781 4.4339337e-20)
(50.437356 -1.2359376 0)
(51.385809 -1.1919297 -1.7608753e-20)
(52.289482 -1.144115 6.2505966e-20)
(53.140717 -1.0936454 -2.7663047e-20)
(53.932465 -1.041567 3.6655741e-20)
(54.65745 -0.98877072 -4.3098668e-20)
(55.307344 -0.93557205 1.8974454e-20)
(55.872014 -0.88109999 -8.3474127e-21)
(56.338321 -0.82235756 -5.8809954e-20)
(56.68772 -0.75218909 5.1889073e-20)
(56.884996 -0.66720466 -9.2027568e-20)
(56.872583 -0.53354583 2.4784631e-21)
(56.491654 -0.43456933 -2.2839967e-21)
(55.50872 -0.093480437 -1.3457891e-19)
(53.87726 -0.25707692 2.7608945e-20)
(38.181993 -1.0621701 7.5129498e-22)
(38.555358 -1.0880894 0)
(38.975634 -1.1156872 5.660835e-26)
(39.447237 -1.1443626 0)
(39.974366 -1.1736271 0)
(40.560714 -1.2028339 0)
(41.20909 -1.2311379 -1.0506901e-25)
(41.920973 -1.2574916 0)
(42.696018 -1.280766 7.9302551e-20)
(43.531667 -1.3003224 -5.5003325e-20)
(44.424556 -1.3122804 6.7497877e-20)
(45.362176 -1.3196667 -1.1728548e-19)
(46.335731 -1.318765 5.6932678e-20)
(47.332147 -1.3100643 -1.2878979e-20)
(48.336997 -1.2936156 0)
(49.3357 -1.2700494 0)
(50.314589 -1.2404482 0)
(51.261525 -1.2061354 -3.308208e-20)
(52.16626 -1.168529 -2.9380218e-20)
(53.020229 -1.128963 0)
(53.815766 -1.0885789 -4.602958e-20)
(54.545374 -1.0481106 1.0157824e-19)
(55.20081 -1.007414 -1.7905625e-20)
(55.772198 -0.96470195 0)
(56.246825 -0.91554982 -2.9537232e-24)
(56.606539 -0.85148515 -9.8138457e-20)
(56.817441 -0.76624402 8.6951583e-20)
(56.825712 -0.62832319 -7.5320139e-20)
(56.482571 -0.51951034 0)
(55.564737 -0.14814579 1.250463e-19)
(53.986499 -0.23638728 -7.2891143e-22)
(38.578662 -1.0137089 -1.3836563e-21)
(38.925588 -1.0383008 1.3422835e-21)
(39.3165 -1.0646284 -1.3668056e-21)
(39.755741 -1.0922596 -1.3731948e-21)
(40.247553 -1.1208294 -2.7216647e-21)
(40.795827 -1.1498254 0)
(41.403778 -1.1785601 2.5680481e-21)
(42.07353 -1.2061579 -4.8967089e-21)
(42.805646 -1.2315725 0)
(43.598672 -1.2537226 -7.7525158e-20)
(44.448739 -1.2720751 5.5170432e-20)
(45.350919 -1.2824619 -7.2247649e-21)
(46.292319 -1.2889432 0)
(47.262173 -1.2874284 -1.2054623e-20)
(48.246835 -1.2788462 5.430784e-20)
(49.231683 -1.2637043 -3.8977376e-20)
(50.202292 -1.2428918 0)
(51.145405 -1.2176947 0)
(52.049489 -1.1896169 2.759323e-20)
(52.904798 -1.1601339 0)
(53.702885 -1.1304935 4.3305772e-20)
(54.435845 -1.1013298 -7.6512374e-20)
(55.095395 -1.0721131 6.7511464e-20)
(55.671898 -1.0402575 -1.4877725e-20)
(56.153032 -1.0001109 1.049653e-19)
(56.521136 -0.94201588 4.6327022e-20)
(56.743964 -0.85688328 0)
(56.774525 -0.71230678 -5.1733522e-25)
(56.470765 -0.59714666 -6.4150452e-20)
(55.624245 -0.19897055 8.5919183e-22)
(54.072307 -0.23666322 0)
(38.974587 -0.97471643 -8.092046e-20)
(39.297616 -0.99786897 -8.0359316e-20)
(39.66188 -1.0227838 8.0702424e-20)
(40.071611 -1.0491474 1.26888e-21)
(40.53103 -1.076698 8.3129725e-20)
(41.044141 -1.1050372 -1.5788004e-19)
(41.614444 -1.1336101 7.6299946e-20)
(42.24458 -1.1616974 4.5526453e-21)
(42.935893 -1.1884181 0)
(43.687979 -1.2127637 6.8245909e-20)
(44.498206 -1.2337111 -5.945381e-20)
(45.361442 -1.2505045 0)
(46.269502 -1.2606466 0)
(47.2111 -1.2657857 -4.5108371e-20)
(48.173175 -1.2642563 7.1175369e-20)
(49.141341 -1.2566194 -5.476884e-20)
(50.100847 -1.2438091 3.2659539e-20)
(51.037541 -1.2270301 -4.3679557e-20)
(51.938841 -1.2077663 -2.5898e-20)
(52.793883 -1.1875668 2.2976035e-20)
(53.593197 -1.1677319 -2.0347446e-20)
(54.328309 -1.1488277 1.7992869e-20)
(54.990756 -1.1300083 -4.7654607e-20)
(55.57106 -1.1080561 -1.4019569e-20)
(56.057285 -1.0763746 -3.7100435e-20)
(56.432356 -1.0243675 0)
(56.665708 -0.94003165 0)
(56.712087 -0.79596788 7.302856e-20)
(56.450596 -0.66657146 4.0197428e-20)
(55.671478 -0.23102667 -1.104761e-19)
(54.153512 -0.2488702 6.879082e-25)
(39.370132 -0.94097861 -1.5031828e-19)
(39.671467 -0.96288394 -5.6962005e-22)
(40.011461 -0.98657716 -1.163756e-21)
(40.394201 -1.0118288 0)
(40.823844 -1.0384626 2.3320628e-21)
(41.304425 -1.0661766 -1.4637434e-19)
(41.839629 -1.0945274 1.4168112e-19)
(42.432468 -1.122921 0)
(43.084891 -1.1506079 -1.3200162e-19)
(43.797338 -1.176693 -7.4828395e-21)
(44.568266 -1.2002156 2.3570288e-19)
(45.393652 -1.2204044 -9.5264334e-20)
(46.267638 -1.2352446 -9.2064222e-20)
(47.178141 -1.2459837 1.0544798e-19)
(48.114647 -1.2506349 4.7571702e-20)
(49.063198 -1.2499296 -1.7092739e-20)
(50.008856 -1.2444287 0)
(50.936828 -1.2352837 1.3647296e-20)
(51.833413 -1.2239716 -2.4288659e-20)
(52.686542 -1.2121076 4.3123469e-20)
(53.485777 -1.2009889 0)
(54.221937 -1.1911119 -1.6902666e-20)
(54.886271 -1.1814151 4.7276282e-24)
(55.469398 -1.1681862 5.0386716e-24)
(55.959781 -1.1441067 -5.8201892e-20)
(56.341111 -1.097605 0)
(56.584938 -1.0141933 0)
(56.648556 -0.86680372 0)
(56.419682 -0.72798882 0)
(55.694077 -0.25424389 0)
(54.248441 -0.21040478 3.1098691e-24)
(39.768335 -0.90908891 -5.4147007e-22)
(40.049788 -0.929827 -3.208823e-26)
(40.367475 -0.95235716 1.0744124e-21)
(40.72532 -0.97652345 0)
(41.127372 -1.0022252 -2.1593945e-21)
(41.577639 -1.0292458 -1.3573777e-19)
(42.079893 -1.057244 2.6107171e-19)
(42.637395 -1.0857444 -3.93488e-21)
(43.252535 -1.1141296 -2.3457236e-19)
(43.926414 -1.141636 3.4848346e-21)
(44.658399 -1.1673803 9.6986396e-20)
(45.44558 -1.1904695 -5.946841e-21)
(46.282438 -1.2105054 5.3752012e-21)
(47.161913 -1.2246433 6.6176751e-25)
(48.07124 -1.2358623 -8.8988423e-21)
(48.997602 -1.2416512 -4.799173e-20)
(49.926527 -1.2431658 5.7294758e-20)
(50.843036 -1.2414325 0)
(51.732578 -1.2377752 2.2765312e-20)
(52.58194 -1.2336909 -2.0219323e-20)
(53.379668 -1.2304317 -1.7927391e-20)
(54.115743 -1.2284241 6.3474606e-20)
(54.781036 -1.2264386 0)
(55.366206 -1.2204748 1.2392355e-20)
(55.860106 -1.2027336 9.8503359e-20)
(56.247245 -1.1607925 9.6706043e-21)
(56.500921 -1.0780867 -6.8421772e-20)
(56.580338 -0.92768427 -1.1385522e-20)
(56.37957 -0.77704049 3.3823389e-21)
(55.707607 -0.2778171 1.511467e-21)
(54.32748 -0.23186542 3.464582e-21)
(40.163204 -0.88334065 4.9934162e-22)
(40.426561 -0.90294271 9.6833409e-22)
(40.723896 -0.92431591 9.9210344e-22)
(41.058957 -0.94736725 -1.2735781e-19)
(41.435661 -0.97206074 -3.2450074e-25)
(41.857944 -0.99825273 -4.0656149e-25)
(42.329601 -1.0256907 1.2407609e-19)
(42.854051 -1.0540046 1.2439937e-19)
(43.434019 -1.0826979 -2.1833302e-19)
(44.071155 -1.111143 1.0392927e-19)
(44.765621 -1.1385941 0)
(45.515576 -1.1642337 8.3255309e-20)
(46.316739 -1.1872927 -8.6165927e-20)
(47.162503 -1.2069978 -8.1464817e-20)
(48.041969 -1.2225905 -2.39451e-24)
(48.94365 -1.2342743 5.9862834e-20)
(49.853266 -1.242246 -5.3629867e-20)
(50.755676 -1.2472395 3.5914896e-20)
(51.635764 -1.2504443 -4.2651606e-20)
(52.479403 -1.2532249 -3.7904458e-20)
(53.274062 -1.2566895 8.4043722e-20)
(54.008855 -1.2611295 -8.9316218e-20)
(54.674142 -1.2651307 -5.0187204e-24)
(55.260538 -1.2645194 -2.3274113e-20)
(55.757329 -1.2512165 -4.1123287e-20)
(56.149875 -1.2122168 -3.6335598e-20)
(56.4128 -1.1292507 7.2310648e-20)
(56.506242 -0.9750854 -7.1240414e-21)
(56.330991 -0.81098327 -3.1703345e-21)
(55.720254 -0.30229587 -8.6256937e-20)
(54.409996 -0.20659693 -3.7168318e-22)
(40.555386 -0.86132916 -1.1793751e-19)
(40.802125 -0.8798113 1.1385463e-19)
(41.080739 -0.90002968 -1.1818559e-19)
(41.394795 -0.92194375 -9.2769597e-22)
(41.748061 -0.94557295 1.1760457e-19)
(42.144367 -0.9708375 1.1673864e-19)
(42.587481 -0.9975639 -1.1521863e-19)
(43.080901 -1.0254782 -3.4015219e-21)
(43.627581 -1.0541956 -3.2254186e-21)
(44.229579 -1.0832114 0)
(44.88767 -1.1119032 0)
(45.600857 -1.1395545 5.1790372e-21)
(46.365867 -1.1654141 -7.1041824e-20)
(47.176781 -1.1891002 6.8327374e-20)
(48.02604 -1.2090818 0)
(48.90123 -1.226412 -6.9971377e-21)
(49.789074 -1.2404632 6.2722544e-20)
(50.67475 -1.2518317 -2.241048e-20)
(51.542852 -1.2615204 -2.359026e-24)
(52.378608 -1.2705881 3.5500796e-20)
(53.168562 -1.2798756 0)
(53.900806 -1.2894178 -2.7914699e-20)
(54.565018 -1.2975933 4.9393281e-20)
(55.151645 -1.3000465 0)
(55.650362 -1.2886329 -9.650997e-21)
(56.047369 -1.2502562 5.1162545e-20)
(56.318407 -1.1659164 -3.770212e-20)
(56.423505 -1.0076112 5.5636001e-21)
(56.272306 -0.83121958 -8.9103128e-21)
(55.726863 -0.33316557 2.6232806e-21)
(54.502866 -0.21435927 -1.1147693e-21)
(40.935667 -0.84476505 0)
(41.167342 -0.86227042 0)
(41.428958 -0.88147696 -1.0829305e-19)
(41.723898 -0.9023817 -3.6675305e-25)
(42.055771 -0.92504899 2.2039438e-19)
(42.428279 -0.94945097 5.3384512e-25)
(42.845123 -0.97547906 -1.0369138e-19)
(43.30982 -1.0029396 0)
(43.825468 -1.031543 0)
(44.394434 -1.0608922 2.8187015e-21)
(45.017988 -1.0904809 7.8624194e-20)
(45.695883 -1.1197157 1.4953239e-24)
(46.425855 -1.1479617 -7.5164184e-20)
(47.203251 -1.1746083 6.431873e-20)
(48.020859 -1.1987292 -5.0450353e-20)
(48.86779 -1.2208394 -6.5427167e-21)
(49.732046 -1.2400082 -2.3465861e-20)
(50.59905 -1.2570025 -1.0484868e-20)
(51.453342 -1.2723758 -1.8689831e-20)
(52.27953 -1.2868069 0)
(53.063258 -1.3008203 0)
(53.791767 -1.3140632 -2.6155181e-20)
(54.453964 -1.3245598 4.6300849e-20)
(55.039823 -1.3277221 -2.0471642e-20)
(55.539144 -1.3154 0)
(55.938834 -1.274964 0)
(56.21554 -1.1882532 2.4416084e-24)
(56.330267 -1.0302026 0)
(56.19775 -0.84453658 2.7813258e-21)
(55.711132 -0.3596065 7.4359152e-20)
(54.580004 -0.25401174 2.3319363e-20)
(41.312592 -0.82814136 0)
(41.530197 -0.84475906 0)
(41.775933 -0.86303809 1.9931231e-19)
(42.052999 -0.88301033 -2.0232465e-19)
(42.364843 -0.90477998 0)
(42.715022 -0.92836561 -2.0082782e-19)
(43.107143 -0.95371669 3.9130579e-19)
(43.544706 -0.98071233 -1.8816513e-19)
(44.030889 -1.0091512 2.7939054e-21)
(44.568279 -1.0387388 -5.2511006e-21)
(45.158532 -1.0690811 -1.4659809e-19)
(45.801989 -1.09969 1.4425321e-19)
(46.497169 -1.1299964 -1.3207656e-19)
(47.240333 -1.1594233 1.2013786e-19)
(48.02526 -1.1877195 1.0016034e-24)
(48.843482 -1.2136171 0)
(49.682725 -1.2379279 1.0970607e-20)
(50.529215 -1.260294 0)
(51.367817 -1.2809875 4.3726062e-20)
(52.182864 -1.3004045 -4.6671472e-20)
(52.959219 -1.3186043 0)
(53.683159 -1.3347536 -2.4493692e-20)
(54.34264 -1.3464076 2.1688197e-20)
(54.926994 -1.3486493 -1.918839e-20)
(55.425772 -1.3333432 1.6960993e-20)
(55.826061 -1.2888628 1.4996792e-20)
(56.105059 -1.1993953 1.9890784e-20)
(56.224673 -1.0438464 -5.8689506e-21)
(56.106453 -0.85543161 -4.1653637e-20)
(55.666181 -0.39172629 -3.6881633e-20)
(54.637724 -0.22754592 -1.726163e-24)
(41.672894 -0.81821082 -1.858452e-19)
(41.877776 -0.83401193 1.7905024e-19)
(42.109138 -0.8514254 -1.1101507e-25)
(42.369997 -0.87050904 1.8713998e-19)
(42.663634 -0.89139798 1.2097436e-24)
(42.993456 -0.91414699 -1.86252e-19)
(43.362956 -0.93875032 0)
(43.775576 -0.965144 0)
(44.234528 -0.99319667 -2.599584e-21)
(44.742549 -1.022696 2.4453078e-21)
(45.301596 -1.0533398 -6.832408e-21)
(45.912499 -1.0847386 0)
(46.57449 -1.1164329 3.8525447e-21)
(47.284741 -1.1479199 7.0123539e-21)
(48.038029 -1.1787309 -1.0770657e-19)
(48.826637 -1.2083177 8.5736993e-20)
(49.63983 -1.2366027 8.2058297e-20)
(50.464649 -1.2632599 -8.2547942e-20)
(51.286271 -1.2883518 5.7263116e-20)
(52.088892 -1.3118656 -4.3666493e-20)
(52.856945 -1.3333869 0)
(53.57588 -1.3516074 2.2926349e-20)
(54.232551 -1.3635656 -2.0305815e-20)
(54.815377 -1.3639218 -1.7969657e-20)
(55.313233 -1.3446526 1.588921e-20)
(55.712823 -1.2954074 1.4046118e-20)
(55.991609 -1.2033623 -2.4837522e-20)
(56.113303 -1.0513896 4.3968355e-20)
(56.008472 -0.86131418 3.4111334e-20)
(55.607153 -0.40427279 3.6744224e-20)
(54.70091 -0.1723687 5.8518463e-22)
(42.030889 -0.80602185 3.3457937e-22)
(42.223652 -0.82098507 3.2330158e-22)
(42.441337 -0.83750384 -1.7010373e-19)
(42.686787 -0.8556567 -6.8020099e-22)
(42.963122 -0.87560292 -1.3319848e-24)
(43.273597 -0.89742756 -1.5539476e-24)
(43.621582 -0.92116383 -1.7974652e-24)
(44.010442 -0.94679841 1.6390608e-19)
(44.443385 -0.97426384 1.548507e-19)
(44.923248 -1.0034251 -1.4578504e-19)
(45.452218 -1.0340691 4.246089e-21)
(46.031512 -1.0659015 -1.2551514e-19)
(46.660958 -1.0985558 1.1504549e-19)
(47.338533 -1.1316143 -3.2725302e-21)
(48.060006 -1.1646423 9.4843056e-20)
(48.818634 -1.1971319 -8.011534e-20)
(49.604941 -1.2288724 0)
(50.406868 -1.2593813 -1.7003841e-24)
(51.210159 -1.2885776 0)
(51.999222 -1.3160523 -1.361732e-20)
(52.758132 -1.3409134 0)
(53.471547 -1.361342 3.2186817e-20)
(54.125298 -1.3738589 -1.9002091e-20)
(54.706928 -1.3727597 9.6953531e-25)
(55.203808 -1.3501652 -2.9756354e-20)
(55.602291 -1.2970404 2.6307658e-20)
(55.880229 -1.2035583 2.3258009e-20)
(56.003798 -1.0563695 -8.2317675e-20)
(55.912606 -0.86638456 0)
(55.546583 -0.41444808 -2.0193631e-21)
(54.751829 -0.14048529 -2.6222766e-20)
(42.369568 -0.79864923 6.2393868e-25)
(42.551499 -0.8129644 -1.5267366e-19)
(42.756941 -0.82878912 -1.5770752e-19)
(42.988576 -0.84621664 1.6074776e-19)
(43.249366 -0.8654195 -1.6160127e-19)
(43.542414 -0.88650139 1.6020389e-19)
(43.870957 -0.90952039 -1.5665221e-19)
(44.238264 -0.93449604 3.0115057e-19)
(44.647504 -0.9614025 -1.4407397e-19)
(45.101557 -0.9901548 -1.357659e-19)
(45.602768 -1.0205968 1.246524e-19)
(46.152651 -1.0524932 -1.1705493e-19)
(46.751513 -1.0855326 1.0399606e-19)
(47.398016 -1.1193427 -1.0085033e-19)
(48.088805 -1.1535385 1.7714981e-19)
(48.818315 -1.1873964 -7.9295243e-20)
(49.577241 -1.221285 -8.9603197e-21)
(50.355431 -1.2540759 6.4130263e-20)
(51.13928 -1.2857205 5.479941e-24)
(51.91366 -1.3155468 1.2737887e-20)
(52.662531 -1.3424089 5.7080444e-24)
(53.369952 -1.3640717 -3.0106805e-20)
(54.020916 -1.3770164 -1.7785749e-20)
(54.601453 -1.374972 0)
(55.097998 -1.3501645 1.392548e-20)
(55.49567 -1.2947975 -1.2311765e-20)
(55.773007 -1.2008039 -3.2649111e-20)
(55.899315 -1.0585483 7.7023094e-20)
(55.823567 -0.86989075 -4.2618355e-21)
(55.491552 -0.42713486 1.8882686e-21)
(54.748596 -0.14132616 1.0309479e-21)
(42.721342 -0.78719549 1.4642861e-19)
(42.892566 -0.80076832 0)
(43.085918 -0.81579202 2.8464055e-22)
(43.303925 -0.83237233 5.8088194e-22)
(43.549398 -0.85068904 0)
(43.825289 -0.87086013 0)
(44.134701 -0.89296509 0)
(44.4808 -0.91705256 -1.0979955e-21)
(44.866696 -0.94313417 1.3406722e-19)
(45.295286 -0.97117103 -2.5485666e-19)
(45.769035 -1.0010618 1.1802055e-19)
(46.289696 -1.0326336 0)
(46.857985 -1.0656371 0)
(47.473141 -1.099732 9.4144053e-20)
(48.13248 -1.1345042 -8.2713259e-20)
(48.830993 -1.1698867 4.6322339e-21)
(49.562141 -1.2044824 -5.8604025e-20)
(50.315074 -1.2388215 6.7424619e-20)
(51.07762 -1.2719618 -6.6865214e-21)
(51.835301 -1.303245 -1.1906402e-20)
(52.572278 -1.3314713 0)
(53.272334 -1.3543461 0)
(53.919695 -1.3680352 -1.6638596e-20)
(54.498908 -1.3666428 1.4725087e-20)
(54.995371 -1.3424523 1.3029548e-20)
(55.392658 -1.2875845 -4.6078691e-20)
(55.669564 -1.1944625 1.0182765e-20)
(55.797584 -1.054504 -5.4035602e-20)
(55.733938 -0.86442725 7.9704937e-21)
(55.434699 -0.46154202 0)
(54.736803 -0.13214855 -1.5908245e-21)
(43.046252 -0.78202718 -2.6356828e-22)
(43.208123 -0.79503555 0)
(43.390893 -0.80945016 2.6886021e-19)
(43.596952 -0.82538354 -2.7503613e-19)
(43.828967 -0.84301425 0)
(44.089744 -0.86246566 2.7498893e-19)
(44.382253 -0.88382797 -2.7005931e-19)
(44.709543 -0.90716496 1.0201111e-21)
(45.074646 -0.9325077 0)
(45.480437 -0.95984098 2.3728654e-19)
(45.929443 -0.98908985 -4.4159428e-19)
(46.423584 -1.0201067 2.0355789e-19)
(46.963897 -1.0526652 0)
(47.550119 -1.0864629 -2.6622359e-21)
(48.180271 -1.1211366 7.7230044e-20)
(48.850338 -1.1562435 4.4246251e-24)
(49.554013 -1.1905518 3.6178166e-24)
(50.281849 -1.2255091 -5.600287e-20)
(51.022676 -1.2582879 -1.1749567e-24)
(51.762654 -1.2889483 1.6692154e-20)
(52.486266 -1.3162146 2.9672802e-20)
(53.177328 -1.3379589 -3.5105304e-20)
(53.819552 -1.3508084 -1.5557263e-20)
(54.396806 -1.349552 4.1319434e-20)
(54.893072 -1.3267669 0)
(55.291271 -1.2742782 2.1550441e-20)
(55.569438 -1.183684 -1.9497978e-25)
(55.700503 -1.0455394 1.6843643e-20)
(55.648635 -0.85203732 0)
(55.375661 -0.4836968 0)
(54.72506 -0.11584249 3.6012311e-20)
(43.400816 -0.76924255 -2.4957035e-19)
(43.552838 -0.78151491 2.3998244e-19)
(43.724491 -0.79512672 0)
(43.918028 -0.81019558 0)
(44.135972 -0.82689327 0)
(44.380986 -0.84534454 4.9924133e-22)
(44.655905 -0.86564703 0)
(44.963658 -0.88787684 0)
(45.307194 -0.91208257 0)
(45.689355 -0.93827261 0)
(46.112709 -0.96640222 1.6012055e-21)
(46.579326 -0.9963609 0)
(47.090514 -1.0279614 1.7436793e-19)
(47.646454 -1.060925 -1.5655811e-19)
(48.245786 -1.0948596 -2.2535255e-21)
(48.885258 -1.129307 8.5422221e-25)
(49.559351 -1.1643448 0)
(50.260497 -1.1974986 0)
(50.977703 -1.2298888 5.8386746e-21)
(51.698046 -1.2597732 -5.2000933e-21)
(52.406646 -1.2859468 9.2446997e-21)
(53.087239 -1.3065953 0)
(53.723081 -1.3188399 -2.1816988e-20)
(54.29743 -1.3180023 1.2878902e-20)
(54.793314 -1.2973631 -2.2789378e-20)
(55.19317 -1.2488704 -3.0227939e-20)
(55.47521 -1.1633928 -1.9226675e-25)
(55.612076 -1.0303766 -1.5746978e-20)
(55.572864 -0.83527304 0)
(55.312203 -0.4885019 -2.7705686e-20)
(54.683437 -0.099324444 -1.0268921e-20)
(43.705059 -0.7677297 -1.1269447e-22)
(43.848851 -0.77949391 0)
(44.011211 -0.79255596 0)
(44.194276 -0.80703097 2.3002027e-22)
(44.400442 -0.8230772 -2.3796275e-19)
(44.632249 -0.8408142 4.7413051e-19)
(44.892403 -0.86033779 -2.328824e-19)
(45.18372 -0.88172256 0)
(45.509057 -0.90501513 2.1593349e-19)
(45.871199 -0.93022091 -2.0416349e-19)
(46.272718 -0.95728937 -1.4922474e-21)
(46.715773 -0.98609789 1.7836153e-19)
(47.201869 -1.016438 -1.6264467e-19)
(47.731541 -1.0480138 -1.4842161e-19)
(48.303972 -1.0804349 1.3672426e-19)
(48.916633 -1.1131217 -3.796195e-21)
(49.564905 -1.1446955 0)
(50.240402 -1.1766693 3.055421e-21)
(50.934742 -1.205705 -5.4562004e-21)
(51.635776 -1.2317723 -4.8600252e-21)
(52.329233 -1.2537061 0)
(52.999229 -1.2698642 0)
(53.628773 -1.2778197 6.7976687e-21)
(54.200316 -1.2736619 1.2039066e-20)
(54.696553 -1.2513898 6.3513356e-21)
(55.098287 -1.2034832 -9.4198475e-21)
(55.383827 -1.1194115 3.3302624e-20)
(55.529133 -0.98719354 2.2078556e-20)
(55.503057 -0.79384802 -1.5001005e-24)
(55.255039 -0.48050378 3.7385214e-20)
(54.63554 -0.12465483 7.2692992e-22)
(44.060009 -0.74348018 2.1392119e-19)
(44.194501 -0.75454698 -2.0489657e-19)
(44.346415 -0.76684484 2.0793299e-22)
(44.517762 -0.78048393 -2.1318204e-22)
(44.710802 -0.79560203 -2.1565028e-22)
(44.927931 -0.81230813 -2.2018424e-19)
(45.171719 -0.8306908 2.1649376e-19)
(45.444867 -0.85081796 0)
(45.750136 -0.8727297 2.0184264e-19)
(46.090258 -0.8964249 -1.9022503e-19)
(46.467803 -0.9218473 1.390864e-21)
(46.885002 -0.94887032 -2.5791702e-21)
(47.343524 -0.97727871 0)
(47.844198 -1.0067442 -2.1644057e-21)
(48.386629 -1.0368042 0)
(48.96883 -1.0669475 1.7729061e-21)
(49.586868 -1.0971558 3.1786411e-21)
(50.235683 -1.1244877 -9.4187303e-20)
(50.905579 -1.1502598 8.1556923e-20)
(51.585588 -1.17266 7.719735e-20)
(52.26211 -1.1905219 -6.0557997e-20)
(52.919536 -1.2026431 -5.0171149e-20)
(53.541036 -1.2070405 3.954198e-20)
(54.108682 -1.2008488 0)
(54.602484 -1.178749 -1.2453245e-25)
(55.005138 -1.130271 -8.8050475e-21)
(55.296371 -1.0456755 0)
(55.449597 -0.91450575 0)
(55.434639 -0.72850501 0)
(55.206124 -0.44407652 -2.4178513e-20)
(54.608136 -0.11084944 7.7419038e-22)
(44.342203 -0.7320538 -1.5643984e-26)
(44.469692 -0.74266159 9.2556932e-23)
(44.613668 -0.75439316 -1.9733004e-19)
(44.776029 -0.76741204 2.0235112e-19)
(44.958918 -0.7818394 2.0003221e-22)
(45.164625 -0.79773325 -3.9937974e-22)
(45.395636 -0.81519141 -3.9304751e-22)
(45.654568 -0.83429237 0)
(45.944089 -0.85501843 -7.3110413e-22)
(46.266868 -0.87735253 0)
(46.625461 -0.9012124 0)
(47.022165 -0.92643015 1.2026029e-21)
(47.458807 -0.9527355 0)
(47.93651 -0.97974892 0)
(48.455328 -1.0069813 0)
(49.01386 -1.033784 -1.6552601e-21)
(49.608867 -1.0589204 -9.8136645e-20)
(50.233894 -1.0810751 1.6980089e-19)
(50.880827 -1.1032944 4.7627008e-21)
(51.541033 -1.118676 -5.5810986e-20)
(52.201451 -1.1296554 2.7584022e-20)
(52.846478 -1.1353938 -3.3716954e-20)
(53.458874 -1.1331345 5.9378473e-21)
(54.020376 -1.1224636 4.7322558e-20)
(54.51388 -1.096754 -9.3055127e-21)
(54.918851 -1.047495 2.4685679e-20)
(55.214125 -0.96235822 -2.1817122e-20)
(55.373654 -0.83503074 9.9994035e-26)
(55.366123 -0.66435669 2.2720293e-20)
(55.144937 -0.41658466 1.0036502e-20)
(54.566427 -0.11804588 0)
(44.725625 -0.68045293 6.2025673e-23)
(44.843883 -0.68993767 -2.4502074e-19)
(44.977531 -0.70045074 2.5767223e-19)
(45.128369 -0.71211355 0)
(45.298423 -0.72500529 -2.7612224e-19)
(45.489876 -0.73919062 2.8039408e-19)
(45.705081 -0.75471416 2.7910404e-19)
(45.946524 -0.77158759 -2.7031215e-19)
(46.216783 -0.78977313 0)
(46.518469 -0.80916286 0)
(46.854099 -0.82959857 -1.8664753e-19)
(47.225956 -0.85086634 1.3548137e-19)
(47.635799 -0.8729724 1.0773268e-19)
(48.084723 -0.89599756 -2.2272692e-19)
(48.573111 -0.91937886 1.0987797e-19)
(49.10016 -0.94234307 4.8132306e-20)
(49.663501 -0.96458401 -4.2784703e-22)
(50.259162 -0.9862065 -1.6007362e-20)
(50.880542 -1.0005578 0)
(51.516831 -1.0161442 -1.5026678e-21)
(52.156772 -1.0237676 4.870748e-20)
(52.785221 -1.0257294 3.089263e-21)
(53.384299 -1.022197 3.8836171e-20)
(53.93728 -1.0115205 -4.4222132e-20)
(54.427544 -0.98756548 0)
(54.832977 -0.9441264 -3.075607e-20)
(55.132946 -0.8697264 2.039015e-20)
(55.299673 -0.76116966 3.1778395e-25)
(55.300487 -0.61956626 -1.723616e-24)
(55.088376 -0.40085784 -9.3771181e-21)
(54.535658 -0.099701255 -6.6732562e-21)
(44.989993 -0.62460693 0)
(45.102379 -0.63333964 0)
(45.229401 -0.64295738 0)
(45.372807 -0.65357431 0)
(45.534547 -0.66526268 -1.0614586e-22)
(45.716737 -0.67808594 -1.0828206e-22)
(45.921656 -0.69211494 -1.0388358e-22)
(46.151722 -0.70741095 0)
(46.409452 -0.72404846 0)
(46.697394 -0.74199048 -1.3175187e-19)
(47.018021 -0.76104723 -4.773411e-25)
(47.373654 -0.78126222 7.2766793e-20)
(47.766228 -0.8023516 0)
(48.197078 -0.82381896 -1.2355478e-22)
(48.666795 -0.84522049 8.1153962e-20)
(49.174529 -0.86595271 -1.0097521e-21)
(49.717751 -0.88522191 -1.4947127e-19)
(50.292146 -0.9020448 0)
(50.891447 -0.91528444 1.3206997e-19)
(51.505749 -0.92310278 -5.8982816e-20)
(52.125104 -0.93267642 -4.7742895e-20)
(52.738073 -0.93127952 -4.676824e-20)
(53.326563 -0.92384938 4.4057338e-20)
(53.874298 -0.90866498 4.1312209e-20)
(54.36117 -0.88593831 -3.6558278e-20)
(54.76526 -0.84680077 -2.8733068e-20)
(55.067431 -0.78280608 2.5396283e-20)
(55.241545 -0.69502534 5.6078211e-21)
(55.255986 -0.58961718 -9.9095138e-21)
(55.059796 -0.42357874 -4.3767298e-21)
(54.479888 -0.12280734 1.109611e-20)
(45.431322 -0.52310364 -3.2085235e-19)
(45.534477 -0.53044134 3.0376077e-19)
(45.651134 -0.53863491 0)
(45.78292 -0.54771502 3.2543466e-19)
(45.931639 -0.55772435 1.6199367e-22)
(46.099258 -0.56872178 -3.2971088e-19)
(46.287905 -0.58075615 3.25325e-19)
(46.499862 -0.5938663 -3.161278e-19)
(46.737533 -0.60808327 0)
(47.003393 -0.62341252 0)
(47.299904 -0.63978623 -2.6323956e-22)
(47.629395 -0.65703287 4.8883233e-22)
(47.993945 -0.67493658 -2.3081665e-19)
(48.395153 -0.69315718 4.2179646e-19)
(48.833831 -0.71114593 -1.9112156e-19)
(49.309675 -0.72817864 -1.7194969e-19)
(49.821026 -0.74361199 -1.8180347e-21)
(50.364674 -0.75734061 1.9910322e-24)
(50.93581 -0.76982266 1.2395108e-19)
(51.52679 -0.77715489 0)
(52.124314 -0.7756143 -1.0109511e-19)
(52.715484 -0.77739418 8.6036931e-20)
(53.287518 -0.77118059 -3.8743592e-20)
(53.821243 -0.76076993 3.431429e-20)
(54.297858 -0.74445801 3.7956479e-21)
(54.698388 -0.71711796 0)
(55.00304 -0.67139705 -2.3722679e-20)
(55.184707 -0.6105626 7.8627806e-21)
(55.213669 -0.52944834 2.3872094e-24)
(55.03633 -0.43208058 4.0703936e-21)
(54.446415 -0.073014048 1.0815018e-20)
(45.678036 -0.40630866 -3.0042426e-19)
(45.777236 -0.41186426 2.8341671e-19)
(45.889361 -0.41816565 -2.9525459e-19)
(46.015994 -0.42519553 3.0352663e-19)
(46.15886 -0.43298436 0)
(46.319852 -0.44158298 0)
(46.501012 -0.45103931 0)
(46.704521 -0.46138729 2.9509086e-19)
(46.93268 -0.47264231 -2.831689e-19)
(47.187862 -0.484795 -2.6844156e-19)
(47.472456 -0.49780261 5.0361757e-19)
(47.788769 -0.5115781 -2.3344362e-19)
(48.138894 -0.52597814 2.1010827e-22)
(48.524525 -0.54078916 0)
(48.946704 -0.5557314 1.7846319e-19)
(49.405466 -0.57049673 -1.6056692e-19)
(49.899484 -0.58470461 -1.4437795e-19)
(50.42569 -0.597563 1.2931649e-19)
(50.978408 -0.60844101 0)
(51.549798 -0.61611107 0)
(52.129907 -0.62106576 1.4261362e-21)
(52.705743 -0.62283027 1.9054926e-21)
(53.264397 -0.62552509 -2.2617931e-21)
(53.787458 -0.61619128 1.0008291e-21)
(54.256843 -0.60236967 0)
(54.652943 -0.57871734 -2.5026899e-20)
(54.955241 -0.54200502 2.2120762e-20)
(55.137434 -0.47990115 1.4621186e-20)
(55.184796 -0.42185061 -2.7974236e-20)
(55.038551 -0.36599886 1.1353356e-20)
(54.520486 -0.081712039 -1.0104121e-20)
(46.06375 -0.24954532 -1.0348455e-19)
(46.157008 -0.25284101 -5.9083583e-24)
(46.262494 -0.25650411 1.0381305e-19)
(46.38173 -0.2606163 1.084076e-19)
(46.516367 -0.26520479 -2.2373654e-19)
(46.66823 -0.27030601 1.1407139e-19)
(46.839282 -0.27595913 0)
(47.03162 -0.28220136 0)
(47.247454 -0.28906477 0)
(47.489076 -0.2965729 0)
(47.758808 -0.30473737 0)
(48.058921 -0.31355424 -1.0150955e-22)
(48.391522 -0.32299901 9.7554489e-23)
(48.758377 -0.33301637 -9.5603764e-20)
(49.160637 -0.34350464 1.0657003e-24)
(49.59843 -0.35430461 1.7297229e-19)
(50.070326 -0.36524393 -1.6343491e-19)
(50.572817 -0.37618057 3.0286442e-22)
(51.100315 -0.38634071 7.2873076e-20)
(51.643961 -0.39535024 6.9301998e-20)
(52.190835 -0.40301108 -2.6253128e-24)
(52.726563 -0.40456098 -5.0919546e-22)
(53.234579 -0.40019873 -6.1291911e-20)
(53.703805 -0.39465811 -7.9447831e-22)
(54.123274 -0.38222751 4.4886917e-20)
(54.481672 -0.36197463 -6.9964845e-20)
(54.778708 -0.33282978 4.1220269e-20)
(54.989276 -0.28970311 -1.5903301e-20)
(55.053089 -0.22781163 2.0052434e-21)
(54.931338 -0.21355357 0)
(54.532211 -0.0421942 0)
(4.3732122 0.51788904 5.6178057e-18)
(5.1708544 0.34636364 -5.2526141e-18)
(6.0879862 0.16974017 -4.8087766e-21)
(7.129395 -0.050056249 4.5161729e-21)
(8.3270188 -0.32833851 0)
(9.6521435 -0.6459989 0)
(11.08281 -0.99763742 -1.0993395e-20)
(12.621183 -1.409111 -3.4863677e-18)
(14.266457 -1.9055951 3.244531e-18)
(15.993724 -2.4953439 5.8678019e-21)
(17.746866 -3.1915927 -5.4312906e-21)
(19.45657 -3.9642578 0)
(21.021375 -4.7432155 9.2438847e-21)
(22.361401 -5.4161539 0)
(23.395587 -5.9050937 1.9888377e-18)
(24.166264 -6.1342539 -1.7974108e-18)
(24.682725 -6.1387374 -1.2699857e-20)
(25.076574 -5.9596268 1.1451335e-20)
(25.391332 -5.6284249 1.0315062e-20)
(25.694536 -5.2188517 0)
(26.015688 -4.7552584 -1.6774838e-20)
(26.379425 -4.3122451 9.7113727e-19)
(26.791471 -3.8790149 2.6619865e-22)
(27.251778 -3.4545596 -8.1195603e-19)
(27.745595 -3.0792755 0)
(28.279544 -2.7334533 0)
(28.841483 -2.4219265 0)
(29.434256 -2.1430071 -5.3844903e-19)
(30.051777 -1.8936058 -6.1576897e-23)
(30.688299 -1.6798053 4.6793335e-19)
(31.332116 -1.5038316 -4.298191e-19)
(31.973572 -1.3662119 7.5257604e-19)
(32.597894 -1.2625892 -3.8533934e-19)
(33.199813 -1.1820326 3.1252995e-19)
(33.781093 -1.110133 -6.7099971e-19)
(34.347432 -1.0387081 3.1795934e-19)
(34.90982 -0.96894747 1.6292043e-20)
(35.46863 -0.90569133 0)
(36.023871 -0.85855986 -1.9397115e-19)
(36.565064 -0.82731256 4.5962242e-19)
(11.141966 -0.5659936 -5.8334178e-18)
(12.629454 -0.87172819 -5.4555622e-18)
(14.156048 -1.1637 4.8054996e-21)
(15.709599 -1.4616624 9.3134398e-18)
(17.285254 -1.7632026 -4.2912252e-18)
(18.868119 -2.0770211 1.5500408e-20)
(20.450284 -2.4223992 1.4298832e-20)
(22.01785 -2.8356412 -6.5895662e-21)
(23.544268 -3.3325657 -1.2145401e-20)
(24.980009 -3.9045918 1.1173994e-20)
(26.265167 -4.5307875 0)
(27.326694 -5.1723689 -2.820991e-20)
(28.115819 -5.7122981 0)
(28.584453 -6.1032935 -1.5585491e-20)
(28.833563 -6.2772338 1.4092805e-20)
(28.87395 -6.2390851 1.234849e-20)
(28.838538 -6.0653371 -1.1137102e-20)
(28.762455 -5.7341222 0)
(28.714161 -5.335749 -1.1818372e-18)
(28.727903 -4.8691767 1.0761413e-18)
(28.8106 -4.4440864 -9.3307203e-19)
(28.960714 -4.0209126 8.7314502e-19)
(29.19619 -3.5929661 0)
(29.484898 -3.2140285 2.2362748e-20)
(29.837577 -2.8643984 0)
(30.23818 -2.5486436 0)
(30.687129 -2.2651734 -1.7013686e-20)
(31.177348 -2.0101586 4.8325363e-19)
(31.701465 -1.7891105 4.7708611e-23)
(32.247015 -1.6046619 -4.1994301e-19)
(32.802933 -1.4576757 -3.6146522e-19)
(33.353446 -1.3445438 3.3188193e-19)
(33.89151 -1.2557945 -3.0492222e-19)
(34.416797 -1.1772586 3.3652891e-19)
(34.933334 -1.1007711 -3.0998677e-19)
(35.450999 -1.0266931 2.8583557e-19)
(35.969844 -0.95917499 -5.859252e-20)
(36.489562 -0.90749659 2.4311875e-19)
(36.99962 -0.87172127 -2.489598e-19)
(37.496683 -0.84381586 4.5902411e-20)
(37.983592 -0.81892181 -1.6935752e-19)
(38.464918 -0.79513377 1.5625284e-19)
(38.934541 -0.7771032 0)
(39.394791 -0.76227604 -6.6520554e-20)
(39.836273 -0.75167818 1.2231127e-26)
(40.270456 -0.74041584 1.7005557e-19)
(40.68205 -0.73525798 -1.5697067e-19)
(41.089465 -0.72761483 -8.7429085e-24)
(41.472061 -0.72363629 1.3383476e-19)
(41.867943 -0.71591934 9.2601772e-24)
(42.230794 -0.71335175 3.8067533e-20)
(42.62647 -0.70403066 1.4081436e-19)
(42.964308 -0.70442004 -1.3017138e-19)
(43.359389 -0.68305958 5.5396783e-25)
(43.670495 -0.67327156 -2.7963375e-20)
(44.094774 -0.62598144 -4.6049018e-20)
(44.383211 -0.57366976 7.596369e-20)
(44.867065 -0.47912674 -1.8039676e-19)
(45.126357 -0.37278508 -1.739143e-19)
(45.538215 -0.22971224 1.7049281e-21)
(23.557825 -2.2332891 1.0896666e-20)
(24.943187 -2.4138699 -1.0063888e-20)
(26.194595 -2.5941312 -4.7636759e-18)
(27.320339 -2.7743058 4.3571718e-18)
(28.336417 -2.9683861 -4.0453375e-18)
(29.27613 -3.1964857 3.6869442e-18)
(30.144304 -3.4783858 3.4298366e-18)
(30.96149 -3.8436218 -3.1130016e-18)
(31.697448 -4.2814049 -3.3707636e-20)
(32.298952 -4.7646788 0)
(32.715682 -5.2934659 -2.3816255e-18)
(32.933826 -5.7356771 4.3625093e-18)
(32.89006 -6.0928949 -1.9026948e-18)
(32.725081 -6.2364067 -1.3435242e-20)
(32.409212 -6.2061634 0)
(32.048742 -6.0355959 0)
(31.69212 -5.7398814 2.0237713e-20)
(31.382824 -5.3690497 -1.8185728e-20)
(31.155263 -4.936737 -1.6365303e-20)
(31.0213 -4.5108404 9.4440903e-19)
(30.964681 -4.1009165 -8.533411e-19)
(31.009593 -3.6810784 0)
(31.121056 -3.3163274 -2.1606245e-20)
(31.314511 -2.9651852 -3.9858933e-20)
(31.570874 -2.648471 3.6376048e-20)
(31.888854 -2.3640446 5.3192628e-19)
(32.261521 -2.1070794 -4.8689359e-19)
(32.680569 -1.881889 2.7896659e-20)
(33.133286 -1.6915723 4.0948233e-19)
(33.607755 -1.5374622 -3.7573614e-19)
(34.087546 -1.416713 4.3111687e-20)
(34.564132 -1.3212917 -3.1674245e-19)
(35.035328 -1.2373445 2.5480052e-19)
(35.50361 -1.1567723 0)
(35.977844 -1.0792039 -2.7814678e-19)
(36.457796 -1.0081361 2.2806628e-19)
(36.942902 -0.95253612 -5.2583386e-20)
(37.422592 -0.91277788 0)
(37.892618 -0.88145467 -4.4695774e-20)
(38.355125 -0.85381931 1.6494333e-19)
(38.814253 -0.82753283 -2.2834376e-19)
(39.263939 -0.80715355 0)
(39.70601 -0.79016625 -1.2972375e-19)
(40.131157 -0.777776 5.9871114e-20)
(40.55 -0.76490861 -1.3483189e-23)
(40.94787 -0.75832886 2.0438545e-19)
(41.341973 -0.74935027 -1.8886111e-19)
(41.71276 -0.74436273 0)
(42.096707 -0.7355576 1.6128667e-19)
(42.449304 -0.732224 3.7256771e-20)
(42.833786 -0.72191656 -1.3794516e-19)
(43.162445 -0.72175215 1.5949174e-19)
(43.546527 -0.69957845 1.183496e-19)
(43.849669 -0.6893662 2.1955015e-19)
(44.262749 -0.64081087 7.8776437e-20)
(44.544456 -0.58757554 -1.8247276e-20)
(45.016689 -0.49103871 1.1082915e-20)
(45.272447 -0.38181986 1.5550119e-19)
(45.67682 -0.23509477 0)
(33.946932 -3.2333272 4.9763062e-18)
(34.504997 -3.2175726 -4.5851059e-18)
(34.975995 -3.2435345 3.3124113e-20)
(35.37862 -3.3203939 0)
(35.735886 -3.4570157 3.604077e-18)
(36.053986 -3.6595998 -1.2658387e-20)
(36.339918 -3.9508221 -6.1336739e-18)
(36.56999 -4.3142674 2.8396769e-18)
(36.707922 -4.7060445 2.5585813e-18)
(36.688239 -5.213278 -2.2081371e-18)
(36.552623 -5.573298 -3.1332746e-20)
(36.239927 -5.9055086 2.9641602e-20)
(35.785175 -6.0881677 0)
(35.257804 -6.0852001 -2.4413308e-20)
(34.701955 -5.9504765 0)
(34.164756 -5.6911318 -1.9747994e-20)
(33.681249 -5.3534232 -1.1189333e-18)
(33.282693 -4.951677 -4.4406566e-22)
(32.986273 -4.5454031 1.8733165e-18)
(32.77231 -4.1522809 -1.6405332e-18)
(32.660884 -3.7514574 1.5088171e-18)
(32.636735 -3.3773905 -1.3500493e-18)
(32.693098 -3.0430575 6.4888555e-19)
(32.823324 -2.7296394 -1.1007353e-24)
(33.025015 -2.4445536 0)
(33.291714 -2.1876318 0)
(33.614758 -1.9606605 2.7128465e-20)
(33.98158 -1.7664995 -3.4831383e-19)
(34.37997 -1.6070203 4.1080804e-19)
(34.793217 -1.4801688 0)
(35.211638 -1.3793221 3.0766905e-19)
(35.631448 -1.2909973 -3.1813093e-19)
(36.053715 -1.2071821 -3.2543703e-19)
(36.486403 -1.1268459 3.000283e-19)
(36.929043 -1.0528568 -1.6609069e-19)
(37.380891 -0.99388758 2.0427675e-19)
(37.831371 -0.95063727 9.4186914e-20)
(38.275378 -0.91630229 0)
(38.714395 -0.88627142 -8.0169541e-20)
(39.152169 -0.85779408 -1.4805115e-19)
(39.58268 -0.8353338 1.3670332e-19)
(40.007302 -0.8164203 -1.2627748e-19)
(40.416776 -0.8024355 1.166551e-19)
(40.820945 -0.78813968 6.9151392e-24)
(41.205687 -0.78029211 -9.9656869e-20)
(41.587114 -0.77011325 0)
(41.94665 -0.76422334 0)
(42.319266 -0.75442541 -1.5764066e-19)
(42.662137 -0.75039479 -1.4578614e-19)
(43.036035 -0.73916375 0)
(43.356065 -0.738488 0)
(43.729775 -0.71554606 -2.3206852e-19)
(44.025441 -0.70483596 -2.154218e-19)
(44.427981 -0.65517873 1.1321524e-19)
(44.703479 -0.60100262 1.6957786e-20)
(45.164667 -0.5026486 5.2310561e-19)
(45.417262 -0.39065466 3.2634e-19)
(45.814771 -0.24034388 0)
(38.926636 -3.641995 4.4988414e-18)
(39.10253 -3.5148108 -8.4020297e-18)
(39.264074 -3.4461837 3.8758176e-18)
(39.408213 -3.4434019 3.608464e-18)
(39.532015 -3.5098746 -6.6706901e-18)
(39.630002 -3.6478665 3.1142725e-18)
(39.703868 -3.8696841 2.2279158e-20)
(39.719725 -4.2042024 7.7995707e-25)
(39.659565 -4.5189463 2.232067e-18)
(39.494696 -4.9268673 -2.1622288e-18)
(39.18239 -5.3369193 3.132376e-20)
(38.739375 -5.6642951 -5.6966255e-20)
(38.170499 -5.87371 0)
(37.530402 -5.9241445 2.3266701e-20)
(36.869325 -5.8352904 4.1927963e-20)
(36.226552 -5.6219664 0)
(35.634531 -5.3225048 0)
(35.121453 -4.9538109 0)
(34.709221 -4.5674964 8.004558e-19)
(34.380466 -4.1898826 -8.2249673e-19)
(34.148831 -3.8039047 0)
(34.012197 -3.4415448 6.1344319e-19)
(33.960457 -3.102079 -1.1754208e-18)
(33.988126 -2.7960898 3.3048314e-20)
(34.086511 -2.5170487 -7.8377304e-23)
(34.259173 -2.258474 -6.1502472e-23)
(34.496097 -2.0302951 3.6163937e-19)
(34.784865 -1.8332615 -4.2607753e-19)
(35.113372 -1.6692721 3.0374184e-19)
(35.464993 -1.5370937 0)
(35.829218 -1.4315281 2.9195731e-19)
(36.200925 -1.3395141 -2.6807547e-19)
(36.579927 -1.2530614 6.1641538e-20)
(36.973402 -1.1704932 -2.8391161e-19)
(37.380703 -1.0940269 2.0938804e-19)
(37.800994 -1.0320564 0)
(38.223727 -0.98565991 8.894459e-20)
(38.643013 -0.94862369 -8.1968077e-20)
(39.059697 -0.91648382 2.2677031e-19)
(39.477174 -0.88607302 -6.9747055e-20)
(39.88946 -0.86175488 1.2870283e-19)
(40.297528 -0.84111178 -5.1909071e-24)
(40.692136 -0.82570592 -5.225753e-24)
(41.082425 -0.81013586 1.0128148e-19)
(41.454748 -0.80115973 0)
(41.824232 -0.78990346 0)
(42.17316 -0.78320956 7.9807095e-20)
(42.535129 -0.77250507 -7.377938e-20)
(42.868871 -0.76784211 0)
(43.232859 -0.75574639 0)
(43.544858 -0.75460585 0)
(43.90887 -0.73094348 0)
(44.197661 -0.71978233 2.5061978e-20)
(44.590287 -0.66911941 -1.2555078e-19)
(44.860143 -0.61399982 -1.2542266e-20)
(45.310902 -0.51395707 -3.232743e-19)
(45.560735 -0.39926458 -3.0209801e-19)
(45.952015 -0.24544317 0)
)
;

boundaryField
{
    Side1
    {
        type            empty;
    }
    Inlet
    {
        type            freestreamVelocity;
        freestreamValue uniform (51.471881 0 0);
        value           nonuniform List<vector> 
59
(
(51.708664 0.064665876 -9.4346236e-25)
(51.711093 0.056061094 5.388746e-20)
(51.7139 0.045880861 -1.7497747e-24)
(51.717296 0.034125744 0)
(51.721276 0.020854892 3.0685732e-20)
(51.725893 0.0061764486 -3.0963146e-20)
(51.731192 -0.0097799602 0)
(51.737247 -0.026877999 0)
(51.744112 -0.044841361 0)
(51.751866 -0.063130409 0)
(51.760525 -0.080828054 2.3657797e-20)
(51.770023 -0.096480233 -1.9873619e-20)
(51.780359 -0.10733342 -1.5165062e-20)
(51.792165 -0.093414288 1.953856e-20)
(51.804589 -0.11335281 0)
(51.820973 -0.11268021 0)
(51.837409 -0.11052702 1.6491081e-20)
(51.857438 -0.10960453 -2.9502544e-20)
(51.881322 -0.10528649 4.2278689e-20)
(51.906092 -0.10068964 -1.0237129e-19)
(51.93147 -0.10821895 3.2850237e-21)
(51.956242 -0.093001958 -9.7465776e-20)
(51.983603 -0.11369518 8.8662321e-21)
(52.014417 -0.11878409 -4.354126e-21)
(52.050645 -0.12144745 6.9689497e-25)
(52.094805 -0.12145355 3.5066354e-20)
(52.138979 -0.078918312 -6.1271804e-21)
(52.193673 -0.13644324 0)
(52.260361 -0.1344475 0)
(52.322196 -0.13331244 0)
(52.379585 -0.15535964 0)
(52.437638 -0.14702535 0)
(52.503384 -0.13837035 0)
(52.561446 -0.1375619 -2.3344987e-23)
(52.621 -0.13457335 0)
(52.67165 -0.12822631 1.3770949e-20)
(52.726706 -0.11796013 -3.6373569e-22)
(52.769498 -0.11809533 0)
(52.809997 -0.12418458 3.4326164e-25)
(52.85741 -0.10499387 1.5518526e-24)
(52.896958 -0.11571163 1.7289875e-21)
(52.938084 -0.10309773 -1.8548046e-22)
(52.984625 -0.10698522 -5.5637363e-22)
(53.022231 -0.12670256 1.1631836e-20)
(53.051414 -0.11352943 -8.6123405e-25)
(53.083778 -0.086044635 2.9211799e-22)
(53.109689 -0.070149881 -1.3094068e-20)
(53.108063 -0.070569258 5.1478952e-22)
(53.102748 -0.066009773 -7.9463575e-22)
(53.096699 -0.057858171 1.7986547e-20)
(53.076158 -0.049615808 -5.1296618e-21)
(53.051855 -0.062254295 3.6303856e-22)
(53.038371 -0.055366862 3.8669111e-22)
(53.017433 -0.058957301 0)
(53.00233 -0.049803784 -3.3334927e-21)
(52.974143 -0.061332582 5.5416319e-21)
(52.958123 -0.036481873 5.4037835e-21)
(52.99501 -0.040824556 -5.0481701e-21)
(53.001437 -0.021088708 0)
)
;
    }
    Side2
    {
        type            empty;
    }
    Outlet
    {
        type            zeroGradient;
    }
    Botwall
    {
        type            movingWallVelocity;
        value           nonuniform List<vector> 0();
    }
    Cyli
    {
        type            noSlip;
    }
    procBoundary3to0
    {
        type            processor;
        value           nonuniform List<vector> 7((3.6555855 0.67110011 -6.0322951e-18) (9.8815116 -0.25554982 -3.2222276e-18) (9.8815116 -0.25554982 -3.2222276e-18) (22.049191 -2.0646267 0) (22.049191 -2.0646267 0) (33.283396 -3.2976859 0) (33.283396 -3.2976859 0));
    }
    procBoundary3to1
    {
        type            processor;
        value           nonuniform List<vector> 
62
(
(1.897324 1.1475065 5.0227317e-21)
(2.3406083 0.98326627 -2.3571446e-21)
(2.8376519 0.82132777 0)
(3.4087584 0.63599788 -4.2692684e-18)
(4.0876607 0.41617542 4.0124522e-18)
(4.9055901 0.15720274 -3.7631728e-18)
(5.8742724 -0.15481985 3.5196808e-18)
(6.9920741 -0.54549756 -3.2955544e-18)
(8.2531154 -1.0323728 -3.0357719e-22)
(9.676609 -1.6397864 5.1996907e-21)
(11.249809 -2.387277 2.6695387e-18)
(12.927425 -3.2348117 0)
(14.638863 -4.1030225 0)
(16.281057 -4.8791098 -2.1207338e-18)
(17.755025 -5.4655121 1.9392923e-18)
(19.009135 -5.7829984 0)
(20.037155 -5.8444243 6.2828182e-21)
(20.918537 -5.7000098 5.6867488e-21)
(21.690385 -5.3896996 1.0280914e-20)
(22.408925 -4.9921394 0)
(23.097722 -4.5382103 -8.4173985e-21)
(23.790969 -4.1038211 7.6368113e-21)
(24.498552 -3.6788357 6.9411845e-21)
(25.215093 -3.2646407 -1.2638139e-20)
(25.936011 -2.9008314 0)
(26.668162 -2.5656923 0)
(27.404185 -2.2641938 0)
(28.149992 -1.9949515 0)
(28.901463 -1.7554842 -1.6250408e-20)
(29.655106 -1.5525062 7.4666559e-21)
(30.400447 -1.3880115 4.2552956e-19)
(31.129732 -1.2622946 -1.2587596e-20)
(31.82946 -1.1702902 -3.8266885e-19)
(32.496383 -1.0996042 -2.1328233e-20)
(33.134535 -1.0356815 -1.9634665e-20)
(33.751356 -0.97038082 1.8098214e-20)
(34.359011 -0.90582581 2.8382064e-19)
(34.958214 -0.84758732 -2.4639722e-19)
(35.54933 -0.80566095 0)
(36.121947 -0.77951151 2.0929614e-19)
(37.089843 -0.80326629 1.8828601e-19)
(37.089843 -0.80326629 1.8828601e-19)
(37.601764 -0.78148225 -2.1704995e-20)
(38.105867 -0.76051661 -1.2013444e-19)
(38.595955 -0.74511508 1.4772639e-19)
(39.07491 -0.7326916 -3.4070864e-20)
(39.533209 -0.72408988 6.2861086e-20)
(39.983239 -0.71461309 5.8017397e-20)
(40.409013 -0.71103272 -5.3528395e-20)
(40.830257 -0.70486169 -4.9406295e-20)
(41.225112 -0.70200224 -4.5585447e-20)
(41.633444 -0.69547424 8.4210971e-20)
(42.007001 -0.69374812 -3.8853411e-20)
(42.414416 -0.68548353 -3.5922716e-20)
(42.761931 -0.68647676 3.3181263e-20)
(43.168597 -0.6659829 -1.2297535e-19)
(43.488121 -0.6566708 2.8484768e-20)
(43.924223 -0.61069216 -7.45444e-21)
(44.219893 -0.55935582 -1.9617847e-20)
(44.715911 -0.46691986 1.147009e-20)
(44.97908 -0.36354794 2.6795694e-21)
(45.399043 -0.22420294 -8.5466586e-22)
)
;
    }
    procBoundary3to2
    {
        type            processor;
        value           nonuniform List<vector> 
35
(
(54.803497 0.67447756 4.662648e-23)
(53.754351 0.17472872 -5.5907671e-23)
(51.94244 0.15951523 2.517524e-20)
(56.052547 0.42796744 1.0045024e-19)
(56.457658 1.1250506 0)
(56.710665 1.7474518 2.9597125e-20)
(56.842787 2.2748523 0)
(56.889853 2.6992505 -5.668077e-26)
(56.886351 3.018164 2.6643763e-20)
(56.857316 3.2366515 3.2095881e-22)
(56.824942 3.3616957 -2.4886408e-22)
(56.804689 3.4059609 -2.496516e-20)
(56.804642 3.3756423 0)
(56.823358 3.2905555 9.5005024e-25)
(56.850846 3.1501661 5.3371683e-20)
(56.874143 2.9606343 4.6237725e-20)
(56.862812 2.7132188 -4.079385e-23)
(56.741892 2.4052663 0)
(56.413594 2.0114132 0)
(55.715293 1.4180575 -1.3216348e-19)
(55.715293 1.4180575 -1.3216348e-19)
(41.591653 -3.6900157 1.8552196e-20)
(41.591653 -3.6900157 1.8552196e-20)
(43.471585 -3.7064731 -6.8438496e-20)
(45.110852 -3.7293015 2.4705524e-20)
(46.655609 -3.6749269 -2.0226587e-20)
(48.151465 -3.5360996 8.2451198e-21)
(49.599489 -3.2889128 6.6792014e-21)
(50.975504 -2.9217556 -4.8441579e-20)
(52.24564 -2.4382493 0)
(53.382225 -1.8536054 -2.3870153e-20)
(54.362099 -1.1913846 4.0282461e-20)
(55.167913 -0.48423533 -6.7218823e-20)
(55.167913 -0.48423533 -6.7218823e-20)
(38.739987 -3.8461696 0)
)
;
    }
}


// ************************************************************************* //
