/*--------------------------------*- C++ -*----------------------------------*\
| =========                 |                                                 |
| \\      /  F ield         | OpenFOAM: The Open Source CFD Toolbox           |
|  \\    /   O peration     | Version:  2406                                  |
|   \\  /    A nd           | Website:  www.openfoam.com                      |
|    \\/     M anipulation  |                                                 |
\*---------------------------------------------------------------------------*/
FoamFile
{
    version     2.0;
    format      ascii;
    arch        "LSB;label=32;scalar=64";
    class       volVectorField;
    location    "0.02";
    object      U;
}
// * * * * * * * * * * * * * * * * * * * * * * * * * * * * * * * * * * * * * //

dimensions      [0 1 -1 0 0 0 0];

internalField   nonuniform List<vector> 
2065
(
(62.955191 27.976599 1.6833589e-20)
(60.107213 28.807293 -3.2067551e-20)
(56.900263 29.587504 0)
(53.572029 29.882406 3.7152954e-18)
(50.053986 29.794514 -7.1999211e-18)
(46.164748 29.610054 6.8628979e-18)
(42.160206 28.632688 -3.2306788e-18)
(37.928698 28.234046 -3.025933e-18)
(33.871144 26.837264 2.7800638e-18)
(29.212786 25.324839 2.0410714e-20)
(24.969783 24.024241 -3.8076397e-20)
(19.9953 22.137063 -2.3120969e-18)
(13.569131 19.132285 4.1190839e-18)
(7.3197472 13.894265 -3.8408815e-18)
(5.6981476 5.1822834 3.7183961e-18)
(8.2891124 -3.8043716 -1.6685933e-18)
(13.950272 -12.7914 -5.0071581e-20)
(22.830366 -20.701476 0)
(29.319452 -26.113466 1.3571552e-18)
(33.9839 -30.838138 -1.3345499e-18)
(40.55357 -31.917196 0)
(46.087389 -28.600014 -6.80094e-20)
(50.069015 -17.023114 -6.0606979e-20)
(53.456086 -5.429559 -8.0011123e-19)
(57.75345 12.22189 9.3038905e-19)
(54.992869 23.202732 0)
(47.169141 24.307303 -5.7417519e-20)
(33.255459 20.791109 9.0186877e-20)
(26.310584 10.571029 0)
(25.392737 1.3363629 0)
(27.677302 -6.8692366 0)
(32.638814 -15.450515 -1.374823e-19)
(38.1517 -15.083422 0)
(44.98963 -4.447613 -1.1916883e-19)
(45.948864 3.0382459 0)
(41.220561 6.9139453 0)
(35.928945 3.948818 0)
(35.548981 0.10338056 5.2460294e-19)
(37.152831 -2.4848922 1.0700099e-19)
(40.079373 -1.7393873 1.1864236e-19)
(40.541978 -0.17240223 -2.7918781e-19)
(39.67354 0.60535314 4.1232182e-19)
(39.051812 0.33053262 -2.3950282e-19)
(39.377463 -0.14761731 2.217894e-19)
(39.971488 -0.18793905 -2.0624711e-19)
(40.05886 -0.0049353659 1.8948193e-19)
(40.035355 0.07143103 2.3553784e-20)
(40.048629 0.044651827 -1.832549e-19)
(40.157005 0.0096985981 0)
(40.338777 -0.00038682137 0)
(40.47336 0.013352597 6.3424419e-20)
(40.526701 0.046910637 -5.8106049e-20)
(40.522946 0.058374001 3.7281693e-19)
(40.5398 0.04576968 -9.0925733e-25)
(40.568419 0.058795977 6.7814436e-20)
(40.607958 0.045139206 -1.57092e-19)
(40.660365 0.041940809 -6.0745074e-19)
(40.860227 0.020064979 0)
(61.811651 30.100042 -7.5342171e-21)
(58.829165 31.114284 1.5296438e-20)
(55.40542 31.943849 3.3068859e-18)
(52.050007 31.901848 -3.4568013e-18)
(48.199412 31.891065 -1.3151312e-20)
(44.11789 31.626388 0)
(39.962609 30.65151 -1.1773076e-20)
(35.87158 29.886152 2.2470124e-20)
(31.111589 28.67769 0)
(26.570117 26.991405 -3.8780779e-20)
(22.408661 25.652064 3.603661e-20)
(16.932617 23.732292 0)
(9.8018579 20.119879 3.0974925e-20)
(4.8390777 12.928993 -2.9137655e-20)
(4.9897694 1.2909358 -2.7216731e-20)
(8.4058543 -9.0258985 0)
(16.788035 -19.142048 1.5980539e-18)
(25.195694 -24.86018 4.6109033e-20)
(30.910257 -29.37602 -1.3293225e-18)
(34.777956 -32.704012 1.2272071e-18)
(40.870457 -32.038051 -1.8750539e-18)
(45.409906 -27.100282 2.0697168e-18)
(49.247512 -13.877666 -1.7994882e-18)
(52.086766 -3.4014041 7.3819052e-19)
(55.464607 14.664959 -5.254292e-20)
(52.73349 24.675728 0)
(45.368314 25.680836 5.9994883e-20)
(32.129796 21.344746 -8.7951504e-20)
(26.396535 10.30044 0)
(25.896885 0.45831173 5.9899781e-19)
(28.434797 -8.3888464 -1.1145815e-18)
(33.608093 -16.541049 5.2643373e-19)
(38.260602 -14.952349 0)
(44.322058 -3.6581906 1.1437596e-19)
(44.924697 3.5879838 -1.4896672e-19)
(40.013672 7.2383429 3.8894732e-19)
(35.350338 3.8849463 0)
(35.163172 -0.0884661 0)
(36.845278 -2.6503405 -1.7777464e-19)
(39.560541 -1.7411015 3.1152957e-19)
(39.878277 -0.10539248 -2.7026809e-19)
(38.9285 0.65180185 -7.3781355e-20)
(38.391933 0.32219489 0)
(38.762045 -0.17177023 0)
(39.313602 -0.19737542 0)
(39.378244 -0.0027390307 -3.6984946e-19)
(39.355096 0.072104051 -1.2106645e-20)
(39.376122 0.041285952 -1.2807081e-19)
(39.496882 0.0040391068 4.3942659e-19)
(39.681874 -0.0055624805 -1.3557171e-19)
(39.822441 0.010885671 0)
(39.889047 0.046547396 -4.6106677e-19)
(39.899513 0.059520267 -7.9548187e-19)
(39.939725 0.046395279 3.4184384e-19)
(39.983365 0.060182358 2.2510671e-20)
(40.049487 0.045685357 7.7694348e-20)
(40.120234 0.040386257 6.0832917e-19)
(40.368514 0.016632981 0)
(62.501216 30.947179 3.5234858e-18)
(60.558809 32.832282 -3.3095741e-18)
(57.459582 33.740322 -4.0596998e-18)
(54.190651 33.887048 3.4860458e-18)
(50.35642 34.026482 -6.634636e-21)
(45.839432 34.151233 -1.3056045e-20)
(41.64672 33.413436 0)
(37.137459 32.511422 2.2860928e-20)
(32.993898 31.666451 -2.79885e-18)
(29.847645 29.227402 2.5601034e-18)
(25.072026 27.974306 1.8446555e-20)
(20.394824 26.959367 0)
(13.635576 25.147147 0)
(6.2819421 20.318431 -1.4807122e-20)
(3.6604554 10.523352 -1.7959017e-18)
(5.2882331 -1.7463832 3.343929e-18)
(9.6147748 -12.693203 -1.5617887e-18)
(18.01147 -22.073793 -1.6363521e-23)
(25.743759 -26.908415 -1.4527502e-18)
(31.45519 -30.670454 1.2481166e-18)
(34.667128 -33.774873 7.4853683e-20)
(40.149802 -32.718852 0)
(43.283133 -28.665019 0)
(47.708767 -13.502338 -1.4281059e-20)
(50.635175 -2.5669547 -8.9331569e-19)
(53.289191 16.121301 4.4919139e-20)
(50.500874 25.672553 7.5730923e-19)
(43.62561 26.642861 2.4551677e-20)
(31.183389 21.870114 -6.7493657e-19)
(26.666565 9.8458244 5.8972492e-19)
(26.491315 -0.2829718 7.1986831e-20)
(29.101861 -9.3188195 0)
(34.018773 -17.196788 5.7117238e-19)
(37.834003 -15.242766 -4.3013526e-19)
(43.557886 -3.55071 -3.8794725e-19)
(43.937082 3.9655423 -6.4877308e-23)
(38.890298 7.5148488 -4.532412e-22)
(34.831777 3.8559204 9.1960983e-20)
(34.817554 -0.25890052 3.2579956e-19)
(36.532877 -2.8087095 -5.3907405e-19)
(39.063327 -1.8074463 1.7315821e-19)
(39.244309 -0.053816913 2.6218306e-19)
(38.206446 0.69584014 -3.9334304e-20)
(37.761965 0.31133131 0)
(38.173733 -0.19972006 -1.0503617e-19)
(38.676688 -0.2083286 -6.7840769e-24)
(38.718669 -0.0029794403 -1.8061779e-19)
(38.694329 0.072137399 8.6005024e-21)
(38.724739 0.037686835 1.3582327e-19)
(38.854605 -0.001606223 -4.3153574e-19)
(39.039004 -0.010783348 -1.9995796e-19)
(39.182493 0.0079308647 1.84806e-19)
(39.262183 0.045684484 4.550313e-19)
(39.2856 0.05897323 3.6736031e-19)
(39.352134 0.045871171 -3.8740455e-19)
(39.40914 0.060279016 4.470681e-20)
(39.501112 0.045723595 8.4698903e-20)
(39.590668 0.038600648 3.2245483e-19)
(39.887775 0.0144928 0)
(58.772434 29.883732 9.4175751e-21)
(59.540182 33.89036 0)
(58.672253 35.213263 -6.3120094e-21)
(55.965018 37.038519 -6.4518465e-21)
(52.017891 37.433591 -7.2793684e-21)
(47.89644 37.02231 5.9939912e-21)
(43.882541 36.004476 1.8573829e-20)
(39.690479 35.052473 0)
(35.307805 33.901749 2.7611602e-18)
(31.671013 32.5368 -2.518632e-18)
(25.81296 31.722868 -2.2075601e-18)
(21.264533 30.535433 2.0388042e-18)
(16.121628 29.440685 -7.2929401e-21)
(9.7822128 26.701771 -1.4303131e-20)
(4.231858 20.00089 1.4375264e-20)
(3.8972071 7.6565374 1.6948677e-18)
(6.2789361 -5.3175905 1.4166383e-20)
(11.533242 -17.528854 -1.4873243e-18)
(19.959798 -26.31788 1.4066702e-18)
(27.465238 -29.930054 -1.2915272e-18)
(32.314962 -32.585414 0)
(34.856548 -34.883394 -3.6008039e-20)
(39.104744 -33.196678 -1.027356e-18)
(42.732079 -27.593912 8.6989438e-19)
(46.637117 -11.256333 9.1691525e-21)
(49.287181 -1.2941431 -8.4651381e-19)
(51.127939 17.724078 -3.7563387e-20)
(48.379369 26.727852 7.0810721e-19)
(42.205163 27.497471 -3.4620491e-20)
(30.567449 22.354273 -4.0711252e-20)
(27.11244 9.2949123 -6.0713673e-19)
(27.161233 -1.0366752 -6.9548798e-20)
(29.868304 -10.538629 3.2084017e-20)
(34.394269 -17.743389 4.291625e-19)
(37.749514 -15.118073 9.7773785e-25)
(42.702209 -3.1382944 0)
(42.937765 4.3792647 1.5024529e-19)
(37.852745 7.8262517 4.0785498e-22)
(34.394165 3.8045646 -1.4288794e-19)
(34.511426 -0.4062148 0)
(36.226976 -2.9665936 0)
(38.565774 -1.8602088 0)
(38.626229 -0.017286273 -1.9005841e-19)
(37.516777 0.73977902 9.2158315e-21)
(37.168861 0.29819427 1.1034767e-19)
(37.616172 -0.22851155 -9.3593492e-26)
(38.06759 -0.21948309 2.8736195e-19)
(38.089307 -0.0014588046 -1.7683722e-19)
(38.062625 0.072290046 2.3439553e-21)
(38.103985 0.033813965 -7.2553278e-20)
(38.239824 -0.00733012 2.8313663e-19)
(38.419823 -0.016173925 1.313251e-19)
(38.562562 0.004737781 -2.431493e-19)
(38.65494 0.044358436 5.6224326e-20)
(38.689871 0.057843173 5.1984475e-20)
(38.781823 0.044766902 -4.8058351e-20)
(38.85118 0.059709178 0)
(38.96891 0.045178837 0)
(39.0765 0.036133681 -3.0300438e-19)
(39.42154 0.012226449 0)
(49.683408 27.110051 4.7090345e-18)
(55.437426 34.459138 -4.3737859e-18)
(55.608056 38.160828 0)
(53.528722 39.930066 0)
(50.36799 40.052165 -3.4075218e-18)
(44.982787 40.358974 -2.586859e-21)
(39.947855 39.613555 5.4228766e-18)
(36.101947 37.803256 -2.8495688e-18)
(31.616337 36.589141 2.3945661e-18)
(28.016514 35.087292 -2.2039671e-18)
(24.143725 33.045644 -8.3009484e-21)
(19.867322 31.828266 7.7273984e-21)
(14.487119 30.791018 7.1255586e-21)
(7.4274823 27.730263 2.0887775e-20)
(3.88336 18.80378 1.7983834e-18)
(4.9712505 4.4182623 -1.6288006e-18)
(7.9812805 -8.937844 1.5163872e-18)
(14.116468 -21.707786 3.1561438e-21)
(21.36365 -29.070431 1.312966e-20)
(28.427467 -31.56762 -1.3089124e-18)
(32.576394 -33.562454 1.2012541e-18)
(34.760402 -35.531081 1.4882825e-20)
(37.556923 -34.172832 -9.9672101e-19)
(41.309879 -27.813212 -2.9005213e-20)
(45.52357 -10.182739 -6.6746273e-21)
(47.944779 -0.33062906 2.5023255e-20)
(48.732062 19.055426 -7.6939636e-19)
(46.366419 27.723036 7.0897419e-19)
(40.76656 28.669721 -1.9710028e-19)
(30.250649 22.701442 3.9717764e-20)
(27.724124 8.7624471 5.927195e-19)
(27.942638 -1.770936 -3.3761284e-20)
(30.511674 -11.418442 -5.0095861e-24)
(34.689198 -18.179465 2.8894603e-20)
(37.75629 -15.032371 5.0572754e-20)
(41.614894 -2.9040263 1.3922688e-19)
(41.785443 5.1561086 7.0965649e-23)
(36.933905 8.1797595 -7.0943467e-19)
(34.041602 3.787208 4.0459369e-20)
(34.260547 -0.58844426 3.051104e-19)
(35.961552 -3.1394587 -9.8252212e-20)
(38.04532 -1.9161735 6.0291545e-19)
(38.013618 0.055368039 -3.0982272e-19)
(36.871318 0.78556072 0)
(36.618915 0.28065071 -1.0798067e-19)
(37.093165 -0.25764265 5.0242923e-19)
(37.493409 -0.22694954 -4.6954636e-19)
(37.499085 -0.0010387725 8.6789959e-20)
(37.469489 0.072228635 -2.9279937e-21)
(37.523061 0.029425161 0)
(37.66266 -0.013218356 0)
(37.834956 -0.021620247 6.4808487e-20)
(37.972501 0.0012270463 6.0088861e-20)
(38.076605 0.042555922 5.5669243e-20)
(38.121414 0.056189474 -5.1558653e-20)
(38.235338 0.043092015 -1.1937165e-19)
(38.315818 0.058667514 4.422654e-20)
(38.458905 0.04403526 -6.4211691e-21)
(38.583279 0.032819457 -4.7297474e-21)
(38.974087 0.0091979872 4.3628061e-21)
(26.51645 11.230428 -4.8189987e-18)
(37.689113 21.43746 9.0514431e-18)
(48.421153 32.833986 -1.5082081e-21)
(51.514629 40.076957 -4.006145e-18)
(50.80467 42.427072 0)
(46.876371 44.6713 0)
(43.239362 42.964835 -2.9425388e-21)
(38.764585 40.855441 2.6013503e-21)
(33.702517 39.862595 2.6242983e-21)
(29.981152 37.96014 0)
(26.25763 36.454589 2.1850385e-18)
(22.360813 34.87815 5.0516002e-21)
(18.161669 34.112429 -4.1938941e-18)
(12.311363 33.324031 3.879231e-18)
(5.8788664 28.475305 -1.1596148e-20)
(4.6953116 16.471511 -3.4950213e-18)
(6.6040255 0.94681584 1.6019738e-18)
(10.089155 -12.872556 -5.8527352e-21)
(16.841584 -26.042084 -1.1131505e-20)
(23.334004 -32.242747 -5.2428463e-21)
(29.912712 -33.714966 0)
(33.279068 -34.665623 0)
(34.651099 -35.86654 -1.5168529e-20)
(36.384851 -34.722875 -7.5787146e-21)
(40.40372 -26.749109 0)
(44.597976 -8.9642036 0)
(46.720443 0.68496774 0)
(46.478337 20.350717 0)
(44.397501 28.772423 2.1631795e-20)
(39.276426 29.814679 0)
(30.217626 22.942036 0)
(28.492756 8.1927221 0)
(28.855999 -2.4264389 -4.9401058e-19)
(31.248682 -12.209602 -3.1153162e-20)
(35.004393 -18.575509 -1.3588143e-20)
(37.687345 -15.363871 4.1365554e-19)
(40.733356 -2.8253368 -4.0495229e-19)
(40.638873 5.0669512 1.934701e-19)
(36.030484 8.3605756 3.4672663e-19)
(33.749521 3.7646424 -4.0467289e-19)
(34.077877 -0.7928012 2.1375092e-19)
(35.753263 -3.2981262 0)
(37.530333 -1.9414086 -9.8371929e-20)
(37.408803 0.11595926 -3.0395229e-20)
(36.280087 0.83155554 -1.0377259e-21)
(36.118648 0.26344758 0)
(36.609844 -0.28406929 0)
(36.962226 -0.23611311 9.1811322e-20)
(36.95508 0.0017462589 -4.2653467e-20)
(36.92421 0.071666975 7.3661757e-21)
(36.99166 0.024485883 -4.0050693e-20)
(37.133261 -0.019173086 0)
(37.295935 -0.026745689 -6.4079372e-20)
(37.423064 -0.0024886703 -2.2408489e-24)
(37.537056 0.040296646 -5.5203096e-20)
(37.589926 0.054022574 2.5603569e-20)
(37.720847 0.040899693 4.2816e-25)
(37.810566 0.057096767 -8.8112982e-20)
(37.977527 0.042323226 -3.3210287e-21)
(38.117272 0.028723956 -9.4564277e-21)
(38.550773 0.005569661 0)
(16.776074 -0.16704382 4.8888156e-18)
(21.214115 6.4094425 -9.2793598e-18)
(27.782529 15.323125 -2.6160582e-23)
(39.408871 28.714532 -1.7584343e-21)
(46.464611 40.002262 3.9043035e-18)
(46.55583 45.163907 0)
(44.00459 46.814515 -2.4964459e-18)
(40.946587 45.803439 3.0006035e-18)
(35.88512 44.365604 2.9241841e-18)
(32.674854 41.657017 -5.2472344e-18)
(28.724174 39.725599 -2.3991064e-21)
(24.870681 38.004603 -5.8992363e-21)
(20.831253 37.111581 2.2473839e-18)
(16.45393 36.775229 -2.0632393e-18)
(10.30961 35.599521 1.9251636e-18)
(5.6872341 28.374186 -1.5497296e-18)
(6.5745094 13.274187 3.3984095e-18)
(8.8664121 -2.2563037 -3.1259482e-18)
(13.003512 -17.019672 1.4706982e-18)
(19.712975 -29.588847 -1.3976086e-18)
(25.191937 -34.484641 2.6101367e-18)
(30.819891 -34.87355 -2.4435729e-18)
(33.727596 -35.117042 1.1337121e-18)
(33.899397 -36.383567 -3.9605432e-21)
(34.951387 -35.351807 -8.9547857e-19)
(38.7687 -26.520737 8.8751423e-19)
(43.266874 -8.181692 4.6740583e-21)
(45.240727 2.1340145 0)
(44.321775 21.334054 0)
(42.603219 29.701275 -6.7804105e-19)
(38.242069 30.534837 -3.6611613e-21)
(30.500929 23.116554 5.9949222e-19)
(29.397714 7.6105598 8.3825193e-21)
(29.874354 -3.0199884 5.2372897e-19)
(32.062612 -12.972752 -9.6152484e-19)
(35.370441 -18.969202 7.9939484e-19)
(37.680271 -15.21855 -4.1882578e-19)
(40.149355 -2.8088034 -3.6775604e-19)
(39.481906 6.0931663 3.6574208e-19)
(35.179173 8.6566872 1.0639361e-20)
(33.503343 3.7754075 -1.0007759e-19)
(33.951449 -0.96548567 9.780719e-21)
(35.595585 -3.4425851 2.3086364e-20)
(37.021558 -1.9463744 2.8133525e-20)
(36.814553 0.1798502 2.9917595e-20)
(35.755741 0.86946726 1.233585e-20)
(35.677679 0.24148698 -7.8216302e-20)
(36.17513 -0.30568161 -9.0672146e-21)
(36.482683 -0.2438824 9.047334e-20)
(36.46414 0.0042848383 -2.1066358e-20)
(36.436716 0.069709193 3.3795372e-21)
(36.520365 0.019063681 -2.0137059e-20)
(36.662754 -0.025107332 6.8254646e-20)
(36.814567 -0.031483684 3.173514e-20)
(36.926174 -0.0062353999 -2.9502757e-20)
(37.047038 0.037676475 5.4823676e-20)
(37.106112 0.051463543 0)
(37.248338 0.038322306 7.0947183e-20)
(37.344477 0.055058377 2.1965906e-20)
(37.53246 0.040100061 0)
(37.685988 0.023947841 -7.5667224e-20)
(38.158295 0.0014555382 0)
(16.684891 -2.0904125 -2.6520931e-21)
(19.557888 3.785613 -4.4269033e-18)
(23.115258 12.093707 4.1726287e-18)
(30.684998 23.736133 -3.9869507e-18)
(40.264156 39.005203 0)
(41.850976 47.287354 -3.5861339e-18)
(40.741694 48.858403 5.8193009e-18)
(36.560301 49.387 -2.5747835e-18)
(33.200122 46.590499 7.1306629e-22)
(29.489254 44.264991 -1.3357776e-21)
(26.222345 42.276407 2.5583075e-18)
(22.994643 40.447444 -2.3800413e-18)
(19.427315 39.646954 -2.1945309e-18)
(14.961944 39.373278 4.0394339e-18)
(9.3707689 37.236957 -1.8940088e-18)
(6.4081727 27.183413 0)
(9.5505136 9.8155626 0)
(11.781726 -5.0273022 -1.5039045e-18)
(16.356439 -21.047523 2.8518984e-18)
(22.598353 -32.839895 -1.3649262e-18)
(27.344128 -36.874295 -2.5018782e-21)
(32.201746 -36.588817 0)
(34.41202 -35.632387 4.3593716e-21)
(33.605585 -36.449107 -4.5616141e-19)
(34.021016 -35.431611 4.1712299e-19)
(36.90147 -25.897173 -4.385161e-19)
(41.275835 -7.5529529 7.669774e-19)
(43.23421 3.6408259 0)
(42.183865 22.18113 0)
(41.184214 30.411485 3.2769026e-19)
(37.264002 31.361998 -2.2299115e-19)
(30.969021 23.267819 2.9846126e-19)
(30.407224 7.091925 -1.2248308e-20)
(30.962192 -3.573704 -7.8167684e-21)
(32.893313 -13.688567 -7.3804055e-21)
(35.88464 -19.180199 -6.2870344e-21)
(37.296191 -15.70887 0)
(39.880334 -2.1172678 0)
(38.544902 6.4150525 -1.7413978e-19)
(34.4091 8.8065531 1.4639906e-19)
(33.321208 3.8369709 9.4855621e-20)
(33.90376 -1.1198996 -2.6292301e-19)
(35.497634 -3.5942151 1.8781304e-20)
(36.52386 -1.9180218 -7.9325268e-21)
(36.24124 0.25923531 0)
(35.313837 0.88914207 -1.8691113e-20)
(35.307612 0.22417075 6.4319072e-20)
(35.807949 -0.32948823 -6.8946814e-21)
(36.064987 -0.25050698 1.005665e-19)
(36.03772 0.0062014937 -1.0415114e-19)
(36.017822 0.066973342 5.0768161e-21)
(36.120992 0.013247158 -1.0226662e-19)
(36.263921 -0.030955407 6.7660806e-20)
(36.402519 -0.036028753 -3.1489747e-20)
(36.495111 -0.0098899813 6.5779414e-25)
(36.618729 0.034813628 -5.4523155e-20)
(36.682052 0.048643521 0)
(36.830208 0.035507333 2.3575419e-20)
(36.928935 0.052675317 7.6731733e-20)
(37.133574 0.0374359 -1.3700751e-20)
(37.299213 0.018600819 3.3128116e-20)
(37.805218 -0.0030430911 -4.3853337e-21)
(16.354542 -3.2670151 4.2298309e-18)
(18.34286 2.3255622 -2.0970435e-18)
(20.628362 9.9949576 -2.4752909e-22)
(24.732871 20.147358 1.9288888e-18)
(33.653082 35.854081 -1.8446186e-18)
(37.044149 47.504903 0)
(36.220287 50.993184 1.5573315e-18)
(33.578335 51.113194 -1.1553425e-18)
(30.263096 48.63066 -6.980846e-22)
(27.241538 46.008227 0)
(24.237733 43.870318 1.2572791e-18)
(21.506379 42.238488 -1.1657358e-18)
(18.25184 41.849169 0)
(14.086454 41.584729 -9.9208883e-19)
(9.5497378 38.138359 8.3969551e-19)
(9.6792162 24.577995 -8.7714232e-19)
(12.929402 7.0130914 7.7665069e-19)
(15.324256 -7.8166718 7.3185832e-19)
(20.189421 -24.810398 -1.3969462e-18)
(25.615241 -35.374683 6.7116657e-19)
(29.492357 -38.159946 6.3469662e-19)
(33.267881 -37.207785 -5.6587377e-19)
(34.997711 -35.631361 5.0598722e-19)
(33.407064 -36.555172 -1.6158426e-22)
(32.571414 -35.525153 -7.4731505e-19)
(34.679763 -25.503203 4.3679387e-19)
(38.58231 -7.4063374 -1.5692641e-21)
(40.53895 4.7037494 8.1872405e-22)
(39.995397 22.821866 0)
(39.867306 31.020883 -3.2301438e-19)
(36.490416 31.931378 1.1854802e-19)
(31.666471 23.322686 -4.5026137e-21)
(31.508778 6.6741479 -2.5424435e-19)
(32.093691 -4.0769247 2.3244014e-19)
(33.765834 -14.289576 7.2808478e-21)
(36.351504 -19.460997 9.8320158e-21)
(37.200645 -15.5911 -6.3490731e-21)
(39.250305 -1.7507123 -1.2312268e-19)
(37.47895 6.8776548 1.72948e-19)
(33.605254 9.0226151 1.0396851e-20)
(33.266851 3.8261402 4.7168197e-21)
(33.989147 -1.2621376 8.9846588e-21)
(35.461044 -3.7086509 0)
(36.08792 -1.8967242 7.8343293e-21)
(35.713323 0.34233618 0)
(34.966517 0.91245115 0)
(35.026058 0.19646644 1.2039539e-19)
(35.523541 -0.35874717 -3.5359249e-21)
(35.723958 -0.25590482 -1.1069164e-20)
(35.690779 0.0075296622 0)
(35.680388 0.063285093 4.6802731e-21)
(35.806882 0.0068960393 -2.1174947e-20)
(35.950052 -0.036647616 0)
(36.072402 -0.040066384 0)
(36.144573 -0.013361081 1.4576994e-20)
(36.266535 0.03190722 1.3573489e-20)
(36.332231 0.04568423 3.7911987e-20)
(36.481825 0.032601609 2.3524023e-20)
(36.578934 0.050088914 -2.1895453e-20)
(36.794062 0.034426004 3.3992395e-21)
(36.970329 0.012824037 3.5533314e-20)
(37.503421 -0.0079359395 -1.5382459e-20)
(11.687343 -12.936104 1.3564688e-21)
(15.458005 -3.7728372 2.1683003e-18)
(16.885706 1.3316594 -2.4575541e-22)
(18.644405 8.4563412 1.9829297e-18)
(20.870322 18.382148 3.7698672e-22)
(27.355323 33.170237 2.1038177e-21)
(32.015787 47.198784 -1.7381145e-18)
(31.466529 52.344751 0)
(29.845765 52.570538 -1.1668916e-18)
(26.714753 50.701343 1.1825885e-18)
(25.210535 47.619579 1.4159071e-22)
(22.896375 45.309615 -1.2403024e-18)
(20.323687 44.074184 -3.5415053e-22)
(17.377082 43.944698 2.11066e-18)
(13.918121 43.386265 -9.7905617e-19)
(10.31509 38.105455 0)
(14.076763 21.454375 8.2006939e-19)
(16.854647 4.6039956 -2.9163721e-22)
(19.353245 -10.255601 -7.1631499e-19)
(24.301462 -28.010169 -6.7121963e-22)
(28.578523 -37.619985 -3.2414103e-22)
(31.934912 -39.561955 6.2276489e-19)
(34.25299 -38.164957 -5.5973791e-19)
(35.932371 -35.625753 9.9261403e-22)
(33.658688 -35.836314 0)
(31.641584 -35.332481 3.9063527e-19)
(32.880158 -25.143251 -8.6650241e-19)
(35.931335 -7.404093 3.9984621e-19)
(37.639354 5.4108155 2.4912157e-19)
(37.872521 23.061973 -3.4939304e-19)
(38.52993 31.477355 0)
(35.853701 32.294667 1.5646304e-19)
(32.475725 23.341516 -2.8377396e-19)
(32.702924 6.279166 -2.5812046e-19)
(33.317581 -4.4937745 1.6718302e-19)
(34.701538 -14.82617 2.3206105e-19)
(36.878758 -19.601747 -3.1512564e-21)
(37.048051 -15.595704 -1.1504396e-19)
(38.441036 -1.4645638 0)
(35.95747 7.0093331 1.3836809e-21)
(33.129378 9.1257618 0)
(33.341282 3.7445439 -4.7092607e-21)
(34.203204 -1.412935 -7.1385991e-20)
(35.450155 -3.6385045 6.6358372e-20)
(35.750264 -1.8925936 0)
(35.269846 0.42273708 0)
(34.717981 0.92735308 5.4123874e-20)
(34.85427 0.17019292 -6.2851946e-21)
(35.342769 -0.39047036 0)
(35.476382 -0.25544477 -4.1192962e-20)
(35.439125 0.0098171641 4.0830378e-20)
(35.439777 0.059125115 -2.1379828e-21)
(35.590595 -0.00042358618 -5.4563003e-25)
(35.733755 -0.042060952 3.3418593e-20)
(35.837285 -0.043483379 0)
(35.891186 -0.016658069 -1.4520729e-20)
(36.006049 0.029102387 -3.3830119e-20)
(36.074113 0.042717741 -6.3052995e-21)
(36.221637 0.029707946 1.1745661e-20)
(36.314032 0.047425869 -5.4696147e-21)
(36.532441 0.031194508 6.5828203e-21)
(36.718114 0.0068269237 0)
(37.270566 -0.013280973 1.76164e-20)
(8.6541712 -17.671175 1.2354375e-18)
(12.911055 -5.8073083 1.0847007e-18)
(14.60768 0.27920037 -1.0134293e-18)
(15.931769 7.4261465 9.8276015e-19)
(17.133815 17.316488 -1.8772835e-18)
(21.939329 30.956219 7.9215365e-19)
(26.411276 46.485016 8.6299733e-19)
(26.396394 53.061317 -8.0710318e-19)
(26.281236 53.593872 0)
(23.978214 51.834194 0)
(22.427369 48.927275 -1.8694818e-22)
(21.15499 46.555751 0)
(19.506558 45.520032 2.7780921e-22)
(17.319071 45.479218 5.2243931e-19)
(14.392701 44.683338 -7.8367678e-22)
(12.564539 37.345671 -3.7539302e-19)
(17.688473 18.862914 -3.8918517e-19)
(21.275953 2.5695976 3.8846244e-19)
(24.019409 -12.477012 0)
(28.534707 -30.827766 0)
(31.848095 -39.096629 1.6085678e-22)
(33.992619 -40.272068 -5.8037931e-22)
(35.345175 -38.575161 -2.7433371e-19)
(36.717762 -35.278895 4.7969035e-19)
(34.062951 -35.080374 -1.214311e-23)
(30.822869 -34.883309 -2.1028666e-19)
(30.982695 -25.102608 -2.1679881e-19)
(33.335222 -7.4734473 3.9600346e-19)
(34.759644 5.6412503 8.9237722e-22)
(35.938291 22.974546 -3.4681164e-19)
(37.247914 31.768769 1.5556988e-19)
(35.330607 32.545589 -9.3499857e-20)
(33.342898 23.31308 1.407844e-19)
(34.003737 6.0007416 1.3033051e-19)
(34.615969 -4.7386911 -6.2470346e-20)
(35.704557 -15.264152 1.1394608e-19)
(37.381947 -19.696112 -2.1350782e-19)
(36.987096 -15.55387 5.1485968e-20)
(37.191522 -1.2272367 9.4113521e-20)
(34.519501 7.3810054 -1.7730869e-19)
(32.942488 9.2038626 7.9815147e-20)
(33.571792 3.5859457 7.5716088e-20)
(34.543142 -1.5567898 2.7465941e-23)
(35.538686 -3.6822168 -6.6156724e-20)
(35.595496 -1.9085245 0)
(34.979355 0.49582771 -3.3177669e-20)
(34.58453 0.93233737 1.0766581e-19)
(34.802346 0.14653865 -8.4597777e-21)
(35.277755 -0.41083568 -3.1654736e-21)
(35.343939 -0.25433242 -2.0485266e-21)
(35.297931 0.010715576 1.2702961e-21)
(35.314612 0.053415226 -1.0742417e-21)
(35.47828 -0.0070474304 -3.0025772e-25)
(35.626254 -0.047056114 1.6650445e-20)
(35.710084 -0.046321404 0)
(35.751873 -0.018715881 -1.2668004e-20)
(35.85063 0.025633238 3.3748107e-20)
(35.926089 0.039684444 -4.7214525e-21)
(36.068806 0.026933357 1.4667579e-21)
(36.155562 0.044824627 6.8334376e-21)
(36.373486 0.027818192 0)
(36.567761 0.0004840145 1.1868368e-21)
(37.131253 -0.018746664 -1.1026549e-21)
(6.0629145 -20.660161 -3.0931047e-19)
(9.5247481 -9.571563 -2.7128359e-28)
(11.812583 -0.29920242 -2.6467656e-19)
(13.022623 6.0380861 7.1294867e-19)
(15.106683 14.820641 5.4250981e-23)
(17.482561 28.375155 -3.8824625e-19)
(20.658079 44.636006 2.1488085e-19)
(21.129563 52.620392 -2.0124063e-19)
(21.731813 53.908219 0)
(21.129539 52.539112 1.4289429e-19)
(20.267878 49.637732 -2.6370741e-19)
(19.396522 47.565649 2.673916e-19)
(18.700379 46.836485 -1.412191e-19)
(16.975624 46.781799 -1.2902981e-19)
(15.053712 45.429922 2.8320908e-22)
(16.4812 35.606289 1.2623104e-22)
(22.265854 15.305041 9.8536167e-20)
(25.843648 1.3193281 -9.3803831e-23)
(28.880904 -14.244755 0)
(32.753114 -32.846123 -6.4345586e-28)
(34.953532 -40.341048 1.6431815e-19)
(36.398777 -40.996636 -1.4768949e-19)
(36.879728 -38.674678 1.3892298e-19)
(37.068843 -35.150209 -1.6623303e-19)
(34.619144 -34.45093 8.0675757e-24)
(30.508451 -34.124344 5.2172831e-20)
(29.365374 -24.866239 -2.1122607e-22)
(30.987762 -7.6477596 -4.9069751e-20)
(32.187379 5.654885 9.0469265e-20)
(34.161123 22.42908 1.0809576e-22)
(36.051857 31.881597 -3.6700051e-20)
(34.976198 32.593695 2.1795458e-20)
(34.223528 23.247497 -3.5049302e-20)
(35.368601 5.7923682 -3.1281612e-20)
(35.930893 -4.825252 1.2216849e-20)
(36.736034 -15.600542 2.8613904e-20)
(37.939217 -19.745242 -2.6581906e-20)
(37.080333 -15.376381 2.0391523e-27)
(35.736668 -0.9142148 3.6713832e-22)
(33.59866 7.4407457 -2.6133716e-27)
(32.951315 9.2804932 3.2925861e-27)
(33.885773 3.464601 1.0055704e-20)
(34.971663 -1.6510888 -3.5350597e-20)
(35.78613 -3.7356975 3.2976667e-20)
(35.598213 -1.9519993 -4.8755687e-21)
(34.869213 0.55668309 1.0092096e-20)
(34.576596 0.92810513 1.1450657e-20)
(34.877471 0.11716926 3.0878682e-22)
(35.309163 -0.41898122 -8.3719739e-26)
(35.328075 -0.26038739 -1.1587641e-20)
(35.271947 0.011306027 -1.2673464e-21)
(35.30034 0.048888271 -4.4548932e-22)
(35.483786 -0.014748754 6.6560524e-21)
(35.629095 -0.05181321 0)
(35.695605 -0.048636193 0)
(35.726504 -0.021325886 -1.806178e-21)
(35.813975 0.023028811 -3.3689448e-21)
(35.899266 0.036602933 1.5720824e-21)
(36.036938 0.024328505 -1.465603e-21)
(36.119863 0.04226174 -2.7317092e-21)
(36.339158 0.024382358 -1.4354896e-27)
(36.541673 -0.0063914727 1.1870857e-21)
(37.107768 -0.024418316 0)
(3.4475235 -22.665139 -6.3080394e-19)
(5.4897803 -14.221506 2.7928015e-28)
(7.9146983 -3.1027243 -2.6639044e-19)
(9.3554556 5.0202334 0)
(12.260935 14.298459 1.1061504e-23)
(12.443995 27.261741 3.8567522e-22)
(14.690246 42.558686 5.5329574e-22)
(15.930766 51.032795 -2.0147591e-19)
(17.053846 53.210595 0)
(18.190524 52.481804 1.5560509e-19)
(18.541631 49.848729 -2.8143915e-19)
(18.411217 47.734775 2.3754429e-19)
(18.093765 47.447522 -1.2359428e-19)
(18.045355 47.080188 -1.1112065e-19)
(16.911566 45.475957 2.8268302e-22)
(19.486754 33.985794 1.4608741e-22)
(26.467564 12.492428 1.9728307e-19)
(29.888819 0.41064987 0)
(33.477426 -15.903322 0)
(36.97787 -34.230716 8.4869313e-23)
(38.216318 -40.906331 -1.5990626e-22)
(38.665812 -41.278666 7.4117443e-20)
(38.261878 -38.500961 1.4155988e-22)
(37.76433 -34.472837 -9.6692073e-20)
(35.365135 -33.616752 2.983333e-24)
(30.395306 -33.258177 4.7297007e-20)
(28.062306 -24.814337 0)
(28.951547 -7.9304149 -4.7952469e-20)
(29.997163 5.3365875 9.0631751e-20)
(32.623851 21.832771 9.4191735e-23)
(35.051088 31.806302 -6.9709416e-20)
(34.700728 32.529581 -6.9716205e-24)
(35.051066 23.287518 3.9099166e-23)
(36.711117 5.6347289 2.1556866e-22)
(37.221732 -4.8031029 -9.9708457e-24)
(37.794714 -15.807146 5.7162115e-20)
(38.536801 -19.756028 4.4705096e-22)
(37.180114 -15.209156 -1.458038e-20)
(34.607449 -0.65338997 0)
(33.180347 7.3980204 2.5628367e-27)
(33.191521 8.9690282 -1.0423391e-20)
(34.149138 3.6414758 1.7919022e-20)
(35.450104 -1.7465946 -3.4796608e-20)
(36.175364 -3.7539629 1.6482686e-20)
(35.71223 -1.8997493 1.0948759e-27)
(34.919014 0.54642307 0)
(34.660402 0.91676463 9.045022e-21)
(35.057094 0.089870679 -6.8593451e-21)
(35.452678 -0.43019442 2.0087497e-22)
(35.430674 -0.26206214 -1.0901511e-20)
(35.35595 0.013806415 1.0176357e-20)
(35.393455 0.043561046 -7.1041035e-22)
(35.601305 -0.023394002 6.8399642e-21)
(35.738488 -0.056152164 0)
(35.791894 -0.050526414 9.6878057e-22)
(35.814399 -0.023367491 -1.805086e-21)
(35.890497 0.020227116 3.3666559e-21)
(35.987811 0.03343672 8.4268907e-26)
(36.124962 0.021810699 -4.3950024e-21)
(36.206327 0.039713553 -1.3651671e-21)
(36.431002 0.0208657 6.7460947e-22)
(36.642323 -0.013317912 1.1863942e-21)
(37.204837 -0.03002579 0)
(-1.7196894 -24.084906 0)
(0.64254094 -16.975327 0)
(2.1531513 -8.1176875 -1.1164589e-18)
(4.0798774 2.4340291 1.0336152e-18)
(5.7140958 12.416387 2.9150899e-23)
(6.4599044 25.900296 -5.5654898e-23)
(8.4018054 40.227061 -2.1113136e-22)
(10.19301 48.980892 0)
(12.777742 51.688897 7.5791021e-19)
(14.676435 51.533014 1.0347758e-21)
(16.381721 49.582849 -5.9773821e-19)
(17.558542 47.669328 1.9027824e-22)
(17.95184 47.325885 -2.2825651e-22)
(18.792896 46.748891 1.9406211e-22)
(19.318075 44.61091 0)
(23.249186 31.694581 1.0722191e-22)
(29.767386 10.882257 4.9708846e-22)
(33.149036 -0.098120517 -4.5388781e-22)
(37.830149 -16.483664 0)
(40.961871 -35.130997 3.4947626e-19)
(41.477703 -41.277667 -3.1496015e-19)
(41.248467 -41.384477 -5.6472249e-22)
(39.850417 -38.292564 -2.814831e-19)
(38.065087 -34.202097 2.4410616e-19)
(35.77526 -32.675738 4.6016138e-22)
(30.684302 -32.032382 0)
(27.273848 -24.540413 -8.4859893e-22)
(27.464358 -8.2897043 0)
(28.259137 4.877991 7.0485686e-22)
(31.245001 20.940831 0)
(34.283599 31.535986 0)
(34.558816 32.359668 0)
(35.888019 23.327931 1.0974981e-21)
(38.052673 5.584672 -1.5840081e-22)
(38.541539 -4.6918004 -3.6964387e-20)
(38.852727 -15.885184 6.8339844e-22)
(39.185654 -19.71276 1.062745e-19)
(37.304807 -14.991713 5.4537348e-20)
(34.046102 -0.37920619 -9.4345075e-20)
(33.112026 7.4335771 3.3243665e-20)
(33.364952 9.1516884 -8.0073257e-20)
(34.524366 3.3272839 6.2595293e-20)
(35.981333 -1.8019084 -6.9253866e-20)
(36.666301 -3.7668331 0)
(35.94456 -1.8563428 3.3790264e-20)
(35.046241 0.57349458 -5.7928943e-20)
(34.833319 0.90348466 -2.3664732e-20)
(35.328398 0.059734583 5.022338e-20)
(35.695642 -0.43893715 -3.2507359e-22)
(35.635131 -0.25870133 2.7342645e-21)
(35.546247 0.013248814 0)
(35.594202 0.036894719 0)
(35.810665 -0.030988321 3.3143254e-21)
(35.942572 -0.060117732 0)
(35.98732 -0.052111738 -9.7001088e-22)
(36.004082 -0.025024659 1.6258353e-20)
(36.068961 0.017309026 -2.0211338e-20)
(36.179278 0.030038554 0)
(36.318698 0.019325507 1.1722471e-20)
(36.400743 0.037092254 -4.0947327e-21)
(36.631965 0.01719925 -1.120644e-21)
(36.850494 -0.020253856 -2.3705011e-21)
(37.404621 -0.035413593 8.8101754e-21)
(-5.9306169 -24.693242 -2.8629947e-22)
(-4.533631 -18.751814 0)
(-4.6340609 -11.050315 0)
(-3.7188377 -2.5545771 2.096745e-18)
(-2.6809553 10.269338 -1.9346755e-18)
(-1.0739963 23.602141 -1.8609762e-18)
(1.3041297 37.153164 1.7463608e-18)
(4.1937596 45.673467 -1.6421289e-18)
(7.7516745 48.930988 1.5265404e-18)
(11.935192 49.175511 -1.6617818e-22)
(13.909859 48.215199 0)
(16.733366 47.066662 -2.7617231e-22)
(17.908399 46.809314 2.3897572e-22)
(19.423332 46.073997 8.2749425e-19)
(20.855245 43.578276 -1.4615529e-18)
(26.329633 29.961641 8.7817909e-19)
(32.326107 9.795875 -3.5523268e-22)
(35.867555 -1.222392 3.57681e-22)
(40.992395 -16.775335 0)
(45.04078 -35.607386 -6.8601574e-22)
(44.797038 -41.138479 0)
(43.592562 -41.16577 -5.9234002e-19)
(41.324503 -37.601259 5.7412171e-19)
(39.119273 -33.578393 -5.4474758e-19)
(36.249975 -31.961727 4.7453015e-19)
(31.149303 -31.148924 0)
(26.909176 -24.302339 -4.0778468e-19)
(26.401321 -8.8892011 7.7888989e-19)
(27.023402 4.3841676 -3.6456346e-19)
(30.031105 19.8385 0)
(33.607253 31.06906 0)
(34.515444 32.062561 0)
(36.698103 23.418474 -1.1047051e-21)
(39.432553 5.5886775 0)
(39.929652 -4.5963657 -7.7970877e-22)
(39.929877 -15.818804 -9.0272272e-22)
(39.903018 -19.606427 -3.359687e-21)
(37.460977 -14.783785 -6.4395009e-22)
(33.89937 -0.26493988 0)
(33.094749 7.3680676 -5.5902427e-23)
(33.526187 9.1186669 -5.1200763e-21)
(34.938082 3.179725 0)
(36.599065 -1.8959099 -2.2304259e-21)
(37.242147 -3.779254 0)
(36.261726 -1.816997 -1.9405581e-21)
(35.245115 0.60830916 0)
(35.091889 0.89366815 -1.0405486e-21)
(35.669531 0.032925304 -5.048413e-20)
(36.020179 -0.44477772 8.4584675e-21)
(35.925253 -0.25634812 -2.7469124e-21)
(35.824534 0.0136433 -4.1002163e-20)
(35.880493 0.030032368 1.0285207e-20)
(36.100718 -0.038765445 -2.7731329e-20)
(36.227326 -0.06386405 0)
(36.266318 -0.053502124 -3.113179e-20)
(36.278708 -0.026495445 2.8967084e-20)
(36.333309 0.014420683 -2.0245441e-20)
(36.45467 0.026465365 1.2596917e-20)
(36.597311 0.016768809 -5.8662926e-21)
(36.680629 0.034327495 0)
(36.918014 0.013666909 -1.9791098e-21)
(37.141778 -0.027087442 -2.3681049e-21)
(37.682537 -0.04077292 -6.5812341e-21)
(-10.692563 -19.38708 0)
(-10.799904 -12.120627 0)
(-10.765241 -6.3904579 -2.0773026e-18)
(-10.008245 7.4629615 -1.0154472e-21)
(-9.296913 20.005755 1.898598e-18)
(-6.0015322 32.517392 -1.7806396e-18)
(-1.7671293 40.500421 1.6603387e-18)
(3.2012399 44.573556 1.5506842e-18)
(8.3647884 46.168599 -1.440723e-18)
(12.347512 45.949402 -1.3419107e-18)
(15.553471 45.62423 2.4813469e-18)
(17.851209 45.700683 -1.1490801e-18)
(19.986417 45.153614 -9.7082393e-19)
(22.327547 42.303798 1.5114143e-18)
(29.120081 28.434232 -8.8312814e-19)
(34.947841 9.3597018 0)
(38.461169 -1.7725049 0)
(44.099146 -17.384817 -8.7555244e-22)
(48.881985 -35.759267 -7.1121057e-19)
(48.182953 -40.79611 1.2846798e-18)
(46.120578 -40.66426 -6.0103424e-19)
(42.601757 -37.066469 2.2945312e-21)
(40.358149 -32.917786 5.5147798e-19)
(37.146931 -31.028517 -1.0161343e-18)
(31.752953 -30.522899 1.8516859e-22)
(27.002346 -24.070337 4.1321666e-19)
(25.767002 -9.4796593 3.0678979e-21)
(26.134273 3.7028872 -4.321521e-21)
(28.919413 18.478258 0)
(33.017173 30.411106 4.6382621e-21)
(34.533629 31.719031 0)
(37.541785 23.492259 0)
(40.76541 5.7379863 9.932956e-20)
(41.323447 -4.4202692 -6.8908334e-20)
(41.041775 -15.667092 2.2605912e-19)
(40.677448 -19.447859 3.3624138e-21)
(37.674556 -14.590333 0)
(33.897006 -0.18873564 1.8977971e-19)
(33.159208 7.2523076 -3.3605629e-19)
(33.704291 9.0408023 4.4240341e-20)
(35.334205 3.0930819 0)
(37.327827 -2.0667057 1.3548235e-19)
(37.872518 -3.7823408 -1.3422354e-19)
(36.645194 -1.7713182 -7.8295452e-21)
(35.531435 0.640872 -1.3232977e-19)
(35.42201 0.88921561 2.2069952e-20)
(36.071796 0.0049824872 3.9315936e-20)
(36.410128 -0.45175579 -3.0957244e-20)
(36.284195 -0.25358026 7.7456379e-20)
(36.173022 0.013741183 -8.2560675e-20)
(36.235616 0.022923163 -6.9943356e-21)
(36.457482 -0.046332119 2.1188592e-20)
(36.578889 -0.067405617 0)
(36.613685 -0.054756093 0)
(36.622607 -0.027778709 -4.3615096e-20)
(36.669355 0.011600235 2.7061142e-20)
(36.79681 0.022693447 3.7869839e-20)
(36.94318 0.014105675 -1.1754462e-20)
(37.027851 0.03157178 0)
(37.269633 0.010082668 1.0545166e-20)
(37.497097 -0.033832656 -3.5497646e-20)
(38.019038 -0.04589761 -2.1303153e-21)
(-14.100833 -18.936538 -4.5324511e-18)
(-16.06506 -13.716897 0)
(-16.943508 -7.4582346 4.0896422e-18)
(-16.394885 2.5618397 -3.8417681e-18)
(-15.385974 14.658341 3.878005e-18)
(-11.811024 25.814466 -7.2504412e-18)
(-6.6988325 33.820328 3.3811836e-18)
(-0.65283846 39.145412 -3.1538182e-18)
(5.3899402 41.847098 2.9310334e-18)
(10.436564 42.905419 -1.3326792e-21)
(14.552163 43.530328 2.4721979e-21)
(17.868827 44.062052 0)
(21.112629 43.337502 2.0408535e-18)
(23.950789 40.616955 -1.6095646e-18)
(31.608705 27.26299 -1.7654368e-18)
(37.640021 9.3895057 1.1641592e-18)
(41.176543 -2.2182214 -1.4754421e-18)
(47.524182 -17.900673 1.3434632e-18)
(52.687129 -35.451435 0)
(51.50541 -40.07623 2.5536096e-21)
(48.443258 -39.837918 -1.2327014e-18)
(44.144168 -36.179066 1.1890666e-18)
(41.316506 -32.262033 4.3697361e-21)
(38.437615 -29.715993 -4.6159957e-19)
(33.685494 -28.75657 9.6721391e-19)
(27.612895 -23.685585 -3.3081778e-22)
(25.541712 -10.062463 -8.1341055e-19)
(25.595221 2.9062029 3.8524128e-19)
(28.184232 17.192007 -5.6077046e-21)
(32.492839 29.612459 3.2393596e-19)
(34.576876 31.288341 0)
(38.296228 23.568812 0)
(41.739423 6.2067041 -1.0298657e-21)
(42.528265 -3.818022 0)
(42.177195 -15.530849 7.4194356e-21)
(41.497973 -19.251557 2.2674197e-19)
(37.947422 -14.409173 4.0874484e-23)
(33.969503 -0.19875388 -1.9232255e-19)
(33.261084 7.182701 0)
(33.928838 8.9313728 2.0165385e-21)
(35.807074 3.1528558 0)
(38.107079 -2.2056338 1.3770489e-19)
(38.523637 -3.7645191 -1.1886906e-19)
(37.0881 -1.7200048 -5.2375361e-20)
(35.887805 0.67007143 1.4901701e-19)
(35.809719 0.88718208 -2.9673851e-21)
(36.524378 -0.020630187 -6.5585754e-21)
(36.850967 -0.45959047 6.0444433e-20)
(36.697304 -0.25062965 7.8203834e-20)
(36.577007 0.013668934 -6.2485801e-20)
(36.645575 0.014744745 0)
(36.868368 -0.053598601 3.1533778e-20)
(36.98497 -0.070781897 -6.7624168e-20)
(37.016523 -0.055914582 0)
(37.022789 -0.028889302 -6.5365874e-25)
(37.063245 0.0088253722 2.7171828e-20)
(37.193927 0.01886481 3.0211848e-25)
(37.343353 0.011446582 2.3577387e-20)
(37.429391 0.02874133 0)
(37.672771 0.0066125903 -8.783898e-21)
(37.902708 -0.040395536 1.1829486e-19)
(38.401147 -0.050765077 4.136347e-21)
(-15.772444 -18.071909 4.3404498e-18)
(-17.723226 -14.36879 -2.8712835e-21)
(-19.528551 -8.6928999 -3.9862432e-18)
(-19.841642 -3.2462709 0)
(-18.06765 8.5746517 0)
(-14.808104 17.864645 -3.7006097e-18)
(-9.6438614 26.282939 -5.3733717e-21)
(-3.5390049 32.518687 3.2136562e-18)
(2.9807668 36.459038 -2.9924886e-18)
(8.807237 38.832249 2.7815388e-18)
(13.591982 40.584086 -2.5146673e-21)
(18.148718 41.691747 0)
(21.863326 41.674021 -2.0688826e-18)
(25.78383 38.644509 2.2800338e-21)
(34.116532 26.459264 1.7903834e-18)
(40.276189 9.5111695 1.1681483e-24)
(43.931917 -2.3563509 -1.4911068e-18)
(51.237693 -18.185646 1.4654002e-18)
(56.229267 -34.812223 -5.7504793e-21)
(54.739062 -39.098186 1.3364304e-18)
(50.768692 -38.964072 -1.2528353e-18)
(45.881509 -35.389513 1.432504e-20)
(42.449189 -31.372321 -1.3380413e-20)
(39.160085 -29.027165 8.3055289e-21)
(34.513691 -28.114776 -3.8448025e-21)
(28.748459 -23.316162 0)
(25.737868 -10.758845 -6.680381e-21)
(25.378934 2.0909031 -6.0238218e-21)
(27.492775 15.511949 5.7159048e-21)
(31.957733 28.607097 6.9492616e-19)
(34.749937 30.638998 -2.4430642e-19)
(38.750139 23.778365 1.4728112e-19)
(42.327994 6.7706314 0)
(43.484651 -3.0490717 6.5031423e-21)
(43.331528 -15.331821 0)
(42.392722 -18.999068 -1.3253121e-20)
(38.278427 -14.26074 -1.4922447e-20)
(34.101007 -0.26259839 -3.9120264e-19)
(33.388598 7.0782671 3.604161e-20)
(34.128177 8.846791 -6.8756818e-20)
(36.436656 3.1618542 0)
(38.81852 -2.2032129 -1.6819706e-19)
(39.170585 -3.733296 -1.7307502e-20)
(37.580205 -1.6724239 2.4849316e-20)
(36.296569 0.69671351 1.0580662e-19)
(36.243962 0.88416545 -5.7205888e-21)
(37.013174 -0.044650612 0)
(37.330819 -0.46582008 4.8552274e-20)
(37.153086 -0.24785939 2.2618596e-20)
(37.024482 0.013417783 2.1068488e-20)
(37.099126 0.0060088081 1.0376512e-20)
(37.322844 -0.060241549 -1.9797477e-20)
(37.435148 -0.073991046 6.8250555e-20)
(37.464386 -0.057142031 0)
(37.468661 -0.029731299 0)
(37.503898 0.00618407 5.465291e-20)
(37.636616 0.01505721 2.5460419e-20)
(37.788107 0.0088451439 -1.6569919e-19)
(37.875194 0.025849029 -6.5908608e-20)
(38.117747 0.0020974129 -8.473968e-22)
(38.349248 -0.046776394 -8.5183139e-20)
(38.82007 -0.055311872 -1.2843183e-19)
(-17.287166 -14.692971 4.2061869e-21)
(-19.539551 -10.025874 -2.1238599e-21)
(-19.532698 -4.84107 0)
(-18.984716 0.3869717 -3.7693993e-18)
(-15.644891 10.880887 3.7622757e-18)
(-11.031995 18.591587 -3.5243129e-18)
(-5.0762798 25.183032 3.2802759e-18)
(1.3487413 30.230962 -3.0584949e-18)
(7.5965655 33.973176 1.0164072e-21)
(13.094227 36.725709 7.9883488e-21)
(17.86049 39.003362 2.4312424e-18)
(22.696808 39.157273 0)
(28.322051 36.160451 0)
(36.73268 24.585074 -1.699659e-18)
(42.37608 11.231209 1.1708874e-18)
(46.807982 -1.9417164 0)
(55.199063 -18.276342 5.868405e-21)
(59.608036 -33.70832 5.8879492e-21)
(57.773771 -37.868431 1.0674971e-20)
(53.022545 -37.919407 0)
(47.5878 -34.471423 -9.7876128e-21)
(43.546208 -30.783111 9.1444157e-21)
(40.366135 -27.983108 8.5197419e-21)
(35.908492 -26.910074 -1.5796197e-20)
(30.068522 -22.900554 0)
(26.341203 -11.40595 0)
(25.486062 1.1884438 0)
(27.059111 13.755822 0)
(31.54809 27.443159 -2.2145981e-20)
(34.967058 30.100622 6.7807695e-21)
(38.949099 23.722855 0)
(42.800373 7.5336048 -3.3811036e-22)
(44.352711 -2.4751221 -2.9874767e-19)
(44.540154 -14.996819 -3.1018851e-20)
(43.358781 -18.703337 -2.6512184e-20)
(38.669467 -14.203898 2.3227034e-20)
(34.281652 -0.35394752 4.2404631e-19)
(33.53777 6.9498845 -5.7137503e-21)
(34.290686 8.7587252 0)
(37.131304 3.1259538 1.3831907e-19)
(39.507236 -2.2069901 -2.6655657e-19)
(39.812783 -3.6975073 3.1634337e-19)
(38.10732 -1.6325901 -2.6550593e-20)
(36.746814 0.71931389 0)
(36.711923 0.87951454 -3.5909191e-21)
(37.527246 -0.067445325 0)
(37.840746 -0.47022991 -4.9310886e-20)
(37.642654 -0.24537377 9.182045e-20)
(37.506116 0.012828493 -4.2726021e-20)
(37.585544 0.0023474605 6.7363899e-21)
(37.811099 -0.066786961 2.2928038e-20)
(37.920711 -0.077071504 0)
(37.948641 -0.057901693 0)
(37.951252 -0.030733268 -5.9385453e-20)
(37.982586 0.003571046 -1.3601463e-24)
(38.11709 0.011308095 -2.5620812e-20)
(38.26954 0.0062004107 9.5168738e-20)
(38.357019 0.023035642 2.6460157e-19)
(38.597316 -0.003432185 0)
(38.829052 -0.052817415 0)
(39.270379 -0.059491834 1.2452517e-19)
(40.189558 -2.23946 3.1168316e-19)
(40.452391 -3.6573976 -3.5923795e-20)
(38.659152 -1.5986141 -3.9975641e-21)
(37.226268 0.73843791 2.5132825e-19)
(37.202322 0.87426916 -3.779929e-21)
(38.058793 -0.08933822 9.2667256e-20)
(38.373527 -0.47431627 1.0044044e-19)
(38.15856 -0.24254652 -9.3436472e-20)
(38.013779 0.012242161 -8.6886679e-20)
(38.098065 -0.0028101071 -1.4678843e-20)
(38.325858 -0.073118769 2.690322e-20)
(38.434377 -0.080030033 -6.9945207e-20)
(38.461677 -0.058659381 -6.4903032e-20)
(38.462889 -0.031598276 5.9995109e-20)
(38.492122 0.0010654721 -2.2213694e-19)
(38.628687 0.0075441881 5.1635586e-20)
(38.780814 0.0035461299 -2.393949e-20)
(38.868147 0.020398608 -4.430151e-20)
(39.105027 -0.0082137457 2.6496785e-21)
(39.336342 -0.058502332 4.7400906e-21)
(39.747417 -0.063276582 -3.7701512e-21)
(61.621466 9.0405025 -1.1612064e-18)
(61.267636 7.1288132 7.3039376e-19)
(62.695442 24.576405 -1.1028662e-18)
(62.52782 21.106839 0)
(61.429027 18.930144 0)
(60.811259 16.670204 -1.5869611e-18)
(60.270069 13.952023 1.643734e-18)
(59.851435 11.28095 1.8349968e-18)
(59.413069 9.3522291 0)
(59.147201 7.0778459 -6.8737254e-19)
(62.216415 24.306688 -6.3536274e-19)
(59.762004 25.107722 1.0432448e-18)
(59.977218 21.29443 1.3499659e-20)
(59.009382 19.248575 -1.2054046e-20)
(58.53606 16.801424 1.482651e-18)
(58.038784 13.826738 -3.0046431e-21)
(57.495604 11.585078 -1.7103655e-18)
(57.260587 9.1147274 -1.0164461e-18)
(56.880213 7.2403298 6.3779237e-19)
(59.550649 24.404774 5.9876919e-19)
(56.797102 25.963018 -1.474834e-20)
(57.702977 21.264855 0)
(56.34802 19.5337 0)
(55.955609 17.020102 0)
(55.363507 14.294042 5.6180398e-21)
(55.205634 11.418036 -3.1284954e-21)
(54.714519 9.3735362 9.5106485e-19)
(54.490405 7.3119146 -2.3452936e-21)
(56.485536 24.582967 0)
(53.341835 26.685839 0)
(54.941265 20.795155 0)
(53.072399 20.163409 1.0462196e-20)
(53.118542 17.196739 1.2875273e-18)
(52.864203 13.770347 0)
(52.319823 11.529467 0)
(52.04013 9.2079742 0)
(51.782281 7.2124579 -5.6167161e-19)
(53.05616 24.869849 0)
(49.942173 26.880562 8.2271885e-19)
(52.125587 20.149712 1.3941755e-18)
(49.788464 20.790438 9.7327567e-21)
(50.459962 16.652539 -1.2114973e-18)
(49.852617 13.98326 -4.9035712e-21)
(49.492885 11.573371 1.3956797e-18)
(49.338228 9.1086118 0)
(49.090983 7.3227758 5.2446714e-19)
(49.124923 25.297681 4.4127602e-19)
(46.34323 26.57377 -7.6472876e-19)
(48.751385 19.932641 -1.322974e-18)
(46.096084 21.521634 -1.1470908e-18)
(47.400433 16.239276 8.839562e-21)
(46.425805 13.934415 -1.1821666e-18)
(46.36339 11.268062 -1.3082049e-18)
(46.082396 8.9797792 -7.7917563e-19)
(45.99355 7.1606636 0)
(45.00405 24.846819 -8.7836541e-19)
(42.65415 25.549895 0)
(45.02041 19.493187 -1.9039281e-20)
(42.346275 21.264824 1.1047166e-18)
(44.271445 14.770729 0)
(42.973077 13.877001 1.086334e-18)
(43.242976 10.97815 -1.2238212e-18)
(43.085013 8.6271408 7.2758596e-19)
(42.980774 7.0053837 0)
(40.880901 24.631436 3.852967e-19)
(38.732671 25.063881 0)
(41.062206 19.599461 -1.1369116e-18)
(38.453949 21.13474 0)
(40.827247 14.164193 0)
(39.244768 14.329171 -7.889031e-21)
(39.999824 10.571222 1.1513944e-18)
(39.788614 8.6576964 0)
(39.781012 7.0297664 4.2895125e-19)
(36.564864 23.953172 0)
(34.570455 23.734646 -6.2380923e-19)
(36.713521 18.792451 1.0408136e-18)
(34.522838 19.728574 2.9560832e-20)
(36.981838 13.033008 -7.107892e-21)
(35.396132 13.799911 -7.3680178e-21)
(36.51484 9.2408996 0)
(36.133076 8.2081761 -6.3469809e-19)
(36.292618 6.2587714 -4.0084965e-19)
(31.844792 22.737839 0)
(30.212115 22.161228 1.1631112e-18)
(32.375473 17.624857 0)
(30.775853 18.255897 0)
(33.334629 11.968538 8.4930362e-19)
(31.980593 12.701722 -8.7314025e-19)
(33.147417 8.3959538 -7.7968038e-21)
(32.897317 7.5751475 5.941754e-19)
(33.104766 5.7075036 0)
(27.264974 22.02984 3.3559504e-19)
(25.992098 21.242483 -3.3709482e-20)
(28.001008 17.434804 2.8672907e-20)
(26.797037 17.512312 -8.348983e-19)
(29.305125 12.116572 -7.8393406e-19)
(28.363962 12.205856 8.2539902e-19)
(29.468229 8.4564522 0)
(29.38817 7.3186411 2.1711454e-21)
(29.557007 5.5183058 -3.5309649e-19)
(22.536053 20.417765 -2.3115778e-19)
(21.526532 19.195822 -1.0681556e-18)
(23.81561 15.313513 2.690203e-20)
(22.979579 14.926956 7.8387121e-19)
(24.889541 10.616484 4.6558757e-24)
(24.66415 9.7711851 -1.1937564e-20)
(25.547771 6.9027343 -6.8149452e-21)
(25.699521 5.7413828 8.1196848e-21)
(25.826089 4.0538338 3.27429e-19)
(16.618406 17.577262 -2.8104652e-19)
(16.239579 15.736875 4.6140067e-19)
(18.066104 12.73183 0)
(18.841284 10.90062 -6.8152854e-19)
(20.676714 7.7757128 -2.1898406e-20)
(21.463227 6.2819609 0)
(22.410042 4.1730035 -6.3403766e-21)
(22.939567 3.4906192 3.7760343e-21)
(23.194588 2.0992999 3.1001256e-19)
(10.497798 12.928024 2.5726914e-19)
(10.922446 11.330998 -4.469813e-19)
(13.13293 9.1579658 2.3224165e-20)
(14.929326 7.4163957 6.6982818e-19)
(17.02207 5.4663971 -6.4894851e-19)
(18.840435 4.1580101 0)
(20.329439 2.7833094 7.5773888e-19)
(21.254264 2.3811226 0)
(21.717941 1.329096 -2.848785e-19)
(7.3055291 5.2337447 4.1819904e-23)
(8.778085 4.5306807 3.5696883e-19)
(10.698175 4.0768224 -2.1444782e-20)
(12.752894 3.3487715 1.9186199e-20)
(14.911345 2.58864 6.0077879e-19)
(16.969538 1.9135034 6.253929e-19)
(18.737403 1.1422189 -6.9456889e-19)
(19.983432 0.86466652 -3.2673625e-21)
(20.738508 0.2605433 -2.6802036e-19)
(8.991319 -3.1394986 0)
(10.197279 -2.4538538 3.7209257e-19)
(11.777909 -1.3574097 0)
(13.294032 -0.88101865 -5.6582889e-19)
(14.859168 -0.64297588 -1.727416e-20)
(16.519191 -0.65058686 -1.1335815e-18)
(18.183612 -0.8035453 1.982168e-20)
(19.522155 -0.79039358 3.675434e-19)
(20.473017 -0.97338224 2.3220199e-19)
(14.759486 -11.827443 -2.716551e-19)
(15.581251 -10.375171 -6.0827427e-19)
(16.352805 -8.0820819 -7.5218333e-20)
(16.686331 -6.5482232 5.7185891e-19)
(16.90718 -5.4458506 1.5833626e-20)
(17.853571 -4.326801 4.9943338e-19)
(19.053229 -3.6618238 5.7555432e-19)
(20.285932 -3.1782869 -6.8348943e-19)
(21.305238 -2.875171 0)
(23.34295 -19.243779 2.1162213e-19)
(23.46169 -17.88666 3.3534774e-19)
(23.775961 -15.429503 3.5524978e-20)
(23.259965 -14.114803 -3.1891753e-20)
(22.820428 -11.961112 0)
(22.695253 -9.4826936 -4.8758066e-19)
(22.669288 -7.4707345 -5.5877985e-19)
(23.322353 -6.1113697 3.1323505e-19)
(24.206376 -5.2342663 0)
(29.065664 -25.327827 2.9591879e-19)
(29.289953 -23.502867 -3.1178828e-19)
(29.378429 -21.93307 4.9630561e-19)
(29.774929 -20.138376 5.96872e-20)
(31.108876 -16.904069 -1.440859e-20)
(31.222714 -14.808442 9.3836024e-19)
(30.316173 -11.95295 0)
(30.699929 -8.8376492 0)
(31.21729 -6.8050169 0)
(34.409669 -29.628152 -9.181154e-20)
(35.999341 -27.258557 5.3332927e-19)
(36.70484 -26.380916 -5.4222214e-20)
(38.689055 -23.216441 0)
(39.623426 -20.806593 0)
(40.36135 -18.025409 -4.4743515e-19)
(41.537624 -14.112228 0)
(42.231065 -11.102071 -2.8629695e-19)
(42.151644 -9.0758244 0)
(42.070139 -30.211728 0)
(43.582238 -29.006601 -2.0109702e-19)
(45.083133 -27.352534 -5.1707594e-19)
(46.613525 -25.524075 2.5704351e-20)
(49.262807 -22.822997 -2.4857167e-20)
(52.461693 -19.110074 0)
(53.114352 -16.977735 0)
(52.964444 -14.678728 5.2463721e-19)
(52.389257 -11.981825 1.4656719e-19)
(47.942219 -26.44071 3.0766707e-19)
(50.0375 -24.619093 -3.0411052e-19)
(51.944832 -24.5632 -4.2836664e-19)
(55.021354 -22.349413 0)
(57.253274 -20.601558 2.3438752e-20)
(58.965763 -18.978749 -4.1368729e-19)
(61.11575 -16.501538 -4.4717832e-19)
(63.460561 -13.983411 -2.4852249e-19)
(65.53848 -11.450373 -3.0345598e-19)
(51.875952 -15.449388 -2.0843728e-19)
(53.758498 -14.980253 3.3191544e-19)
(56.488379 -13.685515 -4.8010953e-20)
(58.928554 -13.586457 0)
(62.549389 -12.521884 0)
(67.889627 -9.4756011 6.857116e-22)
(72.341219 -7.1168791 4.0362688e-19)
(75.428096 -5.4896027 2.4330794e-19)
(77.395451 -3.9150926 1.3325e-19)
(55.274667 -5.5196126 5.5165545e-23)
(57.699774 -4.4586339 -1.059438e-19)
(61.183321 -3.0656824 4.1168404e-19)
(65.374833 -1.7862072 -3.7112899e-19)
(69.915246 0.57604317 -3.2497061e-19)
(73.317688 1.606286 6.4442371e-19)
(75.671931 1.7114007 -2.0044018e-21)
(77.475943 1.852691 -7.0965726e-20)
(78.615594 1.7886368 3.8629386e-20)
(60.10729 11.376526 0)
(62.594647 12.182131 0)
(65.145185 11.364539 0)
(67.415504 11.386471 1.590536e-19)
(69.809177 10.417361 7.7959935e-20)
(71.759803 9.707881 2.1680086e-20)
(73.465502 8.7564966 -1.1976331e-19)
(74.775798 7.8089513 3.2254513e-21)
(75.50645 6.8939253 -8.7548285e-20)
(57.328452 20.619608 0)
(58.454115 21.190856 -1.799399e-19)
(60.552179 19.410014 -1.5332565e-19)
(62.252828 18.301588 -3.0273688e-19)
(63.667131 16.373586 2.8926507e-19)
(64.502065 14.272981 -2.5508839e-19)
(64.634869 11.912737 -2.0438173e-20)
(63.985636 9.9181704 1.8797802e-19)
(63.235188 7.6961782 -1.1849947e-19)
(48.287507 23.175422 -5.6203985e-20)
(47.692162 21.681477 -2.5797178e-22)
(47.651826 19.848953 6.8785295e-20)
(46.751917 17.761745 -1.1652363e-19)
(46.450102 15.23256 -3.5054034e-20)
(45.820424 12.30608 -1.2630245e-19)
(45.66463 9.3732442 1.1913535e-19)
(45.077877 7.2728905 -1.0717148e-19)
(44.996323 5.1294903 1.235055e-20)
(34.144667 20.163011 2.434475e-23)
(33.579313 18.266389 1.6986738e-19)
(33.671905 16.589435 0)
(33.318108 14.351162 2.3986988e-19)
(33.244329 12.363528 -1.4736704e-19)
(32.90744 10.261455 1.2627781e-19)
(32.711688 8.4039118 -1.0027823e-19)
(32.308089 6.7290199 2.3091573e-22)
(32.274954 5.3750989 -1.0354284e-19)
(26.440312 10.888979 1.9262184e-19)
(26.207451 9.7747801 7.7848422e-20)
(25.988486 8.942501 6.6883428e-20)
(25.731767 7.9516003 0)
(25.466227 6.8951775 -2.3256519e-19)
(25.110516 5.8027615 -3.0153631e-20)
(24.727451 4.8179937 1.6665418e-19)
(24.373362 4.0099374 1.5620929e-19)
(24.180067 3.3677417 1.9323908e-19)
(25.042006 1.7636211 -1.8196727e-19)
(24.694172 1.3508785 0)
(24.345189 1.3115544 -1.1529097e-19)
(23.932559 1.1380833 0)
(23.443045 0.92930841 2.0354503e-19)
(22.909639 0.71934711 2.021547e-19)
(22.470577 0.50309275 -1.24643e-20)
(22.213786 0.37853166 1.0027657e-19)
(22.159325 0.26596164 -4.0357714e-20)
(27.367919 -6.4743371 7.0947137e-20)
(27.053915 -6.1916652 0)
(26.59238 -5.6908315 1.1174041e-19)
(25.97057 -5.2190427 1.5504504e-19)
(25.293154 -4.7761056 4.9716136e-20)
(24.775745 -4.3559246 -2.3209772e-19)
(24.596201 -3.6584824 2.877213e-20)
(24.626237 -3.0743762 -1.3429605e-19)
(24.798489 -2.6105115 0)
(32.298091 -15.023046 -3.1167211e-23)
(32.034254 -14.517725 -1.2748319e-19)
(31.766669 -13.751947 -1.0818821e-19)
(31.543783 -12.769982 -1.9463321e-19)
(31.338349 -11.615487 0)
(31.493987 -10.010414 4.7343523e-20)
(31.897417 -8.6591767 -1.7989406e-19)
(32.510365 -7.2655054 1.398215e-19)
(33.239778 -6.0205977 9.8203742e-20)
(38.678837 -14.480589 0)
(39.595045 -13.563238 2.2329161e-19)
(40.9767 -12.493018 -2.0330535e-19)
(42.617832 -11.396623 1.8337102e-19)
(44.47979 -10.046442 -8.8551444e-20)
(46.468883 -8.5517334 -1.834671e-19)
(48.375075 -7.0955513 1.0188989e-19)
(50.04849 -5.7737433 -2.2542944e-19)
(51.416567 -4.6305209 -9.2765108e-20)
(46.043422 -4.094319 2.8239431e-19)
(47.190019 -3.6386307 -3.3926958e-19)
(48.622645 -3.2560881 1.9156807e-19)
(50.288588 -2.7657064 0)
(52.154141 -2.3893842 -4.1530614e-20)
(54.079838 -1.9507071 2.5847263e-19)
(55.850578 -1.5573892 -2.6318887e-19)
(57.314699 -1.2148408 2.7462713e-20)
(58.409548 -0.94461354 0)
(46.975782 2.7338662 2.163874e-20)
(48.00986 2.6610077 -3.3093171e-20)
(49.379121 2.421728 2.2238999e-20)
(50.96788 2.195451 0)
(52.701111 1.8557289 0)
(54.414828 1.5439813 0)
(55.995872 1.2836556 1.3598975e-20)
(57.312885 1.0355626 2.5829524e-20)
(58.314002 0.85151829 1.6115656e-20)
(42.322527 6.2344988 -3.0404367e-19)
(43.049133 6.1165722 3.9193727e-19)
(44.198886 5.5772035 1.4231682e-22)
(45.57442 5.0710878 -7.4209056e-20)
(47.209098 4.4143062 -7.1464888e-20)
(48.887289 3.7704846 -1.8533513e-19)
(50.435773 3.1244493 4.1234276e-20)
(51.713884 2.5490267 1.222951e-20)
(52.717361 2.0356568 -7.6480321e-20)
(36.545515 3.8127653 1.1083427e-20)
(37.022959 3.6240253 1.8907882e-20)
(37.666464 3.3687299 -1.6170847e-20)
(38.487182 3.0764233 1.4090363e-20)
(39.477955 2.6996502 -2.5066179e-20)
(40.546685 2.3099199 -1.5738236e-23)
(41.586946 1.9101488 9.2554201e-21)
(42.515568 1.5600229 0)
(43.296819 1.2573946 0)
(35.960663 0.21701482 -2.6693652e-19)
(36.399951 0.17310791 0)
(36.967295 0.17676237 1.4480185e-19)
(37.67895 0.16805252 -1.3009872e-19)
(38.523086 0.16761271 -1.2536297e-19)
(39.444615 0.15152436 1.3001729e-19)
(40.364199 0.14208913 -7.227969e-20)
(41.194692 0.12503566 0)
(41.880326 0.1166864 0)
(37.562767 -2.249826 -2.2267418e-19)
(38.036889 -2.1224019 -1.505993e-19)
(38.642963 -1.961241 6.7791257e-20)
(39.393005 -1.7547289 1.2192731e-19)
(40.267065 -1.5195033 1.1750963e-19)
(41.20144 -1.2764204 0)
(42.110106 -1.0377189 1.6906916e-19)
(42.907975 -0.82827707 -9.9762219e-20)
(43.545692 -0.65459038 -2.4747147e-20)
(40.622432 -1.6392607 3.8386172e-20)
(41.23669 -1.551327 0)
(42.057647 -1.4356719 5.6084603e-20)
(43.068495 -1.2934715 -1.0549027e-19)
(44.206729 -1.1320434 0)
(45.361383 -0.96005798 0)
(46.405679 -0.79175305 -3.1967891e-20)
(47.246687 -0.6395595 3.7746511e-20)
(47.858913 -0.5125307 0)
(41.176071 -0.18015561 -4.3721356e-20)
(41.850359 -0.16619862 0)
(42.739263 -0.16218904 -2.1531458e-19)
(43.835544 -0.15491919 1.6234006e-19)
(45.066706 -0.14232803 0)
(46.30346 -0.12602489 3.3227925e-20)
(47.406152 -0.10990635 -5.7104171e-20)
(48.285884 -0.095529228 2.596444e-20)
(48.926561 -0.079985235 0)
(40.354121 0.56422114 4.088065e-20)
(41.03894 0.53189671 -4.3444009e-20)
(41.920165 0.49215227 -6.304107e-20)
(42.998645 0.44944893 1.995839e-19)
(44.215968 0.39204128 0)
(45.449266 0.3300759 0)
(46.576985 0.26888368 0)
(47.513807 0.21353339 -3.2967405e-20)
(48.230135 0.16807935 4.1193368e-20)
(39.665106 0.32770515 -4.2130981e-25)
(40.291742 0.31813741 4.779557e-20)
(41.093306 0.30414686 0)
(42.059252 0.28381814 -9.1665877e-20)
(43.135906 0.25628791 3.1947915e-20)
(44.225862 0.22391941 3.5992481e-20)
(45.221179 0.18599789 -5.4585715e-21)
(46.052723 0.15485729 -4.8890228e-23)
(46.704042 0.12775113 0)
(39.952875 -0.12098327 -3.5848065e-20)
(40.549162 -0.10971897 0)
(41.314175 -0.091017114 -4.8609543e-20)
(42.235196 -0.070319212 4.3668591e-20)
(43.258081 -0.050517008 -8.4121342e-20)
(44.289564 -0.032935706 2.1787452e-19)
(45.226731 -0.018784349 -1.4526697e-19)
(46.00272 -0.011138149 2.8868401e-20)
(46.603643 -0.0044193457 0)
(40.572239 -0.16957949 -5.3966122e-19)
(41.180394 -0.15926213 4.6001062e-19)
(41.950008 -0.1424196 -1.373611e-19)
(42.863547 -0.1227195 -4.1155557e-20)
(43.861527 -0.10186789 1.586206e-19)
(44.848434 -0.082186476 0)
(45.7298 -0.064901537 1.9052502e-24)
(46.45199 -0.051036344 1.2036294e-24)
(47.009285 -0.039807699 -3.3763538e-20)
(40.672636 -0.0021954989 0)
(41.283022 -0.0017165066 -4.535725e-19)
(42.053654 0.00028766121 6.8291719e-19)
(42.966084 0.0017238776 -3.0720628e-19)
(43.960202 0.0021538029 0)
(44.943632 0.0019761346 0)
(45.827596 0.00092351717 1.2846734e-19)
(46.556623 -0.00034363957 -1.0153858e-19)
(47.120831 -0.0019331824 0)
(40.64232 0.069249185 -1.1338253e-20)
(41.237578 0.069266494 8.1568901e-22)
(41.984602 0.068321515 1.2990717e-20)
(42.863673 0.065770705 -1.214318e-20)
(43.818354 0.06062524 -3.9925611e-21)
(44.764421 0.053419911 4.924028e-21)
(45.619636 0.045198789 2.5067278e-21)
(46.332206 0.036950767 -4.0402989e-21)
(46.891537 0.02974508 1.6689579e-21)
(40.646392 0.043620818 1.622887e-19)
(41.22691 0.045167401 8.3413786e-21)
(41.950292 0.045856245 -1.2186231e-19)
(42.791772 0.044461746 1.1893812e-19)
(43.694805 0.042907245 -1.5175819e-20)
(44.586899 0.03962548 -8.0359606e-20)
(45.394612 0.034311334 7.2904626e-20)
(46.071561 0.028647792 0)
(46.607483 0.023369771 0)
(40.736294 0.009797553 -8.1109057e-19)
(41.292439 0.014339779 3.1029939e-19)
(41.987931 0.017283614 1.0331228e-25)
(42.801848 0.019184208 2.8363473e-19)
(43.676625 0.018933183 -3.0516339e-20)
(44.531229 0.018346559 -1.8121183e-24)
(45.303518 0.016569651 -1.7737106e-20)
(45.9519 0.014056302 4.2072696e-20)
(46.468178 0.011437421 -3.9449836e-20)
(40.907585 -0.0002951705 -1.2096735e-20)
(41.444839 0.0045590227 0)
(42.109389 0.0077935094 0)
(42.879183 0.0099425883 2.078115e-19)
(43.705322 0.011467438 2.8620374e-20)
(44.5209 0.010842693 -2.3883856e-19)
(45.261523 0.0096611904 3.3262997e-20)
(45.885392 0.0081770272 -1.9724911e-20)
(46.384979 0.0065222008 -1.2328742e-20)
(41.029502 0.012031619 0)
(41.546179 0.014631364 -5.8355739e-19)
(42.1828 0.016826526 1.0031921e-18)
(42.919252 0.016619933 -4.3119296e-19)
(43.711491 0.015904311 -2.6862831e-20)
(44.500722 0.014207574 4.1948247e-20)
(45.2189 0.012484548 -1.5599571e-20)
(45.828335 0.01029322 7.4037237e-20)
(46.31904 0.0082214999 -4.6287365e-20)
(41.067422 0.044479876 0)
(41.564658 0.045326922 0)
(42.182188 0.043844262 4.894539e-25)
(42.900029 0.04179924 -1.3018574e-20)
(43.669835 0.038332051 2.5165429e-20)
(44.427734 0.034241796 1.8353878e-19)
(45.117042 0.029080499 -3.5122155e-19)
(45.705012 0.023787681 1.302792e-19)
(46.182707 0.019233427 0)
(41.046003 0.056306803 6.3374302e-19)
(41.519347 0.056182213 -5.1071483e-19)
(42.101192 0.054530897 4.2112936e-19)
(42.770906 0.051107026 -3.926032e-19)
(43.486401 0.046295364 0)
(44.190682 0.040520118 -1.8498728e-19)
(44.835265 0.034210499 2.2000926e-19)
(45.39076 0.028130597 -8.1576104e-21)
(45.84843 0.02300769 -1.0204647e-20)
(41.041204 0.043812538 1.1880784e-18)
(41.487294 0.043341697 -4.8045991e-19)
(42.037161 0.04208476 -8.1867766e-19)
(42.673065 0.039202789 -1.1547387e-20)
(43.355564 0.035298053 5.2456736e-19)
(44.032046 0.030726529 -1.9715852e-19)
(44.654252 0.025886599 0)
(45.192258 0.02134058 0)
(45.637234 0.017624701 4.7932429e-21)
(41.051145 0.056453116 0)
(41.475671 0.056280441 9.0220909e-19)
(41.998724 0.054282456 -7.6920406e-19)
(42.602183 0.050596384 1.0853472e-20)
(43.248604 0.04569155 1.0492381e-20)
(43.89086 0.039943278 1.6355699e-20)
(44.485465 0.033823081 6.0763697e-21)
(45.004383 0.028061676 0)
(45.438108 0.023391804 4.5062473e-21)
(41.062677 0.044154312 2.0011122e-19)
(41.453352 0.043014318 -1.5760063e-19)
(41.931876 0.040996627 -1.2518041e-19)
(42.484199 0.038055921 5.1491087e-20)
(43.078187 0.034360887 -2.4738587e-26)
(43.671461 0.03010105 2.9315809e-20)
(44.224684 0.025676488 -3.0451738e-22)
(44.712272 0.021568832 0)
(45.124735 0.018117019 0)
(41.096174 0.041884648 -1.9215098e-21)
(41.465412 0.040682772 0)
(41.917489 0.039239816 -6.7821244e-19)
(42.439264 0.037306172 9.1967087e-19)
(43.005641 0.034759469 -2.9962633e-19)
(43.576052 0.030795393 3.1146148e-19)
(44.110978 0.026583989 -3.44465e-19)
(44.585081 0.022371418 -1.5956584e-21)
(44.988531 0.018346889 -9.9788345e-22)
(41.253851 0.019967539 0)
(41.582214 0.018624733 0)
(41.98802 0.018012653 -6.3715485e-19)
(42.458657 0.017634014 5.7631573e-19)
(42.965044 0.016287179 2.1836317e-21)
(43.473853 0.014872832 2.2702224e-21)
(43.954614 0.01302956 0)
(44.385911 0.011056521 9.7535143e-20)
(44.758341 0.0086332733 -1.2106163e-19)
(61.1059 6.7264037 0)
(61.140382 4.7257886 0)
(61.084352 3.7035082 0)
(60.992379 2.49629 0)
(60.529705 1.3996584 0)
(56.315201 0.54720991 0)
(58.905019 7.000402 0)
(58.928722 4.5250784 0)
(58.806686 3.8564303 0)
(58.778418 2.5707779 0)
(58.30136 1.5421882 0)
(53.873125 0.6484168 0)
(56.682803 6.8375802 0)
(56.744372 4.730743 0)
(56.739897 3.8294364 0)
(56.685148 2.472366 0)
(55.939548 1.4537785 0)
(51.497414 0.54235835 0)
(54.273073 6.9531215 0)
(54.312641 4.5528373 0)
(54.23112 3.8298929 0)
(54.16617 2.5642439 0)
(53.321036 1.4380795 0)
(49.531258 0.64591599 0)
(51.567432 6.9369305 0)
(51.717084 4.5622965 0)
(51.673241 3.996563 0)
(51.576454 2.5327135 0)
(50.30663 1.4964781 0)
(46.166969 0.60986616 0)
(48.905428 6.6874527 0)
(49.071211 4.6683643 0)
(49.084822 3.694985 0)
(48.812158 2.482708 0)
(47.492611 1.222883 0)
(44.394478 0.55063026 0)
(45.780313 6.8118828 0)
(45.936356 4.2803959 0)
(45.733149 3.9914535 0)
(45.446499 2.6778199 0)
(43.863847 1.4950041 0)
(40.772062 0.75059826 0)
(42.840939 6.4828756 0)
(43.07774 4.385458 0)
(42.984636 4.0454253 0)
(42.655892 2.4580242 0)
(40.619296 1.4343161 0)
(36.794225 0.65881756 0)
(39.671526 5.9262594 0)
(39.895153 4.5591859 0)
(39.845929 3.5737901 0)
(39.28744 2.1388609 0)
(37.185328 1.0748073 0)
(34.327071 0.49203975 0)
(36.16588 5.2338819 0)
(36.360956 4.1473406 0)
(36.324143 3.040888 0)
(35.687642 1.9096925 0)
(33.35422 0.8712402 0)
(31.835895 0.39779199 0)
(33.026713 4.7154888 0)
(33.163556 3.9153053 0)
(33.068675 2.6581804 0)
(32.154386 1.6305197 0)
(30.224758 0.72425113 0)
(29.670521 0.28627571 0)
(29.491856 4.6368285 0)
(29.581237 3.4918687 0)
(29.282035 2.4255104 0)
(28.29411 1.3931563 0)
(27.008467 0.59121414 0)
(27.937972 0.16340012 0)
(25.81254 3.3979713 0)
(25.885561 2.403951 0)
(25.661972 1.6315453 0)
(25.048591 0.94065957 0)
(24.282518 0.38917131 0)
(26.620017 0.10652888 0)
(23.39828 2.0295548 0)
(23.584401 1.224064 0)
(23.534071 0.95159966 0)
(23.291242 0.49128721 0)
(22.88343 0.23637276 0)
(25.715897 0.066713358 0)
(22.030866 1.475142 0)
(22.265216 0.77972974 0)
(22.313555 0.69414525 0)
(22.228168 0.33147285 0)
(22.061416 0.19108879 0)
(25.086353 0.037545669 0)
(21.163431 0.415275 0)
(21.422095 0.07428286 0)
(21.568323 0.13058333 0)
(21.566757 -0.0028308419 0)
(21.594231 0.017386498 0)
(24.720821 -0.029685112 0)
(21.060378 -0.68003321 0)
(21.428318 -0.71553818 0)
(21.675377 -0.57305208 0)
(21.754832 -0.44543087 0)
(21.887323 -0.26290584 0)
(25.292529 -0.14158122 0)
(21.998237 -2.3689842 0)
(22.490594 -2.0382112 0)
(22.873191 -1.6332262 0)
(23.141732 -1.1545735 0)
(23.432695 -0.60103376 0)
(27.444741 -0.23347349 0)
(25.097078 -4.1749582 0)
(25.89705 -3.3349287 0)
(26.740275 -2.5400833 0)
(27.566485 -1.706033 0)
(28.272446 -0.78258849 0)
(31.053101 -0.27362782 0)
(31.832736 -5.3290246 0)
(32.7116 -3.8270192 0)
(33.425685 -2.7822597 0)
(33.949599 -1.8245428 0)
(34.214449 -0.81932739 0)
(35.266446 -0.38687529 0)
(41.404151 -6.9972809 0)
(40.783545 -5.3368939 0)
(40.533196 -3.8986922 0)
(40.492583 -2.7595868 0)
(40.416228 -1.1667545 0)
(40.140753 -1.1875299 0)
(51.736183 -10.049982 0)
(51.287578 -8.0646035 0)
(50.979749 -6.1091455 0)
(50.739423 -4.3442022 0)
(50.383797 -2.6108302 0)
(48.686015 -1.4790288 0)
(66.864003 -9.6502737 0)
(67.825851 -7.700318 0)
(68.595653 -5.8091159 0)
(69.163214 -4.0873262 0)
(69.503806 -2.4040167 0)
(69.004031 -1.1797702 0)
(78.467155 -3.1697837 0)
(79.255992 -2.4217329 0)
(79.848471 -1.6807478 0)
(80.234893 -1.0403336 0)
(80.276179 -0.50585418 0)
(78.93153 -0.18616761 0)
(79.342838 1.6295004 0)
(79.87788 1.4487755 0)
(80.229619 1.1860079 0)
(80.342205 0.86741814 0)
(79.921399 0.57988983 0)
(77.358375 0.23668301 0)
(75.87208 6.1103157 0)
(76.157806 5.0282665 0)
(76.10816 3.9129341 0)
(75.615728 2.7988485 0)
(73.963975 1.6525371 0)
(69.951028 0.63386464 0)
(62.065005 6.4992859 0)
(61.000717 4.6828692 0)
(58.884488 3.6320421 0)
(56.519182 2.2451103 0)
(53.483939 1.2956729 0)
(51.045438 0.3907399 0)
(44.865449 4.310957 0)
(45.492699 2.6583622 0)
(45.966336 1.9893204 0)
(47.038606 0.99349614 0)
(47.638791 0.40695984 0)
(47.40764 0.02840169 0)
(32.376987 4.4418743 0)
(33.153984 3.2190794 0)
(34.474448 2.4167261 0)
(36.970568 1.4877236 0)
(41.0453 0.70438769 0)
(45.997613 0.1915872 0)
(24.136513 2.8192265 0)
(24.363805 2.3515888 0)
(24.920827 1.8984127 0)
(26.209656 1.391525 0)
(29.12983 0.83384729 0)
(36.158354 0.33299499 0)
(22.233808 0.23078491 0)
(22.424897 0.24249508 0)
(22.768028 0.23950127 0)
(23.414606 0.23311802 0)
(24.874823 0.19323412 0)
(29.118327 0.081955136 0)
(25.042182 -2.1306536 0)
(25.370979 -1.6488665 0)
(25.771056 -1.2199472 0)
(26.330076 -0.84284946 0)
(27.428528 -0.37049664 0)
(30.906862 -0.24742097 0)
(33.844692 -4.9503901 0)
(34.448995 -3.9136963 0)
(35.013242 -2.9112096 0)
(35.502969 -2.1660279 0)
(36.109105 -0.88475383 0)
(37.792721 -0.86506544 0)
(52.444359 -3.7673061 0)
(53.300019 -2.9114588 0)
(53.993359 -2.1341517 0)
(54.512554 -1.4658824 0)
(54.822129 -0.73286097 0)
(54.006508 -0.36897944 0)
(59.211141 -0.75175737 0)
(59.832099 -0.57430765 0)
(60.294111 -0.41523931 0)
(60.590559 -0.27497014 0)
(60.60333 -0.1300176 0)
(59.435657 -0.059275956 0)
(59.082307 0.69936788 0)
(59.690557 0.53680451 0)
(60.137848 0.39834715 0)
(60.41053 0.28264072 0)
(60.354241 0.16503253 0)
(58.731827 0.04316255 0)
(53.516104 1.681324 0)
(54.229211 1.2612264 0)
(54.795648 0.91685211 0)
(55.173117 0.60521927 0)
(55.252972 0.3153823 0)
(54.266861 0.068828975 0)
(43.964236 1.0229642 0)
(44.614233 0.80036526 0)
(45.251993 0.60058213 0)
(45.928641 0.41429749 0)
(46.863153 0.22270263 0)
(48.526529 0.060028263 0)
(42.457616 0.095054891 0)
(43.00155 0.089178961 0)
(43.55569 0.073106307 0)
(44.194956 0.0548383 0)
(45.158116 0.028789401 0)
(47.423966 0.012299422 0)
(44.05773 -0.52765216 0)
(44.514174 -0.39547905 0)
(44.959655 -0.2802486 0)
(45.458169 -0.17939504 0)
(46.209891 -0.088669265 0)
(48.130374 -0.011715822 0)
(48.323145 -0.41209397 0)
(48.709041 -0.31524344 0)
(49.044492 -0.22630336 0)
(49.355534 -0.14346191 0)
(49.69168 -0.066446285 0)
(50.11443 -0.006488493 0)
(49.412759 -0.068478915 0)
(49.820733 -0.057003263 0)
(50.175095 -0.044648424 0)
(50.494524 -0.032750566 0)
(50.801236 -0.018906899 0)
(51.03485 -0.0061295366 0)
(48.794986 0.13258856 0)
(49.279618 0.095978308 0)
(49.704884 0.064611827 0)
(50.0936 0.037539033 0)
(50.491583 0.014976644 0)
(50.884045 -0.0016486182 0)
(47.238969 0.10477206 0)
(47.727369 0.082260277 0)
(48.190276 0.06028633 0)
(48.66939 0.039248796 0)
(49.272793 0.017731145 0)
(50.326465 0.00046876243 0)
(47.09351 -0.0016457576 0)
(47.537988 0.0018848265 0)
(47.962735 0.0029391936 0)
(48.412976 0.0030618635 0)
(49.023101 0.0017306683 0)
(50.237293 0.00044089813 0)
(47.463295 -0.031992057 0)
(47.874288 -0.02361894 0)
(48.265587 -0.016915888 0)
(48.67889 -0.011065038 0)
(49.240412 -0.0056482985 0)
(50.361746 -0.00091189174 0)
(47.582473 -0.0033278506 0)
(48.002318 -0.0034433498 0)
(48.401971 -0.0034147284 0)
(48.824044 -0.0032580811 0)
(49.395438 -0.0022823967 0)
(50.483138 -0.0011655532 0)
(47.356637 0.02360822 0)
(47.78741 0.017459827 0)
(48.20465 0.011897054 0)
(48.654718 0.0069579015 0)
(49.277426 0.0025913358 0)
(50.453937 -0.00048374453 0)
(47.058617 0.019052204 0)
(47.482715 0.013977245 0)
(47.90082 0.0094277566 0)
(48.364532 0.0053883896 0)
(49.03484 0.0017515644 0)
(50.370372 -0.00048053735 0)
(46.907461 0.009583734 0)
(47.326259 0.0066677611 0)
(47.745826 0.0042831815 0)
(48.221419 0.0022171615 0)
(48.926969 0.00044318976 0)
(50.349243 -0.00041435209 0)
(46.814352 0.0055564344 0)
(47.229048 0.0035727266 0)
(47.650458 0.0021531666 0)
(48.137304 0.0009124889 0)
(48.875579 -6.5439619e-05 0)
(50.360464 -0.00038238445 0)
(46.743911 0.0068397499 0)
(47.157718 0.0045380583 0)
(47.58128 0.0028389082 0)
(48.076366 0.0014043405 0)
(48.837653 0.00027601518 0)
(50.365484 -0.00023011194 0)
(46.602152 0.01548489 0)
(47.017704 0.010948056 0)
(47.449651 0.0071972152 0)
(47.962445 0.0039886651 0)
(48.760154 0.0012633773 0)
(50.352348 -0.00025630931 0)
(46.257747 0.018629425 0)
(46.673039 0.013472552 0)
(47.115777 0.0091237864 0)
(47.657968 0.0053574005 0)
(48.528789 0.0020159328 0)
(50.277876 -0.00014510284 0)
(46.038834 0.014409687 0)
(46.451228 0.010489477 0)
(46.896228 0.0072650428 0)
(47.449607 0.0044654578 0)
(48.351892 0.0018914186 0)
(50.196481 8.8203691e-05 0)
(45.835202 0.019159477 0)
(46.249709 0.014159798 0)
(46.702754 0.010000063 0)
(47.273503 0.0063221121 0)
(48.213847 0.0029182494 0)
(50.13768 0.00032128507 0)
(45.509003 0.014968035 0)
(45.919422 0.011741739 0)
(46.378173 0.008632186 0)
(46.969876 0.0054939187 0)
(47.963213 0.0022929435 0)
(50.032123 6.9956649e-05 0)
(45.368501 0.014857505 0)
(45.779314 0.011990429 0)
(46.242528 0.0088652601 0)
(46.846008 0.0058045561 0)
(47.867056 0.002891159 0)
(50.001928 0.00042031163 0)
(45.11649 0.0067404457 0)
(45.513952 0.0056817893 0)
(45.97293 0.0039183988 0)
(46.586036 0.0022424971 0)
(47.647221 0.00085561222 0)
(49.908317 2.3867365e-07 0)
)
;

boundaryField
{
    Side1
    {
        type            empty;
    }
    Inlet
    {
        type            freestreamVelocity;
        freestreamValue nonuniform List<vector> 0();
        value           nonuniform List<vector> 0();
    }
    Side2
    {
        type            empty;
    }
    Outlet
    {
        type            zeroGradient;
    }
    Botwall
    {
        type            movingWallVelocity;
        value           uniform (51.471881 0 0);
    }
    Cyli
    {
        type            noSlip;
    }
    procBoundary1to0
    {
        type            processor;
        value           nonuniform List<vector> 
44
(
(64.989652 27.311981 4.7356349e-18)
(65.04145 23.257484 -6.4451384e-19)
(64.088904 29.040227 0)
(64.088904 29.040227 0)
(62.892896 30.000792 4.2991589e-21)
(62.892896 30.000792 4.2991589e-21)
(52.404138 24.008239 0)
(38.227495 17.928701 -5.0366895e-18)
(38.227495 17.928701 -5.0366895e-18)
(19.383202 3.9381507 0)
(19.383202 3.9381507 0)
(13.024506 -3.9233226 -4.8999498e-18)
(13.93148 -6.705182 -4.5691386e-18)
(13.970547 -8.4676172 2.2998524e-18)
(13.970547 -8.4676172 2.2998524e-18)
(7.3744463 -21.743907 2.7752895e-18)
(6.1089046 -25.223621 1.7335616e-18)
(4.5649706 -27.733993 -6.5276732e-19)
(3.0808127 -29.248975 -9.3164432e-19)
(0.9598082 -29.965934 -1.3381297e-18)
(-9.0899877 -24.505829 -2.4333018e-18)
(-3.428479 -29.371698 0)
(-9.0899877 -24.505829 -2.4333018e-18)
(-12.056851 -23.031972 -5.1883461e-18)
(-12.979445 -20.003089 -4.4036141e-18)
(-15.703888 -15.837892 -4.3495727e-18)
(-15.703888 -15.837892 -4.3495727e-18)
(63.584823 9.1350665 -3.8162157e-21)
(63.219548 6.9056113 7.8221352e-19)
(65.135925 23.630348 0)
(64.636562 20.937095 -1.9633651e-18)
(63.764009 18.523009 1.7476537e-18)
(63.021855 16.32741 -1.6811559e-18)
(62.382381 13.778043 3.5101014e-18)
(62.030272 11.276082 1.9601355e-18)
(62.030272 11.276082 1.9601355e-18)
(65.04145 23.257484 -6.4451384e-19)
(65.04145 23.257484 -6.4451384e-19)
(63.001052 6.7921859 0)
(63.04852 4.6811809 0)
(62.96904 3.7389129 0)
(62.870332 2.4887694 0)
(62.468 1.459477 0)
(58.138719 0.60843029 0)
)
;
    }
    procBoundary1to3
    {
        type            processor;
        value           nonuniform List<vector> 
62
(
(-16.131761 -12.893379 4.1258683e-18)
(-17.290569 -11.661301 -4.0920123e-18)
(-17.982135 -7.7684587 -4.1025251e-21)
(-17.318373 -2.5849053 3.7181846e-21)
(-15.741555 2.7201973 0)
(-11.381251 11.380741 0)
(-6.1569753 18.133324 -9.8040157e-21)
(0.073901153 23.838121 -3.123016e-18)
(6.2351828 28.729589 2.9129597e-18)
(12.412824 32.366178 5.2620773e-21)
(17.616531 35.463967 -4.875992e-21)
(23.372304 36.656921 0)
(30.948597 33.473081 7.1484258e-21)
(38.763075 23.309742 0)
(44.682907 11.148115 1.6819021e-18)
(50.110823 -1.5612417 -1.6366977e-18)
(59.567292 -18.60836 -1.240736e-20)
(62.603266 -32.380388 1.156271e-20)
(60.564188 -36.380734 1.0559337e-20)
(55.244323 -36.858165 0)
(49.198864 -33.723127 -2.0157036e-20)
(44.983902 -30.011884 1.2061197e-18)
(41.371961 -27.301954 8.7715343e-22)
(37.195877 -26.078301 -1.058375e-18)
(31.506542 -22.495042 0)
(27.286295 -12.018453 0)
(25.912256 0.22736784 0)
(26.835051 11.989554 -7.3606023e-19)
(31.096616 25.961603 -1.3827834e-22)
(35.339234 29.46525 2.4775484e-19)
(39.095937 23.651306 -2.4222823e-20)
(43.322698 8.3742794 4.4263332e-19)
(45.204542 -2.0248658 -2.7109322e-19)
(45.780979 -14.53162 4.7148728e-19)
(44.365182 -18.376168 -9.2385517e-19)
(39.129258 -14.196506 4.9243513e-19)
(34.512294 -0.54625992 2.5805651e-20)
(33.712047 6.8688556 0)
(34.436034 8.6917431 -6.7692695e-20)
(37.800412 3.0832849 3.2817302e-19)
(37.800412 3.0832849 3.2817302e-19)
(40.832532 -2.2523262 8.0031797e-20)
(41.084334 -3.6079037 -2.9483723e-19)
(39.232758 -1.5767774 0)
(37.726285 0.75406152 0)
(37.707154 0.86730971 -7.8169125e-21)
(38.60189 -0.1094062 -1.0093804e-25)
(38.923331 -0.47834241 3.0774275e-19)
(38.694421 -0.23965859 -2.8598824e-19)
(38.540797 0.011527164 7.6770563e-24)
(38.629571 -0.0082840292 6.8627083e-20)
(38.860726 -0.079190505 2.383203e-25)
(38.969729 -0.082887579 7.102739e-20)
(38.996561 -0.059296241 2.6322281e-19)
(38.997357 -0.032327851 -2.4293259e-19)
(39.026119 -0.0013141599 -2.0421016e-25)
(39.16522 0.0038523447 -5.2103365e-20)
(39.315844 0.0010733026 -1.4469569e-19)
(39.402846 0.017775949 1.7817585e-19)
(39.635862 -0.012754478 -6.943737e-20)
(39.866597 -0.063812886 -3.1333707e-19)
(40.24717 -0.066611791 7.299399e-21)
)
;
    }
}


// ************************************************************************* //
