/*--------------------------------*- C++ -*----------------------------------*\
| =========                 |                                                 |
| \\      /  F ield         | OpenFOAM: The Open Source CFD Toolbox           |
|  \\    /   O peration     | Version:  2406                                  |
|   \\  /    A nd           | Website:  www.openfoam.com                      |
|    \\/     M anipulation  |                                                 |
\*---------------------------------------------------------------------------*/
FoamFile
{
    version     2.0;
    format      ascii;
    arch        "LSB;label=32;scalar=64";
    class       volScalarField;
    location    "0.01";
    object      p;
}
// * * * * * * * * * * * * * * * * * * * * * * * * * * * * * * * * * * * * * //

dimensions      [1 -1 -2 0 0 0 0];

internalField   nonuniform List<scalar> 
8260
(
100989.99
100906.32
100857.95
100799.3
100745.69
100706.82
100685.05
100680.16
100691.21
100716.07
100754.82
100805.1
100864.18
100928.17
100993.45
101060.66
101103.42
101136.11
101163.47
101186.2
101206.01
101223.81
101238.41
101251.64
101262.52
101271.7
101279.61
101285.66
101290.89
101294.05
101296.59
101155.58
101082.09
101010.55
100934.06
100867.2
100815.9
100781.49
100764.62
100763.72
100777.54
100806.15
100847.65
100898.77
100956.67
101013.61
101074.06
101112.16
101144.8
101170.38
101191.63
101210.29
101227.26
101241.16
101253.86
101264.33
101273.18
101280.84
101286.7
101291.8
101294.86
101297.37
101267.24
101200.02
101121.71
101038.32
100964.8
100905.79
100862.56
100836.71
100827.12
100830.98
100851.28
100885.46
100930.29
100983.99
101035.03
101090.9
101123.31
101155.33
101178.48
101197.95
101215.29
101231.27
101244.36
101256.44
101266.41
101274.87
101282.26
101287.89
101292.84
101295.8
101298.25
101359.16
101296.02
101218.24
101133.12
101055.8
100991.18
100940.81
100906.46
100888.2
100884.34
100896.95
100924.11
100963.08
101012.74
101058.63
101109.54
101136.99
101167.24
101187.69
101205.15
101220.99
101235.85
101248.01
101259.37
101268.79
101276.81
101283.87
101289.25
101294.01
101296.86
101299.26
101438.62
101379.74
101305.64
101222.31
101144.14
101076.4
101020.95
100979.7
100953.67
100942.64
100947.71
100967.73
101000.63
101045.43
101085.71
101129.83
101153.64
101180.58
101198.16
101213.35
101227.48
101241.06
101252.18
101262.71
101271.5
101279.02
101285.7
101290.79
101295.35
101298.07
101300.4
101504.29
101449.47
101381.06
101302.75
101227.04
101159.16
101101.24
101055.4
101023.32
101005.81
101003.82
101016.84
101043.65
101082.74
101116.7
101152.02
101173.56
101195.49
101210.01
101222.68
101234.87
101246.99
101256.93
101266.5
101274.59
101281.53
101287.78
101292.55
101296.87
101299.44
101301.7
101555.94
101505.33
101443.36
101372.64
101302.42
101237.32
101179.66
101131.74
101095.66
101072.95
101064.8
101071.36
101092.4
101124.94
101151.59
101176.87
101196.45
101212.23
101223.41
101233.28
101243.25
101253.71
101262.36
101270.82
101278.1
101284.4
101290.14
101294.55
101298.59
101301
101303.16
101594.99
101549.34
101495.24
101433.3
101370.34
101310.26
101255.31
101207.72
101169.81
101143.54
101130.46
101131.43
101147.29
101172.02
101190.11
101205.97
101221.69
101231.02
101238.48
101245.29
101252.75
101261.29
101268.54
101275.73
101282.11
101287.65
101292.82
101296.82
101300.54
101302.78
101304.82
101626.19
101584.49
101538.22
101485.82
101431.5
101378.27
101328.07
101283
101245.36
101217.29
101200.68
101197.17
101208.44
101223.4
101232.32
101240.49
101248.76
101251.98
101255.36
101258.84
101263.53
101269.86
101275.54
101281.32
101286.65
101291.34
101295.86
101299.4
101302.73
101304.79
101306.7
101651.51
101616.55
101576.53
101533.09
101488.19
101442.96
101398.93
101358.01
101322.35
101294.12
101275.44
101268.54
101274.86
101279.54
101279.04
101278.94
101277.54
101275.17
101274.06
101274.02
101275.75
101279.55
101283.47
101287.67
101291.8
101295.55
101299.31
101302.32
101305.21
101307.07
101308.81
101671.54
101650.37
101620.58
101585.56
101547.49
101508.72
101470.53
101434.25
101401.6
101374.53
101355.33
101346.09
101346.28
101340.43
101329.32
101318.44
101308.5
101300.44
101294.54
101290.89
101289.55
101290.54
101292.4
101294.85
101297.63
101300.33
101303.22
101305.66
101308.03
101309.66
101311.22
101701.91
101687.45
101666.63
101638.71
101607.82
101576.11
101544.38
101513.52
101484.83
101460.21
101442.01
101430.47
101420.18
101402.27
101379.14
101358.22
101341.1
101327.28
101316.89
101309.44
101304.87
101302.97
101302.45
101302.97
101304.23
101305.76
101307.67
101309.47
101311.28
101312.63
101313.97
101744.72
101740.34
101728.43
101705.73
101679.76
101653.49
101627.37
101601.53
101576.54
101553.49
101533.01
101513
101487.99
101456.99
101425.52
101397.6
101374.32
101355.64
101340.88
101329.59
101321.59
101316.76
101313.74
101312.14
101311.69
101311.92
101312.77
101313.84
101315.03
101316.04
101317.14
101824.66
101814.24
101794.75
101770.4
101746.33
101725.05
101705.38
101684.6
101661.41
101635.7
101607.09
101574.94
101539.59
101502.84
101467.29
101435.31
101407.8
101384.77
101366.08
101351.13
101339.63
101331.76
101326.23
101322.44
101320.11
101318.9
101318.61
101318.83
101319.37
101319.98
101320.8
101859.56
101859.95
101856.93
101850.43
101835.47
101810.56
101782.49
101753.6
101722.17
101688.17
101652.71
101615.68
101577.93
101540.37
101504.23
101470.62
101440.36
101414.04
101391.89
101373.71
101358.84
101347.78
101339.79
101333.88
101329.59
101326.79
101325.26
101324.53
101324.36
101324.52
101325.01
101862.37
101853.33
101840.48
101824.7
101811.18
101800.77
101789.76
101776.94
101755.82
101724.12
101686.83
101647.51
101609.04
101571.85
101536.09
101502.26
101470.97
101442.53
101417.62
101396.73
101379.02
101364.78
101354.2
101346.28
101340.16
101335.59
101332.73
101330.95
101330.02
101329.68
101329.82
101855.02
101847.07
101837.12
101825.49
101812.93
101798.95
101781.48
101760.08
101739.97
101723.73
101702.32
101672.16
101636.18
101599.01
101563.31
101529.57
101498.29
101469.25
101442.54
101419.42
101399.74
101382.79
101369.36
101359.37
101351.59
101345.26
101341.01
101338.09
101336.33
101335.45
101335.24
101825.56
101819.18
101811.53
101802.76
101792.7
101781.06
101767.57
101752.1
101735.1
101715.9
101696.67
101679.38
101655.92
101623.02
101587.16
101552.69
101521.49
101492.9
101465.85
101441.18
101420.2
101401.41
101385.24
101372.92
101363.62
101355.68
101350.01
101345.92
101343.23
101341.77
101341.21
101798.81
101793.68
101787.49
101780.43
101772.36
101763.07
101752.41
101740.24
101726.48
101711.07
101693.28
101672.14
101652.15
101634.2
101606.88
101573.92
101542.08
101513.36
101486.81
101461.32
101439.29
101419.87
101401.86
101386.85
101375.97
101366.67
101359.62
101354.39
101350.67
101348.55
101347.7
101767.34
101763.3
101758.43
101752.89
101746.56
101739.28
101730.92
101721.33
101710.35
101697.8
101683.73
101668.36
101650.36
101631.8
101614.6
101591.22
101562.55
101532.66
101505.58
101479.88
101456.52
101436.84
101418.59
101401.44
101388.6
101378.1
101369.74
101363.41
101358.61
101355.74
101354.63
101739.14
101735.96
101732.12
101727.75
101722.75
101717.01
101710.38
101702.75
101693.96
101683.84
101672.17
101658.69
101643.9
101627.11
101608.74
101594.1
101576.57
101550.92
101523.3
101497.51
101472.85
101451.89
101434.24
101416.69
101401.72
101389.95
101380.26
101372.87
101367.05
101363.31
101361.97
101709.23
101706.75
101703.78
101700.41
101696.55
101692.11
101686.99
101681.08
101674.27
101666.44
101657.46
101647.24
101635.36
101622.16
101608.68
101591.74
101574.74
101560.34
101537.72
101513.03
101489.44
101466.63
101448.11
101431.56
101415.32
101402.13
101391.1
101382.64
101375.95
101371.32
101369.69
101681.93
101680.02
101677.72
101675.11
101672.13
101668.7
101664.73
101660.14
101654.85
101648.72
101641.64
101633.47
101624.21
101613.53
101601.59
101589.14
101574.19
101558.12
101543.25
101523.37
101503.64
101482.19
101461.01
101444.66
101428.67
101414.45
101402.18
101392.66
101385.26
101379.85
101377.78
101654.62
101653.18
101651.45
101649.48
101647.24
101644.66
101641.67
101638.21
101634.21
101629.59
101624.25
101618.09
101610.94
101602.81
101593.44
101582.59
101570.27
101555.51
101540.28
101527.54
101512.41
101494.12
101473.59
101455.79
101440.57
101426.31
101413.38
101402.86
101394.88
101388.92
101386.28
101630.17
101629.08
101627.78
101626.3
101624.61
101622.66
101620.39
101617.76
101614.7
101611.14
101606.99
101602.16
101596.56
101590.08
101582.67
101574.24
101564.68
101554.85
101544.86
101531.73
101514.5
101498.79
101483.18
101465.61
101450.47
101436.92
101424.3
101413.08
101404.56
101398.31
101395.12
101606.69
101605.87
101604.89
101603.78
101602.51
101601.03
101599.31
101597.32
101595.01
101592.31
101589.18
101585.54
101581.36
101576.58
101571.05
101564.58
101557.29
101548.74
101538.68
101529.85
101519.79
101505.92
101491.86
101475.58
101459.36
101446.12
101434.19
101422.98
101413.92
101407.46
101403.84
101585.66
101585.05
101584.33
101583.52
101582.6
101581.54
101580.32
101578.9
101577.24
101575.32
101573.09
101570.48
101567.38
101563.69
101559.34
101554.36
101548.5
101541.95
101534.57
101525.19
101515.96
101508.12
101498.16
101483.66
101467.84
101454.37
101442.76
101432.09
101422.79
101416.01
101412.04
101567.38
101566.93
101566.41
101565.81
101565.13
101564.34
101563.42
101562.34
101561.09
101559.63
101557.93
101555.94
101553.63
101550.94
101547.81
101544.11
101539.78
101534.69
101528.66
101521.96
101514.2
101504.47
101495
101486.48
101473.78
101461.59
101449.91
101439.78
101430.86
101423.91
101419.67
101552.28
101551.92
101551.51
101551.04
101550.5
101549.88
101549.15
101548.31
101547.33
101546.18
101544.84
101543.26
101541.41
101539.23
101536.63
101533.52
101529.9
101525.69
101520.94
101515.51
101509.01
101501.82
101492.79
101482.48
101474.76
101465.05
101454.78
101445.4
101437.17
101430.49
101426.23
101537.85
101537.51
101537.11
101536.65
101536.13
101535.51
101534.79
101533.95
101532.98
101531.85
101530.54
101529.03
101527.3
101525.29
101523.03
101520.5
101517.58
101514.13
101510.04
101505.23
101500
101494.11
101487.51
101481.53
101474.43
101465.59
101456.86
101448.47
101441.01
101434.85
101430.87
101522.09
101521.61
101521.08
101520.54
101519.95
101519.31
101518.6
101517.83
101516.98
101516.03
101514.99
101513.81
101512.48
101510.94
101509.17
101507.13
101504.74
101501.94
101498.73
101495.25
101491.49
101487.18
101482.16
101476.29
101469.68
101462.65
101455.24
101447.82
101440.79
101434.9
101431.21
100335.06
100320.51
100310.84
100301.7
100291.93
100286.26
100291.16
100308.46
100335.01
100374.6
100426.13
100487.72
100557.59
100633.11
100711.44
100795.92
100869.83
100947
100995.36
101043.89
101088.02
101125.06
101156.66
101183.37
101205.4
101223.53
101238.2
101249.61
101258.48
101264.09
101267.47
100346.29
100330.33
100309.46
100292.38
100280.37
100277.35
100287.04
100310.45
100344.63
100390.04
100445.49
100509.43
100580.22
100655.01
100731.61
100812.94
100885.32
100955.95
100998.56
101050.09
101093.3
101129.49
101160.29
101186.35
101207.84
101225.56
101239.91
101251.08
101259.8
101265.3
101268.63
100306.11
100280.18
100255.99
100242.4
100239.41
100246.83
100266.76
100299.49
100341.34
100393.11
100453.57
100521.06
100594.05
100669.5
100746.25
100825.55
100899.33
100964.02
101004.37
101056.94
101098.8
101134.04
101164
101189.38
101210.32
101227.61
101241.63
101252.57
101261.12
101266.51
101269.81
100241.94
100220.02
100203.3
100197.84
100203.17
100219.46
100247.78
100287.7
100336.45
100394.07
100459.08
100529.85
100604.94
100681.33
100759.46
100836.74
100911.49
100971.7
101011.83
101063.79
101104.26
101138.57
101167.7
101192.42
101212.81
101229.67
101243.38
101254.07
101262.45
101267.73
101270.99
100158.46
100144.91
100138.47
100144.39
100161.55
100189.45
100228.07
100276.41
100332.59
100396.08
100465.43
100539.21
100616.14
100693.38
100773.02
100849.17
100922.95
100979.13
101019.76
101070.56
101109.71
101143.09
101171.39
101195.46
101215.32
101231.75
101245.13
101255.58
101263.8
101268.96
101272.18
100058.92
100058.64
100067.22
100088.25
100119.59
100160.17
100209.54
100266.68
100330.2
100399.31
100472.73
100549.27
100627.81
100705.75
100786.79
100862.37
100933.01
100985.87
101027.84
101077.22
101115.11
101147.58
101175.08
101198.5
101217.82
101233.84
101246.9
101257.1
101265.15
101270.2
101273.38
99945.241
99964.713
99992.912
100031.63
100078.46
100132.26
100192.56
100258.55
100329.15
100403.54
100480.72
100559.75
100639.63
100718.1
100800.16
100875.25
100942.81
100992.31
101036.02
101083.76
101120.48
101152.04
101178.75
101201.54
101220.33
101235.93
101248.68
101258.63
101266.52
101271.45
101274.58
99829.437
99871.863
99921.093
99977.886
100040.22
100107.01
100177.94
100252.42
100329.59
100408.81
100489.36
100570.55
100651.5
100730.53
100813.08
100887.53
100953.35
100998.95
101044.26
101090.2
101125.81
101156.47
101182.4
101204.57
101222.84
101238.03
101250.46
101260.17
101267.89
101272.7
101275.79
99721.676
99786.576
99855.286
99929.222
100006.48
100085.53
100166.36
100248.63
100331.72
100415.21
100498.69
100581.69
100663.51
100743.86
100825.96
100898.8
100963.71
101006.27
101052.46
101096.54
101131.09
101160.87
101186.03
101207.59
101225.35
101240.13
101252.25
101261.72
101269.27
101273.96
101277.01
99625.738
99712.22
99798.08
99887.895
99979.061
100068.88
100158.36
100247.49
100335.67
100422.8
100508.72
100593.17
100675.82
100757.94
100838.71
100909.74
100973.26
101014.23
101060.55
101102.79
101136.32
101165.23
101189.63
101210.59
101227.85
101242.23
101254.05
101263.27
101270.65
101275.23
101278.23
99545.982
99649.832
99753.168
99857.166
99959.493
100057.86
100154.53
100249.29
100341.58
100431.61
100519.47
100605.1
100689.02
100772.51
100850.77
100920.51
100982.07
101022.57
101068.51
101108.95
101141.5
101169.55
101193.21
101213.58
101230.34
101244.32
101255.84
101264.82
101272.04
101276.5
101279.45
99490.212
99608.07
99723.717
99837.024
99946.865
100053.07
100155.78
100254.46
100349.64
100441.82
100531.19
100617.87
100703.39
100785.53
100861.23
100931.17
100990.53
101031.13
101076.3
101115.04
101146.63
101173.82
101196.75
101216.55
101232.82
101246.41
101257.64
101266.38
101273.43
101277.77
101280.68
99462.549
99588.781
99710.92
99829.559
99944.338
100054.91
100161.54
100263.59
100360.59
100454.1
100544.53
100632.03
100716.37
100795.53
100872.13
100941.57
100998.9
101039.79
101083.94
101121.06
101151.69
101178.06
101200.27
101219.49
101235.29
101248.5
101259.42
101267.93
101274.82
101279.04
101281.92
99463.319
99593.082
99716.188
99835.733
99952.027
100064.38
100173.16
100277.3
100375.6
100469.3
100559.37
100645.52
100726.92
100805.01
100882.76
100951.04
101007.48
101048.5
101091.42
101127
101156.68
101182.24
101203.74
101222.41
101237.73
101250.56
101261.21
101269.48
101276.21
101280.32
101283.15
99478.365
99612.444
99736.256
99855.099
99970.605
100082.67
100191.54
100294.45
100391.85
100483.54
100569.78
100655
100738.17
100816.16
100892.84
100960.8
101016.34
101057.24
101098.74
101132.86
101161.6
101186.37
101207.18
101225.3
101240.16
101252.62
101262.98
101271.03
101277.6
101281.6
101284.39
99502.465
99636.007
99761.313
99880.959
99995.549
100105.37
100211.17
100308.92
100401.5
100492.82
100582.43
100668.22
100750.79
100827.42
100902.81
100971.03
101025.35
101065.98
101105.87
101138.63
101166.44
101190.44
101210.56
101228.15
101242.56
101254.66
101264.75
101272.56
101278.98
101282.88
101285.64
99582.146
99694.718
99803.385
99912.508
100020.66
100125.11
100223.46
100320.83
100418.51
100509.87
100597.83
100682.44
100763.69
100838.52
100912.76
100981.24
101034.4
101074.63
101112.81
101144.31
101171.21
101194.45
101213.91
101230.96
101244.94
101256.68
101266.5
101274.1
101280.37
101284.16
101286.88
99727.852
99816.587
99899.339
99985.811
100076.38
100168.07
100257.88
100349.41
100442.11
100529.68
100614.44
100697
100776.67
100849.57
100922.66
100991.35
101043.4
101083.14
101119.6
101149.9
101175.89
101198.4
101217.2
101233.74
101247.29
101258.68
101268.23
101275.62
101281.74
101285.44
101288.13
99872.367
99944.996
100008.31
100075.22
100147.95
100224.41
100301.99
100383.93
100469.5
100551.17
100631.99
100711.96
100789.75
100860.67
100932.49
101001.4
101052.3
101091.49
101126.26
101155.39
101180.49
101202.28
101220.44
101236.47
101249.61
101260.65
101269.95
101277.13
101283.11
101286.72
101289.37
100033.56
100085.87
100127.39
100173.77
100227.79
100287.54
100351.26
100422.37
100499.5
100574.57
100650.48
100727.26
100802.85
100871.83
100942.23
101011.26
101061.07
101099.65
101132.78
101160.77
101184.99
101206.08
101223.61
101239.15
101251.88
101262.6
101271.64
101278.62
101284.47
101287.99
101290.61
100215.56
100243.4
100259.94
100282.99
100315.8
100356.83
100406.27
100465.16
100531.93
100599.87
100669.98
100742.83
100815.88
100883.04
100951.84
101020.7
101069.59
101107.49
101139.1
101165.99
101189.34
101209.76
101226.69
101241.76
101254.11
101264.5
101273.31
101280.1
101285.81
101289.25
101291.86
100418.09
100417.35
100406.83
100404.14
100412.71
100435.06
100470.05
100513.66
100567.81
100628.02
100691.46
100759.44
100829.35
100894.6
100961.43
101029.51
101077.64
101114.7
101145.11
101170.99
101193.51
101213.3
101229.68
101244.29
101256.28
101266.37
101274.96
101281.56
101287.15
101290.52
101293.11
100648.8
100619.29
100582.92
100551.9
100535.12
100534.95
100548.55
100574.89
100613.81
100663.3
100718.24
100779.74
100845.17
100907.71
100971.63
101037.84
101084.81
101120.99
101150.81
101175.84
101197.56
101216.76
101232.6
101246.78
101258.43
101268.23
101276.59
101283.02
101288.49
101291.79
101294.36
100889.26
100846.73
100800.94
100747.6
100700.81
100669.52
100655.44
100658.62
100678.01
100710.46
100753.54
100806.13
100865.17
100923.96
100983.92
101047.26
101091.82
101127.23
101156.73
101180.89
101201.75
101220.32
101235.59
101249.32
101260.59
101270.09
101278.23
101284.47
101289.82
101293.05
101295.6
100376.96
100370.08
100359.64
100349.8
100341.42
100336.58
100339.28
100351.77
100373.01
100406.94
100452.65
100508.64
100573.19
100643.85
100717.06
100795.6
100864.5
100935.52
100989.31
101037.6
101083.28
101121.2
101153.51
101180.78
101203.29
101221.78
101236.73
101248.36
101257.38
101263.1
101266.55
100385.96
100383.31
100374.18
100363.98
100355.41
100351.49
100354.3
100363.3
100382.5
100413.99
100457.07
100510.59
100572.98
100642.07
100714.42
100792.03
100863.11
100931.48
100987.82
101034.94
101080.75
101118.88
101151.5
101179.05
101201.82
101220.54
101235.66
101247.43
101256.54
101262.33
101265.89
100381.07
100378.57
100372.92
100367.25
100362.65
100361.16
100365.16
100374.68
100393.62
100423.58
100464.51
100515.67
100575.77
100642.9
100713.97
100789.91
100861.82
100929.67
100986.14
101032.66
101078.61
101116.87
101149.7
101177.45
101200.41
101219.31
101234.58
101246.47
101255.66
101261.53
101265.15
100376.39
100374.69
100372.72
100371.01
100370.13
100371.47
100377.14
100388.07
100407.07
100435.72
100474.57
100523.29
100580.87
100645.67
100714.96
100788.48
100860.16
100927.64
100983.83
101030.01
101076.24
101114.69
101147.75
101175.72
101198.9
101217.99
101233.41
101245.43
101254.72
101260.65
101264.06
100374.25
100374.84
100375.52
100376.38
100378.06
100381.8
100389.22
100401.49
100420.69
100448.37
100485.4
100531.82
100586.9
100649.27
100716.57
100787.34
100858.24
100925.39
100981.13
101027.09
101073.6
101112.27
101145.6
101173.82
101197.25
101216.55
101232.15
101244.31
101253.7
101259.72
101262.85
100371.99
100374.81
100377.78
100381
100385.09
100391.15
100400.43
100414.06
100433.7
100460.76
100496.33
100540.68
100593.38
100653.34
100718.53
100786.5
100856.56
100923.29
100978.5
101024.03
101070.83
101109.7
101143.3
101171.79
101195.47
101215
101230.79
101243.11
101252.6
101258.72
101261.77
100368.93
100373.03
100378.46
100384.3
100391.01
100399.51
100410.82
100425.94
100446.23
100473.01
100507.39
100549.89
100600.33
100657.89
100720.91
100786.35
100855.55
100921.23
100976.41
101020.93
101068.01
101107.06
101140.92
101169.65
101193.6
101213.36
101229.35
101241.83
101251.44
101257.65
101260.74
100365.57
100371.74
100379.09
100387.22
100396.47
100407.41
100420.8
100437.49
100458.6
100485.31
100518.75
100559.57
100607.87
100663.06
100723.83
100787.21
100854.66
100918.86
100974.7
101017.97
101065.17
101104.35
101138.45
101167.43
101191.64
101211.64
101227.83
101240.47
101250.2
101256.51
101259.7
100362.08
100370.68
100380.04
100390.47
100402.17
100415.46
100430.87
100449.12
100471.1
100497.88
100530.54
100569.84
100616.09
100668.93
100727.4
100788.83
100853.75
100916.64
100972.92
101015.19
101062.32
101101.6
101135.91
101165.12
101189.59
101209.83
101226.22
101239.04
101248.88
101255.3
101258.57
100360.31
100370.66
100382.15
100394.87
100408.86
100424.31
100441.59
100461.26
100484.07
100510.96
100542.93
100580.8
100625.06
100675.58
100731.67
100791.09
100853.83
100914.79
100970.83
101012.57
101059.47
101098.8
101133.3
101162.73
101187.45
101207.92
101224.52
101237.51
101247.48
101254.01
101257.33
100361.58
100373.56
100386.96
100401.62
100417.53
100434.78
100453.6
100474.44
100497.9
100524.81
100556.08
100592.57
100634.87
100683.07
100736.72
100793.99
100854.63
100913.48
100968.75
101010.2
101056.64
101095.97
101130.62
101160.25
101185.21
101205.92
101222.73
101235.9
101246
101252.64
101255.98
100367.9
100381.04
100395.84
100411.96
100429.26
100447.77
100467.66
100489.24
100513.04
100539.75
100570.2
100605.26
100645.58
100691.44
100742.58
100797.58
100856.05
100913.11
100966.96
101008.19
101053.86
101093.13
101127.89
101157.69
101182.87
101203.82
101220.85
101234.19
101244.42
101251.18
101254.56
100380.97
100394.17
100410.19
100427.2
100445.17
100464.24
100484.54
100506.31
100529.97
100556.13
100585.54
100619.04
100657.32
100700.76
100749.32
100801.91
100858.06
100912.88
100965.35
101006.71
101051.17
101090.31
101125.13
101155.05
101180.45
101201.62
101218.86
101232.39
101242.75
101249.62
101253.09
100401.72
100416.44
100432.21
100448.73
100466.33
100485.06
100504.96
100526.19
100549.13
100574.29
100602.35
100634.08
100670.17
100711.12
100756.99
100807.03
100860.68
100913.15
100963.95
101005.53
101048.59
101087.54
101122.35
101152.36
101177.95
101199.33
101216.78
101230.48
101240.98
101247.97
101251.54
100430.32
100444.98
100460.39
100476.22
100492.89
100510.55
100529.29
100549.28
100570.87
100594.52
100620.83
100650.52
100684.26
100722.58
100765.66
100812.99
100863.96
100913.96
100963.04
101004.67
101046.15
101084.85
101119.59
101149.63
101175.37
101196.95
101214.59
101228.48
101239.1
101246.22
101249.86
100468.25
100481.32
100495.55
100509.97
100524.96
100540.8
100557.65
100575.72
100595.35
100616.96
100641.12
100668.47
100699.65
100735.21
100775.37
100819.81
100867.72
100915.12
100962.78
101004.25
101043.9
101082.3
101116.87
101146.88
101172.73
101194.47
101212.31
101226.37
101237.13
101244.36
101248.06
100512
100523.62
100536.32
100548.87
100561.71
100575.23
100589.68
100605.3
100622.46
100641.6
100663.23
100687.95
100716.38
100749.04
100786.17
100827.55
100871.93
100916.69
100963.82
101004.34
101041.92
101079.93
101114.21
101144.13
101170.04
101191.92
101209.94
101224.16
101235.04
101242.4
101246.15
100559.85
100569.92
100580.85
100591.35
100601.86
100612.83
100624.57
100637.43
100651.81
100668.17
100687.01
100708.91
100734.43
100764.07
100798.09
100836.28
100877.14
100919.97
100966.5
101004.96
101040.3
101077.8
101111.66
101141.4
101167.32
101189.3
101207.47
101221.84
101232.85
101240.32
101244.14
100608.85
100617.31
100626.55
100635.17
100643.5
100652.01
100661.09
100671.17
100682.7
100696.19
100712.15
100731.14
100753.69
100780.27
100811.15
100846.17
100884.12
100924.78
100968.3
101005.68
101039.44
101075.97
101109.25
101138.73
101164.58
101186.62
101204.91
101219.43
101230.55
101238.13
101242.02
100657.56
100664.33
100671.82
100678.64
100684.97
100691.23
100697.89
100705.4
100714.26
100725.01
100738.18
100754.32
100773.95
100797.52
100825.3
100857.22
100892.39
100930.17
100970.05
101006.56
101039.08
101074.48
101107.01
101136.14
101161.85
101183.89
101202.27
101216.91
101228.15
101235.82
101239.78
100704.06
100709.07
100714.77
100719.91
100724.51
100728.91
100733.56
100738.93
100745.52
100753.88
100764.55
100778.08
100794.97
100815.66
100840.45
100869.31
100901.59
100936.48
100973.32
101008.25
101039.12
101073.33
101104.97
101133.68
101159.16
101181.13
101199.56
101214.31
101225.63
101233.39
101237.42
100746.33
100749.77
100753.81
100757.44
100760.67
100763.72
100766.92
100770.72
100775.6
100782.08
100790.71
100801.99
100816.45
100834.51
100856.46
100882.36
100911.72
100943.77
100977.92
101010.21
101039.91
101072.69
101103.19
101131.36
101156.54
101178.35
101196.78
101211.62
101223.02
101230.85
101234.93
100782.88
100785.74
100788.82
100791.18
100793.31
100795.34
100797.53
100800.26
100803.96
100809.12
100816.22
100825.73
100838.14
100853.87
100873.22
100896.29
100922.76
100951.93
100982.99
101013.23
101041.71
101072.52
101101.71
101129.23
101153.99
101175.59
101193.97
101208.84
101220.3
101228.2
101232.32
100816.61
100817.09
100818.57
100820.33
100821.8
100823.24
100824.95
100827.2
100830.34
100834.76
100840.87
100849.1
100859.87
100873.6
100890.61
100911.04
100934.7
100960.95
100988.59
101016.13
101044.49
101073.19
101100.5
101127.42
101151.59
101172.87
101191.12
101206.01
101217.5
101225.43
101229.59
100844.84
100845.31
100846.09
100846.73
100847.33
100848.29
100849.9
100852.11
100855.14
100859.25
100864.8
100872.12
100881.61
100893.65
100908.57
100926.54
100947.5
100970.84
100995.47
101021.39
101047.53
101074.67
101100.47
101125.64
101149.28
101170.22
101188.29
101203.12
101214.62
101222.57
101226.74
100868.25
100868.44
100869.05
100869.97
100871.32
100872.32
100873.49
100875.89
100879.1
100883.17
100888.38
100895.04
100903.47
100914.04
100927.06
100942.75
100961.12
100981.75
101003.97
101028.02
101051.25
101075.31
101100.16
101124.61
101147.27
101167.68
101185.46
101200.19
101211.66
101219.61
101223.78
100890.99
100891.43
100892.12
100892.91
100894.06
100895.55
100897.45
100900.05
100903.3
100907.28
100912.17
100918.21
100925.67
100934.86
100946.08
100959.62
100975.53
100993.58
101013.24
101034.53
101054.66
101076.57
101101.32
101124.37
101145.35
101165.3
101182.7
101197.25
101208.65
101216.58
101220.72
100914.07
100914.85
100915.88
100916.98
100918.4
100920.29
100922.64
100925.34
100928.47
100932.18
100936.61
100941.92
100948.34
100956.16
100965.65
100977.09
100990.61
101006.11
101023.14
101041.59
101059.45
101079.43
101102.18
101123.68
101143.99
101163.1
101180.03
101194.31
101205.61
101213.48
101217.58
100938.98
100940.03
100941.36
100942.66
100943.86
100945.88
100948.78
100951.5
100954.46
100957.82
100961.67
100966.16
100971.48
100977.88
100985.64
100995.01
101006.2
101019.2
101033.69
101049.52
101065.09
101082.82
101102.98
101123.3
101143.12
101161.15
101177.47
101191.42
101202.54
101210.33
101214.38
100965.23
100966.42
100967.84
100969.12
100970.85
100973.23
100975.66
100978.19
100980.93
100983.89
100987.11
100990.69
100994.84
100999.8
101005.81
101013.17
101022.1
101032.67
101044.66
101057.89
101071.31
101086.61
101104.9
101124.07
101142.26
101159.33
101175.11
101188.6
101199.48
101207.15
101211.13
100991.73
100992.76
100994.07
100995.76
100998.01
101000.32
101002.52
101004.81
101007.21
101009.68
101012.23
101014.93
101017.93
101021.47
101025.8
101031.23
101038.01
101046.28
101055.94
101066.83
101078.25
101091.17
101107.6
101124.79
101141.87
101157.98
101172.84
101185.88
101196.46
101203.97
101207.88
101018.6
101019.86
101021.36
101022.95
101024.78
101026.72
101028.66
101030.63
101032.57
101034.45
101036.27
101038.08
101040.01
101042.24
101045.04
101048.71
101053.54
101059.73
101067.25
101075.98
101085.46
101096.16
101110.44
101125.85
101141.73
101156.97
101170.97
101183.35
101193.53
101200.81
101204.65
101047.38
101047.35
101047.99
101049.05
101050.28
101051.6
101053.01
101054.46
101055.86
101057.12
101058.21
101059.2
101060.19
101061.32
101062.85
101065.07
101068.25
101072.63
101078.29
101085.09
101092.82
101101.52
101113.83
101127.7
101142.33
101156.34
101169.17
101180.97
101190.7
101197.72
101201.48
101072.87
101073.85
101075.39
101076.42
101076.75
101077.01
101077.33
101077.65
101077.89
101078.03
101078.09
101078.08
101078.09
101078.26
101078.76
101079.82
101081.7
101084.66
101088.78
101093.98
101100.21
101107.23
101117.74
101129.9
101143.12
101155.9
101167.79
101178.89
101188.04
101194.73
101198.4
101093.25
101092.01
101091.41
101091.87
101093.18
101094.65
101096.01
101096.44
101095.91
101095.24
101094.54
101093.82
101093.13
101092.59
101092.36
101092.62
101093.62
101095.57
101098.56
101102.56
101107.54
101113.21
101122.01
101132.55
101144.02
101155.73
101167.1
101177.14
101185.58
101191.9
101195.43
101111.95
101110.91
101110
101109
101107.9
101106.73
101105.67
101105.48
101106.13
101106.66
101106.44
101105.53
101104.6
101103.81
101103.31
101103.29
101103.9
101105.31
101107.59
101110.74
101114.74
101119.4
101126.61
101135.69
101145.62
101156.41
101166.55
101175.45
101183.39
101189.24
101192.55
101124.8
101124.16
101123.27
101122.26
101121.22
101120.13
101118.87
101117.41
101115.88
101114.44
101113.58
101113.25
101112.77
101112.23
101111.97
101112.13
101112.79
101114.04
101115.97
101118.57
101121.85
101125.75
101131.49
101139.24
101147.87
101157.17
101166.08
101174.29
101181.61
101186.88
101189.82
101125.61
101125.52
101125.34
101125.07
101124.74
101124.37
101123.96
101123.51
101122.96
101122.27
101121.46
101120.67
101120.1
101119.85
101119.88
101120.24
101121.01
101122.25
101123.99
101126.21
101128.92
101132.16
101136.68
101143.1
101150.41
101158.13
101166.42
101173.78
101180.03
101184.88
101187.48
101126.84
101127.1
101127.27
101127.38
101127.48
101127.59
101127.7
101127.81
101127.97
101128.11
101127.88
101127.28
101127.11
101127.46
101127.94
101128.52
101129.34
101130.5
101132.01
101133.86
101136.05
101138.64
101142.09
101147.3
101153.35
101159.95
101167.01
101173.45
101179.11
101183.32
101185.69
101131.07
101131.35
101131.58
101131.78
101132.02
101132.32
101132.7
101133.15
101133.62
101133.86
101134.16
101135.01
101135.93
101136.57
101137.11
101137.68
101138.36
101139.23
101140.34
101141.7
101143.3
101145.23
101147.72
101151.81
101156.69
101162.16
101167.91
101173.77
101178.89
101182.25
101184.52
101140.5
101140.47
101140.55
101140.66
101140.81
101141.03
101141.29
101141.58
101141.96
101142.72
101143.91
101145.04
101145.8
101146.33
101146.81
101147.26
101147.7
101148.2
101148.83
101149.63
101150.62
101151.87
101153.51
101156.59
101160.43
101164.87
101169.67
101174.46
101179.1
101182.09
101184
101152.4
101152.44
101152.47
101152.51
101152.58
101152.68
101152.84
101153.13
101153.7
101154.31
101154.79
101155.29
101155.73
101156.08
101156.37
101156.59
101156.75
101156.91
101157.12
101157.45
101157.9
101158.56
101159.53
101161.68
101164.65
101168.14
101172.08
101176.05
101179.8
101182.47
101184.13
101164
101163.83
101163.78
101163.76
101163.76
101163.78
101163.82
101163.86
101163.94
101164.35
101164.8
101164.93
101165.07
101165.18
101165.22
101165.2
101165.12
101165.03
101164.98
101165
101165.08
101165.28
101165.74
101167.11
101169.29
101171.92
101175.04
101178.23
101181.38
101183.73
101185.02
101174.87
101174.7
101174.59
101174.49
101174.37
101174.26
101174.15
101173.99
101173.59
101172.99
101172.84
101173.19
101173.3
101173.17
101173.03
101172.9
101172.76
101172.6
101172.46
101172.33
101172.21
101172.12
101172.19
101172.91
101174.42
101176.34
101178.67
101181.26
101183.87
101185.79
101186.75
101182.72
101182.66
101182.6
101182.53
101182.44
101182.34
101182.22
101182.11
101182.02
101181.88
101181.51
101180.96
101180.61
101180.49
101180.41
101180.31
101180.2
101180.07
101179.92
101179.74
101179.52
101179.22
101178.95
101179.13
101180.04
101181.37
101183.06
101185.07
101187.12
101188.71
101189.52
101189.84
101189.84
101189.84
101189.83
101189.8
101189.77
101189.73
101189.68
101189.62
101189.53
101189.42
101189.29
101189.13
101188.97
101188.77
101188.56
101188.34
101188.12
101187.88
101187.59
101187.21
101186.71
101186.15
101185.85
101186.22
101186.97
101188.09
101189.49
101191.09
101192.47
101193.21
101198.59
101198.56
101198.55
101198.53
101198.5
101198.47
101198.44
101198.41
101198.37
101198.34
101198.28
101198.2
101198.11
101197.97
101197.78
101197.53
101197.21
101196.84
101196.43
101195.93
101195.3
101194.53
101193.65
101192.95
101192.83
101193.07
101193.68
101194.57
101195.74
101196.77
101197.44
101208.59
101208.53
101208.46
101208.4
101208.33
101208.26
101208.19
101208.12
101208.04
101207.96
101207.87
101207.76
101207.62
101207.44
101207.21
101206.91
101206.51
101206.01
101205.39
101204.65
101203.74
101202.65
101201.45
101200.37
101199.78
101199.53
101199.62
101200.02
101200.67
101201.29
101201.79
101218.82
101218.74
101218.67
101218.59
101218.49
101218.38
101218.26
101218.13
101217.98
101217.81
101217.63
101217.5
101217.34
101217.05
101216.69
101216.25
101215.71
101215.05
101214.24
101213.26
101212.1
101210.74
101209.26
101207.83
101206.77
101206.02
101205.58
101205.42
101205.54
101205.67
101205.81
101228.59
101228.51
101228.43
101228.33
101228.22
101228.1
101227.95
101227.79
101227.61
101227.4
101227.15
101226.8
101226.39
101226
101225.54
101224.99
101224.32
101223.52
101222.55
101221.4
101220.05
101218.47
101216.73
101214.94
101213.39
101212.11
101211.09
101210.3
101209.8
101209.44
101209.27
101237.05
101236.96
101236.87
101236.76
101236.63
101236.49
101236.32
101236.13
101235.91
101235.65
101235.35
101234.99
101234.58
101234.09
101233.52
101232.83
101232.03
101231.07
101229.95
101228.64
101227.1
101225.3
101223.3
101221.16
101219.16
101217.35
101215.71
101214.24
101213.01
101212.1
101211.66
101243.67
101243.58
101243.48
101243.37
101243.24
101243.09
101242.91
101242.72
101242.48
101242.22
101241.9
101241.53
101241.09
101240.57
101239.96
101239.23
101238.36
101237.33
101236.12
101234.69
101233.01
101231.05
101228.82
101226.37
101223.88
101221.5
101219.16
101216.93
101214.97
101213.43
101212.65
101248.07
101247.98
101247.88
101247.76
101247.64
101247.49
101247.32
101247.12
101246.89
101246.62
101246.31
101245.94
101245.5
101244.99
101244.38
101243.64
101242.76
101241.71
101240.45
101238.97
101237.22
101235.15
101232.76
101230.1
101227.28
101224.49
101221.61
101218.74
101216.11
101214.03
101212.9
101249.7
101249.6
101249.5
101249.39
101249.27
101249.14
101249
101248.84
101248.66
101248.45
101248.2
101247.92
101247.62
101247.25
101246.74
101246.1
101245.33
101244.38
101243.23
101241.85
101240.19
101238.19
101235.82
101233.09
101230.1
101226.98
101223.71
101220.39
101217.33
101214.88
101213.56
101249.31
101249.24
101249.16
101249.08
101249
101248.9
101248.8
101248.67
101248.53
101248.37
101248.2
101247.99
101247.69
101247.33
101246.99
101246.56
101246
101245.28
101244.38
101243.26
101241.85
101240.12
101238.01
101235.53
101232.71
101229.63
101226.35
101222.97
101219.86
101217.38
101215.9
101247.52
101247.49
101247.45
101247.42
101247.38
101247.33
101247.28
101247.22
101247.15
101247.07
101246.99
101246.89
101246.78
101246.63
101246.43
101246.19
101245.87
101245.45
101244.9
101244.16
101243.19
101241.92
101240.28
101238.26
101235.82
101233.04
101230.07
101227.01
101224.17
101221.95
101220.71
101245.82
101245.8
101245.78
101245.76
101245.74
101245.72
101245.71
101245.69
101245.68
101245.67
101245.66
101245.64
101245.61
101245.53
101245.42
101245.33
101245.21
101245.02
101244.75
101244.37
101243.82
101243.05
101242.01
101240.66
101239.01
101237.11
101234.98
101232.7
101230.52
101228.62
101227.44
101245.32
101245.33
101245.35
101245.37
101245.39
101245.41
101245.43
101245.45
101245.48
101245.5
101245.52
101245.55
101245.59
101245.66
101245.75
101245.8
101245.82
101245.8
101245.76
101245.66
101245.48
101245.18
101244.7
101244.02
101243.09
101242.03
101240.87
101239.48
101237.91
101236.21
101234.92
101249.3
101249.27
101249.23
101249.19
101249.14
101249.08
101249.03
101248.97
101248.91
101248.84
101248.78
101248.72
101248.67
101248.6
101248.49
101248.41
101248.4
101248.41
101248.43
101248.48
101248.54
101248.59
101248.65
101248.72
101248.78
101248.76
101248.51
101247.74
101246.24
101244.16
101242.51
101257.08
101257.05
101257.01
101256.96
101256.91
101256.86
101256.8
101256.74
101256.68
101256.61
101256.54
101256.48
101256.43
101256.4
101256.42
101256.51
101256.68
101256.79
101256.81
101256.86
101257.01
101257.26
101257.58
101257.94
101258.33
101258.69
101258.73
101257.83
101255.78
101253.08
101251.25
101269.73
101269.75
101269.75
101269.72
101269.69
101269.66
101269.64
101269.62
101269.63
101269.66
101269.7
101269.76
101269.84
101269.92
101269.82
101269.47
101269.06
101268.87
101269
101269.35
101269.89
101270.57
101271.29
101272
101272.55
101272.7
101272.21
101270.61
101267.94
101265.37
101263.92
101279.56
101279.47
101279.37
101279.26
101279.18
101279.13
101279.11
101279.11
101279.12
101279.17
101279.3
101279.5
101279.77
101280.15
101280.78
101281.68
101282.75
101283.91
101285.06
101286.03
101286.83
101287.69
101288.57
101289.31
101289.72
101289.62
101288.76
101286.91
101284.75
101283.41
101282.95
101341.17
101340.31
101339.3
101338.24
101337.12
101335.95
101334.76
101333.59
101332.44
101331.26
101329.99
101328.59
101327.06
101325.37
101323.53
101321.59
101319.65
101317.8
101316.14
101315
101314.35
101313.77
101313.06
101312.04
101310.67
101309.15
101307.62
101306.2
101305.58
101306.32
101308.09
100402.41
100412.18
100419.89
100426.47
100432.78
100438.84
100444.67
100450.48
100456.57
100462.45
100467.94
100472.74
100474.61
100474.29
100471.1
100465.46
100460.62
100461.68
100470.05
100494.59
100545.47
100613.22
100688.82
100766.28
100838.96
100901.93
100953.42
100992.25
101016.31
101028.9
101033.54
101039.44
101041.54
101050.16
101062.71
101086.46
101114.62
101130.43
101138.82
101141.89
101150.09
101157.85
101165.89
101175.56
101185.71
101193
101202.27
101212.16
101222.25
101231.86
101240.35
101246.9
101251.11
101252.61
101252.2
101249.5
101247.77
101247.9
101251.75
101259.8
101271.72
101283.13
101332.43
100414.44
100420.06
100426.56
100432.09
100437.14
100442.1
100447.15
100452.43
100458.06
100463.6
100468.31
100471.64
100472.4
100470.4
100465.35
100458.31
100452.67
100453.81
100466.11
100494.51
100545.96
100619.25
100698.61
100777.1
100849.33
100910.96
100960.64
100997.36
101019.56
101031.1
101034.23
101040.86
101042.93
101051.83
101066.39
101088.37
101115.89
101130.98
101138.94
101141.64
101150.69
101158.21
101166.44
101176.09
101185.91
101193.12
101202.39
101212.28
101222.35
101231.91
101240.34
101246.84
101251.02
101252.46
101252.02
101249.35
101247.6
101247.63
101251.62
101259.65
101271.59
101282.95
101333.23
100423.21
100425.03
100427.51
100430.25
100433.48
100437.25
100441.58
100446.68
100452.39
100457.96
100462.43
100464.89
100464.97
100462.34
100456.82
100449.54
100444.33
100446.74
100462.13
100497.01
100551.9
100626.26
100708.71
100787.79
100858.99
100918.84
100966.47
101001.01
101021.45
101031.56
101035.04
101042.13
101044.22
101053.97
101069.77
101091.15
101116.98
101131.37
101138.48
101141.64
101151.25
101158.53
101167
101176.54
101186.07
101193.2
101202.48
101212.38
101222.43
101231.94
101240.33
101246.79
101250.92
101252.32
101251.85
101249.19
101247.43
101247.36
101251.49
101259.51
101271.46
101282.77
101334.1
100419.56
100419.96
100421.42
100423.61
100426.03
100428.91
100432.76
100437.85
100443.62
100449.08
100453.26
100455.57
100455.85
100453.41
100448.26
100441.65
100437.63
100441.82
100460.32
100499.24
100559.24
100634.32
100716.67
100795.93
100866.15
100924.28
100970.06
101002.8
101021.97
101030.48
101036.19
101043.16
101045.71
101056.38
101072.61
101094.2
101117.85
101131.74
101137.4
101141.99
101151.56
101158.79
101167.53
101176.91
101186.17
101193.22
101202.51
101212.44
101222.48
101231.96
101240.3
101246.72
101250.82
101252.18
101251.67
101249.05
101247.26
101247.11
101251.36
101259.37
101271.34
101282.59
101335.05
100413.81
100414.92
100416.19
100417.69
100419.57
100422.2
100425.94
100430.73
100435.97
100440.89
100444.74
100447.13
100447.76
100445.91
100441.62
100436.19
100433.86
100439.95
100461.54
100503.27
100565.99
100642.91
100723.87
100802.03
100871.28
100927.76
100971.92
101003.33
101021.59
101028.81
101037.33
101043.86
101047.38
101058.92
101075.44
101096.93
101118.82
101131.94
101136.4
101142.22
101151.56
101158.98
101168
101177.23
101186.21
101193.2
101202.49
101212.46
101222.5
101231.94
101240.26
101246.64
101250.72
101252.04
101251.5
101248.91
101247.1
101246.86
101251.24
101259.24
101271.23
101282.42
101336.05
100409.39
100410.72
100411.95
100413.22
100415.05
100417.67
100421.22
100425.46
100429.97
100434.32
100437.93
100440.54
100441.77
100440.79
100437.62
100433.9
100433.24
100441.83
100466.17
100509.8
100573.64
100650.59
100730.73
100807.02
100875.15
100929.7
100972.37
101002.9
101020.33
101026.82
101038.21
101044.25
101049.17
101061.56
101078.34
101099.45
101119.91
101131.76
101135.75
101142.04
101151.31
101159.1
101168.41
101177.52
101186.22
101193.16
101202.44
101212.45
101222.49
101231.91
101240.2
101246.55
101250.61
101251.9
101251.34
101248.77
101246.95
101246.64
101251.13
101259.11
101271.12
101282.25
101337.07
100406.37
100407.51
100408.61
100410.07
100411.98
100414.55
100417.84
100421.51
100425.46
100429.57
100433.25
100436.19
100438.07
100438.08
100436.31
100434.44
100435.94
100447.48
100473.9
100518.74
100582.43
100657.92
100736.51
100810.94
100877.86
100930.54
100971.54
101001.32
101017.43
101025.64
101038.38
101044.39
101050.99
101064.28
101081.28
101101.85
101120.81
101131.41
101135.23
101141.55
101150.89
101159.16
101168.75
101177.77
101186.19
101193.09
101202.37
101212.41
101222.46
101231.86
101240.13
101246.46
101250.49
101251.76
101251.18
101248.65
101246.82
101246.43
101251.02
101258.98
101271.02
101282.09
101338.1
100404.35
100405.24
100406.29
100407.69
100409.54
100411.89
100414.67
100418.07
100422.12
100426.2
100429.99
100433.29
100435.98
100437.18
100437.36
100437.93
100442.19
100456.08
100484.3
100529.68
100592.24
100665.41
100741.63
100814.01
100878.57
100930.67
100969.57
100997.67
101014.19
101025.11
101037.38
101044.35
101052.81
101067.04
101084.22
101104.14
101121.54
101130.99
101134.62
101140.94
101150.37
101159.13
101169.01
101177.97
101186.12
101192.99
101202.28
101212.35
101222.41
101231.8
101240.04
101246.35
101250.38
101251.63
101251.03
101248.53
101246.7
101246.24
101250.9
101258.86
101270.92
101281.92
101339.11
100402.48
100403.07
100403.95
100405.28
100407.07
100409.34
100412.12
100415.52
100419.45
100423.53
100427.55
100431.29
100434.29
100436.97
100439.93
100443.46
100451.21
100467.88
100496.6
100542.23
100603.07
100673.48
100746.82
100816.7
100878.29
100929.5
100966.73
100992.98
101011.17
101023.06
101035.34
101044.07
101054.56
101069.77
101087.11
101106.29
101122.17
101130.5
101133.9
101140.25
101149.75
101159.01
101169.2
101178.11
101186.04
101192.88
101202.17
101212.26
101222.34
101231.72
101239.95
101246.24
101250.26
101251.49
101250.88
101248.42
101246.59
101246.07
101250.8
101258.74
101270.82
101281.76
101340.08
100400.72
100400.94
100401.57
100402.74
100404.42
100406.59
100409.3
100412.56
100416.32
100420.47
100424.88
100429.38
100433.56
100438.14
100443.42
100450.01
100461.08
100480.09
100510.52
100556.12
100614.92
100682.2
100752.37
100819.2
100878.03
100927.08
100963.03
100988.49
101006.92
101019.41
101032.64
101043.48
101056.12
101072.34
101089.9
101108.28
101122.7
101129.94
101133.14
101139.5
101149.07
101158.82
101169.31
101178.2
101185.93
101192.76
101202.05
101212.16
101222.24
101231.62
101239.84
101246.13
101250.14
101251.36
101250.75
101248.32
101246.49
101245.93
101250.69
101258.63
101270.73
101281.6
101341
100398.53
100398.37
100398.78
100399.76
100401.27
100403.29
100405.83
100408.93
100412.61
100416.85
100421.66
100427.11
100432.85
100439.24
100447.12
100457.06
100471.57
100493.47
100525.68
100570.81
100627.75
100691.61
100758.32
100821.67
100877.55
100924.02
100958.52
100983.32
101001.53
101014.98
101029.62
101042.68
101057.49
101074.7
101092.51
101110.02
101123.1
101129.4
101132.34
101138.7
101148.35
101158.57
101169.34
101178.25
101185.8
101192.63
101201.9
101212.03
101222.12
101231.51
101239.72
101246
101250.02
101251.24
101250.62
101248.22
101246.41
101245.8
101250.59
101258.51
101270.65
101281.44
101341.85
100395.6
100395.17
100395.4
100396.19
100397.48
100399.28
100401.6
100404.52
100408.12
100412.5
100417.76
100424.07
100431.61
100440.04
100450.65
100464.17
100482.29
100507.4
100541.25
100585.88
100641.12
100701.62
100764.62
100824.15
100876.78
100920.48
100953.25
100977.24
100995.44
101010.19
101026.37
101041.65
101058.54
101076.76
101094.86
101111.58
101123.46
101128.9
101131.55
101137.88
101147.61
101158.26
101169.29
101178.25
101185.66
101192.48
101201.74
101211.88
101221.98
101231.39
101239.59
101245.87
101249.89
101251.11
101250.49
101248.14
101246.33
101245.69
101250.49
101258.4
101270.56
101281.27
101342.59
100391.43
100390.88
100390.97
100391.59
100392.7
100394.27
100396.36
100399.08
100402.61
100407.14
100412.91
100420.16
100429.32
100440.23
100453.6
100470.69
100492.46
100520.68
100556.65
100601.13
100654.44
100712.17
100771.05
100826.6
100875.74
100916.46
100947.3
100970.4
100989
101005.18
101022.88
101040.27
101059.13
101078.42
101096.89
101113.05
101123.83
101128.39
101130.79
101137.07
101146.89
101157.9
101169.16
101178.21
101185.5
101192.33
101201.57
101211.71
101221.83
101231.25
101239.45
101245.73
101249.77
101250.99
101250.38
101248.06
101246.26
101245.6
101250.39
101258.29
101270.48
101281.11
101343.22
100386.35
100385.69
100385.6
100385.97
100386.8
100388.07
100389.85
100392.32
100395.72
100400.36
100406.61
100414.87
100425.55
100439.29
100455.6
100476.24
100501.7
100532.97
100570.97
100616.29
100667.53
100722.37
100777.28
100828.88
100874.27
100911.96
100940.73
100963.39
100982.52
101000.09
101019.33
101038.69
101059.3
101079.58
101098.52
101114.35
101124.12
101127.92
101130.1
101136.29
101146.18
101157.52
101168.96
101178.13
101185.34
101192.16
101201.38
101211.52
101221.65
101231.09
101239.3
101245.59
101249.64
101250.87
101250.27
101247.98
101246.2
101245.52
101250.29
101258.18
101270.41
101280.95
101343.71
100380.23
100379.71
100379.51
100379.64
100380.14
100381.04
100382.44
100384.57
100387.73
100392.36
100398.97
100408.12
100420.36
100436.79
100456.17
100480.42
100509.66
100543.99
100583.95
100629.99
100679.82
100731.62
100783.04
100830.71
100871.98
100906.87
100934.22
100956.6
100976.25
100995.15
101015.89
101037
101059.11
101080.25
101099.71
101115.37
101124.35
101127.49
101129.49
101135.55
101145.48
101157.1
101168.69
101178.01
101185.17
101191.99
101201.18
101211.32
101221.46
101230.92
101239.14
101245.44
101249.5
101250.75
101250.16
101247.92
101246.14
101245.46
101250.19
101258.07
101270.33
101280.79
101344.05
100373.67
100373.33
100373.03
100372.92
100373.09
100373.58
100374.55
100376.25
100379.07
100383.56
100390.37
100400.28
100413.98
100432.59
100455.14
100482.6
100515.38
100552.85
100594.92
100641.52
100690.6
100739.68
100787.83
100831.67
100869.57
100901.94
100928.16
100950.15
100970.44
100990.52
101012.66
101035.24
101058.63
101080.47
101100.47
101116.12
101124.57
101127.13
101128.95
101134.86
101144.8
101156.65
101168.36
101177.84
101184.98
101191.81
101200.96
101211.1
101221.25
101230.74
101238.97
101245.28
101249.37
101250.63
101250.06
101247.86
101246.09
101245.41
101250.1
101257.97
101270.26
101280.64
101344.24
100367.81
100367.45
100366.83
100366.3
100366.03
100366.04
100366.48
100367.63
100369.96
100374.16
100381.05
100391.61
100406.62
100426.97
100452.71
100482.89
100518.74
100559.03
100603.05
100650.47
100698.95
100746.49
100791.78
100832.28
100867.72
100897.62
100922.44
100944.23
100965.19
100986.3
101009.64
101033.42
101057.89
101080.28
101100.82
101116.61
101124.78
101126.86
101128.48
101134.23
101144.15
101156.18
101167.97
101177.64
101184.79
101191.63
101200.73
101210.86
101221.03
101230.54
101238.78
101245.12
101249.23
101250.52
101249.97
101247.8
101246.04
101245.37
101250
101257.86
101270.19
101280.49
101344.27
100362.98
100362.4
100361.4
100360.41
100359.59
100358.96
100358.77
100359.28
100360.94
100364.72
100371.5
100382.51
100398.69
100420.54
100448.7
100481.75
100520.21
100563.02
100608.65
100656.81
100704.89
100751.71
100794.74
100832.79
100865.81
100893.45
100917.19
100938.96
100960.54
100982.53
101006.82
101031.54
101056.95
101079.73
101100.77
101116.83
101124.99
101126.79
101128.08
101133.66
101143.56
101155.69
101167.53
101177.42
101184.58
101191.43
101200.49
101210.6
101220.78
101230.32
101238.59
101244.95
101249.09
101250.41
101249.88
101247.75
101246
101245.34
101249.91
101257.76
101270.12
101280.35
101344.17
100359.69
100358.9
100357.49
100355.9
100354.33
100352.97
100352.05
100351.83
100352.9
100356.29
100362.73
100373.82
100390.81
100413.98
100443.73
100479.35
100520.01
100564.87
100611.8
100660.51
100709.17
100754.95
100796.14
100832.55
100863.47
100889.47
100912.48
100934.32
100956.49
100979.22
101004.18
101029.59
101055.83
101078.88
101100.36
101116.79
101125.17
101126.8
101127.73
101133.15
101143.04
101155.18
101167.05
101177.2
101184.36
101191.23
101200.23
101210.33
101220.53
101230.1
101238.38
101244.78
101248.95
101250.3
101249.79
101247.7
101245.96
101245.32
101249.81
101257.66
101270.05
101280.22
101343.95
100359.18
100357.6
100355.62
100353.33
100350.96
100348.74
100346.91
100345.83
100346.17
100349.17
100355.05
100365.89
100382.55
100406.6
100438.48
100476.23
100519.05
100565.75
100613.82
100662.62
100711.24
100756.07
100796.18
100831.39
100860.83
100885.71
100908.24
100930.2
100952.96
100976.33
101001.72
101027.59
101054.56
101077.77
101099.63
101116.5
101125.29
101126.63
101127.46
101132.7
101142.57
101154.66
101166.54
101176.94
101184.12
101191.01
101199.96
101210.04
101220.26
101229.86
101238.17
101244.59
101248.8
101250.2
101249.7
101247.66
101245.93
101245.3
101249.72
101257.56
101269.99
101280.09
101343.63
100361.89
100359.71
100356.85
100353.63
100350.28
100346.99
100343.99
100341.75
100341
100342.69
100348.58
100359.36
100376.29
100400.85
100433.67
100472.9
100517.34
100565.16
100614.16
100663.26
100711.12
100755.52
100795.05
100829.37
100857.9
100882.08
100904.34
100926.45
100949.78
100973.77
100999.41
101025.57
101053.15
101076.46
101098.62
101115.96
101125.28
101126.38
101127.29
101132.3
101142.15
101154.12
101166
101176.59
101183.85
101190.79
101199.69
101209.74
101219.97
101229.61
101237.95
101244.41
101248.65
101250.1
101249.62
101247.63
101245.9
101245.3
101249.63
101257.46
101269.92
101279.97
101343.24
100366.38
100363.65
100360.84
100357.35
100353.38
100349.22
100345.13
100341.52
100339.52
100340.07
100345.12
100355.45
100372.2
100396.53
100429.64
100469.6
100514.92
100563.28
100612.9
100662.48
100709.38
100753.22
100792.57
100826.5
100854.54
100878.38
100900.62
100922.92
100946.74
100971.38
100997.18
101023.45
101051.55
101074.9
101097.37
101115.11
101125.15
101126.22
101127.2
101131.96
101141.79
101153.55
101165.43
101176.13
101183.56
101190.55
101199.39
101209.42
101219.67
101229.34
101237.71
101244.21
101248.5
101249.99
101249.54
101247.59
101245.88
101245.3
101249.54
101257.36
101269.86
101279.85
101342.8
100371.79
100369.2
100367.23
100364.34
100360.42
100355.91
100351.26
100346.67
100343.15
100342.72
100346.09
100355.16
100371.1
100394.09
100426.47
100465.93
100511.45
100560.09
100609.91
100659.61
100706.32
100749.18
100788.21
100822.54
100850.54
100874.43
100896.94
100919.56
100943.81
100969.03
100994.97
101021.11
101049.56
101072.99
101095.61
101113.75
101124.88
101126.07
101127.22
101131.73
101141.47
101152.94
101164.76
101175.56
101183.24
101190.29
101199.09
101209.09
101219.34
101229.05
101237.46
101244.01
101248.35
101249.9
101249.46
101247.56
101245.85
101245.3
101249.46
101257.26
101269.8
101279.76
101342.35
100373.38
100373.34
100372.17
100370.34
100367.92
100364.49
100360.54
100356.23
100352.76
100350.94
100352.62
100359.79
100374.44
100395.31
100425.14
100463.67
100508.56
100556.92
100606.36
100655.53
100702.36
100744.79
100782.65
100817.72
100846.22
100870.47
100893.53
100916.62
100941.28
100966.99
100993.02
101018.94
101047.33
101071.13
101093.13
101111.82
101124.39
101125.86
101127.34
101131.67
101141.11
101152.39
101164.04
101174.97
101182.9
101190.04
101198.79
101208.76
101219.01
101228.76
101237.21
101243.8
101248.19
101249.8
101249.39
101247.54
101245.83
101245.31
101249.37
101257.16
101269.75
101279.69
101341.89
100398.41
100379.45
100356.67
100335.56
100318.76
100306.16
100295.72
100286.92
100279.6
100406.53
100388.46
100368.15
100349.83
100334.92
100322.57
100312.26
100303.64
100296.62
100410.3
100394.3
100378.41
100362.95
100349.64
100338.33
100328.55
100320.34
100313.71
100416.77
100404.24
100391.56
100378.09
100365.54
100354.66
100345.2
100337.32
100331.03
100424.76
100415.23
100404.62
100392.52
100380.76
100370.3
100361.21
100353.71
100347.77
100432.56
100425.11
100416.1
100405.36
100394.56
100384.73
100376.2
100369.2
100363.7
100439.81
100433.88
100426.33
100416.97
100407.16
100398.06
100390.2
100383.81
100378.83
100446.56
100441.69
100435.61
100427.91
100418.73
100410.39
100403.27
100397.56
100393.15
100453.75
100450.25
100444.38
100436.65
100428.94
100421.7
100415.44
100410.46
100406.64
100460.05
100457.36
100452.84
100445.65
100438.62
100432.22
100426.79
100422.56
100419.35
100466.78
100464.17
100458.94
100453.11
100447.24
100441.82
100437.32
100433.89
100431.31
100471.55
100468.51
100464.48
100459.7
100454.87
100450.58
100447.14
100444.58
100442.67
100474.56
100472.31
100468.8
100465.03
100461.52
100458.63
100456.43
100454.85
100453.66
100474.84
100473.3
100471.22
100469.15
100467.47
100466.33
100465.6
100465.14
100464.74
100472.67
100472.41
100472.33
100472.58
100473.31
100474.35
100475.38
100476.21
100476.66
100468.44
100470.62
100473.14
100476.4
100480.18
100483.82
100486.84
100489.06
100490.39
100464.69
100469.52
100475.26
100482.56
100489.98
100496.51
100501.64
100505.29
100507.5
100464.75
100471.78
100482.63
100494.4
100505.36
100514.62
100521.68
100526.55
100529.46
100472.86
100486.01
100501.29
100516.06
100529.58
100540.87
100549.34
100555.11
100558.54
100500.13
100516.7
100533.66
100549.95
100564.78
100576.97
100585.95
100591.99
100595.53
100549.41
100564.42
100581.06
100597.16
100611.56
100623.22
100631.72
100637.42
100640.73
100613.57
100626.5
100641.53
100655.76
100668.24
100678.23
100685.42
100690.19
100692.88
100687.62
100697.89
100709.96
100721.09
100730.63
100738.09
100743.3
100746.67
100748.43
100764.28
100771.51
100780.25
100788.08
100794.61
100799.58
100803.01
100805.24
100806.37
100836.85
100841.36
100847.05
100851.92
100855.72
100858.38
100860.06
100861.07
100861.43
100900.25
100902.62
100905.83
100908.25
100909.73
100910.38
100910.48
100910.33
100909.93
100952.54
100953.4
100954.83
100955.57
100955.52
100954.96
100954.22
100953.59
100953
100992.55
100992.43
100992.65
100992.31
100991.34
100990.03
100988.75
100987.76
100987.01
101017.6
101016.89
101016.36
101015.42
101013.98
101012.33
101010.88
101009.88
101009.25
101029.88
101028.8
101027.9
101026.86
101025.69
101024.64
101024.3
101024.51
101024.73
101034.91
101034.7
101034.59
101034.33
101033.77
101033.11
101032.25
101031.53
101031.24
101038.95
101037.99
101036.81
101035.62
101034.53
101033.71
101033.34
101033.36
101033.56
101039.9
101039.17
101038.79
101038.66
101038.67
101038.67
101038.22
101037.52
101037.09
101048.34
101048.23
101047.26
101045.31
101043.44
101041.88
101041.12
101041.12
101041.3
101058.94
101057.46
101056.69
101056.93
101057.61
101058.43
101059.25
101059.87
101060.19
101085.15
101086.1
101087.23
101088.1
101088.72
101089.21
101089.5
101089.61
101089.58
101113.96
101114.39
101114.9
101115.27
101115.52
101115.64
101115.62
101115.51
101115.31
101130.68
101130.98
101131.43
101131.85
101132.14
101132.26
101132.23
101132.09
101131.88
101139.43
101139.65
101140.02
101140.43
101140.76
101140.96
101141.05
101141.04
101140.97
101142.71
101143.19
101143.83
101144.52
101145.16
101145.7
101146.11
101146.4
101146.52
101150.18
101150.12
101150.04
101149.96
101149.9
101149.87
101149.88
101149.92
101150.05
101157.61
101157.68
101157.8
101157.88
101157.8
101157.6
101157.47
101157.4
101157.37
101165.45
101165.38
101165.16
101164.76
101164.45
101164.29
101164.15
101164.02
101163.92
101175.12
101175.03
101175.09
101175.25
101175.41
101175.52
101175.56
101175.56
101175.53
101185.71
101185.92
101186.26
101186.56
101186.75
101186.89
101186.99
101187.04
101187.04
101193.06
101193.17
101193.28
101193.48
101193.77
101194.04
101194.2
101194.28
101194.32
101202.32
101202.51
101202.72
101202.87
101202.97
101203.06
101203.18
101203.3
101203.38
101212.16
101212.32
101212.53
101212.74
101212.94
101213.1
101213.22
101213.32
101213.39
101222.25
101222.41
101222.6
101222.8
101222.98
101223.15
101223.29
101223.39
101223.46
101231.89
101232.04
101232.24
101232.44
101232.64
101232.82
101232.97
101233.07
101233.15
101240.4
101240.54
101240.72
101240.91
101241.11
101241.28
101241.43
101241.54
101241.61
101246.97
101247.1
101247.26
101247.43
101247.61
101247.78
101247.92
101248.03
101248.11
101251.2
101251.31
101251.45
101251.6
101251.76
101251.91
101252.05
101252.15
101252.22
101252.75
101252.88
101253.02
101253.16
101253.31
101253.45
101253.57
101253.68
101253.75
101252.38
101252.54
101252.71
101252.88
101253.06
101253.25
101253.43
101253.6
101253.74
101249.64
101249.73
101249.84
101249.98
101250.14
101250.3
101250.45
101250.58
101250.68
101247.94
101248.08
101248.23
101248.39
101248.54
101248.7
101248.84
101248.98
101249.09
101248.19
101248.45
101248.69
101248.93
101249.17
101249.4
101249.62
101249.8
101249.95
101251.85
101251.96
101252.1
101252.25
101252.43
101252.61
101252.78
101252.92
101253.03
101259.9
101260.03
101260.19
101260.36
101260.55
101260.74
101260.92
101261.08
101261.2
101271.8
101271.91
101272.04
101272.19
101272.35
101272.52
101272.67
101272.8
101272.91
101283.21
101283.37
101283.54
101283.71
101283.9
101284.08
101284.25
101284.38
101284.49
101331.37
101330.53
101329.7
101328.97
101328.35
101327.85
101327.49
101327.25
101327.09
100269.83
100258.2
100247.18
100237.65
100230.57
100225.78
100287.31
100277.02
100267.42
100259.2
100253.28
100249.71
100305.11
100295.77
100287.12
100279.74
100274.3
100270.84
100323.11
100314.53
100306.57
100299.73
100294.56
100291.16
100340.53
100332.74
100325.51
100319.29
100314.55
100311.4
100357.19
100350.23
100343.79
100338.27
100334.05
100331.22
100373.07
100366.94
100361.27
100356.42
100352.71
100350.2
100388.14
100382.79
100377.86
100373.64
100370.39
100368.17
100402.35
100397.75
100393.51
100389.87
100387.05
100385.11
100415.76
100411.85
100408.25
100405.14
100402.72
100401.04
100428.39
100425.14
100422.11
100419.49
100417.42
100415.97
100440.41
100437.75
100435.26
100433.06
100431.31
100430.06
100452.05
100449.94
100447.91
100446.09
100444.61
100443.52
100463.78
100462.16
100460.52
100459.01
100457.74
100456.78
100476.32
100475.11
100473.79
100472.5
100471.37
100470.5
100490.62
100489.72
100488.6
100487.44
100486.38
100485.53
100508.22
100507.48
100506.41
100505.23
100504.07
100503.11
100530.47
100529.72
100528.56
100527.27
100526.04
100524.98
100559.7
100558.8
100557.44
100555.95
100554.57
100553.47
100596.58
100595.42
100593.82
100592.16
100590.71
100589.77
100641.48
100640.01
100638.16
100636.3
100634.67
100633.65
100693.09
100691.19
100688.98
100686.8
100684.88
100683.58
100748.01
100745.72
100743.26
100740.95
100739.04
100737.83
100805.69
100803.43
100801.09
100798.97
100797.22
100796.08
100860.36
100858.09
100855.83
100853.78
100852.08
100851
100908.51
100906.23
100904
100902.05
100900.49
100899.29
100951.72
100949.84
100948.06
100946.54
100945.41
100944.67
100985.89
100984.47
100983.2
100982.17
100981.44
100981.01
101008.52
101007.72
101007.22
101006.99
101006.85
101006.75
101024.77
101024.71
101024.55
101024.36
101024.28
101024.27
101031.08
101031
101031.04
101031.18
101031.35
101031.48
101033.78
101033.98
101034.22
101034.49
101034.74
101034.93
101036.82
101036.56
101036.4
101036.31
101036.26
101036.27
101041.42
101041.37
101041.28
101041.19
101041.1
101041.04
101060.17
101059.79
101059.38
101059
101058.69
101058.51
101089.25
101088.59
101087.94
101087.36
101086.93
101086.7
101114.91
101114.29
101113.69
101113.17
101112.8
101112.62
101131.55
101131.09
101130.65
101130.27
101130
101129.87
101140.82
101140.6
101140.37
101140.17
101140.03
101139.95
101146.51
101146.45
101146.39
101146.33
101146.28
101146.24
101150.16
101150.23
101150.28
101150.32
101150.35
101150.35
101157.32
101157.24
101157.18
101157.14
101157.11
101157.1
101163.8
101163.64
101163.5
101163.41
101163.34
101163.32
101175.43
101175.27
101175.12
101174.99
101174.91
101174.88
101186.97
101186.84
101186.71
101186.59
101186.51
101186.48
101194.32
101194.27
101194.22
101194.17
101194.13
101194.11
101203.4
101203.38
101203.36
101203.34
101203.33
101203.32
101213.42
101213.4
101213.37
101213.36
101213.34
101213.34
101223.48
101223.46
101223.44
101223.42
101223.41
101223.41
101233.19
101233.17
101233.16
101233.15
101233.15
101233.15
101241.65
101241.65
101241.65
101241.64
101241.64
101241.64
101248.16
101248.17
101248.18
101248.18
101248.18
101248.18
101252.27
101252.3
101252.32
101252.32
101252.33
101252.33
101253.81
101253.85
101253.87
101253.88
101253.89
101253.89
101253.87
101253.97
101254.05
101254.11
101254.13
101254.13
101250.77
101250.86
101250.92
101250.96
101250.98
101250.98
101249.19
101249.28
101249.36
101249.41
101249.44
101249.45
101250.08
101250.19
101250.27
101250.34
101250.37
101250.38
101253.14
101253.23
101253.31
101253.36
101253.39
101253.4
101261.32
101261.41
101261.5
101261.56
101261.6
101261.61
101273.02
101273.1
101273.18
101273.23
101273.27
101273.28
101284.63
101284.71
101284.78
101284.84
101284.88
101284.89
101326.99
101326.96
101326.95
101326.97
101326.99
101327.15
101440.38
101493.48
101546.85
101592.76
101621.46
101630.77
101325.03
101381.47
101436.36
101481.85
101508.91
101518.5
101200.86
101258.92
101313.68
101358.1
101384.4
101393.69
101065.02
101122.78
101175.88
101218.55
101244.27
101253.82
100919.28
100975.28
101025.67
101065.87
101090.37
101099.56
100764.89
100817.42
100863.8
100900.67
100923.65
100932.75
100605.81
100654.07
100696.29
100730.19
100752.4
100762.37
100450.56
100494.88
100533.38
100564.2
100584.59
100595.36
100298.9
100337.63
100370.87
100397.17
100414.22
100422.97
100158.26
100190.73
100218.25
100239.89
100253.95
100261.07
100038.06
100064.44
100086.34
100103.44
100114.67
100120.28
99943.222
99963.421
99980.068
99992.891
100001.25
100005.61
99879.945
99894.573
99906.032
99914.462
99919.21
99921.342
99854.938
99860.732
99864.726
99867.352
99869.338
99870.473
99842.77
99846.856
99849.617
99851.38
99852.589
99852.981
99859.68
99860.356
99859.804
99858.515
99857.182
99856.02
99893.314
99890.156
99886.423
99882.653
99879.386
99876.953
99938.135
99932.062
99925.905
99920.324
99915.912
99912.851
99990.746
99982.346
99974.188
99967.007
99961.463
99957.71
100046.07
100035.93
100026.27
100017.87
100011.42
100007.12
100100.64
100089.36
100078.76
100069.67
100062.8
100058.23
100151.69
100139.84
100128.71
100119.08
100111.67
100106.77
100198.79
100186.57
100175.19
100165.49
100158.17
100153.42
100238.15
100226.76
100215.97
100206.42
100198.79
100193.34
101739.19
101596.09
101465.07
101347.66
101268.65
101240.19
101259.6
101312.85
101379.23
101504.35
101379.97
101260.58
101164.2
101105.93
101093.86
101125.64
101188.08
101261.28
101234.2
101142.71
101051.02
100978.04
100939.35
100941.96
100984.38
101054.55
101133.72
100960.72
100899.81
100834.12
100786.11
100767.76
100784.52
100836.58
100913.1
100996.24
100682.06
100651.23
100614.31
100590.11
100591.38
100623.42
100684.5
100765.76
100850.68
100406.02
100403.42
100395.36
100396.04
100416.53
100462.24
100530.89
100614.65
100698.67
100141.96
100165.45
100184.57
100209.46
100248.25
100305.55
100379.55
100463.19
100543.74
99899.284
99945.705
99989.332
100036.24
100091.41
100158.17
100235.38
100317.04
100392.92
99681.518
99748.96
99815.051
99881.584
99950.645
100024.38
100102.1
100179.06
100247.72
99511.333
99589.165
99670.847
99752.389
99831.649
99909.556
99985.179
100055.11
100114.74
99316.517
99420.7
99538.688
99643.399
99735.192
99817.848
99890.297
99952.094
100002.2
99266.704
99375.391
99475.398
99573.023
99668.187
99755.082
99823.147
99875.572
99915.427
99225.671
99342.845
99460.308
99573.499
99665.133
99735.376
99790.519
99829.633
99858.901
99233.125
99347.63
99463.631
99573.109
99665.188
99735.12
99787.427
99824.117
99844.818
99286.697
99393.06
99501.204
99602.007
99687.124
99750.851
99794.143
99820.888
99835.35
99382.858
99476.459
99571.861
99662.14
99736.994
99791.133
99825.889
99845.802
99855.588
99510.078
99585.513
99664.562
99740.342
99803.268
99848.152
99875.543
99889.147
99893.564
99659.574
99713.64
99772.363
99830.617
99879.73
99914.241
99933.79
99941.517
99941.635
99820.993
99851.229
99887.021
99926.072
99960.484
99984.438
99996.685
99999.629
99996.647
99979.156
99986.182
99999.567
100019.8
100039.95
100054.01
100059.85
100058.95
100053.73
100118
100107.34
100102.4
100106.38
100113.92
100119.34
100119.9
100116.11
100109.41
100229.76
100206.84
100189.08
100181.21
100179.16
100177.84
100174.35
100168.5
100161
100311.53
100287.74
100263.4
100246.86
100236.94
100230.1
100223.52
100216.29
100208.32
100356.92
100329.82
100304.98
100287.71
100276
100267.96
100261.05
100254.25
100247.18
102027.93
102081.67
102068.81
102016.65
101955.31
101892.96
101612.78
101701.98
101713.1
101685.8
101650.65
101615.46
101191.22
101313.68
101345.6
101342.41
101331.84
101319.67
100773.32
100921.13
100971.76
100992.15
101005.8
101016.82
100363.23
100533.82
100599.76
100642.04
100678.1
100710.35
99969.163
100160.62
100238.36
100300.81
100357.07
100408.16
99600.094
99808.035
99899.492
99978.558
100051.98
100119.59
99266.931
99488.245
99592.037
99685.452
99773.49
99855.124
98985.022
99214.318
99323.721
99426.647
99525.376
99617.794
98746.146
98988.042
99118.137
99231.783
99338.733
99437.315
98615.176
98852.943
98943.317
99034.447
99134.125
99232.544
98442.925
98679.963
98766.478
98893.355
99023.77
99149.296
98267.703
98544.464
98686.328
98831.97
98973.059
99104.171
98222.352
98565.476
98719.681
98855.733
98989.064
99114.486
98368.251
98682.381
98801.932
98924.97
99052.869
99173.423
98577.377
98828.92
98933.808
99047.071
99166.664
99278.828
98804.495
99017.029
99116.108
99217.477
99323.741
99422.521
99068.587
99249.358
99336.423
99425.142
99513.896
99593.597
99387.513
99530.626
99591.837
99654.081
99718.618
99777.624
99730.763
99825.299
99856.151
99888.172
99924.847
99959.714
100052.78
100099.15
100096.76
100095.94
100104.79
100117.55
100272.63
100298.8
100279.63
100258.94
100248.01
100243.25
100368.25
100370.82
100359.49
100345.83
100333.91
100323.94
100376.48
100378.53
100383.67
100381.69
100378.69
100373.28
100367.57
100390.58
100392.53
100393.73
100392.55
100396.44
100385.52
100390.56
100393.01
100395.97
100400.65
100413.9
100391.22
100392.99
100394.86
100398.08
100403.08
100422.7
100394.89
100396.9
100398.53
100401.5
100406.74
100420.06
100397.13
100399.22
100400.44
100402.75
100406.41
100412.76
100398.87
100400.66
100401.53
100403.01
100405.14
100408.24
100401.19
100402.46
100402.62
100403.31
100404.29
100405.86
100404.46
100404.52
100404.16
100403.83
100403.97
100404.57
100408.3
100407.17
100405.59
100404.1
100403.25
100403.08
100412.6
100410.47
100407.37
100404.41
100402.44
100401.58
100417.2
100413.3
100408.9
100404.71
100401.52
100399.69
100420.91
100413.72
100408.54
100403.48
100399.55
100397.02
100418.26
100412.66
100406.42
100400.48
100395.98
100393.03
100412.78
100408.04
100401.92
100395.87
100391.27
100388.2
100404.23
100400.25
100394.88
100389.39
100385.15
100382.22
100393.23
100390.24
100385.8
100381.45
100378.12
100375.69
100381.96
100380.07
100377.15
100374.16
100371.67
100369.91
100371.89
100371.15
100369.7
100368.04
100366.63
100365.47
100363.74
100364.57
100364.21
100363.84
100363.22
100362.45
100358.56
100360.28
100360.97
100361.38
100361.5
100361.54
100356.2
100358.68
100359.87
100361.1
100362.5
100363.96
100355.93
100358.09
100359.15
100361.39
100365.15
100369.69
100355.2
100356.89
100357.49
100361.03
100366.49
100375.73
100353.29
100356.11
100356.52
100358.48
100364.63
100373.69
100971.89
101115.86
101175.61
101197.04
101200.08
101198.2
101363.82
101476.4
101515.42
101515.9
101496.95
101463.32
101753.87
101836.89
101854.55
101833.41
101793.22
101737.35
102136.39
102191.09
102187.12
102144.37
102082.99
102007.08
102506.23
102533.32
102507.53
102443.34
102361.59
102266.55
102858.7
102857.99
102809.96
102724.59
102623.87
102512.5
103182.46
103154.9
103085.25
102980.53
102863.39
102740.55
103456.42
103412.56
103325.74
103207.27
103076.48
102944.31
103695.87
103650.2
103547.47
103415.32
103274.62
103126.8
103912.57
103854.77
103739.75
103596.42
103440.58
103281.05
104090.83
104019.39
103894.11
103740.47
103574.26
103405.94
104229.79
104150.68
104017.45
103851.05
103675.81
103500.48
104329.36
104235.93
104095.42
103925.37
103746.72
103567.37
104385.07
104251.1
104108.17
103944.84
103770.97
103593.67
104371.26
104267.46
104123.67
103952.53
103772.53
103591.41
104317.7
104231.49
104093.58
103922.19
103741.16
103559.18
104211.62
104134.22
104002.49
103837.68
103662.63
103485.99
104069.82
103999.65
103873.55
103718.99
103551.8
103380.73
103890.48
103831.94
103714.17
103567.4
103411.71
103247.33
103669.44
103622.8
103517.22
103381.69
103233.54
103075.44
103419.09
103375.74
103284.64
103160.63
103020.64
102877.51
103137.08
103103.81
103027.32
102916.43
102791.19
102659.36
102805.53
102795.66
102737.71
102642.64
102532.32
102419.01
102429.68
102446.92
102407.98
102328.37
102231.74
102152.16
100353.74
100356.31
100356.74
100358.7
100359.87
100350.79
100350.13
100354.17
100354.32
100351.47
100348.97
100347.81
100339.97
100345.81
100339.71
100329.11
100322.35
100316.4
100284.76
100307.01
100287.84
100269.17
100258.06
100252.4
100138.15
100181.03
100165.54
100152.16
100152.34
100159.04
99908.429
99976.764
99984.873
99997.822
100020.55
100044.97
99612.023
99736.81
99774.519
99817.072
99865.682
99911.23
99311.341
99489.559
99559.639
99632.333
99706.777
99773.274
99046.447
99272.254
99363.583
99453.316
99550.925
99641.421
98818.163
99082.388
99187.015
99297.626
99415.418
99524.619
98611.623
98934.072
99047.392
99171.58
99305.313
99430.483
98408.854
98825.574
98949.95
99083.607
99227.523
99364.247
98267.736
98742.156
98894.062
99039.059
99188.326
99331.972
98237.772
98670.016
98853.745
99021.367
99180.534
99331.339
98349.037
98685.306
98818.314
98997.237
99178.004
99343.492
98516.288
98824.626
98904.453
99049.638
99220.123
99380.786
98625.032
98952.587
99108.379
99252.132
99368.462
99496.725
98794.297
99103.757
99242.658
99386.767
99525.994
99661.302
99001.775
99297.29
99429.806
99561.713
99692.331
99821.291
99250.378
99525.915
99653.258
99769.854
99887.355
100006.72
99538.254
99793.281
99912.221
100011.47
100112.46
100218.32
99860.452
100093.1
100199.7
100280.26
100363.26
100453.77
100214.55
100418.8
100512.04
100574.8
100640.96
100717.75
100587.69
100762.31
100840.67
100885.8
100931.52
100985.91
102265.91
102442.09
102636.16
102825.92
102991.05
103133.95
103245.02
103332.46
103390.7
103417.79
103419.87
103392.45
103332.79
103250.27
103141.61
103008.36
102850.34
102670.5
102472.94
102259.59
102033.82
101798.16
101564.64
101351.43
102309.26
102420.7
102595.28
102761.81
102898.56
103015.68
103108.73
103180.32
103225.97
103248.06
103247.86
103219.75
103166.72
103094.52
102999.9
102883.45
102747.63
102594.44
102423.64
102235.73
102034.87
101822.02
101609.63
101445.31
102321.98
102406.96
102560.99
102697.38
102807.5
102896.92
102971.43
103026.23
103060.04
103076.42
103072.68
103045.15
102999.19
102937.51
102857.72
102760.43
102647.66
102518.17
102374.86
102214.62
102042.76
101857.76
101667.22
101527.29
102320.73
102389.68
102517.47
102623.47
102707.69
102776.6
102832.49
102871.97
102896.55
102907.46
102899.84
102873.87
102834.6
102782.45
102715.93
102635.51
102542.54
102437.05
102314.62
102182.89
102038.89
101882.44
101719.28
101602.6
102310.1
102363.57
102460.87
102538.97
102602.31
102654.17
102694.29
102721.66
102738.65
102744.25
102733.77
102709.87
102676.52
102632.72
102577.68
102511.59
102434.78
102347.35
102250.38
102142.95
102023.95
101893.03
101757.83
101666.53
102289.97
102322.38
102391.21
102449.07
102496.07
102533.39
102560.92
102579.13
102589.7
102590.08
102577.75
102556.45
102528.13
102491.51
102446.34
102392.77
102330.88
102260.74
102183.12
102097.27
102001.87
101893.88
101783.09
101715.29
102255.04
102270.2
102315.5
102358.45
102392.83
102418.47
102436.25
102447.97
102453.02
102448.48
102435.42
102416.7
102392.44
102361.84
102324.86
102281.62
102232.16
102176.45
102114.67
102046.85
101972.26
101887.65
101797.82
101746.86
102213.83
102212.47
102241.46
102273.57
102298.03
102314.59
102325.13
102331.17
102331.08
102323.34
102310.49
102293.83
102272.74
102246.96
102216.55
102181.56
102141.99
102097.8
102048.99
101995.52
101936.89
101871.82
101803.42
101764.98
102176.99
102167.92
102182.44
102202.55
102217.37
102226.4
102231.61
102232.55
102227.7
102218.34
102206.14
102190.91
102172.29
102150.26
102124.9
102096.21
102064.18
102028.79
101990.04
101947.86
101901.59
101850.21
101798.32
101773.52
102141.62
102125.59
102131.85
102144.25
102152.72
102157.09
102157.85
102154.12
102146.82
102137.31
102125.59
102111.36
102094.61
102075.39
102053.73
102029.6
102003
101973.89
101942.29
101908.17
101870.92
101829.57
101788.18
101771.15
102111.89
102096.39
102099.48
102106.58
102110.69
102110.56
102107.08
102101.11
102093.37
102083.83
102072.34
102058.91
102043.61
102026.44
102007.38
101986.4
101963.45
101938.5
101911.54
101882.5
101850.94
101816.55
101783.03
101766.94
102103.03
102091.94
102091.63
102092.88
102092.57
102089.83
102085.23
102079.16
102071.57
102062.37
102051.59
102039.3
102025.49
102010.1
101993.05
101974.26
101953.68
101931.27
101906.98
101880.57
101851.53
101820.67
101794.49
101782
102106.62
102101.88
102099.86
102098.19
102095.7
102092.11
102087.43
102081.56
102074.41
102065.9
102056.12
102045.1
102032.94
102019.59
102004.96
101988.9
101971.29
101952.06
101931.11
101908.12
101882.37
101853.95
101828.08
101814.22
102096.21
102095.88
102093.89
102091.34
102088.15
102084.1
102079.07
102073.01
102065.95
102058.2
102049.72
102040.48
102030.59
102019.92
102008.39
101996.02
101982.82
101968.77
101953.89
101938.12
101921.08
101902.38
101884.16
101876.14
102073.13
102071.26
102067.59
102063.39
102058.75
102053.6
102047.91
102041.72
102035.05
102027.95
102020.39
102012.39
102003.93
101994.99
101985.55
101975.59
101965.09
101954.05
101942.5
101930.42
101917.8
101904.82
101892.96
101886.25
102038.58
102033.88
102028.35
102022.92
102017.47
102011.89
102006.16
102000.3
101994.32
101988.21
101981.98
101975.6
101969.04
101962.27
101955.24
101947.91
101940.22
101932.11
101923.53
101914.44
101904.81
101894.9
101885.79
101878.79
101994.43
101988.95
101982.96
101977.2
101971.54
101965.87
101960.17
101954.45
101948.72
101943.01
101937.32
101931.66
101926.03
101920.45
101914.92
101909.43
101903.96
101898.48
101892.95
101887.29
101881.45
101875.44
101869.56
101864.05
101948.81
101943.29
101937.43
101931.79
101926.28
101920.83
101915.41
101910.03
101904.71
101899.44
101894.21
101889.03
101883.89
101878.78
101873.71
101868.68
101863.72
101858.83
101854
101849.24
101844.55
101839.99
101835.7
101831.59
101901.87
101896.72
101891.28
101886.06
101881.01
101876.05
101871.19
101866.43
101861.78
101857.23
101852.79
101848.44
101844.19
101840.05
101836
101832.03
101828.13
101824.32
101820.57
101816.9
101813.29
101809.79
101806.49
101803.32
101855.42
101850.85
101846.09
101841.51
101837.09
101832.76
101828.5
101824.33
101820.24
101816.23
101812.31
101808.48
101804.73
101801.08
101797.53
101794.07
101790.72
101787.48
101784.35
101781.34
101778.45
101775.71
101773.19
101770.75
101810.21
101806.38
101802.4
101798.57
101794.87
101791.26
101787.74
101784.32
101780.98
101777.74
101774.59
101771.53
101768.56
101765.67
101762.86
101760.14
101757.51
101754.96
101752.5
101750.12
101747.83
101745.66
101743.67
101741.76
101766.66
101763.54
101760.3
101757.18
101754.16
101751.21
101748.33
101745.52
101742.77
101740.1
101737.5
101734.98
101732.53
101730.16
101727.87
101725.65
101723.52
101721.48
101719.52
101717.64
101715.86
101714.2
101712.67
101711.19
101726.37
101723.95
101721.44
101719.01
101716.67
101714.38
101712.15
101709.97
101707.85
101705.8
101703.8
101701.86
101699.97
101698.15
101696.38
101694.67
101693.03
101691.45
101689.93
101688.47
101687.08
101685.78
101684.58
101683.42
101688.55
101686.72
101684.82
101682.98
101681.2
101679.45
101677.75
101676.08
101674.46
101672.88
101671.34
101669.85
101668.4
101667
101665.64
101664.33
101663.07
101661.86
101660.69
101659.58
101658.53
101657.54
101656.62
101655.73
101655.67
101654.29
101652.91
101651.56
101650.24
101648.95
101647.68
101646.45
101645.24
101644.06
101642.91
101641.79
101640.7
101639.65
101638.62
101637.63
101636.67
101635.75
101634.86
101634
101633.19
101632.42
101631.7
101631
101625.32
101624.38
101623.39
101622.42
101621.48
101620.55
101619.63
101618.74
101617.86
101617
101616.16
101615.35
101614.55
101613.77
101613.02
101612.29
101611.58
101610.89
101610.23
101609.59
101608.98
101608.4
101607.85
101607.3
101600.25
101599.6
101598.91
101598.22
101597.54
101596.86
101596.19
101595.53
101594.87
101594.22
101593.58
101592.94
101592.32
101591.7
101591.09
101590.49
101589.9
101589.33
101588.76
101588.21
101587.67
101587.15
101586.65
101586.15
101577.65
101577.24
101576.79
101576.35
101575.9
101575.45
101575
101574.55
101574.11
101573.66
101573.22
101572.78
101572.34
101571.9
101571.47
101571.04
101570.61
101570.19
101569.77
101569.35
101568.94
101568.54
101568.15
101567.74
101560.64
101560.37
101560.08
101559.76
101559.45
101559.12
101558.79
101558.45
101558.11
101557.77
101557.42
101557.06
101556.7
101556.34
101555.97
101555.6
101555.23
101554.86
101554.48
101554.11
101553.73
101553.36
101552.98
101552.59
101545.91
101545.7
101545.47
101545.22
101544.96
101544.69
101544.4
101544.11
101543.81
101543.51
101543.19
101542.87
101542.53
101542.18
101541.82
101541.45
101541.07
101540.68
101540.29
101539.88
101539.47
101539.05
101538.62
101538.18
101530.26
101530.13
101529.99
101529.82
101529.63
101529.42
101529.2
101528.97
101528.73
101528.5
101527.95
101527.63
101527.3
101526.95
101526.58
101526.19
101525.79
101525.38
101524.95
101524.5
101524.04
101523.57
101523.1
101522.62
101464.06
101405.04
101354.79
101335.68
101361.76
101436.91
101548.28
101658.33
101774.69
101533.81
101478.29
101430.88
101412.69
101437.86
101511.14
101624.22
101745.68
101847.38
101605.44
101554.26
101509.69
101491.06
101512.33
101578.82
101684.48
101803.45
101894.41
101678.74
101632.14
101590.66
101571.49
101587.96
101645.55
101738.76
101845.5
101926.56
101752.21
101710.67
101672.54
101652.83
101663.91
101711.25
101789.79
101880.87
101951.75
101824.09
101787.75
101753.2
101733.11
101738.59
101775.01
101838.38
101913.55
101974.91
101892.88
101861.21
101830.21
101810.07
101810.44
101836.77
101887.53
101951.04
101998.42
101956.88
101929.81
101902.31
101882.99
101880.43
101901.18
101944.51
101996.77
102019.11
102009.58
101989.05
101967.07
101950.88
101947.31
101959.58
101981.59
102007.25
102018.47
102048.85
102037.87
102019.63
102001.13
101989.55
101988.16
102001.02
102022.67
102028.89
102064.65
102065.33
102061.77
102052.31
102042.05
102036.47
102039.41
102045.43
102041.03
102069
102070.8
102074.15
102078.88
102081.84
102082.06
102081.44
102079.29
102070.86
102066.28
102069.18
102072.02
102076.69
102083.37
102091.18
102097.81
102101.4
102100.65
102056.38
102059.26
102063.02
102067.43
102072.43
102078.18
102084.57
102091.13
102096.34
102037.73
102040.36
102043.88
102048.49
102053.91
102059.34
102064.39
102069.16
102073.16
102010.96
102013.17
102016.04
102019.54
102023.68
102028.27
102032.84
102036.9
102039.68
101977.19
101978.96
101981.17
101983.77
101986.61
101989.42
101992.12
101994.7
101996.48
101938.07
101939.55
101941.34
101943.31
101945.33
101947.28
101949.04
101950.61
101951.49
101895.62
101896.77
101898.12
101899.56
101900.95
101902.16
101903.19
101904.15
101904.61
101851.6
101852.55
101853.65
101854.77
101855.79
101856.63
101857.29
101857.86
101858.03
101807.62
101808.37
101809.25
101810.12
101810.9
101811.5
101811.95
101812.35
101812.45
101764.99
101765.57
101766.25
101766.92
101767.51
101767.94
101768.25
101768.51
101768.55
101724.96
101725.42
101725.97
101726.52
101726.98
101727.33
101727.58
101727.8
101727.86
101687.49
101687.84
101688.26
101688.67
101689.02
101689.28
101689.46
101689.62
101689.7
101655
101655.25
101655.54
101655.82
101656.07
101656.24
101656.35
101656.47
101656.53
101624.86
101625.03
101625.24
101625.45
101625.62
101625.75
101625.83
101625.92
101625.96
101600.13
101600.24
101600.37
101600.49
101600.59
101600.65
101600.68
101600.72
101600.73
101577.56
101577.63
101577.72
101577.81
101577.88
101577.92
101577.94
101577.97
101577.97
101560.87
101560.89
101560.92
101560.94
101560.95
101560.94
101560.91
101560.9
101560.89
101546.25
101546.26
101546.26
101546.26
101546.24
101546.2
101546.16
101546.14
101546.12
101530.69
101530.69
101530.68
101530.67
101530.64
101530.59
101530.54
101530.47
101530.4
101522.1
101591.6
101658.5
101726.4
101793.86
101859.63
101922.85
101980.04
102023.96
102052.16
102063.94
102068
102064.9
102054.85
102036.35
102009.89
101976.4
101937.45
101895.18
101851.23
101807.32
101764.75
101724.75
101687.32
101654.87
101624.76
101600.05
101577.49
101560.82
101546.2
101530.68
101570.05
101635.71
101699.01
101762.69
101825.4
101886.3
101944.64
101994.64
102030.03
102051.76
102062.61
102067
102064.42
102054.08
102035.84
102009.63
101976.38
101937.52
101895.34
101851.38
101807.47
101764.86
101724.83
101687.37
101654.92
101624.79
101600.08
101577.5
101560.83
101546.2
101530.69
101621.31
101682.87
101741.63
101800.08
101857.1
101911.86
101962.13
102002.65
102030.86
102050.65
102061.5
102066.19
102063.76
102053.39
102035.36
102009.36
101976.32
101937.53
101895.43
101851.46
101807.55
101764.94
101724.87
101687.4
101654.94
101624.81
101600.09
101577.5
101560.85
101546.3
101530.84
101666.08
101723.59
101777.94
101830.53
101881.39
101928.98
101970.4
102004.32
102030.3
102049.54
102060.84
102065.79
102063.25
102052.96
102035.03
102009.17
101976.28
101937.53
101895.48
101851.51
101807.61
101764.98
101724.9
101687.42
101654.96
101624.82
101600.1
101577.49
101560.83
101546.11
101530.17
101693.96
101748.05
101800.33
101846.92
101892.59
101934.79
101972.08
102003.96
102029.71
102048.78
102060.42
102065.54
102062.88
102052.73
102034.86
102009.06
101976.25
101937.53
101895.51
101851.54
101807.64
101765.01
101724.92
101687.43
101654.97
101624.83
101600.11
101577.5
101560.85
101546.31
101531.38
101704.59
101756.21
101806.2
101851
101894.71
101935.03
101971.81
102003.72
102029.45
102048.44
102060.22
102065.45
102062.78
102052.66
102034.79
102009.01
101976.26
101937.52
101895.52
101851.55
101807.66
101765.02
101724.93
101687.45
101654.98
101624.83
101600.11
101577.5
101560.84
101546.18
101529.89
)
;

boundaryField
{
    Side1
    {
        type            empty;
    }
    Inlet
    {
        type            totalPressure;
        rho             rho;
        psi             none;
        gamma           1;
        p0              uniform 102920.87;
        value           nonuniform List<scalar> 
70
(
101521.13
101520.76
101520.33
101519.83
101519.26
101518.61
101517.85
101516.97
101515.98
101514.86
101513.62
101512.24
101510.7
101508.95
101506.97
101504.73
101502.18
101499.34
101496.19
101492.74
101488.64
101483.65
101477.88
101471.92
101465.65
101458.71
101450.93
101443.03
101435.65
101429.54
101425.74
101528.97
101528.82
101528.65
101528.46
101528.24
101528.01
101527.77
101527.51
101527.24
101526.94
101526.59
101526.26
101525.94
101525.61
101525.27
101524.92
101524.56
101524.18
101523.79
101523.38
101522.96
101522.52
101522.06
101521.56
101529.13
101529.19
101529.23
101529.26
101529.26
101529.24
101529.19
101529.13
101529.07
101529.05
101528.91
101528.66
101527.84
101524.92
101483.1
)
;
    }
    Freestream
    {
        type            slip;
    }
    Side2
    {
        type            empty;
    }
    Outlet
    {
        type            freestreamPressure;
        freestreamValue uniform 101325;
        value           uniform 101325;
    }
    Botwall
    {
        type            zeroGradient;
    }
    Cyli
    {
        type            zeroGradient;
    }
}


// ************************************************************************* //
