/*--------------------------------*- C++ -*----------------------------------*\
| =========                 |                                                 |
| \\      /  F ield         | OpenFOAM: The Open Source CFD Toolbox           |
|  \\    /   O peration     | Version:  2406                                  |
|   \\  /    A nd           | Website:  www.openfoam.com                      |
|    \\/     M anipulation  |                                                 |
\*---------------------------------------------------------------------------*/
FoamFile
{
    version     2.0;
    format      ascii;
    arch        "LSB;label=32;scalar=64";
    class       volScalarField;
    location    "0.05";
    object      rho;
}
// * * * * * * * * * * * * * * * * * * * * * * * * * * * * * * * * * * * * * //

dimensions      [1 -3 0 0 0 0 0];

internalField   nonuniform List<scalar> 
8260
(
1.2147141
1.212876
1.2114877
1.20985
1.2082035
1.2066922
1.2054592
1.2044709
1.2036575
1.2030684
1.2027074
1.2025059
1.2024152
1.2024374
1.2025267
1.2026581
1.2028198
1.2029788
1.2031341
1.2033327
1.20351
1.2036861
1.2038514
1.2040405
1.2042386
1.2044509
1.2045605
1.2043611
1.2042269
1.2039096
1.2021185
1.2167561
1.2151566
1.2134411
1.2115603
1.2097583
1.2081174
1.2067121
1.2055378
1.2045657
1.203822
1.2033117
1.2029866
1.2027915
1.2027331
1.2027609
1.2028458
1.2029737
1.2031103
1.2032503
1.2034348
1.2035998
1.2037631
1.2039142
1.2040852
1.2042627
1.2044601
1.2045619
1.2043642
1.2042368
1.2039361
1.2021255
1.2178207
1.2163897
1.2146438
1.212734
1.2109082
1.209233
1.2077509
1.2064777
1.2054066
1.2045544
1.2039386
1.2035025
1.2032177
1.2030799
1.2030416
1.2030698
1.2031503
1.2032489
1.2033604
1.2035184
1.2036629
1.2038118
1.2039541
1.2041199
1.2042923
1.2044846
1.2045766
1.204373
1.2042515
1.2039658
1.2021351
1.2184908
1.2171898
1.2155504
1.213718
1.2119296
1.2102604
1.2087451
1.2074091
1.2062622
1.2053212
1.2046012
1.2040655
1.2036898
1.2034654
1.2033555
1.2033208
1.2033481
1.2034049
1.2034857
1.2036141
1.2037375
1.2038708
1.2040024
1.2041607
1.2043258
1.2045134
1.2045931
1.2043849
1.2042693
1.2039967
1.2021422
1.2189285
1.2177394
1.2162578
1.214561
1.2128591
1.2112347
1.209722
1.2083518
1.2071466
1.2061277
1.2053103
1.2046764
1.2042065
1.2038947
1.2037033
1.2036013
1.2035712
1.2035835
1.2036293
1.2037251
1.2038253
1.2039407
1.2040597
1.2042083
1.204364
1.2045449
1.2046104
1.2043988
1.2042896
1.2040294
1.2021458
1.2191218
1.2180553
1.2167504
1.2152249
1.2136519
1.2121126
1.2106417
1.2092721
1.2080345
1.2069558
1.2060554
1.2053298
1.2047681
1.2043644
1.204089
1.203915
1.2038226
1.2037855
1.2037909
1.2038508
1.2039247
1.2040198
1.2041244
1.2042623
1.2044078
1.2045806
1.2046295
1.2044148
1.2043128
1.2040642
1.2021514
1.2191142
1.2181685
1.2170418
1.2157035
1.2142872
1.2128658
1.2114721
1.2101385
1.208899
1.2077851
1.2068213
1.206016
1.205368
1.204874
1.2045133
1.2042631
1.204104
1.204012
1.2039727
1.203993
1.2040372
1.2041095
1.204198
1.2043237
1.204458
1.2046211
1.2046508
1.2044335
1.2043393
1.2041004
1.2022154
1.2189411
1.2181155
1.2171631
1.2160142
1.2147677
1.2134853
1.2121957
1.2109282
1.2097167
1.2085947
1.2075907
1.2067224
1.2059979
1.205419
1.204974
1.2046455
1.2044161
1.2042647
1.2041764
1.2041534
1.2041648
1.2042115
1.2042818
1.2043937
1.2045153
1.2046669
1.2046742
1.2044554
1.2043695
1.204137
1.2022724
1.2186916
1.2180424
1.2172113
1.2162081
1.2151157
1.2139747
1.2128029
1.2116233
1.2104656
1.2093622
1.2083433
1.2074325
1.2066458
1.2059916
1.2054666
1.2050602
1.2047586
1.2045445
1.2044033
1.2043334
1.2043088
1.2043272
1.204377
1.2044733
1.204581
1.2047183
1.2046998
1.2044807
1.2044037
1.2041738
1.2023286
1.2183711
1.2179137
1.2171748
1.2162809
1.2153287
1.2143292
1.2132839
1.2122077
1.2111253
1.2100652
1.2090567
1.2081266
1.2072963
1.2065803
1.2059836
1.2055029
1.2051297
1.2048509
1.2046538
1.2045343
1.2044705
1.2044579
1.204485
1.2045638
1.2046562
1.204776
1.2047277
1.20451
1.2044425
1.2042102
1.2023901
1.2178186
1.217565
1.217027
1.2162597
1.2154208
1.2145499
1.2136319
1.2126688
1.2116775
1.2106818
1.2097079
1.2087825
1.20793
1.2071698
1.2065139
1.2059664
1.205525
1.205182
1.2049274
1.2047563
1.2046509
1.2046049
1.2046072
1.2046663
1.2047421
1.2048395
1.2047577
1.2045436
1.2044859
1.2042456
1.2024636
1.217289
1.2170553
1.2166691
1.2161047
1.2153952
1.2146359
1.21384
1.212995
1.2121067
1.2111924
1.2102742
1.2093769
1.208525
1.207741
1.2070424
1.2064398
1.2059375
1.2055335
1.2052222
1.2049991
1.2048505
1.2047693
1.204745
1.2047824
1.2048401
1.2049076
1.2047897
1.2045817
1.2045339
1.2042796
1.2025552
1.2167253
1.2165583
1.216229
1.2157938
1.215257
1.2146098
1.2139189
1.2131855
1.2124036
1.2115814
1.2107354
1.2098866
1.2090579
1.2082723
1.2075506
1.2069086
1.2063566
1.2058987
1.2055343
1.205261
1.2050692
1.2049519
1.2048996
1.2049134
1.2049509
1.2049794
1.2048246
1.2046241
1.2045861
1.204312
1.202672
1.2161486
1.2160369
1.2157761
1.2153958
1.2149799
1.2144864
1.2138855
1.2132438
1.2125621
1.2118362
1.2110737
1.2102902
1.2095053
1.2087405
1.2080173
1.207355
1.2067686
1.206268
1.2058577
1.2055387
1.2053056
1.2051528
1.2050721
1.2050608
1.2050754
1.2050542
1.2048655
1.2046709
1.2046419
1.2043447
1.2028194
1.2155501
1.2154864
1.2152919
1.2149876
1.214625
1.2142076
1.2137111
1.2131531
1.2125661
1.2119402
1.2112713
1.2105678
1.2098452
1.2091223
1.2084201
1.2077589
1.207157
1.2066288
1.2061838
1.205827
1.2055574
1.2053716
1.2052632
1.2052261
1.2052135
1.2051302
1.2049156
1.2047223
1.2047008
1.2043818
1.2029934
1.2148403
1.2148133
1.2146643
1.2144115
1.2141111
1.2138096
1.2134627
1.2130005
1.2124682
1.2119125
1.2113279
1.2107083
1.2100604
1.2093975
1.2087373
1.2080996
1.2075036
1.2069666
1.206502
1.2061189
1.2058207
1.2056069
1.2054734
1.2054105
1.2053635
1.2052057
1.2049759
1.204779
1.2047619
1.2044287
1.2031069
1.2140518
1.2140614
1.2139572
1.2137584
1.2135093
1.2132291
1.2129542
1.2126812
1.2123024
1.2117973
1.2112542
1.2107046
1.2101365
1.2095481
1.20895
1.2083582
1.2077909
1.2072665
1.2068009
1.2064067
1.206091
1.2058568
1.2057029
1.2056141
1.2055207
1.2052835
1.2050444
1.2048425
1.2048247
1.2044799
1.2032186
1.2131848
1.2132279
1.2131639
1.2130159
1.2128301
1.212618
1.2123731
1.2120984
1.2118286
1.2115123
1.211081
1.2105864
1.2100782
1.2095662
1.2090455
1.208521
1.2080055
1.2075162
1.2070703
1.2066825
1.2063632
1.206119
1.2059513
1.2058341
1.205677
1.2053745
1.2051203
1.2049139
1.2048883
1.2045326
1.2033374
1.2122196
1.2122852
1.2122507
1.2121409
1.212
1.2118401
1.2116558
1.2114384
1.2111914
1.2109584
1.2107393
1.2104227
1.2099797
1.2095029
1.2090409
1.2085895
1.2081433
1.2077099
1.2073042
1.2069412
1.2066337
1.2063917
1.206217
1.2060633
1.2058264
1.2054845
1.2052066
1.2049935
1.2049504
1.2045869
1.2033706
1.211265
1.2113462
1.2113363
1.2112611
1.2111617
1.2110488
1.2109189
1.2107673
1.2105888
1.2103775
1.2101387
1.2099235
1.2097294
1.2094261
1.2090074
1.2085937
1.2082154
1.2078524
1.2075046
1.2071832
1.2069025
1.2066758
1.206496
1.2062934
1.2059743
1.2056068
1.2053092
1.205081
1.2050106
1.2046661
1.2036635
1.2103851
1.2104703
1.2104756
1.2104273
1.2103615
1.2102873
1.2102016
1.2101011
1.2099835
1.2098462
1.2096855
1.2094998
1.2093008
1.2091328
1.2089187
1.2085923
1.2082607
1.2079667
1.2076882
1.207422
1.2071802
1.2069767
1.2067836
1.2065078
1.2061195
1.2057424
1.205435
1.2051821
1.2050721
1.2047235
1.2040833
1.2097167
1.2097919
1.2098012
1.2097695
1.209726
1.2096776
1.2096214
1.2095551
1.2094772
1.2093866
1.2092818
1.2091603
1.2090205
1.2088779
1.2087825
1.2086549
1.2084081
1.2081452
1.2079207
1.2077067
1.2074953
1.2072826
1.2070254
1.2066677
1.2062686
1.2059049
1.2055876
1.2053114
1.2051562
1.204754
1.2040725
1.209266
1.2093176
1.2093262
1.2093104
1.2092887
1.2092644
1.2092356
1.2092006
1.2091581
1.209107
1.2090461
1.2089737
1.2088865
1.2087809
1.208669
1.2086178
1.208623
1.2085224
1.2082992
1.2080514
1.2077979
1.2075085
1.2071652
1.206795
1.2064329
1.2060867
1.205768
1.2054837
1.2053002
1.2048742
1.2041071
1.209129
1.2091468
1.2091475
1.2091388
1.2091275
1.2091145
1.2090986
1.2090788
1.209054
1.209023
1.2089844
1.208937
1.2088788
1.2088067
1.2087158
1.2086021
1.208471
1.2083865
1.2083432
1.2082075
1.2079585
1.2076417
1.2072881
1.2069457
1.2066071
1.2062746
1.205966
1.2056959
1.2055156
1.2051001
1.2042936
1.209108
1.2091018
1.2090945
1.2090849
1.2090732
1.2090592
1.2090423
1.2090221
1.2089979
1.2089689
1.2089339
1.2088917
1.2088409
1.2087798
1.2087054
1.2086132
1.2084974
1.2083506
1.2081684
1.2080079
1.2078893
1.207687
1.2073944
1.2070883
1.2067674
1.206454
1.2061631
1.2059194
1.2057669
1.2053915
1.2049469
1.2089141
1.2089083
1.2089005
1.2088912
1.2088803
1.2088676
1.2088524
1.2088345
1.2088134
1.2087884
1.2087587
1.2087234
1.2086811
1.2086306
1.2085702
1.2084978
1.2084107
1.2083062
1.2081858
1.2080451
1.2078551
1.2076365
1.2074296
1.2071824
1.2068985
1.2066091
1.2063361
1.2061109
1.2059791
1.205646
1.2052565
1.2087475
1.2087425
1.2087359
1.2087284
1.2087196
1.2087094
1.2086974
1.2086834
1.2086667
1.2086469
1.2086231
1.2085944
1.2085597
1.2085173
1.2084658
1.208403
1.2083273
1.2082369
1.208128
1.2079938
1.2078289
1.2076684
1.2074921
1.2072571
1.2070024
1.2067367
1.2064794
1.206254
1.206107
1.20582
1.2051384
1.2086693
1.2086642
1.2086579
1.2086505
1.208642
1.2086321
1.2086205
1.2086069
1.2085909
1.2085719
1.2085494
1.2085226
1.2084905
1.2084519
1.2084053
1.208349
1.2082815
1.2082009
1.208106
1.207998
1.2078862
1.2077383
1.207542
1.2073357
1.207104
1.2068589
1.2066163
1.2064005
1.2062442
1.2060882
1.2060001
1.2086062
1.2085997
1.2085918
1.2085827
1.2085723
1.2085603
1.2085466
1.2085308
1.2085125
1.2084915
1.2084673
1.2084393
1.2084072
1.2083703
1.2083283
1.2082807
1.2082264
1.208164
1.2080917
1.2080067
1.2079028
1.2077777
1.2076262
1.2074469
1.2072428
1.2070194
1.2067855
1.2065693
1.2064085
1.2061804
1.2056883
1.2084582
1.2084525
1.2084459
1.2084382
1.2084294
1.2084191
1.2084073
1.2083936
1.2083778
1.2083595
1.2083385
1.2083145
1.2082871
1.2082559
1.2082203
1.2081792
1.2081313
1.2080748
1.2080076
1.207928
1.2078344
1.2077376
1.2076382
1.2075108
1.2073627
1.2071941
1.2070036
1.2068143
1.2066225
1.2064469
1.2059891
1.2081803
1.2081684
1.2081535
1.2081371
1.2081196
1.2081011
1.208082
1.2080623
1.208042
1.2080211
1.2079993
1.2079764
1.2079519
1.2079253
1.2078962
1.2078639
1.2078283
1.2077893
1.2077469
1.2076991
1.2076404
1.2075632
1.2074693
1.2073666
1.2072515
1.207115
1.2069986
1.2068679
1.2067237
1.2065657
1.2064364
1.1890993
1.1890398
1.1889783
1.1890364
1.18921
1.1895363
1.1900548
1.1907423
1.1915381
1.192455
1.1934614
1.1945168
1.1955879
1.1966384
1.1976174
1.1985298
1.1993852
1.2001542
1.2008343
1.2014201
1.2019215
1.2023757
1.202775
1.2031221
1.20344
1.2037655
1.2040102
1.2040562
1.2037521
1.2033157
1.201159
1.1886357
1.188671
1.1886917
1.188848
1.1891416
1.1895827
1.1901894
1.1909482
1.1918049
1.1927566
1.1937692
1.1948135
1.1958624
1.1968704
1.197807
1.1986971
1.1995302
1.2002789
1.2009362
1.2015113
1.2020059
1.2024529
1.202841
1.2031742
1.2034783
1.2037912
1.2040231
1.2040643
1.2037708
1.2033389
1.2012078
1.1876768
1.1877574
1.1878947
1.1882149
1.1886877
1.1892988
1.1900577
1.1909455
1.191896
1.1929178
1.1939753
1.1950447
1.196089
1.1970709
1.1979966
1.1988752
1.1996881
1.2004082
1.201038
1.2016008
1.202079
1.2025138
1.2028908
1.2032158
1.2035151
1.2038224
1.2040447
1.2040756
1.2037897
1.2033602
1.2012547
1.1865316
1.1867635
1.1870981
1.1876223
1.1882863
1.1890701
1.1899708
1.1909552
1.1919871
1.1930757
1.1941756
1.1952559
1.1962873
1.1972639
1.1981862
1.1990513
1.1998393
1.2005262
1.201139
1.201687
1.2021494
1.2025724
1.2029393
1.2032567
1.2035516
1.2038548
1.204069
1.2040885
1.2038114
1.2033816
1.2013008
1.1852174
1.1857054
1.1862989
1.1870569
1.187926
1.1888879
1.1899284
1.1910034
1.1921167
1.1932706
1.1943856
1.1954615
1.1964936
1.1974676
1.1983797
1.199227
1.1999783
1.2006413
1.2012427
1.2017731
1.2022207
1.2026323
1.2029892
1.2032984
1.2035884
1.2038867
1.2040926
1.2041008
1.2038347
1.203403
1.2013467
1.1840084
1.1847562
1.185589
1.1865718
1.1876381
1.1887719
1.1899422
1.1910956
1.1922903
1.1934795
1.1945954
1.1956836
1.1967137
1.1976783
1.198579
1.1993948
1.2001099
1.2007634
1.2013455
1.2018588
1.2022921
1.2026922
1.2030389
1.20334
1.2036253
1.2039184
1.2041159
1.2041126
1.2038572
1.2034245
1.2013923
1.182948
1.1839281
1.1849742
1.1861847
1.1874378
1.1887328
1.1900158
1.1912361
1.1924865
1.1936938
1.1948305
1.19592
1.196942
1.1978984
1.198778
1.1995494
1.2002444
1.2008853
1.2014468
1.201944
1.2023631
1.2027515
1.2030881
1.2033812
1.2036623
1.20395
1.2041393
1.2041242
1.2038782
1.2034461
1.2014369
1.1819699
1.1832324
1.1845619
1.185962
1.187367
1.1887662
1.1901272
1.1914328
1.192718
1.1939385
1.195084
1.1961676
1.1971838
1.1981273
1.1989606
1.1996967
1.2003869
1.2010058
1.2015472
1.2020287
1.2024338
1.2028105
1.2031369
1.2034222
1.2036992
1.2039815
1.2041633
1.2041354
1.2038981
1.2034681
1.2014813
1.1813298
1.1828123
1.1843406
1.185888
1.1874089
1.1888924
1.1903205
1.1916818
1.192986
1.1942116
1.1953556
1.1964337
1.1974427
1.198348
1.1991263
1.1998514
1.2005293
1.2011255
1.201647
1.2021127
1.2025041
1.2028692
1.2031852
1.2034631
1.203736
1.2040126
1.2041884
1.2041471
1.2039168
1.2034906
1.2015331
1.181026
1.1826726
1.1843368
1.1859855
1.1875851
1.1891274
1.1905989
1.1919857
1.1932936
1.1945158
1.1956543
1.1967242
1.1976988
1.19854
1.1992972
1.2000189
1.2006709
1.2012445
1.2017459
1.202196
1.2025742
1.2029275
1.2032329
1.2035036
1.2037725
1.2040435
1.204215
1.2041591
1.2039349
1.2035133
1.2015952
1.1811273
1.1828609
1.1845881
1.1862772
1.1879071
1.1894747
1.1909637
1.1923523
1.1936491
1.1948619
1.1959874
1.1970202
1.1979249
1.1987285
1.1994903
1.200187
1.2008122
1.201363
1.2018441
1.2022786
1.202644
1.2029852
1.2032802
1.2035438
1.2038087
1.2040741
1.2042427
1.2041715
1.2039532
1.2035355
1.2016235
1.1816385
1.1833883
1.1851075
1.186773
1.188379
1.1899357
1.1914168
1.1927915
1.1940695
1.1952477
1.1963216
1.1972933
1.1981394
1.1989337
1.199686
1.2003541
1.2009536
1.2014812
1.2019414
1.2023605
1.2027136
1.2030423
1.203327
1.2035836
1.2038445
1.2041044
1.2042708
1.2041842
1.2039718
1.2035574
1.2016659
1.1823817
1.1841487
1.1858334
1.1874511
1.1890138
1.1905355
1.1919659
1.1932818
1.1945167
1.1956283
1.1966271
1.1975381
1.1983702
1.1991657
1.1998832
1.2005219
1.2010951
1.2015989
1.2020379
1.2024419
1.2027827
1.2030987
1.2033732
1.2036229
1.2038798
1.2041343
1.2042986
1.2041972
1.2039905
1.2035792
1.2017226
1.1830862
1.184877
1.1865545
1.1881488
1.1897132
1.191235
1.1925758
1.1937726
1.1949303
1.1959808
1.1969245
1.19781
1.1986468
1.1994035
1.2000828
1.200691
1.2012369
1.2017162
1.2021335
1.2025226
1.2028513
1.2031545
1.2034188
1.2036617
1.2039144
1.2041636
1.204325
1.2042105
1.2040095
1.2036004
1.2017471
1.1846335
1.1861367
1.1875871
1.1890001
1.19046
1.1919282
1.1931819
1.1942927
1.1953468
1.1963517
1.1973011
1.1981514
1.1989356
1.1996447
1.2002855
1.2008615
1.2013791
1.2018332
1.2022283
1.2026025
1.2029191
1.2032096
1.2034639
1.2036999
1.2039484
1.2041924
1.20435
1.204224
1.2040287
1.2036217
1.2017784
1.1874815
1.1885952
1.1896583
1.1907823
1.1918491
1.1927923
1.1938535
1.1949579
1.1959386
1.1968606
1.1977251
1.1985096
1.1992315
1.1998915
1.2004916
1.2010333
1.2015217
1.20195
1.2023222
1.2026816
1.202986
1.2032639
1.2035082
1.2037377
1.2039817
1.2042204
1.2043736
1.2042376
1.204048
1.2036432
1.2018127
1.1899028
1.190821
1.19161
1.1924211
1.1932321
1.1940236
1.1948757
1.1957653
1.1966075
1.1974123
1.1981738
1.19888
1.1995371
1.2001448
1.200701
1.2012065
1.2016647
1.2020665
1.2024154
1.2027599
1.203052
1.2033175
1.2035517
1.2037749
1.2040142
1.2042477
1.2043959
1.2042513
1.2040675
1.2036654
1.2018492
1.1926597
1.1932713
1.1937306
1.1942269
1.1947746
1.1953541
1.1959807
1.1966496
1.1973237
1.1979948
1.1986473
1.199267
1.1998538
1.2004047
1.200914
1.2013813
1.2018082
1.2021826
1.2025079
1.2028375
1.2031168
1.2033703
1.2035945
1.2038117
1.2040458
1.2042741
1.2044169
1.204265
1.2040871
1.2036896
1.2019008
1.1956929
1.1959592
1.196048
1.1962001
1.1964449
1.1967615
1.1971474
1.1975986
1.1980904
1.1986143
1.199148
1.1996721
1.2001818
1.2006712
1.2011305
1.2015576
1.2019521
1.2022983
1.2025998
1.2029142
1.2031805
1.2034221
1.2036365
1.2038479
1.2040764
1.2042996
1.2044368
1.2042787
1.2041068
1.2037161
1.2019709
1.1989854
1.1988744
1.1985612
1.1983385
1.1982452
1.1982655
1.1983922
1.1986148
1.1989085
1.199272
1.1996765
1.2000957
1.2005212
1.2009444
1.2013506
1.2017354
1.2020963
1.2024136
1.2026913
1.2029904
1.2032429
1.2034731
1.2036777
1.2038837
1.204106
1.204324
1.2044558
1.2042922
1.2041266
1.2037446
1.2020124
1.2024791
1.201967
1.2012326
1.2006187
1.2001635
1.199863
1.1997139
1.1996982
1.1997782
1.1999674
1.2002326
1.2005381
1.200872
1.2012243
1.2015741
1.2019145
1.2022405
1.2025285
1.2027829
1.2030661
1.2033045
1.2035234
1.2037185
1.2039191
1.2041345
1.2043471
1.2044739
1.2043054
1.2041464
1.2037744
1.2020362
1.2061629
1.2052139
1.2040421
1.2030406
1.2022114
1.2015682
1.2011272
1.200867
1.2007143
1.2007092
1.2008213
1.201002
1.2012352
1.2015106
1.2018006
1.2020944
1.2023847
1.2026433
1.2028753
1.2031419
1.2033657
1.2035737
1.2037592
1.2039544
1.2041617
1.2043688
1.204491
1.2043179
1.2041661
1.2038052
1.2020456
1.2101787
1.2087844
1.2072147
1.2058246
1.2045785
1.2035269
1.2027373
1.2021972
1.2017689
1.2015283
1.2014598
1.2014967
1.2016151
1.2018051
1.2020307
1.2022754
1.2025289
1.2027588
1.2029694
1.203218
1.2034272
1.2036243
1.2038002
1.2039894
1.204188
1.2043893
1.2045075
1.2043296
1.2041859
1.2038361
1.2020843
1.2140398
1.2126071
1.2110206
1.2092636
1.2075498
1.205973
1.2047249
1.2037914
1.203009
1.2024702
1.2021761
1.202041
1.2020245
1.2021165
1.2022704
1.2024611
1.202675
1.202876
1.2030653
1.2032932
1.2034882
1.2036742
1.2038407
1.2040236
1.2042134
1.2044119
1.2045266
1.2043423
1.2042067
1.2038709
1.2021079
1.1899112
1.1900333
1.1900743
1.1901144
1.1902115
1.1904301
1.1907988
1.1913193
1.1919541
1.1927259
1.1936052
1.1945575
1.1955498
1.1965504
1.1975096
1.1984154
1.1992737
1.2000563
1.2007588
1.2013671
1.2018838
1.2023499
1.2027554
1.2031019
1.2034135
1.2037248
1.2039705
1.2040283
1.2037292
1.2032879
1.2011169
1.1901365
1.1902667
1.1903449
1.1904437
1.1905552
1.1907631
1.1911029
1.1915525
1.1921341
1.1928555
1.1936886
1.194602
1.1955627
1.1965386
1.1974841
1.1983824
1.1992341
1.2000133
1.2007166
1.2013276
1.2018485
1.2023172
1.2027266
1.203077
1.203393
1.2037028
1.2039591
1.2040211
1.2037183
1.2032646
1.2010651
1.1902327
1.1904057
1.1905317
1.1906605
1.1908175
1.1910413
1.191369
1.1917921
1.1923392
1.1930163
1.1938035
1.1946749
1.1955994
1.1965459
1.1974716
1.1983581
1.1992009
1.1999751
1.2006745
1.2012868
1.2018143
1.2022843
1.2026969
1.203051
1.2033719
1.2036817
1.2039447
1.2040115
1.2037042
1.2032384
1.2010113
1.1903733
1.1906041
1.1907792
1.1909272
1.1911113
1.1913424
1.1916545
1.1920558
1.192568
1.1931986
1.1939363
1.1947608
1.1956448
1.1965584
1.1974616
1.198334
1.199167
1.1999361
1.2006303
1.2012469
1.2017804
1.2022508
1.2026666
1.2030242
1.2033499
1.2036597
1.2039268
1.2039985
1.2036903
1.2032107
1.2009665
1.1905285
1.190797
1.1910148
1.1912002
1.1913998
1.1916352
1.1919364
1.1923183
1.1927987
1.1933866
1.194077
1.194855
1.1956974
1.1965766
1.1974553
1.1983116
1.1991335
1.1998968
1.2005879
1.2012078
1.2017452
1.2022163
1.2026356
1.2029965
1.2033269
1.2036363
1.2039066
1.2039847
1.2036773
1.203182
1.2009441
1.1906708
1.190963
1.1912139
1.1914344
1.1916549
1.1919009
1.1921995
1.192568
1.193023
1.1935746
1.1942227
1.1949568
1.1957584
1.1966024
1.1974549
1.1982932
1.1991022
1.1998585
1.2005467
1.2011667
1.2017085
1.2021823
1.2026036
1.2029679
1.2033032
1.2036113
1.2038847
1.2039708
1.203665
1.2031525
1.2009496
1.1907982
1.1911064
1.1913842
1.1916351
1.1918791
1.1921409
1.1924436
1.1928048
1.1932408
1.1937625
1.1943732
1.1950667
1.1958285
1.1966371
1.1974619
1.1982801
1.1990744
1.1998221
1.2005065
1.2011246
1.2016694
1.2021479
1.2025704
1.202938
1.2032783
1.2035843
1.2038613
1.2039562
1.2036524
1.2031224
1.2009504
1.190917
1.1912398
1.1915368
1.1918114
1.1920808
1.1923611
1.1926721
1.1930311
1.1934534
1.1939507
1.1945286
1.1951847
1.1959082
1.1966812
1.1974771
1.1982732
1.199051
1.1997883
1.2004676
1.2010835
1.2016293
1.2021113
1.2025357
1.2029066
1.2032519
1.2035559
1.2038361
1.2039405
1.2036388
1.2030919
1.2009505
1.1910367
1.1913669
1.1916754
1.191976
1.192269
1.1925676
1.192889
1.1932491
1.193662
1.1941395
1.1946889
1.1953106
1.1959974
1.1967351
1.1975009
1.1982731
1.1990327
1.1997578
1.2004304
1.2010434
1.2015896
1.2020733
1.2024995
1.2028736
1.2032239
1.203528
1.2038093
1.2039232
1.2036239
1.2030612
1.2009452
1.1911559
1.1914923
1.1918222
1.1921411
1.1924518
1.1927666
1.1930988
1.1934618
1.1938682
1.1943297
1.1948542
1.1954445
1.1960964
1.1967993
1.1975341
1.1982808
1.1990203
1.1997314
1.2003956
1.2010044
1.20155
1.2020349
1.202462
1.202839
1.2031939
1.2035017
1.2037807
1.2039044
1.2036074
1.2030307
1.2009357
1.1912918
1.191632
1.1919822
1.192313
1.1926371
1.1929652
1.193307
1.1936731
1.1940748
1.1945227
1.1950252
1.1955867
1.1962055
1.1968742
1.1975774
1.198297
1.1990146
1.1997098
1.2003639
1.200967
1.201509
1.2019956
1.2024256
1.2028033
1.2031624
1.2034767
1.2037506
1.2038841
1.2035893
1.2030002
1.2009229
1.1914556
1.1918138
1.1921623
1.1924986
1.1928325
1.1931706
1.1935194
1.1938876
1.1942848
1.1947206
1.1952032
1.195738
1.1963254
1.1969605
1.1976315
1.1983227
1.1990166
1.1996939
1.2003359
1.2009317
1.2014698
1.2019555
1.2023875
1.2027666
1.2031293
1.20345
1.2037189
1.2038618
1.2035692
1.20297
1.2009076
1.1916808
1.192027
1.1923713
1.1927094
1.1930477
1.1933906
1.1937427
1.1941106
1.1945023
1.1949262
1.19539
1.1958995
1.1964567
1.1970587
1.1976972
1.1983587
1.1990271
1.1996845
1.2003124
1.2008991
1.2014324
1.2019163
1.2023483
1.2027288
1.2030934
1.2034194
1.2036856
1.2038377
1.2035471
1.2029401
1.2008899
1.1919552
1.1922828
1.1926198
1.1929544
1.1932909
1.1936328
1.1939833
1.1943474
1.1947313
1.1951424
1.1955874
1.1960723
1.1966
1.1971696
1.1977751
1.1984057
1.1990471
1.1996825
1.2002943
1.20087
1.2013971
1.2018777
1.2023089
1.2026902
1.2030525
1.2033851
1.2036507
1.2038116
1.2035231
1.2029109
1.2008711
1.1922839
1.1925927
1.1929168
1.193241
1.1935689
1.1939036
1.1942472
1.194603
1.194976
1.1953722
1.1957976
1.1962578
1.1967565
1.1972938
1.197866
1.1984647
1.1990774
1.1996889
1.2002824
1.200845
1.2013642
1.201838
1.202269
1.2026532
1.203008
1.2033485
1.203614
1.2037833
1.2034974
1.2028824
1.2008519
1.1926625
1.1929524
1.1932604
1.1935698
1.1938843
1.1942067
1.1945382
1.1948813
1.1952399
1.1956186
1.1960228
1.1964576
1.1969269
1.1974319
1.1979704
1.1985362
1.1991188
1.1997044
1.2002774
1.200825
1.2013343
1.2018009
1.2022291
1.202614
1.2029668
1.2033105
1.2035756
1.2037529
1.2034702
1.202855
1.2008353
1.1930997
1.193366
1.1936531
1.193943
1.1942393
1.1945444
1.1948591
1.1951851
1.1955253
1.1958837
1.1962647
1.1966729
1.1971121
1.1975845
1.1980889
1.1986209
1.1991719
1.1997298
1.2002804
1.2008106
1.2013081
1.2017668
1.2021907
1.2025721
1.2029295
1.2032718
1.2035347
1.2037204
1.2034421
1.2028286
1.2008297
1.1935861
1.1938264
1.1940895
1.1943569
1.1946315
1.1949156
1.1952096
1.1955147
1.1958333
1.1961685
1.1965241
1.1969044
1.1973129
1.1977521
1.1982219
1.1987192
1.1992373
1.1997659
1.2002919
1.2008028
1.2012864
1.2017357
1.2021537
1.2025308
1.2028911
1.2032302
1.2034914
1.2036858
1.2034136
1.2028034
1.2008392
1.1941135
1.1943264
1.1945634
1.194806
1.1950565
1.1953168
1.1955873
1.1958687
1.196163
1.1964727
1.1968011
1.197152
1.197529
1.1979346
1.1983693
1.1988314
1.1993156
1.1998133
1.2003128
1.2008022
1.2012698
1.2017078
1.2021157
1.2024908
1.2028532
1.2031852
1.2034459
1.2036492
1.2033851
1.2027794
1.2008483
1.1946614
1.1948484
1.19506
1.1952781
1.1955043
1.1957404
1.1959863
1.1962427
1.1965112
1.1967941
1.1970942
1.197415
1.1977598
1.1981314
1.1985309
1.1989573
1.1994068
1.1998723
1.2003436
1.2008095
1.201259
1.2016838
1.2020814
1.2024523
1.2028125
1.2031386
1.2033986
1.2036105
1.203357
1.2027568
1.2007751
1.1952183
1.1953808
1.1955678
1.1957622
1.1959649
1.1961771
1.1963988
1.1966304
1.1968731
1.197129
1.1974006
1.1976912
1.1980038
1.1983415
1.1987058
1.1990964
1.1995108
1.1999431
1.2003847
1.2008255
1.2012548
1.2016644
1.2020511
1.2024157
1.2027702
1.2030916
1.2033492
1.2035699
1.2033296
1.2027351
1.2007593
1.1957693
1.1959099
1.1960741
1.1962466
1.1964274
1.1966172
1.1968161
1.197024
1.1972421
1.1974719
1.197716
1.1979771
1.1982584
1.1985629
1.1988926
1.1992479
1.199627
1.2000256
1.2004364
1.2008504
1.2012577
1.2016502
1.2020244
1.2023806
1.2027288
1.2030452
1.203298
1.203527
1.2033028
1.2027138
1.2007523
1.1962927
1.1964144
1.1965591
1.196713
1.1968753
1.1970464
1.1972257
1.1974132
1.1976094
1.1978158
1.1980345
1.1982682
1.19852
1.1987929
1.1990893
1.1994101
1.1997545
1.2001193
1.2004987
1.2008847
1.2012683
1.2016418
1.2020013
1.202344
1.2026884
1.2030017
1.2032471
1.2034817
1.2032762
1.2026926
1.2007413
1.1967934
1.1968977
1.1970237
1.19716
1.1973052
1.1974591
1.197621
1.1977905
1.1979678
1.1981537
1.1983501
1.1985592
1.1987842
1.1990279
1.1992931
1.1995811
1.1998919
1.2002235
1.2005712
1.2009283
1.201287
1.2016398
1.2019827
1.2023115
1.2026494
1.2029576
1.2031979
1.203434
1.2032493
1.2026709
1.2007191
1.1972371
1.1973281
1.1974401
1.1975634
1.1976962
1.1978379
1.1979875
1.1981439
1.198307
1.1984771
1.1986554
1.1988441
1.1990459
1.1992638
1.1995005
1.1997581
1.2000372
1.2003367
1.2006532
1.2009812
1.2013138
1.2016445
1.2019692
1.2022838
1.2026079
1.2029127
1.2031511
1.2033844
1.2032213
1.2026481
1.2006802
1.1976544
1.1977312
1.1978282
1.1979375
1.1980574
1.1981871
1.1983253
1.1984708
1.1986226
1.1987803
1.1989447
1.1991171
1.1993
1.1994959
1.1997079
1.1999382
1.2001881
1.2004573
1.2007436
1.2010427
1.2013489
1.2016563
1.2019612
1.2022603
1.2025658
1.2028682
1.2031042
1.2033327
1.2031913
1.2026238
1.2006243
1.1980263
1.1980912
1.1981749
1.1982717
1.1983801
1.1984994
1.1986284
1.1987653
1.1989088
1.199058
1.1992124
1.199373
1.1995414
1.1997199
1.1999112
1.200118
1.2003418
1.2005833
1.2008411
1.2011121
1.2013918
1.2016754
1.2019592
1.2022411
1.2025249
1.2028242
1.2030568
1.2032792
1.2031582
1.2025973
1.2005559
1.1983603
1.1984156
1.198487
1.1985716
1.1986688
1.1987779
1.1988979
1.1990273
1.1991643
1.1993072
1.199455
1.1996076
1.1997658
1.1999314
1.2001066
1.200294
1.2004955
1.2007123
1.2009439
1.2011883
1.2014422
1.2017016
1.2019635
1.2022264
1.2024874
1.2027795
1.2030082
1.203224
1.2031211
1.2025683
1.2004797
1.1986599
1.1987085
1.1987692
1.1988421
1.1989278
1.1990265
1.1991374
1.1992592
1.19939
1.199528
1.1996712
1.1998187
1.1999704
1.2001271
1.2002906
1.2004629
1.2006462
1.2008418
1.2010501
1.2012701
1.2014994
1.2017349
1.2019744
1.2022171
1.2024554
1.202736
1.2029587
1.2031659
1.2030791
1.2025371
1.200401
1.1989361
1.1989732
1.1990268
1.1990894
1.1991637
1.1992513
1.1993523
1.1994656
1.1995898
1.1997226
1.199862
1.2000061
1.2001538
1.200305
1.2004605
1.200622
1.200791
1.2009694
1.2011577
1.2013558
1.2015622
1.2017749
1.2019922
1.2022141
1.2024329
1.2026965
1.2029082
1.2031059
1.2030311
1.2025042
1.2003236
1.1991999
1.1992233
1.1992642
1.1993192
1.1993831
1.1994593
1.1995494
1.199653
1.199769
1.1998957
1.2000306
1.2001715
1.2003164
1.2004643
1.2006149
1.200769
1.2009277
1.2010926
1.2012646
1.2014439
1.2016297
1.201821
1.2020168
1.2022181
1.20242
1.2026594
1.202856
1.2030485
1.2029774
1.202471
1.2002503
1.1994426
1.1994619
1.19949
1.1995323
1.1995884
1.1996543
1.1997331
1.199826
1.1999327
1.2000517
1.2001809
1.2003179
1.2004601
1.2006057
1.2007534
1.2009029
1.2010547
1.2012098
1.2013689
1.2015326
1.2017006
1.2018724
1.2020479
1.2022289
1.2024131
1.2026248
1.2028065
1.2029933
1.2029196
1.2024396
1.2001846
1.1996682
1.1996835
1.1997066
1.199737
1.1997809
1.1998388
1.1999073
1.1999892
1.2000854
1.2001952
1.2003172
1.2004489
1.2005876
1.2007309
1.2008766
1.2010235
1.201171
1.2013195
1.2014692
1.2016206
1.2017737
1.2019284
1.2020852
1.2022464
1.2024124
1.2025993
1.2027636
1.2029342
1.2028582
1.2024115
1.2001308
1.1998802
1.1998913
1.1999096
1.1999344
1.1999668
1.200013
1.2000734
1.200145
1.2002303
1.2003301
1.2004433
1.2005682
1.2007022
1.2008424
1.2009862
1.2011314
1.2012765
1.2014208
1.2015641
1.2017064
1.2018477
1.2019879
1.202128
1.2022704
1.2024174
1.2025807
1.202727
1.2028746
1.2027939
1.2023865
1.2000923
1.2000774
1.2000851
1.2000989
1.200119
1.2001456
1.2001807
1.20023
1.2002937
1.200369
1.2004583
1.200562
1.2006789
1.2008068
1.2009429
1.2010843
1.2012279
1.2013716
1.2015136
1.201653
1.2017892
1.2019216
1.2020502
1.2021756
1.2023007
1.2024285
1.2025682
1.2026926
1.2028174
1.2027321
1.2023655
1.2000704
1.200259
1.2002644
1.2002748
1.2002906
1.2003127
1.2003416
1.2003798
1.2004329
1.2005005
1.2005802
1.2006741
1.2007823
1.2009032
1.2010342
1.2011723
1.2013142
1.201457
1.2015981
1.2017356
1.2018682
1.2019946
1.2021142
1.2022276
1.202337
1.2024464
1.2025621
1.202665
1.2027671
1.2026753
1.2023517
1.200063
1.2004219
1.2004261
1.2004343
1.2004472
1.2004656
1.2004908
1.2005236
1.2005665
1.200623
1.2006939
1.2007793
1.2008791
1.2009926
1.2011178
1.201252
1.2013918
1.2015338
1.2016748
1.201812
1.201943
1.202066
1.2021795
1.2022833
1.2023792
1.2024713
1.2025644
1.2026471
1.2027236
1.202627
1.2023469
1.200069
1.2005651
1.2005685
1.2005752
1.2005858
1.200601
1.2006224
1.200651
1.200688
1.2007378
1.2008021
1.200879
1.2009703
1.201076
1.2011948
1.2013244
1.2014616
1.2016028
1.2017442
1.2018822
1.2020135
1.2021354
1.2022455
1.2023423
1.2024271
1.2025034
1.2025752
1.202638
1.2026847
1.2025902
1.2023481
1.200079
1.2006923
1.2006954
1.2007012
1.2007103
1.2007234
1.2007417
1.2007668
1.2008
1.2008423
1.2008981
1.2009691
1.2010533
1.2011518
1.2012645
1.2013895
1.201524
1.2016643
1.2018064
1.2019461
1.2020794
1.2022024
1.202312
1.2024038
1.2024803
1.2025427
1.2025946
1.2026364
1.2026601
1.2025683
1.2023526
1.2000798
1.2008067
1.2008095
1.2008145
1.2008223
1.2008335
1.2008492
1.2008709
1.2009001
1.2009384
1.2009873
1.2010504
1.2011288
1.2012209
1.2013274
1.2014477
1.2015792
1.2017185
1.2018616
1.2020038
1.2021403
1.2022663
1.202377
1.2024682
1.202538
1.2025885
1.2026223
1.2026444
1.202654
1.2025583
1.202358
1.2000736
1.2009086
1.2009112
1.2009157
1.2009226
1.2009327
1.2009469
1.2009665
1.2009929
1.2010276
1.2010719
1.2011278
1.2011977
1.2012832
1.2013842
1.2014997
1.2016281
1.2017664
1.2019104
1.2020555
1.2021961
1.2023265
1.2024408
1.2025338
1.2025984
1.2026399
1.2026581
1.2026617
1.2026562
1.2025532
1.202367
1.2000826
1.200995
1.2009984
1.2010033
1.2010103
1.20102
1.2010331
1.2010508
1.2010744
1.2011055
1.2011457
1.2011968
1.2012619
1.2013424
1.2014374
1.2015477
1.2016723
1.2018089
1.2019536
1.2021015
1.2022466
1.2023824
1.2025014
1.2025967
1.202662
1.2026954
1.2027001
1.2026856
1.2026626
1.2025523
1.2023829
1.200126
1.2010698
1.2010739
1.2010793
1.2010867
1.2010963
1.2011091
1.2011259
1.201148
1.2011768
1.2012141
1.2012615
1.2013207
1.2013949
1.2014856
1.2015914
1.2017123
1.2018469
1.2019917
1.202142
1.2022915
1.2024329
1.2025578
1.2026574
1.2027243
1.2027522
1.2027456
1.2027135
1.2026734
1.2025531
1.2024086
1.2002032
1.2011324
1.2011372
1.2011433
1.2011511
1.2011611
1.2011739
1.2011904
1.2012117
1.2012391
1.2012743
1.2013192
1.2013753
1.2014446
1.201529
1.2016302
1.2017478
1.2018802
1.2020246
1.2021766
1.2023301
1.202477
1.202608
1.2027128
1.2027818
1.2028088
1.2027922
1.2027439
1.2026874
1.2025491
1.2024396
1.2002998
1.2011852
1.2011907
1.2011975
1.2012059
1.2012163
1.2012293
1.2012457
1.2012665
1.2012929
1.2013265
1.2013689
1.201422
1.2014879
1.2015692
1.2016668
1.2017804
1.2019096
1.2020526
1.2022053
1.2023616
1.2025132
1.20265
1.2027604
1.202833
1.2028601
1.20284
1.2027746
1.2027038
1.2025428
1.2024867
1.2004077
1.2012257
1.201232
1.2012396
1.2012487
1.2012597
1.2012732
1.2012899
1.2013106
1.2013366
1.2013692
1.20141
1.201461
1.2015241
1.2016008
1.201694
1.2018046
1.2019312
1.2020725
1.2022252
1.2023835
1.202539
1.2026812
1.2027973
1.2028745
1.2029027
1.2028802
1.2028016
1.2027302
1.202544
1.2025479
1.2005319
1.2012565
1.2012637
1.2012719
1.2012817
1.2012935
1.2013075
1.2013246
1.2013454
1.2013711
1.201403
1.2014426
1.2014918
1.2015525
1.2016267
1.2017158
1.2018216
1.2019448
1.2020837
1.2022354
1.2023944
1.2025526
1.2026991
1.2028209
1.2029036
1.2029355
1.2029117
1.2028327
1.2027646
1.2025505
1.2026103
1.2006577
1.2012732
1.2012811
1.2012901
1.2013007
1.2013131
1.2013278
1.2013453
1.2013664
1.2013921
1.2014236
1.2014623
1.2015099
1.2015684
1.2016397
1.2017256
1.2018284
1.2019484
1.202084
1.2022332
1.2023912
1.2025505
1.2027003
1.2028271
1.2029163
1.2029547
1.202936
1.2028645
1.2027828
1.2025717
1.2026565
1.2007849
1.2012901
1.2012985
1.2013081
1.2013192
1.2013321
1.2013472
1.201365
1.2013862
1.2014116
1.2014423
1.2014797
1.2015253
1.2015811
1.2016489
1.2017307
1.2018278
1.2019417
1.2020727
1.2022181
1.2023735
1.2025316
1.202682
1.2028122
1.2029073
1.2029538
1.202945
1.2028848
1.2027981
1.2026179
1.2026605
1.2009196
1.2012944
1.2013033
1.2013133
1.2013249
1.2013382
1.2013537
1.2013717
1.201393
1.2014182
1.2014484
1.2014847
1.2015286
1.2015818
1.2016462
1.2017236
1.2018159
1.2019248
1.2020498
1.2021889
1.2023386
1.2024925
1.2026411
1.2027724
1.202872
1.2029266
1.2029294
1.2028846
1.2028072
1.2026508
1.2026542
1.2010702
1.2013081
1.2013171
1.2013272
1.2013388
1.201352
1.2013673
1.2013849
1.2014056
1.2014299
1.2014586
1.201493
1.2015343
1.2015839
1.2016437
1.2017154
1.2018008
1.2019007
1.2020159
1.2021459
1.2022872
1.2024343
1.2025789
1.2027094
1.2028121
1.202874
1.2028885
1.2028593
1.202796
1.2026567
1.2026411
1.201241
1.2013058
1.2013147
1.2013247
1.2013361
1.2013491
1.201364
1.2013811
1.2014009
1.201424
1.2014512
1.2014834
1.2015216
1.2015674
1.2016222
1.2016876
1.2017654
1.2018569
1.201963
1.2020828
1.2022143
1.2023531
1.2024923
1.2026217
1.2027286
1.2028004
1.2028294
1.2028169
1.2027689
1.2026443
1.2026204
1.2014207
1.2013189
1.2013273
1.2013366
1.2013471
1.201359
1.2013726
1.2013882
1.2014062
1.201427
1.2014513
1.2014797
1.2015134
1.2015535
1.2016014
1.2016587
1.2017267
1.201807
1.2019003
1.2020069
1.2021258
1.2022538
1.2023855
1.2025129
1.2026255
1.2027108
1.2027587
1.2027663
1.2027339
1.2026223
1.2025969
1.2015795
1.2013024
1.20131
1.2013185
1.201328
1.2013388
1.2013511
1.201365
1.2013809
1.2013992
1.2014204
1.2014453
1.2014746
1.2015093
1.2015506
1.2016001
1.201659
1.201729
1.2018112
1.2019062
1.2020136
1.2021316
1.2022567
1.2023836
1.2025045
1.2026074
1.2026794
1.2027118
1.202698
1.202599
1.2025796
1.2017092
1.2012995
1.2013059
1.201313
1.2013209
1.2013299
1.20134
1.2013514
1.2013645
1.2013796
1.201397
1.2014173
1.2014413
1.2014698
1.2015039
1.2015448
1.2015939
1.2016528
1.2017229
1.2018054
1.2019008
1.2020085
1.2021265
1.2022515
1.2023785
1.2024985
1.2025971
1.2026588
1.202669
1.2025816
1.2025604
1.2018309
1.2012361
1.201242
1.2012486
1.201256
1.2012643
1.2012737
1.2012843
1.2012965
1.2013104
1.2013265
1.2013453
1.2013674
1.2013934
1.2014244
1.2014617
1.2015069
1.2015612
1.2016262
1.2017033
1.2017933
1.2018964
1.2020117
1.202137
1.2022691
1.2024019
1.202523
1.2026142
1.2026527
1.2025848
1.2025609
1.2025668
1.2011858
1.2011915
1.2011977
1.2012045
1.2012123
1.2012213
1.2012315
1.2012433
1.2012568
1.2012726
1.201291
1.2013127
1.2013382
1.2013685
1.2014049
1.2014489
1.2015019
1.2015651
1.2016401
1.2017286
1.2018313
1.2019472
1.2020739
1.2022076
1.2023437
1.2024735
1.2025806
1.2026391
1.2025974
1.2025334
1.2027628
1.2010646
1.2010707
1.2010776
1.2010855
1.2010945
1.2011048
1.2011167
1.2011303
1.201146
1.2011643
1.2011857
1.2012109
1.2012404
1.2012752
1.2013168
1.2013664
1.2014256
1.2014962
1.2015794
1.2016748
1.2017833
1.2019036
1.2020331
1.2021681
1.2023038
1.2024325
1.2025391
1.2025981
1.2025557
1.2024527
1.2025945
1.2010546
1.2010604
1.201067
1.2010743
1.2010829
1.2010927
1.2011041
1.2011174
1.2011329
1.2011511
1.2011724
1.2011976
1.2012274
1.2012628
1.2013049
1.201355
1.2014142
1.201483
1.2015635
1.2016571
1.2017625
1.2018784
1.2020022
1.2021304
1.2022585
1.20238
1.202482
1.20254
1.2025068
1.2024557
1.2029618
1.2009922
1.2009997
1.2010078
1.2010168
1.2010267
1.2010376
1.2010499
1.2010641
1.2010808
1.2011005
1.2011238
1.2011512
1.2011835
1.2012215
1.2012658
1.2013175
1.2013779
1.2014485
1.2015284
1.2016177
1.201718
1.2018285
1.2019474
1.202072
1.2021986
1.202322
1.2024341
1.202521
1.2025679
1.2026865
1.2033259
1.2011631
1.2011673
1.2011721
1.2011777
1.2011841
1.2011916
1.2012003
1.2012105
1.2012226
1.2012368
1.2012537
1.2012738
1.2012978
1.2013263
1.2013603
1.2014006
1.2014481
1.2015038
1.2015695
1.2016465
1.2017345
1.2018345
1.2019471
1.2020727
1.2022111
1.2023598
1.202512
1.2026577
1.2027785
1.2028266
1.2033539
1.2012873
1.2012914
1.2012963
1.2013018
1.2013083
1.2013158
1.2013246
1.2013348
1.2013468
1.2013608
1.2013773
1.2013968
1.2014201
1.2014477
1.2014804
1.2015192
1.2015648
1.2016179
1.201679
1.2017484
1.201828
1.2019189
1.2020243
1.2021474
1.2022844
1.202424
1.2025502
1.202657
1.2027519
1.2027398
1.2029153
1.2015594
1.201563
1.2015667
1.2015709
1.2015757
1.2015812
1.2015876
1.2015949
1.2016032
1.2016128
1.201624
1.2016374
1.2016536
1.201674
1.2016998
1.201733
1.2017756
1.2018266
1.20188
1.2019292
1.2019757
1.202026
1.2020876
1.2021624
1.2022489
1.2023514
1.2024594
1.2025354
1.2025505
1.2024751
1.2024887
1.191647
1.1919887
1.1922612
1.192474
1.1926603
1.1928236
1.1929586
1.1930741
1.1931823
1.1932907
1.1934122
1.1935477
1.1937236
1.1939686
1.1942591
1.1946234
1.1950443
1.1955128
1.1960079
1.196511
1.1970045
1.19747
1.1978954
1.1982768
1.1986157
1.1989127
1.1991693
1.1993958
1.199576
1.1997295
1.1998574
1.1999661
1.2000535
1.200139
1.2002214
1.200297
1.200359
1.200411
1.2004457
1.2004795
1.200514
1.2005495
1.2005788
1.2006026
1.2006263
1.2006487
1.2006719
1.2006876
1.20071
1.2007247
1.2007637
1.2007879
1.2008458
1.2008701
1.2009322
1.2009049
1.2009015
1.2007978
1.200833
1.2007647
1.2010383
1.201173
1.2015027
1.1908936
1.1911523
1.1914304
1.1916894
1.1919155
1.1921117
1.1922744
1.1924138
1.1925472
1.192687
1.1928456
1.1930343
1.1932619
1.1935551
1.1939089
1.1943297
1.1948096
1.1953289
1.1958653
1.196402
1.1969215
1.1974058
1.1978444
1.1982362
1.1985836
1.1988874
1.1991509
1.1993831
1.1995684
1.1997286
1.1998634
1.1999769
1.2000749
1.2001651
1.2002533
1.2003335
1.2003979
1.200453
1.2004931
1.2005325
1.2005716
1.2006094
1.2006404
1.2006658
1.2006904
1.200712
1.2007331
1.2007459
1.200765
1.2007761
1.2008108
1.2008309
1.2008839
1.2009041
1.2009608
1.2009296
1.2009214
1.2008147
1.200846
1.2007774
1.2010451
1.2011782
1.2015029
1.1908591
1.190936
1.1910514
1.1911937
1.191346
1.1914948
1.1916409
1.1917908
1.1919485
1.1921212
1.1923189
1.1925546
1.1928384
1.1931864
1.1936033
1.1940737
1.1946062
1.1951699
1.1957447
1.1963112
1.1968531
1.1973532
1.1978039
1.1982051
1.1985602
1.1988702
1.1991397
1.1993733
1.1995694
1.1997345
1.1998745
1.1999922
1.2001003
1.2001955
1.200288
1.2003716
1.200439
1.2004968
1.2005422
1.2005866
1.2006293
1.2006687
1.2007007
1.2007269
1.2007515
1.2007719
1.2007905
1.2008003
1.2008161
1.2008239
1.2008546
1.2008708
1.2009194
1.2009359
1.2009874
1.2009525
1.20094
1.2008305
1.2008583
1.2007895
1.2010514
1.2011833
1.2015034
1.1908789
1.1908978
1.1909372
1.1909901
1.191056
1.1911387
1.1912453
1.1913759
1.1915287
1.19171
1.1919288
1.1921943
1.1925159
1.1929028
1.1933583
1.1938701
1.1944404
1.1950364
1.1956405
1.1962301
1.1967893
1.1973021
1.1977641
1.1981748
1.1985376
1.1988539
1.1991296
1.1993644
1.1995721
1.199742
1.1998871
1.200011
1.2001257
1.2002269
1.2003235
1.2004102
1.2004805
1.2005413
1.2005915
1.2006402
1.2006857
1.200726
1.2007585
1.2007848
1.2008091
1.2008277
1.2008438
1.2008507
1.2008636
1.2008683
1.2008953
1.2009081
1.2009527
1.2009656
1.2010124
1.2009741
1.2009575
1.2008454
1.2008699
1.2008012
1.2010574
1.2011883
1.2015046
1.1908234
1.1908329
1.1908439
1.1908626
1.1908945
1.190946
1.1910259
1.1911351
1.1912738
1.1914507
1.1916755
1.1919556
1.1922969
1.1927059
1.1931841
1.1937226
1.1943152
1.194933
1.1955566
1.196162
1.1967331
1.1972551
1.1977268
1.1981458
1.1985157
1.1988381
1.1991198
1.1993599
1.199573
1.1997487
1.1998998
1.2000301
1.2001505
1.2002575
1.2003579
1.2004475
1.2005208
1.2005846
1.200639
1.2006914
1.2007389
1.2007796
1.2008122
1.2008384
1.200862
1.200879
1.2008927
1.200897
1.2009072
1.2009092
1.200933
1.2009427
1.2009837
1.2009934
1.2010358
1.2009943
1.200974
1.2008596
1.2008809
1.2008124
1.2010631
1.2011932
1.201506
1.190757
1.1907653
1.1907764
1.1907901
1.1908124
1.1908547
1.1909216
1.1910163
1.1911428
1.1913089
1.1915276
1.1918099
1.1921579
1.1925768
1.193065
1.1936171
1.1942218
1.1948504
1.1954843
1.1960991
1.1966783
1.1972073
1.1976875
1.1981141
1.198491
1.1988197
1.1991074
1.1993536
1.199571
1.1997525
1.1999099
1.2000465
1.2001725
1.2002849
1.2003892
1.2004817
1.2005578
1.2006246
1.2006829
1.2007383
1.2007873
1.2008283
1.2008608
1.2008869
1.2009098
1.2009253
1.200937
1.2009391
1.2009471
1.2009468
1.2009679
1.2009749
1.2010125
1.2010194
1.2010576
1.2010134
1.2009895
1.2008732
1.2008916
1.2008233
1.2010686
1.201198
1.2015076
1.1907181
1.1907281
1.1907351
1.1907491
1.1907776
1.1908202
1.1908818
1.1909682
1.191086
1.1912431
1.1914539
1.1917285
1.192073
1.1924885
1.1929754
1.1935321
1.1941416
1.1947736
1.195411
1.19603
1.1966146
1.1971498
1.1976386
1.198073
1.1984576
1.1987933
1.1990876
1.1993401
1.1995625
1.1997501
1.1999138
1.2000568
1.2001886
1.2003065
1.2004147
1.2005103
1.2005895
1.2006593
1.2007212
1.2007792
1.2008297
1.2008709
1.2009036
1.2009296
1.2009521
1.2009665
1.2009766
1.2009771
1.2009833
1.2009813
1.201
1.2010048
1.2010394
1.2010436
1.2010781
1.2010313
1.2010042
1.2008861
1.2009018
1.2008337
1.2010739
1.2012026
1.2015091
1.1907039
1.1907122
1.1907217
1.190739
1.1907676
1.1908085
1.1908666
1.1909467
1.1910574
1.1912085
1.1914112
1.1916757
1.1920086
1.1924147
1.1928963
1.193453
1.1940577
1.1946874
1.1953244
1.1959441
1.1965329
1.1970743
1.1975724
1.1980158
1.1984093
1.1987532
1.199055
1.1993145
1.1995429
1.1997372
1.1999077
1.2000577
1.2001957
1.2003195
1.2004321
1.2005312
1.200614
1.2006871
1.2007525
1.2008131
1.2008652
1.2009071
1.2009402
1.2009666
1.2009889
1.2010027
1.2010119
1.2010112
1.2010162
1.2010128
1.2010296
1.2010325
1.2010645
1.2010663
1.2010973
1.2010483
1.2010182
1.2008986
1.2009116
1.2008438
1.2010791
1.2012071
1.2015107
1.1907016
1.190708
1.190717
1.1907339
1.1907613
1.1908006
1.1908557
1.1909308
1.1910335
1.1911749
1.1913683
1.19162
1.19194
1.1923382
1.1928198
1.1933677
1.1939557
1.1945845
1.1952175
1.1958342
1.1964268
1.1969744
1.1974828
1.1979365
1.1983405
1.1986939
1.1990046
1.1992723
1.1995081
1.1997102
1.1998885
1.2000463
1.2001915
1.2003218
1.2004395
1.2005431
1.20063
1.200707
1.2007762
1.2008396
1.2008937
1.2009366
1.2009707
1.2009979
1.2010206
1.2010343
1.201043
1.2010417
1.2010459
1.2010416
1.2010567
1.2010581
1.2010878
1.2010875
1.2011152
1.2010642
1.2010314
1.2009105
1.2009212
1.2008535
1.2010841
1.2012116
1.2015123
1.1907033
1.1907035
1.1907099
1.1907248
1.1907493
1.1907851
1.1908356
1.1909062
1.1910018
1.1911299
1.1913108
1.1915563
1.1918644
1.1922487
1.1927168
1.1932512
1.1938365
1.1944621
1.1950853
1.1956967
1.196293
1.1968461
1.1973658
1.1978312
1.1982471
1.1986117
1.198933
1.1992106
1.1994554
1.1996669
1.1998544
1.2000211
1.2001746
1.2003125
1.2004364
1.2005455
1.2006374
1.2007189
1.2007921
1.2008587
1.2009153
1.20096
1.2009956
1.201024
1.2010476
1.2010617
1.2010704
1.2010689
1.2010727
1.2010678
1.2010818
1.2010819
1.2011095
1.2011074
1.2011321
1.2010793
1.201044
1.200922
1.2009304
1.2008628
1.2010891
1.201216
1.2015139
1.190698
1.1906929
1.1906956
1.1907064
1.190726
1.1907559
1.1907996
1.1908626
1.1909511
1.19107
1.1912337
1.1914687
1.1917657
1.1921361
1.1925907
1.193113
1.1936874
1.1943073
1.1949252
1.19553
1.1961309
1.1966893
1.197221
1.197699
1.198128
1.1985056
1.1988393
1.1991288
1.1993847
1.1996072
1.1998055
1.1999826
1.2001456
1.2002922
1.2004235
1.2005389
1.2006366
1.2007231
1.2008008
1.200871
1.2009306
1.2009776
1.2010153
1.2010454
1.2010702
1.2010852
1.2010944
1.2010932
1.2010969
1.2010918
1.2011048
1.201104
1.2011298
1.201126
1.2011479
1.2010935
1.201056
1.2009331
1.2009395
1.2008719
1.201094
1.2012203
1.2015157
1.1906735
1.1906651
1.190664
1.1906702
1.1906841
1.1907073
1.1907434
1.1907981
1.1908784
1.1909882
1.1911405
1.1913559
1.1916382
1.1919974
1.1924388
1.1929486
1.1935123
1.1941258
1.1947357
1.1953387
1.1959442
1.1965098
1.1970533
1.1975445
1.197988
1.1983798
1.1987276
1.1990307
1.1992993
1.1995343
1.1997445
1.1999332
1.2001065
1.2002626
1.2004021
1.2005246
1.2006287
1.2007207
1.2008032
1.2008775
1.2009405
1.2009903
1.2010304
1.2010627
1.2010891
1.2011053
1.2011154
1.2011148
1.2011187
1.2011137
1.2011261
1.2011245
1.2011487
1.2011434
1.2011627
1.201107
1.2010675
1.200944
1.2009483
1.2008808
1.2010989
1.2012247
1.2015175
1.1906351
1.1906216
1.1906157
1.1906165
1.1906242
1.1906402
1.1906677
1.1907124
1.1907798
1.1908764
1.1910203
1.1912251
1.1914953
1.1918434
1.192268
1.1927657
1.193321
1.1939224
1.194529
1.1951329
1.1957438
1.1963183
1.1968733
1.1973776
1.1978358
1.1982422
1.198605
1.1989223
1.1992045
1.1994526
1.1996753
1.1998759
1.2000599
1.2002258
1.2003739
1.2005042
1.2006151
1.2007129
1.2008005
1.2008791
1.2009459
1.2009988
1.2010418
1.2010764
1.2011047
1.2011225
1.2011337
1.201134
1.2011385
1.2011338
1.2011457
1.2011436
1.2011664
1.2011598
1.2011767
1.2011197
1.2010785
1.2009545
1.2009569
1.2008896
1.2011037
1.201229
1.2015195
1.1905822
1.1905664
1.190556
1.190551
1.1905518
1.1905597
1.1905779
1.1906111
1.1906651
1.190747
1.1908835
1.1910798
1.1913418
1.1916779
1.1920868
1.1925729
1.1931227
1.1937144
1.1943167
1.1949284
1.1955435
1.1961291
1.1966935
1.19721
1.1976821
1.1981021
1.1984792
1.1988106
1.1991062
1.1993672
1.1996021
1.1998142
1.2000088
1.2001845
1.2003413
1.2004795
1.2005974
1.2007012
1.2007939
1.2008769
1.2009477
1.201004
1.20105
1.2010872
1.2011176
1.2011373
1.2011499
1.2011513
1.2011565
1.2011522
1.201164
1.2011615
1.2011831
1.2011752
1.2011898
1.2011319
1.2010891
1.2009647
1.2009654
1.2008982
1.2011086
1.2012335
1.2015216
1.1905165
1.1905008
1.1904867
1.1904758
1.1904696
1.1904696
1.1904785
1.1905005
1.1905441
1.1906197
1.1907454
1.1909273
1.191179
1.1915059
1.1919069
1.1923868
1.1929261
1.1935105
1.1941185
1.1947373
1.1953588
1.1959537
1.1965257
1.1970529
1.1975371
1.1979685
1.1983584
1.1987023
1.1990101
1.199283
1.1995291
1.1997518
1.1999562
1.2001411
1.2003064
1.2004522
1.2005771
1.2006867
1.2007844
1.2008719
1.2009467
1.2010065
1.2010557
1.2010956
1.2011283
1.2011499
1.2011641
1.2011669
1.201173
1.2011693
1.2011809
1.2011783
1.2011987
1.2011898
1.2012023
1.2011435
1.2010993
1.2009747
1.2009738
1.2009069
1.2011135
1.2012379
1.201524
1.1904535
1.1904366
1.1904175
1.1903996
1.1903855
1.1903766
1.1903752
1.1903881
1.1904241
1.1904938
1.1906062
1.1907789
1.1910269
1.1913497
1.1917419
1.1922068
1.1927441
1.1933315
1.1939441
1.1945714
1.1951989
1.1958014
1.1963793
1.1969148
1.1974086
1.1978485
1.1982487
1.1986028
1.1989208
1.1992037
1.1994595
1.1996915
1.1999046
1.2000978
1.2002709
1.2004239
1.2005554
1.2006706
1.2007732
1.2008649
1.2009437
1.201007
1.2010595
1.2011021
1.2011372
1.2011609
1.2011768
1.201181
1.2011881
1.2011852
1.2011968
1.201194
1.2012134
1.2012035
1.2012141
1.2011545
1.2011091
1.2009845
1.2009821
1.2009154
1.2011184
1.2012425
1.2015266
1.1904043
1.1903823
1.1903563
1.1903296
1.1903057
1.1902869
1.1902761
1.1902804
1.190309
1.1903732
1.1904813
1.1906446
1.1908795
1.1911989
1.1915966
1.1920598
1.1925932
1.1931837
1.1938028
1.1944376
1.1950714
1.1956797
1.1962613
1.1968016
1.1973023
1.1977471
1.1981544
1.198516
1.1988417
1.1991324
1.1993959
1.1996355
1.1998558
1.2000563
1.2002362
1.2003959
1.2005335
1.2006539
1.200761
1.2008568
1.2009393
1.2010061
1.2010618
1.2011072
1.2011446
1.2011704
1.2011882
1.2011938
1.2012021
1.2012
1.2012117
1.2012089
1.2012274
1.2012166
1.2012253
1.2011651
1.2011186
1.2009941
1.2009903
1.2009239
1.2011233
1.2012472
1.2015294
1.190364
1.1903367
1.1903036
1.1902673
1.1902329
1.1902041
1.1901853
1.1901834
1.1902046
1.1902592
1.1903652
1.1905291
1.1907588
1.1910723
1.1914724
1.1919421
1.1924793
1.1930755
1.1937024
1.1943443
1.1949838
1.1955944
1.1961766
1.1967174
1.1972217
1.1976676
1.1980784
1.1984442
1.1987749
1.1990711
1.19934
1.1995854
1.1998114
1.2000177
1.2002035
1.200369
1.2005122
1.2006375
1.2007487
1.2008481
1.2009343
1.2010043
1.2010632
1.2011112
1.201151
1.201179
1.2011985
1.2012057
1.2012151
1.2012139
1.2012258
1.201223
1.2012407
1.201229
1.2012361
1.2011752
1.2011278
1.2010035
1.2009985
1.2009323
1.2011282
1.201252
1.2015326
1.1903374
1.1903051
1.1902611
1.1902133
1.1901678
1.1901297
1.1901035
1.1900953
1.1901108
1.1901639
1.1902685
1.1904332
1.1906653
1.1909801
1.1913853
1.1918676
1.1924143
1.1930185
1.1936505
1.1942955
1.1949376
1.1955493
1.1961279
1.196664
1.1971683
1.1976114
1.1980224
1.198389
1.1987217
1.1990208
1.1992931
1.1995422
1.1997723
1.1999831
1.2001737
1.2003442
1.2004923
1.2006218
1.2007367
1.2008393
1.200929
1.2010021
1.2010639
1.2011146
1.2011566
1.2011867
1.2012081
1.2012168
1.2012274
1.201227
1.2012392
1.2012364
1.2012533
1.2012409
1.2012463
1.2011849
1.2011368
1.2010127
1.2010066
1.2009408
1.2011332
1.2012569
1.2015359
1.1902635
1.1902178
1.1901749
1.1901279
1.1900819
1.1900457
1.1900202
1.1900142
1.1900319
1.1900839
1.1901904
1.1903629
1.1906097
1.190941
1.1913613
1.1918589
1.1924136
1.193023
1.1936559
1.1943001
1.1949347
1.1955418
1.1961134
1.196642
1.1971402
1.1975772
1.1979861
1.1983505
1.1986825
1.198982
1.1992555
1.1995066
1.1997391
1.1999531
1.2001473
1.2003219
1.2004742
1.2006074
1.2007256
1.200831
1.2009238
1.2009998
1.2010644
1.2011175
1.2011617
1.2011938
1.201217
1.2012273
1.201239
1.2012395
1.2012519
1.2012493
1.2012655
1.2012523
1.2012561
1.2011943
1.2011455
1.2010219
1.2010148
1.2009493
1.2011382
1.2012619
1.2015395
1.1899507
1.1899118
1.1898897
1.18987
1.189851
1.1898486
1.1898607
1.1898912
1.1899448
1.190033
1.1901695
1.1903721
1.1906465
1.1909941
1.1914308
1.1919342
1.1924866
1.1930891
1.1937143
1.1943433
1.1949661
1.1955642
1.1961257
1.1966525
1.1971299
1.1975623
1.1979662
1.1983272
1.1986566
1.1989544
1.1992271
1.1994785
1.1997119
1.1999278
1.2001246
1.2003023
1.2004582
1.2005945
1.2007155
1.2008235
1.200919
1.2009976
1.2010648
1.2011202
1.2011664
1.2012005
1.2012255
1.2012372
1.2012501
1.2012514
1.2012642
1.2012616
1.2012771
1.2012632
1.2012656
1.2012035
1.2011541
1.2010309
1.201023
1.2009578
1.2011432
1.201267
1.2015434
1.1893154
1.1893504
1.1894161
1.189501
1.1895952
1.1896847
1.1897792
1.1898845
1.190003
1.1901411
1.1903168
1.1905426
1.190828
1.1911734
1.1915969
1.1920803
1.192616
1.1931944
1.1938011
1.1944073
1.1950152
1.195602
1.1961531
1.1966775
1.1971341
1.1975687
1.1979564
1.1983138
1.198641
1.1989366
1.199207
1.1994571
1.1996903
1.1999069
1.2001054
1.2002855
1.2004443
1.2005833
1.2007066
1.200817
1.2009147
1.2009958
1.2010653
1.2011229
1.201171
1.201207
1.2012336
1.2012468
1.2012608
1.201263
1.201276
1.2012735
1.2012884
1.2012738
1.2012748
1.2012123
1.2011625
1.2010398
1.2010312
1.2009664
1.2011483
1.2012721
1.2015474
1.1891477
1.1893159
1.1895086
1.1896698
1.1898153
1.1899436
1.1900675
1.1901903
1.1903166
1.1904597
1.1906312
1.1908434
1.1910968
1.1914203
1.1918167
1.1922601
1.1927629
1.1933069
1.1938862
1.1944725
1.1950624
1.1956373
1.1961789
1.1966961
1.1971481
1.1975814
1.1979583
1.1983058
1.1986282
1.1989236
1.1991922
1.1994404
1.1996726
1.1998892
1.2000887
1.2002706
1.2004319
1.2005733
1.2006987
1.2008111
1.2009109
1.2009942
1.2010659
1.2011255
1.2011755
1.2012133
1.2012415
1.2012561
1.2012711
1.2012741
1.2012874
1.201285
1.2012993
1.201284
1.2012837
1.2012209
1.2011708
1.2010486
1.2010393
1.2009751
1.2011534
1.2012775
1.2015516
1.1894774
1.1897134
1.1898993
1.1900537
1.1902002
1.1903341
1.1904604
1.1905807
1.1907011
1.1908304
1.1909873
1.1911616
1.1913866
1.1916907
1.1920486
1.1924503
1.1929127
1.1934225
1.1939714
1.1945364
1.195108
1.1956706
1.1962034
1.1967133
1.1971636
1.1975908
1.1979695
1.198308
1.1986197
1.1989117
1.1991812
1.1994278
1.1996584
1.1998744
1.2000744
1.2002576
1.200421
1.2005644
1.2006917
1.2008058
1.2009074
1.2009928
1.2010666
1.201128
1.2011798
1.2012192
1.2012491
1.2012649
1.201281
1.2012848
1.2012984
1.2012961
1.2013097
1.2012939
1.2012922
1.2012292
1.2011789
1.2010573
1.2010475
1.200984
1.2011587
1.201283
1.2015561
1.1926868
1.1931694
1.1934951
1.1937482
1.1939617
1.1941315
1.1942385
1.1942861
1.1942913
1.1928851
1.1933806
1.1937138
1.1939745
1.1941884
1.1943328
1.1944218
1.1944589
1.19446
1.1929951
1.1934903
1.1938663
1.1941429
1.1943546
1.194503
1.194588
1.1946217
1.1946227
1.1931335
1.1936457
1.19405
1.1943381
1.1945424
1.1946839
1.1947625
1.1947924
1.1947929
1.1932872
1.1938099
1.1942266
1.1945205
1.1947231
1.1948577
1.1949312
1.194959
1.1949598
1.1934268
1.1939474
1.1943705
1.1946732
1.1948808
1.1950149
1.1950881
1.1951171
1.1951206
1.1935431
1.1940573
1.1944863
1.1948014
1.1950188
1.1951581
1.1952353
1.1952691
1.1952774
1.1936399
1.1941457
1.1945836
1.1949157
1.1951446
1.1952927
1.1953773
1.1954179
1.1954323
1.1937281
1.1942294
1.1946688
1.1950122
1.1952602
1.1954227
1.1955177
1.1955666
1.1955875
1.1938145
1.1943067
1.1947497
1.1951101
1.195376
1.1955535
1.1956602
1.1957179
1.1957454
1.1939027
1.1943842
1.194843
1.1952195
1.1955
1.195691
1.195809
1.1958753
1.1959094
1.1940038
1.1944938
1.1949595
1.1953451
1.1956376
1.1958407
1.195969
1.1960434
1.1960833
1.1941633
1.1946423
1.1951031
1.1954935
1.1957954
1.1960083
1.1961451
1.1962263
1.1962709
1.1943775
1.1948316
1.1952829
1.1956736
1.1959803
1.1961993
1.1963419
1.1964279
1.1964759
1.1946286
1.1950618
1.1955032
1.19589
1.1961965
1.1964176
1.196563
1.1966516
1.1967017
1.1949486
1.1953525
1.1957743
1.1961484
1.196448
1.1966662
1.1968108
1.1968998
1.1969505
1.1953294
1.1956994
1.1960939
1.1964479
1.1967344
1.196945
1.1970858
1.1971731
1.1972232
1.1957599
1.1960921
1.1964536
1.1967821
1.1970509
1.1972504
1.1973848
1.1974689
1.1975176
1.1962208
1.1965141
1.19684
1.1971404
1.1973891
1.1975757
1.1977026
1.197783
1.1978302
1.1966934
1.1969485
1.1972383
1.19751
1.1977384
1.1979118
1.1980312
1.198108
1.1981538
1.1971597
1.1973786
1.1976334
1.1978777
1.1980872
1.1982488
1.1983621
1.1984364
1.198482
1.1976019
1.1977882
1.198011
1.1982306
1.1984237
1.198576
1.1986853
1.1987591
1.1988061
1.1980077
1.1981658
1.1983606
1.1985588
1.1987385
1.1988847
1.198993
1.1990689
1.1991194
1.198372
1.1985059
1.1986758
1.1988551
1.1990236
1.1991655
1.1992743
1.199353
1.1994073
1.1986955
1.1988081
1.1989554
1.1991172
1.1992757
1.1994145
1.1995251
1.1996078
1.1996669
1.198979
1.199073
1.1991998
1.1993449
1.1994937
1.1996296
1.1997422
1.1998293
1.1998932
1.1992233
1.1993004
1.199408
1.1995367
1.1996748
1.1998072
1.1999215
1.200013
1.2000823
1.1994381
1.1994991
1.1995876
1.1996985
1.199824
1.1999505
1.2000649
1.2001599
1.200234
1.199609
1.1996564
1.1997276
1.1998211
1.1999321
1.2000497
1.2001607
1.2002563
1.2003327
1.1997522
1.1997863
1.1998404
1.1999154
1.2000099
1.2001155
1.2002202
1.2003139
1.2003914
1.1998699
1.1998912
1.1999288
1.1999852
1.2000613
1.200152
1.2002469
1.2003357
1.2004118
1.1999692
1.1999786
1.2000003
1.2000379
1.2000945
1.2001675
1.200249
1.2003292
1.2004007
1.2000473
1.2000469
1.2000551
1.2000759
1.2001137
1.2001684
1.2002344
1.2003032
1.2003674
1.200125
1.2001151
1.2001101
1.2001148
1.2001342
1.2001701
1.2002191
1.2002742
1.2003284
1.2001997
1.2001823
1.2001668
1.2001576
1.2001607
1.2001791
1.2002113
1.2002521
1.2002952
1.2002698
1.2002462
1.2002223
1.2002024
1.2001919
1.2001952
1.2002123
1.2002397
1.200272
1.2003293
1.2003015
1.2002705
1.2002414
1.2002199
1.2002107
1.2002153
1.2002312
1.2002539
1.2003763
1.2003419
1.2003037
1.2002657
1.2002335
1.2002126
1.2002052
1.20021
1.2002232
1.200406
1.2003669
1.2003215
1.2002736
1.2002297
1.2001961
1.200176
1.2001692
1.2001724
1.2004338
1.2003876
1.2003329
1.2002744
1.2002182
1.2001708
1.2001366
1.2001164
1.2001078
1.2004634
1.2004123
1.2003511
1.2002837
1.2002158
1.2001551
1.2001071
1.2000734
1.2000525
1.200496
1.2004416
1.2003749
1.2002999
1.2002231
1.2001522
1.2000932
1.2000487
1.2000181
1.2005231
1.2004658
1.2003949
1.2003146
1.2002313
1.2001524
1.2000848
1.200032
1.1999937
1.2005449
1.2004854
1.200411
1.2003248
1.2002336
1.2001463
1.20007
1.2000086
1.1999626
1.2005671
1.2005057
1.2004279
1.2003364
1.2002383
1.2001424
1.2000566
1.1999859
1.1999315
1.2005897
1.2005282
1.2004494
1.2003552
1.2002517
1.2001483
1.200054
1.1999748
1.1999122
1.2006144
1.2005544
1.2004763
1.2003816
1.2002755
1.2001674
1.2000669
1.1999805
1.1999111
1.2006327
1.2005753
1.2004999
1.200407
1.2003008
1.2001898
1.2000846
1.1999926
1.1999172
1.2006581
1.2006041
1.2005325
1.2004431
1.2003389
1.2002273
1.2001184
1.2000209
1.1999394
1.2006763
1.2006263
1.2005597
1.2004756
1.2003759
1.2002666
1.2001568
1.2000557
1.1999693
1.2007196
1.2006744
1.2006141
1.2005375
1.2004454
1.2003422
1.2002356
1.200134
1.2000443
1.2007481
1.2007078
1.200654
1.2005856
1.2005027
1.2004087
1.2003096
1.2002126
1.200124
1.2008106
1.2007754
1.2007285
1.2006687
1.200596
1.2005126
1.200423
1.2003332
1.2002489
1.200839
1.2008082
1.2007674
1.2007155
1.2006524
1.2005798
1.2005012
1.2004211
1.2003443
1.200906
1.2008804
1.2008464
1.2008033
1.2007508
1.2006902
1.2006241
1.200556
1.2004894
1.2008826
1.2008608
1.2008319
1.2007955
1.2007513
1.2007005
1.200645
1.2005876
1.2005312
1.2008835
1.2008658
1.2008426
1.2008133
1.2007779
1.2007371
1.2006925
1.200646
1.2006
1.2007828
1.2007684
1.2007496
1.2007259
1.2006975
1.2006647
1.200629
1.2005919
1.2005551
1.2008215
1.2008108
1.2007967
1.2007791
1.2007579
1.2007333
1.2007063
1.200678
1.2006497
1.2007538
1.2007444
1.2007326
1.2007181
1.2007011
1.2006822
1.2006618
1.200641
1.2006207
1.2010322
1.2010274
1.2010209
1.2010125
1.2010023
1.2009902
1.2009767
1.2009622
1.2009472
1.2011685
1.2011652
1.2011609
1.2011554
1.2011487
1.2011408
1.2011318
1.2011219
1.2011116
1.2014991
1.2014963
1.2014933
1.2014889
1.201482
1.2014728
1.2014622
1.2014519
1.2014428
1.1942545
1.1941988
1.1941494
1.1941305
1.1941901
1.194435
1.1944247
1.1943792
1.1943411
1.1943325
1.1944006
1.1946477
1.1945918
1.1945533
1.1945231
1.1945216
1.1945919
1.1948263
1.1947654
1.194731
1.1947048
1.194706
1.1947741
1.1949954
1.1949363
1.1949066
1.1948848
1.1948887
1.1949552
1.1951663
1.1951026
1.1950787
1.1950622
1.1950696
1.1951349
1.1953362
1.1952658
1.1952481
1.1952369
1.1952476
1.1953113
1.1955021
1.1954273
1.1954155
1.1954093
1.1954225
1.195484
1.1956637
1.1955889
1.1955827
1.1955807
1.1955958
1.1956544
1.1958224
1.195753
1.1957517
1.1957532
1.1957694
1.1958245
1.1959806
1.1959225
1.1959253
1.1959295
1.195946
1.1959972
1.1961413
1.1961009
1.1961068
1.1961128
1.196129
1.1961758
1.196308
1.196292
1.1963002
1.1963073
1.1963225
1.1963648
1.1964854
1.1964995
1.1965091
1.1965164
1.1965303
1.196568
1.1966779
1.1967267
1.1967371
1.1967443
1.1967567
1.1967903
1.1968902
1.196976
1.1969865
1.1969932
1.1970041
1.1970339
1.1971254
1.1972486
1.197259
1.1972654
1.1972752
1.197302
1.197386
1.1975424
1.1975526
1.1975587
1.1975677
1.1975922
1.1976705
1.1978546
1.1978652
1.1978717
1.1978809
1.1979046
1.197978
1.198178
1.1981892
1.1981964
1.1982058
1.198228
1.1982952
1.1985073
1.1985203
1.1985296
1.1985415
1.1985668
1.1986426
1.1988339
1.1988504
1.198864
1.1988812
1.1989145
1.1990085
1.199152
1.1991745
1.1991949
1.1992192
1.1992583
1.1993393
1.1994443
1.1994717
1.1994965
1.1995235
1.1995602
1.1996251
1.1997092
1.1997426
1.1997733
1.1998059
1.1998483
1.1999223
1.1999404
1.1999786
1.2000133
1.200048
1.2000897
1.200155
1.2001355
1.2001805
1.2002226
1.2002662
1.200321
1.2004112
1.2002926
1.2003437
1.2003918
1.2004403
1.2004976
1.2005894
1.2003949
1.2004505
1.2005032
1.2005567
1.2006199
1.2007183
1.2004564
1.200516
1.2005739
1.2006341
1.2007074
1.2008239
1.2004778
1.2005403
1.2006027
1.2006692
1.2007515
1.2008815
1.2004648
1.2005276
1.200592
1.2006622
1.2007509
1.2008927
1.2004271
1.2004876
1.2005515
1.2006233
1.200716
1.2008658
1.2003809
1.200436
1.2004962
1.2005659
1.2006593
1.2008163
1.2003392
1.2003873
1.200442
1.2005081
1.2005999
1.2007589
1.2003069
1.2003471
1.2003949
1.2004551
1.2005429
1.200703
1.2002809
1.2003143
1.2003561
1.2004115
1.2004955
1.2006529
1.2002421
1.200268
1.2003028
1.2003515
1.20043
1.2005859
1.2001828
1.2002008
1.2002283
1.2002702
1.2003416
1.2004888
1.2001076
1.2001152
1.2001319
1.2001624
1.2002216
1.2003567
1.2000409
1.2000378
1.200044
1.2000628
1.2001071
1.2002185
1.1999976
1.1999836
1.1999771
1.1999824
1.2000106
1.2001
1.1999657
1.1999449
1.1999315
1.1999279
1.1999422
1.2000061
1.1999273
1.1998986
1.1998765
1.1998627
1.1998645
1.1999116
1.1998884
1.1998519
1.1998213
1.1997983
1.1997879
1.1998115
1.199861
1.1998156
1.1997752
1.1997402
1.1997142
1.1997177
1.1998532
1.1998007
1.1997526
1.1997084
1.1996691
1.1996483
1.1998532
1.1997937
1.1997376
1.1996837
1.1996324
1.1995962
1.1998689
1.199802
1.1997377
1.1996745
1.1996113
1.1995581
1.1998926
1.1998181
1.1997444
1.1996698
1.1995924
1.1995223
1.1999627
1.1998812
1.1997986
1.1997121
1.1996196
1.1995311
1.2000403
1.1999537
1.1998628
1.1997654
1.1996569
1.1995486
1.2001665
1.2000773
1.1999791
1.1998669
1.1997381
1.1996081
1.2002673
1.2001814
1.2000823
1.1999645
1.1998173
1.1996548
1.2004208
1.2003408
1.2002445
1.2001194
1.1999524
1.1997576
1.2004725
1.2004034
1.2003174
1.2002027
1.2000326
1.1998036
1.2005515
1.2004928
1.2004189
1.2003144
1.2001496
1.1998998
1.2005164
1.2004695
1.2004101
1.2003265
1.200187
1.1999406
1.2006194
1.200582
1.200534
1.2004647
1.2003451
1.2001183
1.2005992
1.200573
1.2005396
1.2004925
1.2004081
1.2002251
1.2009307
1.2009091
1.2008807
1.200838
1.2007632
1.2006129
1.2011003
1.2010858
1.2010664
1.2010385
1.20099
1.2009008
1.201435
1.2014262
1.201417
1.2014053
1.2013851
1.2013275
1.2098142
1.2107569
1.2116826
1.2124551
1.2128486
1.2125421
1.2085755
1.2095531
1.2104955
1.2112786
1.2117213
1.2115936
1.2072157
1.2082073
1.2091441
1.209921
1.2103817
1.2103157
1.2057449
1.2067387
1.2076675
1.2084477
1.2089564
1.2090366
1.2041784
1.2051482
1.2060431
1.2067903
1.2072874
1.2073431
1.2025003
1.2034169
1.2042561
1.2049765
1.2054889
1.2056775
1.2008303
1.2017081
1.2025171
1.2032125
1.2037333
1.2040073
1.1991727
1.2000003
1.200758
1.2014082
1.2018912
1.2021349
1.1975358
1.1982861
1.1989677
1.1995494
1.1999795
1.2001871
1.1959945
1.1966578
1.1972547
1.1977634
1.1981453
1.1983523
1.1946309
1.19521
1.1957282
1.1961736
1.1965232
1.1967454
1.1934854
1.1939752
1.1944102
1.1947844
1.1950867
1.1953237
1.1926071
1.1930133
1.1933807
1.1937125
1.194008
1.1942953
1.1920492
1.1923391
1.1925958
1.19283
1.1930594
1.1933538
1.1917071
1.191943
1.1921528
1.1923477
1.1925559
1.1928652
1.1916075
1.191795
1.1919596
1.1921179
1.1922991
1.1925954
1.1916796
1.1918071
1.1919197
1.1920363
1.1921917
1.1924831
1.1918712
1.1919521
1.1920237
1.1921067
1.1922402
1.1925317
1.192165
1.1922071
1.1922458
1.1923036
1.1924226
1.1927093
1.1925187
1.1925287
1.1925389
1.192572
1.1926718
1.1929567
1.1928995
1.192886
1.1928772
1.1928977
1.1929926
1.1932687
1.1932725
1.1932415
1.1932155
1.1932171
1.1932931
1.1935665
1.1936458
1.193602
1.1935671
1.193566
1.1936441
1.1939061
1.1939162
1.1938779
1.1938437
1.1938353
1.1938981
1.1941532
1.213783
1.2119558
1.2101841
1.208496
1.2073162
1.2068541
1.2070988
1.2078619
1.2088492
1.2107437
1.2091504
1.2075323
1.206183
1.2053336
1.2051391
1.2055949
1.2064992
1.2075704
1.2073123
1.2061733
1.2049116
1.2039046
1.2033658
1.2034245
1.2040486
1.2050525
1.2061789
1.2039003
1.2031665
1.2022932
1.2016379
1.2013927
1.2016775
1.2024499
1.2035319
1.2046937
1.2004847
1.200124
1.1996425
1.1993493
1.1994037
1.1999038
1.2008076
1.2019525
1.2031323
1.1971188
1.1971139
1.1970203
1.1970857
1.1974344
1.1981358
1.1991482
1.2003279
1.2014915
1.1938798
1.1942258
1.1945073
1.1949136
1.195536
1.1964173
1.1975183
1.1987167
1.1998563
1.1909158
1.1915585
1.1921772
1.1928942
1.193759
1.1947914
1.1959557
1.1971499
1.1982469
1.1882001
1.1891349
1.1900741
1.1910736
1.1921461
1.1932976
1.194496
1.1956566
1.196684
1.1861244
1.1871771
1.1883142
1.1895209
1.1907505
1.1919858
1.1931873
1.1942891
1.1952296
1.1833255
1.1847721
1.186494
1.1880841
1.1895308
1.1908719
1.1920721
1.193106
1.1939542
1.1826437
1.1841739
1.1855969
1.1870656
1.1885761
1.1900101
1.191196
1.192156
1.1929042
1.1818978
1.183572
1.1853094
1.1870407
1.1884768
1.1895955
1.1906129
1.1914787
1.1921219
1.1816927
1.1833794
1.1851436
1.1868547
1.1883791
1.1896502
1.1905845
1.1912229
1.1916938
1.1819771
1.183591
1.1852823
1.1869168
1.1883773
1.1895487
1.1903999
1.190995
1.1914098
1.1827721
1.1842566
1.185813
1.1873403
1.1886705
1.189717
1.1904861
1.1910162
1.191365
1.1839467
1.1852358
1.1866185
1.1879883
1.1891857
1.1901236
1.1907933
1.1912323
1.1915033
1.1853992
1.1864592
1.187615
1.188787
1.1898247
1.1906339
1.1911957
1.191547
1.1917491
1.1870413
1.1878319
1.188722
1.1896699
1.1905314
1.1912061
1.1916662
1.1919418
1.1920875
1.1886978
1.1892258
1.1898489
1.1905688
1.1912534
1.1917984
1.1921666
1.1923778
1.1924774
1.1901385
1.1904873
1.1908997
1.191421
1.1919455
1.1923734
1.1926624
1.1928212
1.1928855
1.1912884
1.1915143
1.1917814
1.1921585
1.1925608
1.1928962
1.1931212
1.1932393
1.1932778
1.1920531
1.1923533
1.192566
1.1928313
1.1931242
1.1933802
1.1935554
1.1936441
1.1936644
1.1920868
1.1923889
1.1927024
1.193045
1.1933608
1.1936244
1.1938058
1.193902
1.1939303
1.217191
1.2180053
1.2177219
1.217122
1.216536
1.2159671
1.2119601
1.2131456
1.2130771
1.2127808
1.2125283
1.2123392
1.2067586
1.2082743
1.2084099
1.2084273
1.2084633
1.2085356
1.2016232
1.2034325
1.2038143
1.2041079
1.2044194
1.2047559
1.1966234
1.1986876
1.1992977
1.199824
1.2003922
1.2009793
1.1918181
1.1941126
1.1949063
1.1956676
1.1964518
1.1972713
1.1873348
1.1897943
1.1907538
1.1917161
1.1927068
1.1937074
1.1831512
1.1857792
1.1869413
1.1880811
1.1892469
1.1904021
1.1795122
1.1823181
1.1835357
1.1847868
1.1860905
1.1873828
1.1761737
1.1791345
1.1807456
1.1822759
1.1837572
1.1851529
1.1737473
1.1775457
1.1788408
1.1797765
1.1809549
1.182243
1.1724185
1.1747785
1.1754975
1.1771886
1.1790458
1.1809259
1.169295
1.1726323
1.1743348
1.176345
1.1783431
1.1801873
1.1679996
1.1724491
1.1744652
1.1763208
1.1781787
1.1799617
1.1686422
1.1731741
1.1747969
1.1765551
1.1784454
1.1802533
1.1702986
1.1741548
1.1757158
1.1774665
1.179341
1.1811099
1.1722661
1.1757457
1.1773407
1.1790211
1.1807946
1.1824519
1.1746351
1.1776409
1.1793078
1.1810007
1.1826465
1.184125
1.1783334
1.1806388
1.1819572
1.18335
1.1847519
1.186028
1.1818039
1.1833987
1.1846226
1.1857815
1.1869196
1.1879543
1.1856008
1.1864669
1.18713
1.1879138
1.188766
1.189588
1.1879765
1.1886118
1.1892314
1.1896793
1.1902736
1.190887
1.1898465
1.1894978
1.1897009
1.190408
1.1909451
1.1915339
1.1905161
1.190113
1.1898584
1.1901887
1.1911241
1.1917508
1.1902948
1.1905244
1.1903176
1.1901341
1.1903034
1.1912166
1.1905638
1.1905559
1.1905314
1.1904195
1.190416
1.1907191
1.1905852
1.1906081
1.1906102
1.1906149
1.1906133
1.1908411
1.1906116
1.1906466
1.1906624
1.1906912
1.1907453
1.1908867
1.1906247
1.190658
1.1906786
1.190705
1.1907473
1.1908205
1.1906613
1.190682
1.1906914
1.1907049
1.1907251
1.1907589
1.1907199
1.1907209
1.1907168
1.1907158
1.1907189
1.1907306
1.1907979
1.1907758
1.1907522
1.1907317
1.1907215
1.1907203
1.1908905
1.190852
1.1908032
1.1907599
1.190731
1.1907178
1.1909941
1.1909316
1.1908575
1.1907919
1.1907454
1.1907214
1.1910778
1.1909867
1.1908971
1.1908128
1.1907526
1.1907178
1.1911164
1.1909618
1.1908713
1.1907898
1.1907308
1.190694
1.191061
1.1909693
1.1908691
1.1907748
1.1907061
1.1906626
1.1909889
1.1909077
1.1908139
1.1907245
1.1906588
1.1906145
1.1908659
1.1907918
1.1907115
1.1906412
1.1905895
1.1905511
1.190739
1.1906774
1.1906184
1.1905662
1.1905244
1.1904916
1.1906253
1.1905802
1.1905404
1.1905042
1.1904736
1.1904467
1.1905336
1.1905076
1.1904777
1.190453
1.1904274
1.1904058
1.1904729
1.1904548
1.1904325
1.1904128
1.190397
1.1903841
1.1904363
1.190426
1.1904004
1.1903752
1.190358
1.1903443
1.1904182
1.190408
1.1903664
1.1903038
1.1901978
1.1900461
1.1904045
1.1903986
1.1903142
1.1901116
1.1897117
1.1894373
1.1903911
1.1903102
1.1899163
1.1893679
1.1888807
1.189081
1.1903489
1.189657
1.188977
1.1885551
1.1887635
1.1892139
1.2226939
1.223092
1.2226926
1.2218108
1.220702
1.2196597
1.2284252
1.2284419
1.2277517
1.2265808
1.2251748
1.223627
1.2339213
1.2335771
1.2325954
1.2311235
1.2294257
1.2275505
1.2391432
1.2384176
1.2371319
1.2353622
1.2333897
1.2312648
1.2439038
1.2427883
1.2412054
1.2391637
1.2369519
1.2346504
1.2478641
1.2465166
1.2447076
1.2424845
1.2400852
1.237637
1.2511693
1.2499535
1.2479432
1.2455317
1.2429958
1.2403606
1.2541785
1.2528775
1.2507171
1.2481382
1.2453898
1.2426029
1.2565948
1.2551693
1.2529087
1.2501439
1.2472488
1.2443518
1.2583992
1.2569306
1.2545263
1.2516164
1.248608
1.2456245
1.2595865
1.2578978
1.2554239
1.2524951
1.2494547
1.2464268
1.2601047
1.2577605
1.2552996
1.2525523
1.2496369
1.2466703
1.2595479
1.2579829
1.2555068
1.2525633
1.2495232
1.246507
1.2587279
1.2572182
1.254823
1.2519101
1.2488843
1.2458848
1.2570655
1.2555675
1.253233
1.2504896
1.2476062
1.2447162
1.2548563
1.2534023
1.2511504
1.2485182
1.2458092
1.2430521
1.2521605
1.2508374
1.2487463
1.2462229
1.2436534
1.2410941
1.2489567
1.2477447
1.2458479
1.2435343
1.2411364
1.2386772
1.2455626
1.2442618
1.2425635
1.2404968
1.2382765
1.2359271
1.2417462
1.2406474
1.2391568
1.2372631
1.235183
1.232976
1.2373376
1.2365839
1.2353457
1.2336696
1.23179
1.2297842
1.2325674
1.2321545
1.2311803
1.2297537
1.2281131
1.2263364
1.2276456
1.2275625
1.2268295
1.2256454
1.224245
1.2227628
1.2225156
1.2227211
1.2222059
1.221223
1.2200292
1.2190261
1.1889751
1.1885673
1.1882621
1.1884697
1.1887394
1.1889756
1.1872116
1.1874928
1.1876516
1.1876987
1.187928
1.1883236
1.1851443
1.1857129
1.1858052
1.1861206
1.1866678
1.1872623
1.1817592
1.1828228
1.1835527
1.184333
1.1851744
1.1859542
1.178349
1.1803877
1.1812868
1.1823278
1.183394
1.1843777
1.1746066
1.1774951
1.1788454
1.1801419
1.1815237
1.182848
1.1720883
1.175502
1.1768972
1.1783616
1.1799819
1.1815123
1.169881
1.1736488
1.1751852
1.1768523
1.1786703
1.1803639
1.1682414
1.1725439
1.1740138
1.1757601
1.177717
1.1795514
1.166795
1.1718471
1.1733631
1.1751614
1.1772005
1.1791366
1.1659229
1.1715484
1.1733817
1.1752591
1.1772763
1.1792229
1.166035
1.1713561
1.1736301
1.1757747
1.1778445
1.179789
1.1681169
1.1720828
1.1736227
1.1760512
1.1784132
1.1805233
1.1713345
1.1749237
1.1752686
1.1771335
1.1792229
1.1813052
1.1736346
1.1777953
1.1791497
1.1802131
1.1816588
1.1833636
1.1764956
1.1801318
1.1815904
1.1832863
1.1849483
1.1865941
1.1801624
1.1835768
1.1847089
1.1861234
1.1876558
1.1892112
1.184253
1.1873493
1.1884372
1.189631
1.1909521
1.1923425
1.1889191
1.1916514
1.1926106
1.193533
1.1946046
1.195797
1.1938714
1.1963476
1.1971519
1.1977957
1.1985928
1.1995521
1.1992808
1.2013963
1.2019967
1.2023435
1.2028414
1.203536
1.2050145
1.2066797
1.2070599
1.2071072
1.2072965
1.2077177
1.2109161
1.2121403
1.2122787
1.2120446
1.2119553
1.21215
1.216842
1.2176444
1.2175342
1.2170207
1.2165945
1.2164148
1.220674
1.2232082
1.2261399
1.2291163
1.231869
1.2344259
1.2367559
1.2388761
1.24059
1.2420301
1.243031
1.2436119
1.2438012
1.2435857
1.2429327
1.2418761
1.2404124
1.2385049
1.2362425
1.233655
1.2307511
1.2275682
1.2243406
1.2213872
1.2213792
1.2230211
1.2256664
1.2283354
1.2307731
1.2330257
1.2350125
1.2367287
1.2382166
1.2394282
1.240268
1.240785
1.2409565
1.2407646
1.24023
1.2393472
1.2381029
1.2365165
1.2346486
1.2324521
1.2299177
1.2270795
1.2241784
1.2221823
1.2217866
1.2229751
1.225339
1.2276182
1.2296777
1.231517
1.2332018
1.234596
1.2358235
1.2368032
1.2374982
1.2379446
1.2380944
1.2379497
1.2375383
1.2368431
1.2358598
1.2346081
1.2330802
1.2312907
1.229183
1.2267768
1.224219
1.2226851
1.2219467
1.2228564
1.2248725
1.2267791
1.22847
1.2299587
1.2312604
1.2324358
1.2334404
1.2342245
1.2348017
1.2351752
1.235303
1.2352059
1.2348967
1.2343605
1.2335963
1.2326172
1.2314269
1.2299488
1.2282804
1.2263118
1.2241744
1.2230235
1.2219183
1.2226072
1.22429
1.2258598
1.2271887
1.228352
1.2294036
1.2303511
1.2311429
1.2317677
1.2322404
1.2325371
1.2326461
1.2325868
1.2323571
1.2319487
1.2313591
1.2305887
1.2296415
1.2285366
1.2272303
1.2256557
1.2239144
1.2231083
1.2217487
1.2222864
1.2236626
1.2248568
1.2258596
1.2267855
1.2276314
1.2283712
1.2289859
1.229483
1.2298529
1.2300809
1.2301741
1.2301374
1.229966
1.2296575
1.2292107
1.2286243
1.2279001
1.2270542
1.2260621
1.2248558
1.2234736
1.222907
1.221532
1.2219369
1.2229328
1.2237988
1.2245903
1.2253246
1.2259809
1.2265458
1.2270225
1.2274038
1.2276794
1.2278524
1.2279248
1.2278946
1.227761
1.2275235
1.2271816
1.2267351
1.2261848
1.2255367
1.2247852
1.2238904
1.2228735
1.2224897
1.221278
1.2214207
1.2221172
1.2228058
1.2234339
1.223996
1.2244908
1.2249224
1.2252797
1.225557
1.2257575
1.2258798
1.2259229
1.225887
1.225773
1.2255806
1.2253098
1.2249606
1.2245335
1.2240305
1.2234478
1.2227667
1.2220123
1.2218398
1.2208263
1.220805
1.2213494
1.2219118
1.2223983
1.2228256
1.2232006
1.223516
1.2237719
1.2239668
1.2240997
1.2241707
1.2241806
1.2241304
1.2240213
1.2238536
1.2236271
1.2233417
1.2229971
1.2225886
1.2220992
1.2215329
1.2210574
1.2210723
1.2202888
1.2203337
1.2207331
1.2211591
1.2215304
1.2218448
1.2221123
1.2223321
1.2225022
1.2226224
1.2226933
1.2227162
1.2226922
1.2226228
1.2225096
1.2223535
1.2221549
1.2219144
1.2216323
1.2213031
1.2209064
1.2204462
1.2201145
1.2202632
1.2199816
1.2199591
1.2202449
1.2205479
1.2208071
1.2210219
1.2211971
1.2213331
1.221429
1.2214851
1.2215024
1.2214826
1.2214272
1.2213378
1.2212161
1.2210634
1.2208806
1.2206685
1.2204283
1.220156
1.2198352
1.2194703
1.2192245
1.2193911
1.2197116
1.2196012
1.2197381
1.2199454
1.220127
1.2202677
1.2203724
1.2204436
1.2204819
1.2204882
1.2204639
1.220411
1.2203312
1.2202263
1.2200979
1.2199475
1.2197762
1.2195851
1.2193753
1.2191437
1.2188764
1.2185813
1.2184085
1.2186088
1.2192552
1.2191428
1.2192024
1.2193347
1.2194484
1.2195259
1.2195726
1.2195923
1.2195863
1.2195558
1.2195024
1.2194276
1.2193333
1.2192209
1.219092
1.2189477
1.2187892
1.2186177
1.2184344
1.2182363
1.2180118
1.2177705
1.217645
1.2178376
1.218603
1.2185293
1.2185544
1.2186191
1.2186692
1.2186944
1.2186981
1.2186828
1.2186493
1.2185985
1.2185315
1.2184494
1.2183535
1.218245
1.2181251
1.2179948
1.217855
1.2177071
1.2175518
1.2173867
1.2172017
1.2170075
1.2169227
1.2171101
1.2176834
1.2176477
1.2176521
1.2176742
1.2176874
1.2176856
1.2176701
1.2176416
1.2176005
1.2175475
1.217483
1.2174081
1.2173235
1.2172303
1.2171292
1.2170212
1.216907
1.2167879
1.2166646
1.2165347
1.2163896
1.2162412
1.216199
1.2163988
1.2165249
1.2165242
1.2165254
1.216529
1.2165272
1.2165169
1.2164979
1.2164703
1.2164342
1.2163899
1.2163379
1.2162787
1.2162129
1.2161413
1.2160644
1.2159829
1.2158973
1.2158087
1.2157176
1.2156215
1.2155126
1.2154035
1.2153976
1.2156118
1.2152033
1.2152311
1.2152387
1.2152389
1.2152355
1.2152279
1.2152151
1.2151967
1.2151727
1.2151433
1.2151089
1.2150698
1.2150264
1.2149792
1.2149287
1.2148754
1.2148198
1.2147626
1.2147043
1.2146422
1.2145691
1.2144979
1.2145267
1.2147589
1.2138059
1.2138557
1.2138746
1.2138802
1.2138831
1.213884
1.2138819
1.2138761
1.2138666
1.2138534
1.2138369
1.2138173
1.2137951
1.2137705
1.2137439
1.2137158
1.2136866
1.2136571
1.2136276
1.2135955
1.2135544
1.2135175
1.2135764
1.2138217
1.2124124
1.212479
1.2125108
1.2125264
1.2125393
1.2125514
1.2125615
1.2125689
1.2125734
1.2125753
1.2125746
1.2125718
1.212567
1.2125605
1.2125526
1.2125438
1.2125344
1.2125249
1.2125157
1.2125043
1.2124854
1.2124717
1.2125456
1.2127834
1.2111224
1.2111999
1.2112429
1.2112691
1.2112925
1.2113153
1.2113364
1.2113551
1.2113714
1.2113854
1.2113973
1.2114073
1.2114157
1.2114227
1.2114286
1.2114338
1.2114384
1.2114432
1.2114482
1.2114513
1.2114482
1.2114509
1.2115296
1.2117451
1.2100739
1.2101486
1.2101943
1.2102262
1.210256
1.2102855
1.2103137
1.21034
1.2103641
1.2103861
1.2104058
1.2104235
1.2104394
1.2104537
1.2104667
1.2104785
1.2104894
1.2104999
1.21051
1.210518
1.210521
1.2105294
1.210599
1.2107739
1.2093536
1.2094049
1.2094414
1.2094716
1.2095015
1.2095315
1.2095606
1.2095885
1.2096153
1.2096409
1.2096652
1.2096881
1.2097095
1.2097292
1.2097474
1.209764
1.2097792
1.2097931
1.2098059
1.209816
1.2098217
1.2098308
1.2098828
1.2100061
1.209237
1.2092367
1.2092331
1.2092282
1.2092242
1.2092217
1.2092205
1.2092204
1.2092215
1.209224
1.209228
1.2092333
1.2092396
1.2092468
1.209255
1.2092644
1.2092747
1.2092853
1.2092957
1.2093051
1.2093127
1.2093231
1.2093584
1.2094321
1.2093324
1.2093208
1.2093104
1.2093006
1.2092915
1.2092832
1.2092754
1.2092681
1.2092609
1.2092539
1.2092469
1.2092401
1.2092332
1.2092256
1.2092169
1.2092072
1.2091975
1.2091886
1.2091808
1.2091739
1.2091675
1.2091637
1.20917
1.2091899
1.2092561
1.2092513
1.209246
1.2092409
1.2092357
1.2092304
1.2092248
1.2092185
1.209212
1.2092055
1.2091991
1.2091928
1.2091865
1.2091804
1.2091743
1.2091682
1.2091621
1.2091563
1.209151
1.209146
1.2091408
1.2091359
1.2091327
1.2091292
1.2090022
1.2089961
1.20899
1.2089846
1.2089798
1.2089754
1.2089715
1.208968
1.2089647
1.2089615
1.2089582
1.2089548
1.2089515
1.2089482
1.2089449
1.2089417
1.2089388
1.2089367
1.2089349
1.2089328
1.2089299
1.2089266
1.2089237
1.2089207
1.2088593
1.2088568
1.2088537
1.2088503
1.2088466
1.2088426
1.2088385
1.2088341
1.2088295
1.2088247
1.2088198
1.2088147
1.2088095
1.2088042
1.2087989
1.2087936
1.2087883
1.208783
1.2087778
1.2087726
1.2087676
1.2087628
1.2087582
1.2087536
1.2087749
1.2087733
1.2087712
1.2087689
1.2087662
1.2087633
1.2087602
1.2087568
1.2087531
1.2087492
1.2087451
1.2087407
1.2087361
1.2087312
1.2087262
1.2087211
1.2087157
1.2087102
1.2087046
1.2086989
1.2086932
1.2086873
1.2086815
1.2086755
1.2087517
1.2087484
1.2087448
1.2087409
1.2087368
1.2087324
1.2087277
1.2087228
1.2087177
1.2087122
1.2087065
1.2087005
1.2086943
1.2086878
1.2086811
1.2086741
1.208667
1.2086597
1.2086522
1.2086446
1.208637
1.2086292
1.2086215
1.2086135
1.2085831
1.2085799
1.2085764
1.2085727
1.2085689
1.2085649
1.2085607
1.2085564
1.2085519
1.2085472
1.2085424
1.2085374
1.2085322
1.2085269
1.2085213
1.2085156
1.2085098
1.2085037
1.2084975
1.2084912
1.2084847
1.2084781
1.2084713
1.2084642
1.2082591
1.2082588
1.2082583
1.2082574
1.2082562
1.2082547
1.2082529
1.2082509
1.2082485
1.208246
1.2082432
1.2082401
1.2082369
1.2082336
1.20823
1.2082263
1.2082224
1.2082179
1.2082118
1.2082072
1.2082026
1.2081978
1.2081929
1.2081875
1.2098269
1.2088973
1.2081833
1.2079692
1.2084056
1.2095807
1.2112455
1.2128215
1.2144442
1.2107224
1.2098459
1.2091755
1.2089718
1.2094006
1.2105698
1.2122968
1.2140835
1.2155379
1.2116455
1.2108482
1.2102155
1.2099755
1.2103604
1.2114536
1.2131092
1.2148877
1.2162246
1.2125937
1.2118692
1.2112736
1.211012
1.2113303
1.2123077
1.2138087
1.215434
1.2166532
1.2135247
1.2128839
1.212334
1.212064
1.2123044
1.213137
1.214439
1.2158598
1.216947
1.2143993
1.2138584
1.2133703
1.2131054
1.2132682
1.2139411
1.2150215
1.2162194
1.2171562
1.2151765
1.2147522
1.2143468
1.2141084
1.214207
1.2147237
1.2155823
1.216559
1.2173512
1.2158191
1.2155228
1.2152222
1.2150412
1.2151029
1.2154919
1.2161651
1.2169617
1.2176565
1.2163097
1.2161576
1.2159843
1.2158854
1.2159633
1.2163042
1.2169039
1.2175573
1.2180172
1.216594
1.21661
1.2166205
1.2166631
1.2168161
1.2171301
1.2175539
1.2179187
1.2180499
1.2166374
1.2167855
1.2169204
1.21703
1.2171815
1.2173991
1.2176603
1.2179608
1.2181945
1.2163811
1.2165415
1.216756
1.2170459
1.2173848
1.2177509
1.2181158
1.2183944
1.2185109
1.2160929
1.2163311
1.2166248
1.2169661
1.2173435
1.2177373
1.2181119
1.2183921
1.2184959
1.2154751
1.2157412
1.2160762
1.2164664
1.2168876
1.2173068
1.2176884
1.2179849
1.2181413
1.214697
1.2149741
1.2153225
1.2157249
1.2161527
1.2165694
1.2169421
1.2172432
1.2174388
1.2137071
1.2139888
1.2143389
1.214736
1.2151533
1.2155537
1.2159081
1.2162042
1.2164227
1.2126029
1.2128704
1.2132047
1.213587
1.213983
1.214354
1.2146809
1.2149616
1.215186
1.211496
1.211732
1.2120307
1.2123726
1.2127286
1.2130679
1.2133658
1.2136205
1.2138346
1.2104597
1.2106457
1.2108921
1.2111812
1.2114862
1.2117766
1.2120333
1.2122606
1.2124595
1.2096466
1.2097361
1.209904
1.2101238
1.2103653
1.2105999
1.2108098
1.2109988
1.2111697
1.2094127
1.209326
1.2093141
1.2093849
1.2095176
1.209676
1.20983
1.2099736
1.2101065
1.2095081
1.2094285
1.2093316
1.2092505
1.2092069
1.2092078
1.2092442
1.2093014
1.209366
1.2094834
1.2094772
1.2094581
1.2094225
1.2093759
1.209329
1.2092921
1.2092697
1.2092599
1.2093972
1.2093984
1.2093986
1.2093963
1.2093902
1.2093806
1.2093694
1.2093583
1.2093476
1.2092363
1.2092344
1.2092345
1.2092371
1.2092422
1.2092479
1.2092525
1.209256
1.2092581
1.2090258
1.2090232
1.2090197
1.2090163
1.2090129
1.2090097
1.2090076
1.2090067
1.2090063
1.208852
1.2088533
1.2088553
1.2088571
1.2088586
1.2088596
1.2088603
1.2088609
1.2088612
1.2087787
1.208778
1.2087773
1.2087768
1.2087765
1.2087762
1.2087761
1.2087761
1.2087759
1.2087615
1.2087615
1.2087611
1.2087603
1.2087593
1.2087579
1.2087566
1.2087555
1.2087545
1.2085958
1.2085955
1.2085948
1.2085937
1.2085922
1.2085906
1.2085889
1.2085874
1.2085863
1.2082168
1.2082216
1.2082268
1.2082324
1.2082384
1.2082449
1.2082515
1.2082574
1.2082606
1.2107746
1.21165
1.2125067
1.2133669
1.2141893
1.2149393
1.2155781
1.216075
1.2164202
1.2165679
1.2165209
1.2162533
1.2159051
1.2152692
1.2144815
1.2134884
1.2123948
1.2113162
1.2103319
1.2096447
1.2095453
1.2095534
1.2094841
1.209397
1.2092395
1.2090274
1.2088521
1.2087794
1.2087611
1.2085953
1.2082107
1.2116557
1.2124652
1.2132492
1.2140196
1.2147327
1.2153596
1.2158658
1.2162311
1.2164534
1.2165055
1.2164086
1.2161312
1.2157388
1.2150932
1.2142998
1.2133074
1.2122263
1.2111798
1.2102704
1.2097508
1.2096935
1.2095686
1.209484
1.2093979
1.2092429
1.2090281
1.2088538
1.2087794
1.2087602
1.2085941
1.2082057
1.2125297
1.2132564
1.2139455
1.2146095
1.215201
1.2156956
1.2160647
1.2163057
1.2164254
1.2164163
1.2162894
1.2160097
1.2155809
1.2149316
1.214137
1.2131499
1.2120909
1.2110946
1.2103263
1.2099833
1.2097762
1.2095614
1.2094871
1.2093987
1.2092448
1.2090274
1.2088565
1.2087779
1.2087582
1.2085928
1.2082001
1.2132612
1.2138965
1.2144849
1.2150392
1.2155091
1.2158769
1.2161207
1.2162605
1.216319
1.2162896
1.2161552
1.2158768
1.2154274
1.2147798
1.2139922
1.2130222
1.2120162
1.211137
1.2106283
1.2101869
1.2097653
1.2095694
1.2094896
1.2094004
1.2092444
1.2090266
1.2088577
1.2087738
1.208754
1.2085856
1.2081888
1.2136128
1.214164
1.2146709
1.2151306
1.2155056
1.2157807
1.2159466
1.2160367
1.216107
1.2160994
1.2159781
1.215722
1.2152952
1.2146444
1.2138913
1.2129871
1.2121873
1.211573
1.2108698
1.2101948
1.209786
1.2095841
1.2095035
1.2094151
1.2092489
1.209031
1.2088559
1.2087681
1.2087492
1.2085794
1.2082165
1.213302
1.2137713
1.2141892
1.2145649
1.2148867
1.2151473
1.2153661
1.215553
1.2157234
1.215811
1.2157754
1.2156155
1.2153374
1.214878
1.2142542
1.2134377
1.2125449
1.2116863
1.210979
1.2102344
1.2098323
1.2096424
1.2095647
1.2094736
1.2093066
1.2090645
1.2088899
1.2087845
1.2087585
1.2085719
1.208126
)
;

boundaryField
{
    Side1
    {
        type            empty;
    }
    Inlet
    {
        type            calculated;
        value           nonuniform List<scalar> 
188
(
1.2015731
1.201575
1.2015773
1.2015796
1.2015836
1.2154859
1.2015963
1.2016047
1.2016146
1.201627
1.201641
1.2016559
1.2016717
1.2016867
1.2016995
1.2017125
1.201728
1.2017464
1.2154859
1.2020787
1.2018108
1.2154859
1.2154859
1.2154859
1.2018755
1.2018987
1.2154859
1.2019443
1.2154859
1.2154859
1.2020535
1.2020535
1.2020535
1.2020535
1.2020535
1.2020535
1.2020535
1.2020535
1.2020535
1.2020535
1.2020535
1.2020535
1.2020535
1.2020535
1.2020535
1.2020535
1.2020535
1.2020535
1.2020535
1.2020535
1.2020535
1.2020535
1.2020535
1.2020535
1.2020535
1.2020535
1.2020535
1.2020535
1.2020535
1.2020535
1.2022455
1.2020535
1.2154859
1.2154859
1.2154859
1.2154859
1.2154859
1.2154859
1.2154859
1.2154859
1.2154859
1.2015492
1.2154859
1.2154859
1.2015542
1.2154859
1.2154859
1.2154859
1.2154859
1.2154859
1.201562
1.2015638
1.2015656
1.2154859
1.2015699
1.201572
1.2154859
1.2154859
1.2154859
1.2154859
1.2154859
1.201531
1.2015274
1.2015244
1.2015206
1.2015161
1.2015107
1.2015046
1.2014975
1.2014893
1.2014801
1.2014697
1.2014576
1.2014451
1.2014332
1.2017308
1.201728
1.2017226
1.2017163
1.2017095
1.2017024
1.2016948
1.2016869
1.2016783
1.2016679
1.2016556
1.2016415
1.2016253
1.2016066
1.2015852
1.2015607
1.2015332
1.201503
1.2014716
1.2014395
1.2014059
1.2013728
1.2013415
1.2013112
1.2012829
1.2012607
1.2012444
1.2012314
1.2012211
1.2012128
1.2012066
1.2012045
1.201205
1.2012073
1.2012137
1.201228
1.2009057
1.2009189
1.2009364
1.2009779
1.2010209
1.2010422
1.2010397
1.2010344
1.2020535
1.2020535
1.2020535
1.2020535
1.2020535
1.2020535
1.2020535
1.2020535
1.2020535
1.2020535
1.2020535
1.2020535
1.2020535
1.2020535
1.2020535
1.2020535
1.2020535
1.2020535
1.2020535
1.2020535
1.2020535
1.2020535
1.2020535
1.2020535
1.2020535
1.2020535
1.2020535
1.2020535
1.2020535
1.2020535
1.2020535
1.2020535
1.2020535
1.2020535
1.2020535
1.2020535
1.2020535
1.2020535
1.2020535
)
;
    }
    Side2
    {
        type            empty;
    }
    Outlet
    {
        type            calculated;
        value           nonuniform List<scalar> 
70
(
1.2020718
1.202068
1.2020637
1.2020591
1.2020539
1.2020482
1.2020419
1.2020349
1.2020272
1.2020188
1.2020094
1.2019989
1.2019871
1.2019739
1.2019591
1.2019428
1.2019251
1.2019073
1.2018912
1.2018802
1.201876
1.2018778
1.2018828
1.2018875
1.2018901
1.2018889
1.201884
1.2018852
1.2018979
1.2019697
1.2019685
1.2022703
1.202261
1.2022514
1.2022416
1.2022316
1.2022217
1.2022118
1.2022019
1.2021922
1.2021826
1.2021731
1.2021639
1.202155
1.2021464
1.202138
1.20213
1.2021223
1.202115
1.2021079
1.2021011
1.2020946
1.2020883
1.2020823
1.2020764
1.202277
1.2022823
1.2022886
1.2022954
1.2023026
1.2023099
1.2023166
1.2023217
1.2023251
1.202327
1.2023271
1.2023249
1.202318
1.2023004
1.2022429
)
;
    }
    Botwall
    {
        type            calculated;
        value           nonuniform List<scalar> 
118
(
1.194435
1.1946477
1.1948263
1.1949954
1.1951663
1.1953362
1.1955021
1.1956637
1.1958224
1.1959806
1.1961413
1.196308
1.1964854
1.1966779
1.1968902
1.1971254
1.197386
1.1976705
1.197978
1.1982952
1.1986426
1.1990085
1.1993393
1.1996251
1.1999223
1.200155
1.2004112
1.2005894
1.2007183
1.2008239
1.2008815
1.2008927
1.2008658
1.2008163
1.2007589
1.200703
1.2006529
1.2005859
1.2004888
1.2003567
1.2002185
1.2001
1.2000061
1.1999116
1.1998115
1.1997177
1.1996483
1.1995962
1.1995581
1.1995223
1.1995311
1.1995486
1.1996081
1.1996548
1.1997576
1.1998036
1.1998998
1.1999406
1.2001183
1.2002251
1.2006129
1.2009008
1.2013275
1.2125421
1.2115936
1.2103157
1.2090366
1.2073431
1.2056775
1.2040073
1.2021349
1.2001871
1.1983523
1.1967454
1.1953237
1.1942953
1.1933538
1.1928652
1.1925954
1.1924831
1.1925317
1.1927093
1.1929567
1.1932687
1.1935665
1.1939061
1.1941532
1.213302
1.2137713
1.2141892
1.2145649
1.2148867
1.2151473
1.2153661
1.215553
1.2157234
1.215811
1.2157754
1.2156155
1.2153374
1.214878
1.2142542
1.2134377
1.2125449
1.2116863
1.210979
1.2102344
1.2098323
1.2096424
1.2095647
1.2094736
1.2093066
1.2090645
1.2088899
1.2087845
1.2087585
1.2085719
1.208126
)
;
    }
    Cyli
    {
        type            calculated;
        value           nonuniform List<scalar> 
96
(
1.217191
1.2119601
1.2067586
1.2016232
1.1966234
1.1918181
1.1873348
1.1831512
1.1795122
1.1761737
1.1737473
1.1724185
1.169295
1.1679996
1.1686422
1.1702986
1.1722661
1.1746351
1.1783334
1.1818039
1.1856008
1.1879765
1.1898465
1.1905161
1.1902948
1.1905638
1.1905852
1.1906116
1.1906247
1.1906613
1.1907199
1.1907979
1.1908905
1.1909941
1.1910778
1.1911164
1.191061
1.1909889
1.1908659
1.190739
1.1906253
1.1905336
1.1904729
1.1904363
1.1904182
1.1904045
1.1903911
1.1903489
1.2226939
1.2284252
1.2339213
1.2391432
1.2439038
1.2478641
1.2511693
1.2541785
1.2565948
1.2583992
1.2595865
1.2601047
1.2595479
1.2587279
1.2570655
1.2548563
1.2521605
1.2489567
1.2455626
1.2417462
1.2373376
1.2325674
1.2276456
1.2225156
1.1889751
1.1872116
1.1851443
1.1817592
1.178349
1.1746066
1.1720883
1.169881
1.1682414
1.166795
1.1659229
1.166035
1.1681169
1.1713345
1.1736346
1.1764956
1.1801624
1.184253
1.1889191
1.1938714
1.1992808
1.2050145
1.2109161
1.216842
)
;
    }
}


// ************************************************************************* //
