/*--------------------------------*- C++ -*----------------------------------*\
| =========                 |                                                 |
| \\      /  F ield         | OpenFOAM: The Open Source CFD Toolbox           |
|  \\    /   O peration     | Version:  2406                                  |
|   \\  /    A nd           | Website:  www.openfoam.com                      |
|    \\/     M anipulation  |                                                 |
\*---------------------------------------------------------------------------*/
FoamFile
{
    version     2.0;
    format      ascii;
    arch        "LSB;label=32;scalar=64";
    class       volScalarField;
    location    "0.003";
    object      T;
}
// * * * * * * * * * * * * * * * * * * * * * * * * * * * * * * * * * * * * * //

dimensions      [0 0 0 1 0 0 0];

internalField   nonuniform List<scalar> 
8951
(
293.16866
292.92478
293.01678
293.07549
293.13623
293.1696
293.30967
293.22475
293.13903
293.05376
292.96948
292.88607
292.80273
292.71806
292.63211
292.56841
292.61681
292.70764
292.78147
292.85229
292.92994
293.02056
293.07767
293.13751
293.1707
293.77267
293.7689
293.76253
293.75259
293.73787
293.71688
293.68808
293.65008
293.60195
293.54355
293.47574
293.40025
293.31935
293.23536
293.15024
293.06531
292.98121
292.89786
292.81449
292.72974
292.64364
292.57857
292.62396
292.71441
292.78754
292.85794
292.93492
293.02411
293.07972
293.13867
293.17194
293.76272
293.75955
293.75399
293.74509
293.73163
293.71221
293.68531
293.64947
293.60366
293.54759
293.48191
293.40823
293.32872
293.24573
293.16125
293.07672
292.99283
292.90958
292.8262
292.74137
292.65526
292.58884
292.63115
292.72116
292.79354
292.86348
292.93975
293.02742
293.08164
293.1397
293.17329
293.75259
293.75
293.74518
293.73724
293.72503
293.70717
293.68213
293.64843
293.60493
293.55118
293.48767
293.41584
293.33779
293.25584
293.17207
293.08797
293.00434
292.92121
292.83784
292.75297
292.66695
292.59926
292.63838
292.72788
292.79947
292.8689
292.9444
293.03047
293.08343
293.1406
293.17476
293.74226
293.74023
293.73614
293.72915
293.71816
293.7018
293.67858
293.64698
293.60577
293.55435
293.49303
293.42309
293.34655
293.2657
293.18268
293.09907
293.01572
292.93274
292.84942
292.76455
292.6787
292.60985
292.64568
292.73456
292.80532
292.87423
292.94889
293.03328
293.08506
293.14134
293.17635
293.73178
293.73032
293.72696
293.7209
293.71107
293.69617
293.67471
293.64516
293.6062
293.5571
293.49799
293.42998
293.35499
293.27531
293.19309
293.10999
293.02697
292.94416
292.86092
292.77609
292.69047
292.62068
292.65302
292.74119
292.81106
292.87942
292.95323
293.03586
293.08654
293.14192
293.1781
293.72126
293.72034
293.71769
293.7125
293.70378
293.69028
293.67053
293.64298
293.60625
293.55946
293.50256
293.43652
293.36313
293.28465
293.20327
293.12074
293.03807
292.95546
292.87233
292.7876
292.70222
292.63166
292.66038
292.74777
292.81673
292.88449
292.95738
293.03821
293.08782
293.14233
293.18002
293.71077
293.71033
293.7083
293.70395
293.69632
293.68418
293.66609
293.64049
293.60593
293.56142
293.50676
293.44271
293.37096
293.29372
293.21324
293.1313
293.04901
292.96663
292.88364
292.79905
292.71393
292.6426
292.6679
292.75428
292.82233
292.88944
292.96136
293.04035
293.08888
293.14256
293.18214
293.70032
293.70036
293.69895
293.69541
293.6888
293.67795
293.66144
293.63772
293.60529
293.56304
293.51059
293.44855
293.37848
293.30253
293.22297
293.14166
293.05978
292.97766
292.89484
292.81043
292.72557
292.65349
292.6755
292.76073
292.82782
292.89427
292.96515
293.04231
293.08971
293.14259
293.18447
293.69001
293.69051
293.68969
293.6869
293.68126
293.67163
293.65664
293.63473
293.60436
293.56431
293.51407
293.45405
293.38569
293.31107
293.23247
293.15182
293.07038
292.98854
292.90592
292.82173
292.73713
292.66441
292.68312
292.76709
292.83321
292.89894
292.96877
293.04409
293.09028
293.1424
293.18701
293.67992
293.68084
293.68057
293.67849
293.67376
293.66529
293.65173
293.63155
293.60317
293.56528
293.51722
293.45923
293.3926
293.31934
293.24174
293.16178
293.08079
292.99926
292.91688
292.83294
292.7486
292.67535
292.69076
292.77335
292.83848
292.90346
292.97221
293.04572
293.09059
293.14196
293.18976
293.67013
293.67143
293.67166
293.67023
293.66635
293.65897
293.64678
293.62824
293.60177
293.56598
293.52006
293.46409
293.39921
293.32734
293.25076
293.17151
293.09101
293.00982
292.9277
292.84406
292.75999
292.68624
292.69841
292.7795
292.84362
292.90781
292.97546
293.04718
293.09065
293.14124
293.19273
293.66068
293.66232
293.663
293.66219
293.65911
293.65275
293.64183
293.62485
293.6002
293.56644
293.52262
293.46866
293.40552
293.33506
293.25953
293.18102
293.10103
293.02021
292.93839
292.85509
292.77131
292.69706
292.706
292.78552
292.84864
292.91197
292.97855
293.04848
293.09048
293.14022
293.19593
293.65161
293.65363
293.65477
293.6545
293.65212
293.64669
293.63695
293.62143
293.59851
293.56669
293.52491
293.47293
293.41155
293.34251
293.26805
293.1903
293.11085
293.03042
292.94893
292.86603
292.78261
292.70778
292.71329
292.7914
292.85353
292.91594
292.98145
293.04961
293.0901
293.13886
293.19931
293.64302
293.64533
293.64686
293.64712
293.64544
293.64086
293.63219
293.61802
293.59674
293.56677
293.52697
293.47692
293.41729
293.34969
293.27632
293.19935
293.12046
293.04045
292.95933
292.87687
292.79392
292.71836
292.72034
292.79714
292.85827
292.91973
292.98415
293.05055
293.08953
293.13718
293.20282
293.63501
293.63758
293.6395
293.64024
293.63908
293.63521
293.62756
293.61466
293.59491
293.56671
293.52881
293.48066
293.42276
293.3566
293.28433
293.20817
293.12985
293.05028
292.96957
292.88758
292.80501
292.72879
292.72728
292.80273
292.86286
292.92333
292.98664
293.05129
293.08881
293.13519
293.20639
293.62762
293.63039
293.6326
293.63378
293.63309
293.62981
293.6231
293.61139
293.59309
293.56656
293.53047
293.48416
293.42796
293.36324
293.29208
293.21674
293.13902
293.05992
292.97964
292.89814
292.81585
292.73904
292.73412
292.80817
292.8673
292.92673
292.98892
293.05183
293.08794
293.13291
293.20995
293.62076
293.62366
293.62601
293.62742
293.62743
293.62507
293.61907
293.60834
293.59133
293.56634
293.53198
293.48744
293.43291
293.36961
293.29958
293.22508
293.14797
293.06936
292.98954
292.90853
292.82643
292.74911
292.74087
292.81345
292.87157
292.92993
292.99097
293.05217
293.08693
293.13039
293.21343
293.61458
293.61761
293.62017
293.62188
293.62225
293.6204
293.61521
293.60551
293.58968
293.56611
293.53336
293.49052
293.43761
293.37573
293.30683
293.23317
293.1567
293.0786
292.99925
292.91872
292.83687
292.75885
292.74751
292.81858
292.87567
292.93292
292.99277
293.05229
293.08579
293.12772
293.21681
293.60913
293.61226
293.61497
293.61689
293.61753
293.6162
293.61176
293.60287
293.58813
293.56586
293.53464
293.49342
293.44208
293.38159
293.31382
293.24102
293.1652
293.08763
293.00878
292.92872
292.84716
292.76836
292.75403
292.82355
292.87961
292.93572
292.99431
293.05222
293.08451
293.12505
293.22003
293.60442
293.6076
293.61042
293.61252
293.6134
293.61241
293.60859
293.60055
293.58669
293.56558
293.53582
293.49615
293.44634
293.38721
293.32057
293.24864
293.17348
293.09646
293.01811
292.93852
292.85726
292.77777
292.76042
292.82837
292.88339
292.93833
292.99556
293.05195
293.0831
293.12254
293.22313
293.60042
293.60363
293.60651
293.60873
293.60982
293.60909
293.60569
293.59839
293.58544
293.56538
293.53695
293.49874
293.45039
293.3926
293.32707
293.25602
293.18154
293.10508
293.02724
292.9481
292.86711
292.78713
292.76669
292.83305
292.88703
292.94077
292.99656
293.05151
293.08158
293.12031
293.22614
293.59713
293.60032
293.60323
293.60552
293.60673
293.60621
293.60307
293.59622
293.58429
293.56551
293.53816
293.50123
293.45425
293.39776
293.33334
293.26317
293.18938
293.11348
293.03616
292.95747
292.8767
292.79624
292.77283
292.83757
292.89054
292.94304
292.99732
293.0509
293.07993
293.1184
293.229
293.59453
293.59769
293.60058
293.6029
293.60421
293.60388
293.60104
293.59461
293.58338
293.56556
293.53925
293.50357
293.45794
293.40271
293.33939
293.2701
293.19701
293.12169
293.04488
292.96661
292.88607
292.80532
292.77884
292.84196
292.89392
292.94515
292.99786
293.05014
293.07818
293.11677
293.23166
293.5926
293.59569
293.59854
293.60085
293.60221
293.60201
293.59943
293.59338
293.58262
293.5656
293.54039
293.5058
293.46146
293.40746
293.34522
293.27681
293.20442
293.12969
293.0534
292.97555
292.89525
292.81442
292.78478
292.84622
292.89718
292.94712
292.99819
293.04923
293.07631
293.1154
293.234
293.5913
293.59431
293.59708
293.59935
293.60071
293.60058
293.59817
293.59244
293.58206
293.56557
293.54145
293.50818
293.46489
293.41203
293.35084
293.28332
293.21164
293.13748
293.06171
292.98427
292.90424
292.82346
292.79098
292.85035
292.90033
292.94895
292.99833
293.04816
293.07436
293.11426
293.23593
293.59058
293.59348
293.59617
293.59836
293.59968
293.59958
293.59729
293.5918
293.58184
293.56592
293.54262
293.51032
293.46813
293.41643
293.35627
293.28962
293.21865
293.14508
293.06982
292.99279
292.91305
292.83234
292.79719
292.85437
292.90338
292.95065
292.99834
293.04691
293.07233
293.11333
293.23746
293.5904
293.59318
293.59575
293.59785
293.59911
293.59899
293.59677
293.59146
293.58184
293.56645
293.54375
293.51233
293.47132
293.42067
293.36151
293.29574
293.22547
293.15249
293.07773
293.0011
292.92167
292.84105
292.8033
292.85828
292.90634
292.95224
292.99823
293.04548
293.07024
293.11256
293.23874
293.5907
293.59335
293.59578
293.59776
293.59893
293.59877
293.59657
293.59139
293.58204
293.56708
293.54499
293.51443
293.47439
293.42475
293.36659
293.30167
293.23211
293.15971
293.08544
293.00922
292.93011
292.84959
292.80927
292.86208
292.90922
292.95372
292.99803
293.04385
293.06814
293.11193
293.23994
293.59141
293.59392
293.59621
293.59806
293.59912
293.59889
293.59668
293.59158
293.58243
293.56785
293.54632
293.51646
293.47732
293.42873
293.37151
293.30742
293.23857
293.16675
293.09296
293.01715
292.93836
292.85796
292.81514
292.86579
292.912
292.95512
292.99776
293.04201
293.06601
293.11153
293.24108
293.59247
293.59483
293.59698
293.59869
293.59962
293.59929
293.59705
293.592
293.58302
293.56875
293.54772
293.51853
293.48024
293.43258
293.37628
293.31301
293.24486
293.1736
293.1003
293.02488
292.94644
292.86615
292.82091
292.86939
292.9147
292.95643
292.99741
293.04
293.06391
293.1114
293.24199
293.59381
293.59602
293.59802
293.59958
293.60038
293.59995
293.59765
293.59262
293.58376
293.56976
293.54918
293.52062
293.4831
293.43629
293.38089
293.31844
293.25097
293.18029
293.10746
293.03244
292.95432
292.87413
292.82662
292.8729
292.91732
292.95765
292.99698
293.03794
293.06189
293.11147
293.24243
293.59535
293.59742
293.59927
293.60068
293.60135
293.6008
293.59843
293.5934
293.58464
293.57088
293.55068
293.52269
293.48587
293.43989
293.38539
293.32373
293.25693
293.18681
293.11444
293.03981
292.96203
292.88182
292.83231
292.87631
292.91985
292.95878
292.99651
293.03591
293.05983
293.11169
293.2422
293.59702
293.59895
293.60065
293.60192
293.60245
293.60179
293.59935
293.5943
293.58562
293.57206
293.55222
293.52474
293.4886
293.44343
293.38974
293.32886
293.26273
293.19317
293.12125
293.047
292.96954
292.88934
292.83802
292.87962
292.92229
292.95983
292.99597
293.03391
293.05771
293.11202
293.24126
293.59875
293.60054
293.6021
293.60323
293.60363
293.60286
293.60034
293.59528
293.58667
293.57328
293.55377
293.52678
293.49128
293.44686
293.39395
293.33384
293.26839
293.19937
293.12791
293.05403
292.97688
292.89678
292.84377
292.88282
292.92463
292.96081
292.99535
293.03197
293.05574
293.11245
293.23972
293.60044
293.60211
293.60354
293.60454
293.60482
293.60395
293.60136
293.59628
293.58773
293.57452
293.55531
293.52879
293.4939
293.45021
293.39803
293.33868
293.2739
293.20542
293.1344
293.06089
292.98405
292.9041
292.84954
292.88592
292.92689
292.9617
292.99468
293.03014
293.05389
293.11281
293.23775
293.60203
293.60358
293.60489
293.60578
293.60594
293.60498
293.60233
293.59724
293.58876
293.57572
293.55681
293.53073
293.49645
293.45346
293.40203
293.34342
293.27927
293.21134
293.14075
293.06761
292.99106
292.91131
292.85508
292.88889
292.92906
292.96252
292.99403
293.02845
293.05218
293.11257
293.23563
293.60344
293.60488
293.60609
293.60687
293.60694
293.6059
293.6032
293.59812
293.58971
293.57684
293.55822
293.53259
293.49888
293.45659
293.40593
293.34803
293.28451
293.21711
293.14696
293.07418
292.99793
292.91835
292.86023
292.89175
292.93114
292.96327
292.99339
293.02685
293.05055
293.11141
293.23355
293.6046
293.60595
293.60706
293.60775
293.60774
293.60664
293.60391
293.59885
293.59053
293.57784
293.55953
293.53432
293.50117
293.45955
293.40968
293.35248
293.28962
293.22275
293.15304
293.08062
293.00467
292.92521
292.86522
292.8945
292.93313
292.96396
292.99273
293.02534
293.04913
293.11
293.23172
293.60545
293.60671
293.60774
293.60836
293.60829
293.60714
293.6044
293.59938
293.59117
293.57868
293.56068
293.53592
293.50334
293.46239
293.41327
293.3568
293.2946
293.22827
293.15899
293.08692
293.01127
292.93188
292.87013
292.89717
292.93505
292.9646
292.99209
293.02403
293.04795
293.10934
293.23046
293.60592
293.60711
293.60807
293.60862
293.6085
293.60734
293.60462
293.59966
293.59158
293.57932
293.56166
293.53736
293.50538
293.46512
293.41672
293.361
293.29945
293.23367
293.16482
293.09311
293.01774
292.93837
292.87502
292.89977
292.9369
292.9652
292.99152
293.02293
293.047
293.10935
293.22976
293.60597
293.60711
293.60802
293.60853
293.60838
293.60721
293.60452
293.59965
293.59173
293.57972
293.56243
293.53862
293.50725
293.4677
293.42004
293.36506
293.30418
293.23896
293.17054
293.09918
293.02409
292.94473
292.87994
292.90231
292.93868
292.96577
292.99104
293.02191
293.04628
293.10955
293.22932
293.60556
293.60666
293.60753
293.60802
293.60786
293.6067
293.60407
293.59931
293.59158
293.57985
293.56295
293.53967
293.50893
293.47011
293.42322
293.36901
293.3088
293.24413
293.17616
293.10515
293.03033
292.95098
292.88483
292.90479
292.94041
292.96632
292.99063
293.02096
293.04582
293.10982
293.22909
293.60467
293.60573
293.60658
293.60705
293.6069
293.60578
293.60323
293.5986
293.59109
293.57968
293.56321
293.54047
293.51041
293.47234
293.42625
293.37283
293.31331
293.24921
293.18168
293.11101
293.03645
292.95712
292.8897
292.90718
292.94209
292.96687
292.99031
293.02014
293.0456
293.11027
293.23064
293.60328
293.60432
293.60516
293.60563
293.6055
293.60444
293.60199
293.59752
293.59025
293.57919
293.56318
293.54103
293.51167
293.47438
293.42914
293.37653
293.31771
293.25419
293.18711
293.11678
293.04246
292.96315
292.89454
292.90952
292.94372
292.96742
292.9901
293.01953
293.04558
293.11094
293.23506
293.60139
293.60242
293.60325
293.60374
293.60365
293.60266
293.60033
293.59606
293.58906
293.57836
293.56285
293.54133
293.51271
293.47626
293.43188
293.38008
293.322
293.25909
293.19246
293.12246
293.04836
292.96906
292.89942
292.91179
292.94532
292.96799
292.98999
293.01912
293.04572
293.11156
293.2402
293.59901
293.60003
293.60088
293.60139
293.60135
293.60045
293.59826
293.5942
293.58749
293.5772
293.56222
293.54136
293.51355
293.47799
293.43447
293.38347
293.32618
293.26389
293.19772
293.12805
293.05416
292.97487
292.90429
292.9141
292.9469
292.96858
292.98997
293.01888
293.04595
293.1115
293.24692
293.59615
293.59718
293.59804
293.59859
293.59862
293.59782
293.59579
293.59195
293.58556
293.5757
293.56128
293.54112
293.51413
293.47953
293.43689
293.38672
293.33027
293.26861
293.2029
293.13355
293.05986
292.98056
292.90913
292.91644
292.94846
292.96922
292.99002
293.0188
293.04624
293.11036
293.25407
293.59284
293.59388
293.59477
293.59536
293.59547
293.59479
293.59292
293.58932
293.58328
293.57387
293.56003
293.54058
293.51443
293.48075
293.43913
293.38996
293.33428
293.27325
293.208
293.13897
293.06546
292.98615
292.91394
292.91871
292.94999
292.9699
292.99013
293.01882
293.04659
293.10824
293.26134
293.58911
293.59017
293.59108
293.59173
293.59192
293.59136
293.58968
293.58634
293.58065
293.57171
293.55848
293.53978
293.5145
293.48178
293.44123
293.39307
293.33818
293.2778
293.21302
293.1443
293.07096
292.99162
292.91869
292.92083
292.95152
292.97064
292.9903
293.01893
293.04695
293.10593
293.26969
293.585
293.58607
293.58703
293.58774
293.58801
293.58759
293.58609
293.58302
293.57769
293.56925
293.55664
293.53872
293.51436
293.48265
293.44316
293.396
293.34196
293.28226
293.21797
293.14955
293.07638
292.99698
292.92337
292.92272
292.95303
292.97145
292.99058
293.01909
293.04732
293.1042
293.27602
293.58054
293.58164
293.58263
293.5834
293.58377
293.58348
293.58218
293.57939
293.57443
293.56649
293.55453
293.53741
293.51399
293.48332
293.4449
293.39876
293.34562
293.28662
293.22283
293.15472
293.0817
293.00225
292.92795
292.92462
292.95454
292.97233
292.99099
293.01932
293.04764
293.10288
293.28119
293.57578
293.5769
293.57794
293.57877
293.57923
293.57908
293.57798
293.57546
293.57089
293.56345
293.55215
293.53584
293.51338
293.48377
293.44643
293.40135
293.34915
293.29089
293.2276
293.15982
293.08695
293.00749
292.93237
292.92658
292.95605
292.97328
292.99158
293.01963
293.04783
293.10154
293.28563
293.57075
293.5719
293.57298
293.57387
293.57443
293.57442
293.57351
293.57126
293.56707
293.56014
293.5495
293.53402
293.51252
293.48399
293.44777
293.40377
293.35254
293.29504
293.23228
293.16482
293.09213
293.0127
292.93673
292.9286
292.95756
292.97431
292.99236
293.02004
293.04786
293.09976
293.28936
293.5655
293.56667
293.56778
293.56874
293.56939
293.56951
293.5688
293.56682
293.56299
293.55656
293.54658
293.53194
293.51146
293.48396
293.44882
293.40601
293.35579
293.29907
293.23687
293.16975
293.09724
293.01784
292.94111
292.93067
292.95909
292.97541
292.99334
293.02055
293.04768
293.09735
293.29216
293.56005
293.56124
293.56239
293.5634
293.56414
293.56439
293.56386
293.56214
293.55868
293.55273
293.54338
293.52954
293.51002
293.48367
293.44976
293.40809
293.35888
293.30297
293.24135
293.17459
293.10227
293.0229
292.94543
292.93277
292.96063
292.97657
292.99443
293.02116
293.04732
293.0943
293.29373
293.55443
293.55564
293.55683
293.55789
293.5587
293.55907
293.55872
293.55725
293.55414
293.54866
293.53993
293.52687
293.50831
293.48314
293.45049
293.40996
293.36179
293.30673
293.2457
293.17933
293.10722
293.02786
292.94968
292.93487
292.9622
292.97779
292.99556
293.02187
293.04679
293.09079
293.29386
293.54868
293.5499
293.55111
293.55223
293.55311
293.5536
293.55341
293.55218
293.5494
293.54438
293.53625
293.52397
293.50638
293.48235
293.45093
293.41159
293.3645
293.31032
293.24993
293.18396
293.11207
293.03269
292.95384
292.93699
292.96379
292.97907
292.99665
293.02261
293.04614
293.08716
293.29245
293.54281
293.54404
293.54528
293.54643
293.54738
293.54797
293.54794
293.54693
293.54447
293.53989
293.53236
293.52085
293.50421
293.48128
293.45107
293.41296
293.36699
293.31374
293.25402
293.18847
293.1168
293.03738
292.95789
292.9392
292.9654
292.98039
292.99765
293.02328
293.0454
293.08362
293.2896
293.53684
293.53808
293.53933
293.54052
293.54153
293.54221
293.54232
293.54153
293.53937
293.53521
293.52825
293.51748
293.50177
293.47993
293.45092
293.41406
293.36925
293.31697
293.25796
293.19285
293.1214
293.04195
292.96185
292.94138
292.96703
292.98173
292.99852
293.02383
293.04453
293.08022
293.2855
293.5308
293.53204
293.5333
293.53451
293.53557
293.53633
293.53657
293.53597
293.5341
293.53034
293.52392
293.51387
293.49906
293.4783
293.4505
293.41489
293.37128
293.31999
293.26172
293.19709
293.12586
293.04638
292.9659
292.94349
292.96868
292.98309
292.99923
293.0242
293.04353
293.07695
293.28039
293.52469
293.52593
293.52719
293.52842
293.52952
293.53035
293.53071
293.53029
293.52867
293.52529
293.51939
293.51003
293.4961
293.47639
293.44979
293.41545
293.37304
293.32279
293.26531
293.20118
293.1302
293.05075
292.96986
292.94555
292.97034
292.98444
292.9998
293.02439
293.04233
293.07383
293.27463
293.51855
293.51977
293.52103
293.52227
293.5234
293.52429
293.52475
293.52449
293.52312
293.52009
293.51468
293.50597
293.49288
293.47421
293.44879
293.41572
293.37455
293.32537
293.26872
293.20513
293.13442
293.05504
292.97369
292.94759
292.972
292.9858
293.00026
293.02435
293.04088
293.07084
293.26853
293.51238
293.51359
293.51484
293.51608
293.51723
293.51817
293.51871
293.51859
293.51744
293.51473
293.50978
293.50171
293.48943
293.47176
293.44751
293.41571
293.37578
293.32771
293.27192
293.20892
293.1385
293.05923
292.97747
292.94964
292.97366
292.98715
293.00064
293.02407
293.03919
293.06798
293.26251
293.5062
293.50739
293.50862
293.50986
293.51102
293.51199
293.51261
293.51261
293.51166
293.50925
293.50473
293.49724
293.48574
293.46905
293.44595
293.4154
293.37673
293.32979
293.27491
293.21253
293.14244
293.06328
292.98118
292.95175
292.97531
292.98848
293.00095
293.02357
293.03726
293.06525
293.2568
293.50003
293.50119
293.50241
293.50363
293.50479
293.50579
293.50646
293.50658
293.5058
293.50366
293.49954
293.4926
293.48185
293.46609
293.44411
293.41479
293.37739
293.33161
293.27768
293.21596
293.14623
293.06717
292.9848
292.95384
292.97695
292.98979
293.00122
293.02287
293.03525
293.0627
293.25132
293.49389
293.49502
293.4962
293.49741
293.49856
293.49957
293.50029
293.50049
293.49987
293.49798
293.49422
293.4878
293.47774
293.46288
293.44198
293.41388
293.37774
293.33315
293.2802
293.21919
293.14985
293.07091
292.9883
292.95587
292.97857
292.99107
293.00144
293.02199
293.03345
293.06039
293.24588
293.48777
293.48887
293.49002
293.4912
293.49234
293.49335
293.4941
293.49438
293.49389
293.49222
293.48879
293.48285
293.47344
293.45942
293.43956
293.41266
293.37778
293.3344
293.28247
293.2222
293.15329
293.0745
292.99169
292.95791
292.98016
292.9923
293.00163
293.02091
293.03203
293.05842
293.24033
293.48168
293.48274
293.48386
293.485
293.48612
293.48713
293.4879
293.48823
293.48786
293.48638
293.48326
293.47775
293.46894
293.45572
293.43686
293.41113
293.3775
293.33534
293.28446
293.22498
293.15655
293.07792
292.99497
292.95999
292.98171
292.99346
293.00179
293.01966
293.03102
293.05686
293.23459
293.47562
293.47664
293.47771
293.47882
293.47991
293.4809
293.48167
293.48206
293.48178
293.48047
293.47761
293.4725
293.46425
293.45179
293.43389
293.40929
293.37689
293.33595
293.28616
293.22751
293.15959
293.08117
292.99814
292.96208
292.98321
292.99453
293.00192
293.01827
293.03036
293.05571
293.22866
293.46957
293.47054
293.47157
293.47263
293.47368
293.47465
293.47542
293.47583
293.47563
293.47447
293.47185
293.4671
293.45938
293.44763
293.43063
293.40713
293.37595
293.33623
293.28755
293.22978
293.16242
293.08425
293.00118
292.96416
292.98462
292.99547
293.002
293.01689
293.02991
293.05494
293.22249
293.46351
293.46442
293.4654
293.46642
293.46742
293.46836
293.46912
293.46954
293.4694
293.46836
293.46596
293.46155
293.45431
293.44323
293.4271
293.40465
293.37465
293.33615
293.28861
293.23175
293.16502
293.08715
293.0041
292.9662
292.98593
292.99626
293.00202
293.01548
293.02974
293.05442
293.21607
293.4574
293.45826
293.45919
293.46015
293.46111
293.46201
293.46274
293.46317
293.46308
293.46214
293.45992
293.45582
293.44904
293.43858
293.42328
293.40183
293.37298
293.33571
293.28931
293.23341
293.16735
293.08986
293.00688
292.96818
292.98711
292.9969
293.00198
293.01439
293.02967
293.05401
293.20936
293.45121
293.45202
293.4529
293.4538
293.45471
293.45557
293.45627
293.4567
293.45663
293.45578
293.45373
293.4499
293.44354
293.43367
293.41914
293.39866
293.37094
293.33487
293.28964
293.23474
293.16942
293.09235
293.00952
292.97009
292.98815
292.99739
293.00187
293.01328
293.02949
293.05348
293.20232
293.4449
293.44566
293.44648
293.44733
293.44819
293.449
293.44967
293.45008
293.45004
293.44926
293.44736
293.44378
293.43779
293.42847
293.41467
293.39512
293.3685
293.33363
293.28958
293.23572
293.1712
293.09463
293.012
292.97191
292.98902
292.99771
293.0017
293.01222
293.02906
293.05267
293.19495
293.43842
293.43913
293.4399
293.4407
293.4415
293.44226
293.4429
293.44329
293.44326
293.44255
293.44077
293.43741
293.43178
293.42296
293.40987
293.39121
293.36566
293.33196
293.28911
293.23633
293.17267
293.09668
293.01433
292.97363
292.98974
292.99786
293.00142
293.01126
293.02829
293.05145
293.18733
293.43171
293.43238
293.43309
293.43384
293.4346
293.43531
293.43591
293.43629
293.43627
293.43561
293.43395
293.4308
293.42548
293.41715
293.40471
293.38691
293.3624
293.32987
293.28823
293.23656
293.17383
293.09848
293.01648
292.97524
292.99028
292.99784
293.00104
293.01031
293.02719
293.04988
293.17965
293.42473
293.42535
293.42602
293.42673
293.42743
293.42811
293.42867
293.42903
293.42902
293.4284
293.42685
293.42389
293.41889
293.411
293.39919
293.38221
293.35872
293.32735
293.28692
293.2364
293.17466
293.10003
293.01845
292.97674
292.99067
292.99766
293.00053
293.00936
293.02579
293.04811
293.17217
293.41742
293.41801
293.41864
293.4193
293.41997
293.4206
293.42114
293.42148
293.42148
293.42091
293.41945
293.41668
293.41197
293.40452
293.39331
293.37713
293.35462
293.3244
293.28518
293.23585
293.17516
293.10133
293.02024
292.97814
292.99092
292.99734
292.99983
293.00842
293.02418
293.04633
293.16525
293.40975
293.41031
293.41091
293.41153
293.41217
293.41277
293.41329
293.41362
293.41363
293.4131
293.41175
293.40915
293.40471
293.39768
293.38706
293.37165
293.35011
293.32102
293.28303
293.23492
293.17534
293.10238
293.02185
292.97945
292.99107
292.99698
292.99909
293.00744
293.02247
293.04469
293.15923
293.40168
293.40221
293.40279
293.40339
293.404
293.40459
293.40509
293.40542
293.40545
293.40498
293.40374
293.40132
293.39716
293.39051
293.38044
293.3658
293.3452
293.31723
293.28048
293.23362
293.17519
293.10318
293.02328
292.98067
292.99112
292.99637
292.99828
293.00644
293.02069
293.04323
293.15449
293.39319
293.39371
293.39426
293.39485
293.39545
293.39603
293.39653
293.39687
293.39694
293.39654
293.3954
293.39316
293.38927
293.38303
293.37353
293.35959
293.33993
293.31307
293.27755
293.23196
293.17474
293.10374
293.02454
292.98181
292.99115
292.99576
292.99712
293.00537
293.01885
293.04201
293.15135
293.38425
293.38477
293.38532
293.38591
293.38651
293.38709
293.3876
293.38797
293.38808
293.38776
293.38675
293.38469
293.38107
293.37524
293.36629
293.35306
293.33431
293.30854
293.27426
293.22996
293.174
293.10407
293.02564
292.98288
292.99109
292.99513
292.99607
293.00423
293.01698
293.04116
293.14973
293.37488
293.3754
293.37597
293.37657
293.37718
293.37778
293.37832
293.37873
293.3789
293.37867
293.3778
293.37595
293.37265
293.36716
293.35867
293.34621
293.32837
293.3037
293.27065
293.22766
293.17299
293.10419
293.0266
292.98388
292.99116
292.99445
292.99562
293.00298
293.01511
293.04089
293.14945
293.36509
293.36562
293.36621
293.36683
293.36747
293.3681
293.36868
293.36915
293.3694
293.36927
293.36854
293.36689
293.36386
293.3588
293.35091
293.33913
293.32217
293.29857
293.26676
293.2251
293.17175
293.10412
293.02741
292.98481
292.99093
292.99366
292.9951
293.00162
293.01328
293.04135
293.15035
293.35488
293.35545
293.35606
293.35672
293.3574
293.35808
293.35873
293.35927
293.35961
293.35961
293.35904
293.3576
293.35486
293.35025
293.34294
293.33185
293.31576
293.29322
293.26263
293.2223
293.1703
293.10388
293.02812
292.98568
292.9906
292.99283
292.99422
293.00013
293.01148
293.04248
293.15209
293.3443
293.34491
293.34557
293.34627
293.34701
293.34776
293.34849
293.34913
293.34958
293.34973
293.34935
293.34816
293.34574
293.34154
293.33476
293.32437
293.30916
293.28769
293.25832
293.21931
293.16867
293.10353
293.02868
292.98646
292.9902
292.99198
292.99307
292.99857
293.00974
293.04395
293.15407
293.33339
293.33404
293.33475
293.33552
293.33634
293.33717
293.33799
293.33874
293.33934
293.33965
293.33948
293.33855
293.33647
293.33269
293.32644
293.31676
293.30244
293.28202
293.25387
293.21617
293.1669
293.10307
293.02908
292.98711
292.98973
292.99109
292.99181
292.99698
293.00806
293.04529
293.15587
293.32219
293.3229
293.32369
293.32453
293.32542
293.32634
293.32727
293.32815
293.32889
293.32939
293.32944
293.3288
293.32708
293.32373
293.31805
293.30909
293.29564
293.27628
293.24933
293.21294
293.16502
293.10248
293.02934
292.98766
292.98927
292.99017
292.99056
292.99536
293.00643
293.04603
293.15711
293.31073
293.3115
293.31234
293.31325
293.31424
293.31527
293.31633
293.31735
293.31827
293.31896
293.31927
293.31893
293.31758
293.31471
293.30961
293.30138
293.28882
293.27051
293.24476
293.20968
293.16308
293.10178
293.0294
292.98815
292.98873
292.98919
292.98936
292.99376
293.00484
293.0459
293.15749
293.29906
293.29986
293.30074
293.30173
293.3028
293.30395
293.30514
293.30633
293.30745
293.30837
293.30895
293.30894
293.30799
293.30562
293.30114
293.29365
293.282
293.26475
293.24021
293.20644
293.16113
293.10106
293.02933
292.98855
292.98806
292.98818
292.98823
292.99221
293.00328
293.04484
293.15674
293.28724
293.28811
293.28907
293.29013
293.29129
293.29254
293.29385
293.2952
293.2965
293.29766
293.29852
293.29886
293.29834
293.29648
293.29264
293.28593
293.27521
293.25904
293.23572
293.20325
293.15926
293.10043
293.02973
292.98882
292.98729
292.98718
292.98714
292.99076
293.00177
293.04297
293.15459
293.27531
293.27625
293.27729
293.27844
293.2797
293.28106
293.28251
293.284
293.28549
293.28688
293.28803
293.28871
293.28863
293.28731
293.28413
293.27822
293.26846
293.2534
293.23132
293.20017
293.15751
293.09995
293.03043
292.98899
292.98646
292.98618
292.98607
292.98943
293.00029
293.04046
293.1509
293.26331
293.26432
293.26544
293.26668
293.26804
293.26952
293.27111
293.27277
293.27445
293.27607
293.2775
293.27854
293.2789
293.27812
293.2756
293.27051
293.26174
293.24784
293.22703
293.19724
293.15594
293.09963
293.03089
292.98906
292.98558
292.98518
292.98501
292.98819
292.99886
293.03755
293.14575
293.25129
293.25236
293.25355
293.25488
293.25634
293.25794
293.25966
293.26148
293.26336
293.26521
293.26693
293.26832
293.26912
293.26892
293.26705
293.26276
293.25506
293.24235
293.22287
293.19449
293.15459
293.09953
293.0313
292.98905
292.98467
292.98417
292.98395
292.98708
292.99749
293.03457
293.13917
293.23929
293.24041
293.24167
293.24308
293.24464
293.24635
293.2482
293.25017
293.25223
293.25431
293.25629
293.25801
293.2592
293.25951
293.25846
293.25518
293.24844
293.23691
293.2188
293.19192
293.15351
293.09971
293.03178
292.98896
292.98375
292.98318
292.98293
292.98617
292.99627
293.03187
293.13111
293.22734
293.22852
293.22984
293.23133
293.23297
293.23478
293.23676
293.23889
293.24113
293.24343
293.24569
293.24775
293.24938
293.25024
293.24986
293.24741
293.24171
293.23144
293.2148
293.18951
293.1527
293.10023
293.03247
292.98882
292.98276
292.98222
292.98199
292.98549
292.99519
293.03
293.12174
293.21547
293.2167
293.21808
293.21963
293.22136
293.22327
293.22536
293.22763
293.23004
293.23256
293.23509
293.23749
293.23955
293.24094
293.24114
293.23945
293.23484
293.2259
293.21079
293.18721
293.15214
293.10114
293.03353
292.98871
292.98186
292.98131
292.98113
292.98503
292.99438
293.02864
293.11135
293.20371
293.20498
293.20642
293.20802
293.20982
293.21181
293.21401
293.2164
293.21897
293.22168
293.22445
293.22716
293.22961
293.23148
293.2323
293.2314
293.22785
293.22024
293.20674
293.18497
293.1518
293.10247
293.03513
292.98876
292.98114
292.98046
292.98043
292.98477
292.99378
293.02759
293.10028
293.19209
293.1934
293.19487
293.19652
293.19838
293.20044
293.20272
293.20522
293.20792
293.2108
293.21378
293.21677
293.21957
293.2219
293.22333
293.22323
293.2207
293.21442
293.20256
293.18273
293.15165
293.10424
293.03738
292.98907
292.98053
292.97972
292.97986
292.98462
292.99342
293.02634
293.08896
293.18065
293.18197
293.18347
293.18516
293.18706
293.18918
293.19153
293.19411
293.19692
293.19994
293.20311
293.20634
293.20946
293.21222
293.21422
293.21488
293.21335
293.20837
293.19817
293.18035
293.15158
293.10645
293.0404
292.98973
292.98003
292.97911
292.97935
292.9845
292.99318
293.02465
293.07797
293.16941
293.17075
293.17227
293.17398
293.17591
293.17807
293.18046
293.18311
293.18601
293.18915
293.19247
293.1959
293.19931
293.20245
293.20497
293.20634
293.20576
293.20204
293.19349
293.17773
293.15143
293.10899
293.0443
292.99088
292.97976
292.97867
292.97888
292.98434
292.99281
293.02257
293.06794
293.15843
293.15978
293.1613
293.16303
293.16497
293.16715
293.16958
293.17227
293.17523
293.17845
293.18189
293.1855
293.18914
293.19261
293.1956
293.19761
293.19791
293.19539
293.18845
293.17477
293.15104
293.11166
293.04906
292.99263
292.97986
292.97846
292.9784
292.98406
292.99212
293.02009
293.05938
293.14775
293.14909
293.15061
293.15233
293.15427
293.15646
293.1589
293.16161
293.16461
293.16789
293.17142
293.17515
293.17898
293.18274
293.18613
293.18871
293.18981
293.18842
293.18302
293.17137
293.15027
293.1142
293.05448
292.99501
292.98042
292.97838
292.97785
292.98358
292.99109
293.01694
293.0525
293.1374
293.13873
293.14024
293.14194
293.14387
293.14604
293.14848
293.15119
293.1542
293.1575
293.16108
293.1649
293.16887
293.17285
293.17658
293.17966
293.1815
293.18115
293.17719
293.1675
293.14901
293.1164
293.06025
292.99794
292.98139
292.97849
292.97724
292.98284
292.98979
293.01282
293.04716
293.12742
293.12873
293.13021
293.13189
293.13379
293.13593
293.13834
293.14103
293.14402
293.14731
293.1509
293.15476
293.15883
293.16298
293.167
293.17051
293.17298
293.1736
293.17097
293.16314
293.14718
293.11805
293.06595
293.0013
292.98264
292.97874
292.97657
292.98184
292.98827
293.00788
293.04291
293.11785
293.11912
293.12057
293.12221
293.12407
293.12617
293.12854
293.13118
293.13413
293.13739
293.14096
293.14482
293.14892
293.15316
293.15737
293.16132
293.16444
293.16584
293.16439
293.15829
293.14475
293.119
293.07121
293.00491
292.98396
292.97899
292.97579
292.98062
292.98663
293.00244
293.03936
293.1087
293.10994
293.11135
293.11295
293.11476
293.1168
293.11911
293.12169
293.12458
293.12779
293.13132
293.13516
293.13928
293.1436
293.14798
293.15217
293.15571
293.15784
293.15749
293.15299
293.14171
293.11918
293.07568
293.00855
292.98504
292.97908
292.97496
292.97929
292.98501
292.997
293.03609
293.10002
293.10121
293.10257
293.10411
293.10586
293.10784
293.11007
293.11259
293.1154
293.11853
293.122
293.12579
293.1299
293.13425
293.13872
293.14308
293.14694
293.1497
293.15034
293.1473
293.13812
293.11856
293.07916
293.01209
292.98566
292.97891
292.97406
292.97807
292.98348
292.99256
293.03278
293.0918
293.09294
293.09424
293.09572
293.0974
293.09931
293.10146
293.10388
293.10661
293.10965
293.11302
293.11674
293.12079
293.12511
293.12962
293.13411
293.13826
293.14154
293.14304
293.1413
293.13403
293.1172
293.08156
293.01517
292.9857
292.97843
292.97328
292.97703
292.98221
292.98962
293.02922
293.08407
293.08516
293.0864
293.08781
293.08941
293.09123
293.09329
293.09561
293.09822
293.10115
293.10442
293.10803
293.11199
293.11626
293.12077
293.12534
293.12973
293.13344
293.13567
293.13509
293.12953
293.11516
293.0829
293.01755
292.98515
292.97767
292.97261
292.97623
292.9815
292.98762
293.02545
293.07684
293.07787
293.07904
293.08038
293.08189
293.08362
293.08557
293.08779
293.09028
293.09308
293.09622
293.09971
293.10355
293.10774
293.1122
293.11683
293.12138
293.12544
293.12831
293.12874
293.12473
293.11255
293.08326
293.01909
292.98425
292.97677
292.97205
292.97553
292.98129
292.9861
293.02164
293.07013
293.07109
293.07219
293.07344
293.07487
293.07649
293.07834
293.08043
293.08279
293.08546
293.08845
293.0918
293.09551
293.09958
293.10397
293.10859
293.11327
293.11765
293.12103
293.12235
293.11968
293.10946
293.0828
293.01981
292.98319
292.97587
292.97171
292.97507
292.98121
292.98476
293.01804
293.06393
293.06482
293.06584
293.06701
293.06834
293.06986
293.07158
293.07355
293.07577
293.07829
293.08113
293.08432
293.08788
293.09182
293.09612
293.10073
293.10548
293.11005
293.11389
293.11597
293.11448
293.10598
293.08162
293.01985
292.98235
292.97514
292.97159
292.97493
292.98127
292.98371
293.01508
293.05821
293.05903
293.05997
293.06105
293.06228
293.06369
293.0653
293.06712
293.0692
293.07157
293.07424
293.07727
293.08067
293.08447
293.08866
293.09321
293.09798
293.10272
293.10692
293.10967
293.10921
293.10216
293.07981
293.01932
292.98184
292.97471
292.97175
292.97517
292.98158
292.98281
293.0138
293.05294
293.05369
293.05455
293.05554
293.05667
293.05796
293.05944
293.06113
293.06307
293.06527
293.06778
293.07064
293.07387
293.07751
293.08158
293.08605
293.09083
293.09568
293.10019
293.10351
293.10395
293.09815
293.07744
293.01824
292.98157
292.97468
292.97222
292.97578
292.98232
292.98202
293.01335
293.04807
293.04875
293.04953
293.05043
293.05146
293.05264
293.05399
293.05554
293.05733
293.05937
293.06171
293.0644
293.06746
293.07094
293.07487
293.07925
293.084
293.08899
293.09379
293.09757
293.09878
293.0941
293.07458
293.01658
292.98162
292.97497
292.97304
292.97673
292.98351
292.98146
293.01199
293.04356
293.04416
293.04486
293.04567
293.0466
293.04766
293.0489
293.05031
293.05195
293.05384
293.05602
293.05854
293.06143
293.06476
293.06856
293.07285
293.07759
293.08267
293.0877
293.09188
293.09374
293.09004
293.07117
293.01421
292.98153
292.97552
292.97414
292.97796
292.98493
292.98128
293.00974
293.03934
293.03987
293.0405
293.04122
293.04205
293.04301
293.04412
293.04541
293.04691
293.04865
293.05068
293.05304
293.05579
293.05897
293.06265
293.06686
293.07159
293.07671
293.08191
293.08646
293.08885
293.08583
293.06706
293.011
292.98139
292.97625
292.97559
292.9794
292.98647
292.98142
293.0079
293.03537
293.03585
293.0364
293.03703
293.03778
293.03864
293.03964
293.04082
293.04219
293.0438
293.04568
293.0479
293.05051
293.05357
293.05714
293.06128
293.06597
293.07115
293.0765
293.08135
293.08411
293.08137
293.06205
293.00717
292.98148
292.97707
292.97724
292.98101
292.98811
292.98175
293.00736
293.03164
293.03205
293.03254
293.0331
293.03376
293.03454
293.03545
293.03652
293.03778
293.03927
293.04104
293.04314
293.04563
293.04858
293.05206
293.05613
293.0608
293.06599
293.0715
293.07658
293.07952
293.07668
293.05593
293.00289
292.9816
292.97804
292.97899
292.98273
292.98982
292.98223
293.0077
293.02813
293.02849
293.02892
293.02942
293.03001
293.03071
293.03154
293.03252
293.03369
293.03508
293.03676
293.03876
293.04116
293.04403
293.04744
293.05146
293.05612
293.06135
293.06693
293.07205
293.07499
293.07167
293.0484
292.99848
292.98169
292.97902
292.98082
292.98448
292.99158
292.98263
293.00816
293.02484
293.02516
293.02554
293.02599
293.02653
293.02717
293.02793
293.02884
293.02994
293.03126
293.03285
293.03478
293.03711
293.03992
293.04329
293.04728
293.05191
293.05712
293.06261
293.06776
293.0707
293.06639
293.03924
292.99448
292.98191
292.97996
292.98254
292.98621
292.9933
292.983
293.0095
293.02179
293.02208
293.02242
293.02283
293.02332
293.02391
293.02463
293.02549
293.02653
293.0278
293.02935
293.03123
293.03351
293.03628
293.03961
293.04357
293.04818
293.05336
293.05878
293.06378
293.06624
293.06051
293.02868
292.99112
292.98208
292.98081
292.98417
292.98787
292.99491
292.98314
293.01182
293.01899
293.01925
293.01957
293.01995
293.02041
293.02097
293.02165
293.02248
293.02349
293.02474
293.02626
293.02811
293.03037
293.03311
293.0364
293.04032
293.04489
293.05001
293.05531
293.05988
293.06144
293.05338
293.01701
292.98858
292.9822
292.98163
292.98562
292.98939
292.99642
292.98299
293.01584
293.01643
293.01668
293.01697
293.01733
293.01777
293.01832
293.01899
293.01982
293.02084
293.02208
293.02359
293.02542
293.02765
293.03035
293.0336
293.03746
293.04194
293.04692
293.05196
293.05588
293.05598
293.04347
293.00545
292.98656
292.98214
292.9824
292.98679
292.99071
292.99786
292.98278
293.02267
293.01413
293.01435
293.01463
293.01499
293.01545
293.01601
293.01671
293.01757
293.01859
293.01982
293.0213
293.0231
293.02527
293.02791
293.03109
293.03485
293.03917
293.04388
293.04844
293.05141
293.04885
293.02963
292.99542
292.98459
292.98207
292.98311
292.9878
292.99183
292.99919
292.9829
293.0314
293.01205
293.01229
293.01259
293.01298
293.01347
293.01406
293.01477
293.01561
293.01662
293.01781
293.01925
293.02099
293.0231
293.02565
293.0287
293.03227
293.0363
293.04051
293.04424
293.04562
293.03896
293.0136
292.98848
292.98299
292.98211
292.9838
292.98869
292.99286
293.00039
292.98285
293.03836
293.01013
293.01039
293.0107
293.0111
293.01159
293.01218
293.01289
293.01372
293.0147
293.01587
293.01727
293.01894
293.02095
293.02336
293.0262
293.02944
293.03294
293.0363
293.03857
293.03726
293.02512
292.99826
292.98438
292.98206
292.98187
292.98441
292.98951
292.9938
293.00156
292.98284
293.03847
293.00818
293.00841
293.0087
293.00907
293.00954
293.01012
293.01081
293.01163
293.0126
293.01374
293.01508
293.01667
293.01854
293.02071
293.02319
293.02587
293.02851
293.03048
293.03039
293.02493
293.00806
292.986
292.98049
292.98127
292.9819
292.98502
292.99026
292.99479
293.00268
292.9832
293.03873
293.00597
293.00621
293.00649
293.00683
293.00725
293.00776
293.00838
293.00914
293.01003
293.01109
293.01231
293.01373
293.01533
293.01711
293.01899
293.02077
293.02202
293.02183
293.01831
293.00844
292.99117
292.97769
292.97741
292.98063
292.98216
292.98544
292.99092
292.99587
293.00392
292.98417
293.04206
293.00288
293.00311
293.00338
293.0037
293.00408
293.00453
293.00507
293.0057
293.00644
293.0073
293.00826
293.00933
293.01046
293.01157
293.01249
293.01289
293.01212
293.00902
293.00179
292.98977
292.97784
292.97355
292.97616
292.98016
292.98234
292.98578
292.9915
292.997
293.00517
292.98543
293.04312
292.99801
292.99819
292.99841
292.99866
292.99897
292.99932
292.99971
293.00016
293.00066
293.00119
293.00174
293.00226
293.00267
293.00282
293.00244
293.00111
292.99813
292.99258
292.98379
292.97368
292.96956
292.9722
292.97595
292.97985
292.98239
292.98602
292.99196
292.99823
293.0064
292.98649
293.04488
292.99011
292.99025
292.9904
292.99057
292.99074
292.99093
292.99112
292.99131
292.99149
292.99162
292.99166
292.99155
292.99115
292.9903
292.98874
292.98609
292.98194
292.97607
292.96932
292.96435
292.96619
292.97131
292.97503
292.97933
292.98247
292.98606
292.99231
292.99958
293.00776
292.98744
293.04749
292.97907
292.97915
292.97922
292.9793
292.97936
292.9794
292.97941
292.97938
292.97928
292.97907
292.97872
292.97814
292.97724
292.97588
292.9739
292.97111
292.96754
292.96367
292.96084
292.96088
292.96507
292.97003
292.97408
292.9786
292.98232
292.98591
292.99257
293.00102
293.00977
292.9884
293.05148
292.96685
292.96688
292.96689
292.9669
292.96689
292.96685
292.96677
292.96665
292.96645
292.96615
292.96571
292.96509
292.96423
292.96309
292.96166
292.96004
292.95836
292.9575
292.9581
292.96008
292.96365
292.96842
292.97429
292.97841
292.9817
292.98544
292.99272
293.0024
293.01219
292.98942
293.05744
292.95649
292.95652
292.95655
292.95657
292.95659
292.95659
292.95658
292.95654
292.95647
292.95637
292.95621
292.956
292.95574
292.95547
292.95528
292.95533
292.95576
292.95656
292.95799
292.96043
292.96297
292.96837
292.97408
292.97773
292.98095
292.98487
292.99285
293.00354
293.01343
292.99055
293.06373
292.95148
292.95157
292.95166
292.95176
292.95187
292.952
292.95214
292.95229
292.95247
292.95267
292.95291
292.95319
292.9535
292.95387
292.95434
292.95496
292.95589
292.95721
292.95904
292.96152
292.96403
292.96848
292.97266
292.97663
292.98027
292.98442
292.99289
293.00444
293.01359
292.99177
293.06864
292.95105
292.95115
292.95126
292.95138
292.95153
292.95169
292.95187
292.95209
292.95233
292.95261
292.95294
292.95334
292.95382
292.95443
292.95517
292.95607
292.95726
292.95872
292.96052
292.96276
292.96521
292.9679
292.97192
292.97632
292.97959
292.98401
292.99278
293.00507
293.01377
292.9928
293.07199
292.95201
292.95212
292.95225
292.9524
292.95257
292.95277
292.953
292.95327
292.95357
292.95393
292.95435
292.95485
292.95544
292.95614
292.95697
292.95794
292.95912
292.96049
292.96212
292.96405
292.96634
292.9683
292.97194
292.97571
292.97885
292.98356
292.99267
293.00542
293.01408
292.99378
293.07376
292.95403
292.95414
292.95428
292.95443
292.95461
292.95482
292.95506
292.95534
292.95566
292.95603
292.95646
292.95697
292.95756
292.95825
292.95906
292.95999
292.96107
292.96232
292.96376
292.96544
292.96746
292.96929
292.97181
292.97482
292.9786
292.98318
292.99262
293.00579
293.01447
292.9945
293.07327
292.9564
292.95651
292.95664
292.95679
292.95695
292.95715
292.95738
292.95764
292.95795
292.95831
292.95873
292.95921
292.95977
292.96042
292.96117
292.96202
292.963
292.96413
292.96541
292.96687
292.96858
292.97029
292.97167
292.97469
292.97881
292.98301
292.99259
293.00605
293.01453
292.99471
293.07163
292.95885
292.95895
292.95907
292.9592
292.95936
292.95954
292.95975
292.95999
292.96028
292.9606
292.96099
292.96143
292.96195
292.96255
292.96324
292.96402
292.96491
292.96591
292.96704
292.96832
292.96975
292.97134
292.97245
292.97501
292.97863
292.9831
292.99256
293.00611
293.01409
292.99401
293.06863
292.96133
292.96142
292.96152
292.96165
292.96179
292.96195
292.96214
292.96236
292.96262
292.96291
292.96326
292.96366
292.96413
292.96466
292.96528
292.96599
292.96679
292.96768
292.96867
292.96977
292.97098
292.97239
292.9737
292.97555
292.97858
292.98342
292.99243
293.00592
293.01329
292.99267
293.06464
292.96388
292.96396
292.96406
292.96416
292.96429
292.96443
292.96459
292.96479
292.96501
292.96527
292.96557
292.96593
292.96634
292.96681
292.96736
292.96798
292.96866
292.96942
292.97027
292.9712
292.97225
292.97347
292.9748
292.97626
292.97893
292.98369
292.9923
293.00599
293.01226
292.99122
293.06178
292.96653
292.9666
292.96668
292.96677
292.96687
292.96699
292.96713
292.96729
292.96748
292.96769
292.96794
292.96824
292.96858
292.96898
292.96943
292.96994
292.97051
292.97113
292.97182
292.97258
292.97346
292.97448
292.97568
292.97686
292.9796
292.98425
292.9922
293.00525
293.01091
292.98966
293.06154
292.96925
292.9693
292.96936
292.96943
292.96951
292.96961
292.96971
292.96984
292.96998
292.97014
292.97034
292.97056
292.97082
292.97112
292.97147
292.97186
292.97229
292.97277
292.9733
292.97391
292.97462
292.97545
292.97654
292.97774
292.98037
292.98456
292.99189
293.00375
293.00915
292.98835
293.06268
292.97191
292.97195
292.97199
292.97204
292.9721
292.97216
292.97224
292.97232
292.97242
292.97254
292.97267
292.97283
292.97301
292.97322
292.97346
292.97373
292.97403
292.97435
292.97472
292.97516
292.97566
292.97629
292.97728
292.97862
292.98102
292.98463
292.99152
293.0021
293.00698
292.9873
293.06351
292.9745
292.97453
292.97455
292.97458
292.97461
292.97464
292.97469
292.97473
292.97478
292.97484
292.97491
292.975
292.97509
292.97521
292.97534
292.97549
292.97565
292.97582
292.97601
292.97625
292.97656
292.97703
292.97789
292.97926
292.98144
292.98479
292.9913
293.00054
293.00451
292.98605
293.06263
292.97689
292.9769
292.97691
292.97692
292.97693
292.97694
292.97695
292.97696
292.97696
292.97697
292.97698
292.97698
292.97699
292.977
292.97703
292.97706
292.97708
292.9771
292.97712
292.97717
292.97731
292.97769
292.97849
292.97978
292.98184
292.98513
292.99091
292.99896
293.0019
292.98417
293.06065
292.97894
292.97894
292.97893
292.97893
292.97892
292.97891
292.97889
292.97887
292.97885
292.97882
292.97878
292.97873
292.97867
292.9786
292.97852
292.97843
292.97833
292.97822
292.9781
292.97799
292.97801
292.97828
292.97897
292.98025
292.9824
292.98532
292.99021
292.9975
292.99914
292.98211
293.0565
292.98065
292.98063
292.98062
292.9806
292.98058
292.98055
292.98052
292.98048
292.98043
292.98037
292.9803
292.98021
292.98011
292.97998
292.97983
292.97966
292.97945
292.97923
292.97898
292.97876
292.97867
292.97881
292.97941
292.98069
292.98273
292.98553
292.98968
292.99601
292.99639
292.98058
293.05095
292.9821
292.98208
292.98206
292.98203
292.98199
292.98196
292.98191
292.98185
292.98178
292.9817
292.9816
292.98148
292.98133
292.98116
292.98096
292.98073
292.98046
292.98016
292.97983
292.97952
292.97933
292.97945
292.97998
292.98112
292.98312
292.98566
292.98911
292.9948
292.99395
292.97977
293.04498
292.9834
292.98337
292.98335
292.98331
292.98328
292.98323
292.98317
292.9831
292.98302
292.98292
292.9828
292.98265
292.98248
292.98227
292.98203
292.98176
292.98144
292.98109
292.98072
292.98037
292.98015
292.98018
292.98063
292.98173
292.98365
292.98586
292.98874
292.99371
292.99208
292.97981
293.04225
292.98456
292.98454
292.98451
292.98448
292.98444
292.9844
292.98434
292.98427
292.98418
292.98408
292.98395
292.98379
292.9836
292.98337
292.98311
292.98281
292.98248
292.98211
292.98172
292.98136
292.98109
292.98107
292.98147
292.98245
292.9842
292.98619
292.98848
292.99267
292.99073
292.98041
293.03847
292.98563
292.98561
292.98558
292.98555
292.98552
292.98547
292.98542
292.98535
292.98526
292.98516
292.98504
292.98489
292.98471
292.98449
292.98422
292.98391
292.98357
292.98319
292.9828
292.98244
292.98211
292.98207
292.9825
292.98334
292.98483
292.98663
292.98825
292.9919
292.98982
292.98174
293.0376
292.98663
292.98661
292.98658
292.98655
292.98651
292.98647
292.98641
292.98635
292.98627
292.98617
292.98605
292.98591
292.98574
292.98553
292.98529
292.985
292.98467
292.98431
292.98395
292.98356
292.98325
292.98318
292.98355
292.98438
292.98566
292.98724
292.98843
292.99132
292.98925
292.9829
293.03566
292.98752
292.9875
292.98747
292.98743
292.98739
292.98735
292.98729
292.98723
292.98716
292.98707
292.98696
292.98683
292.98667
292.98648
292.98626
292.98601
292.98571
292.98539
292.98506
292.98474
292.9845
292.98441
292.98467
292.9854
292.98657
292.98795
292.98881
292.99094
292.98884
292.98408
293.03433
292.98828
292.98825
292.98822
292.98819
292.98815
292.98811
292.98805
292.988
292.98793
292.98785
292.98776
292.98764
292.9875
292.98734
292.98714
292.9869
292.98664
292.98634
292.98604
292.98578
292.98559
292.98557
292.98586
292.98647
292.98739
292.98863
292.98915
292.99051
292.98849
292.98475
293.03185
292.98894
292.98892
292.98889
292.98886
292.98882
292.98878
292.98873
292.98868
292.98861
292.98854
292.98845
292.98835
292.98822
292.98807
292.98789
292.98768
292.98745
292.98721
292.98696
292.98674
292.98657
292.98653
292.9868
292.98739
292.98809
292.98912
292.9892
292.98979
292.9879
292.98477
293.02967
292.98944
292.98941
292.98939
292.98936
292.98933
292.98929
292.98924
292.98919
292.98913
292.98906
292.98898
292.98888
292.98877
292.98864
292.98848
292.9883
292.98811
292.98792
292.98771
292.98752
292.98739
292.98735
292.98752
292.98795
292.98846
292.98929
292.98872
292.98882
292.98692
292.98383
293.02668
292.98961
292.9896
292.98958
292.98956
292.98954
292.98951
292.98947
292.98943
292.98938
292.98932
292.98925
292.98916
292.98906
292.98894
292.98881
292.98866
292.98848
292.98828
292.98811
292.98797
292.98784
292.98781
292.988
292.98835
292.9886
292.98902
292.98787
292.98731
292.98568
292.98254
293.02326
292.98945
292.98944
292.98942
292.98941
292.98939
292.98937
292.98934
292.98931
292.98928
292.98923
292.98918
292.98911
292.98903
292.98893
292.98882
292.98869
292.98853
292.98833
292.98816
292.98807
292.98803
292.98806
292.98811
292.98831
292.98836
292.98847
292.98684
292.98562
292.98447
292.98175
293.02028
292.98894
292.98893
292.98892
292.98891
292.9889
292.98889
292.98887
292.98885
292.98881
292.98876
292.9887
292.98865
292.98861
292.98854
292.98846
292.98837
292.98828
292.98815
292.988
292.98787
292.98787
292.98791
292.98789
292.98807
292.98787
292.98759
292.98567
292.9842
292.98343
292.98162
293.01844
292.98816
292.98815
292.98814
292.98813
292.98811
292.98808
292.98806
292.98804
292.98802
292.98802
292.988
292.98796
292.98789
292.98783
292.98775
292.98767
292.98758
292.98753
292.98752
292.98742
292.98738
292.98734
292.98736
292.98751
292.98718
292.98667
292.98439
292.98296
292.98291
292.98173
293.01831
292.98703
292.98703
292.98703
292.98702
292.98702
292.98701
292.987
292.98699
292.98697
292.98695
292.98692
292.98689
292.98686
292.98681
292.98676
292.98671
292.98669
292.98668
292.98662
292.98657
292.98652
292.98651
292.98655
292.98657
292.9861
292.9858
292.98345
292.98192
292.98328
292.98195
293.02001
292.98577
292.98578
292.98578
292.98578
292.98578
292.98578
292.98578
292.98578
292.98578
292.98576
292.98575
292.98572
292.98569
292.98565
292.98561
292.98557
292.98553
292.98548
292.98546
292.98552
292.98556
292.98557
292.98552
292.98556
292.98508
292.98496
292.9829
292.98101
292.98434
292.98334
293.02302
292.98449
292.9845
292.98451
292.98452
292.98452
292.98453
292.98454
292.98454
292.98455
292.98454
292.98454
292.98452
292.98449
292.98446
292.98441
292.98436
292.98432
292.98429
292.98429
292.98431
292.98439
292.98449
292.98446
292.98452
292.98422
292.98432
292.98263
292.9811
292.98554
292.98564
293.02717
292.98331
292.98332
292.98333
292.98334
292.98336
292.98337
292.98339
292.9834
292.98342
292.98342
292.98342
292.98341
292.98339
292.98336
292.98331
292.98326
292.98322
292.98321
292.98323
292.98325
292.98328
292.98338
292.98344
292.98363
292.9835
292.98381
292.98277
292.98225
292.98686
292.98808
293.03294
292.98257
292.98258
292.98259
292.98261
292.98262
292.98264
292.98265
292.98266
292.98267
292.98266
292.98265
292.98263
292.9826
292.98256
292.98251
292.98245
292.9824
292.98236
292.98235
292.98235
292.98235
292.98245
292.9826
292.98297
292.98301
292.98356
292.98306
292.98421
292.98867
292.99123
293.03923
292.98258
292.98258
292.98258
292.98258
292.98258
292.98257
292.98256
292.98255
292.98253
292.9825
292.98246
292.9824
292.98234
292.98227
292.98218
292.98209
292.98201
292.98193
292.98184
292.98178
292.98175
292.98189
292.9821
292.98252
292.98284
292.98356
292.98356
292.98542
292.99082
292.99417
293.03881
292.98314
292.98313
292.98312
292.9831
292.98308
292.98306
292.98303
292.983
292.98296
292.98291
292.98285
292.98279
292.98271
292.98261
292.9825
292.98237
292.98223
292.98208
292.98194
292.98182
292.98177
292.98185
292.98212
292.98273
292.98338
292.98448
292.98469
292.98583
292.99241
292.99578
293.0308
292.98445
292.98443
292.98442
292.9844
292.98437
292.98435
292.98432
292.98428
292.98424
292.98418
292.98412
292.98403
292.98393
292.9838
292.98364
292.98345
292.98324
292.98302
292.98281
292.98262
292.98249
292.98252
292.98285
292.98348
292.98435
292.98538
292.9862
292.98619
292.99219
292.9976
293.02339
292.98662
292.9866
292.98657
292.98654
292.98651
292.98647
292.98643
292.98638
292.98632
292.98625
292.98616
292.98605
292.98592
292.98576
292.98557
292.98536
292.98511
292.98483
292.98455
292.98432
292.9842
292.98424
292.98462
292.98521
292.98621
292.98717
292.98786
292.98677
292.99011
292.99938
293.01478
292.98942
292.98939
292.98937
292.98934
292.98931
292.98927
292.98922
292.98917
292.98911
292.98903
292.98893
292.98882
292.98868
292.98851
292.98832
292.98809
292.98783
292.98754
292.98725
292.987
292.98686
292.98687
292.98718
292.98765
292.98859
292.98927
292.98973
292.98769
292.98939
293.0022
293.00761
292.99285
292.99283
292.9928
292.99276
292.99272
292.99267
292.99261
292.99255
292.99247
292.99238
292.99228
292.99216
292.99202
292.99187
292.9917
292.9915
292.99129
292.99105
292.9908
292.9906
292.99051
292.99056
292.99077
292.99104
292.99189
292.99207
292.9927
292.98937
292.99044
293.00459
293.00168
292.99629
292.99628
292.99626
292.99624
292.99622
292.99619
292.99616
292.99612
292.99608
292.99602
292.99596
292.99588
292.99579
292.99568
292.99556
292.99542
292.99527
292.99511
292.99497
292.99487
292.99483
292.99485
292.99502
292.99511
292.99568
292.99552
292.9961
292.99261
292.99321
293.00402
292.99661
293.00048
293.00046
293.00045
293.00043
293.00041
293.00039
293.00037
293.00034
293.0003
293.00026
293.00021
293.00015
293.00008
293
292.99991
292.99981
292.99971
292.99961
292.99955
292.99954
292.99957
292.99961
292.99978
292.99975
293.00004
292.99961
293.00007
292.99725
292.9957
293.00362
292.99888
293.64559
293.63577
293.62545
293.61473
293.60372
293.59252
293.58124
293.56999
293.55888
293.54802
293.53751
293.52747
293.51799
293.50917
293.50108
293.49381
293.4874
293.48192
293.47739
293.47384
293.47126
293.46965
293.46898
293.46923
293.47034
293.47226
293.65899
293.64895
293.63842
293.62752
293.61633
293.60497
293.59353
293.58212
293.57085
293.55983
293.54917
293.53896
293.5293
293.52029
293.51201
293.50453
293.49791
293.49221
293.48746
293.48367
293.48086
293.47901
293.47811
293.47812
293.479
293.48068
293.48312
293.48624
293.48998
293.49424
293.49894
293.50399
293.50928
293.51472
293.52018
293.52557
293.53076
293.53565
293.54015
293.54416
293.54763
293.55049
293.5527
293.55423
293.55508
293.55525
293.55474
293.5536
293.55186
293.54956
293.54675
293.5435
293.53985
293.53587
293.53161
293.52712
293.52244
293.51764
293.51273
293.50775
293.50274
293.49771
293.49268
293.48768
293.48271
293.4778
293.47295
293.46817
293.46347
293.45885
293.45428
293.44976
293.44525
293.44071
293.4361
293.43135
293.42641
293.42119
293.41564
293.40967
293.40323
293.39624
293.38866
293.38046
293.37163
293.36216
293.35207
293.34139
293.33018
293.31849
293.3064
293.29398
293.28134
293.26858
293.25573
293.24279
293.22987
293.21705
293.2044
293.19195
293.17972
293.16778
293.15614
293.14486
293.13398
293.12353
293.11356
293.1041
293.09516
293.08677
293.07893
293.07166
293.06497
293.05886
293.05334
293.04839
293.04399
293.0401
293.03666
293.03359
293.03082
293.02827
293.02588
293.02358
293.02135
293.01917
293.01703
293.01489
293.01272
293.01053
293.00846
293.00646
293.00437
293.00184
292.99819
292.99257
292.98423
292.97317
292.96166
292.95286
292.94923
292.9491
292.95036
292.95259
292.9551
292.95767
292.96031
292.96308
292.96595
292.9689
292.97182
292.9746
292.97713
292.9793
292.98111
292.98265
292.98395
292.98508
292.98613
292.98713
292.98804
292.98881
292.98941
292.98976
292.98982
292.98955
292.98899
292.98812
292.98696
292.98561
292.98427
292.98301
292.98228
292.98248
292.9833
292.98481
292.98711
292.98989
292.99335
292.99656
293.00066
293.67227
293.66202
293.65132
293.64024
293.62889
293.61738
293.60579
293.59424
293.58282
293.57166
293.56083
293.55046
293.54063
293.53143
293.52295
293.51527
293.50844
293.50251
293.49753
293.4935
293.49044
293.48835
293.4872
293.48695
293.48758
293.48901
293.49119
293.49405
293.49751
293.5015
293.50592
293.51069
293.51569
293.52084
293.52602
293.53113
293.53605
293.54069
293.54495
293.54874
293.55201
293.55469
293.55674
293.55814
293.55887
293.55892
293.55833
293.55711
293.55529
293.55292
293.55006
293.54674
293.54304
293.539
293.53467
293.53012
293.52539
293.52052
293.51554
293.51049
293.5054
293.50029
293.49518
293.49009
293.48503
293.48002
293.47507
293.47019
293.46539
293.46066
293.45598
293.45136
293.44674
293.4421
293.43739
293.43256
293.42754
293.42226
293.41665
293.41064
293.40417
293.39717
293.3896
293.38142
293.37262
293.36319
293.35316
293.34255
293.33141
293.3198
293.30779
293.29545
293.28289
293.27021
293.25743
293.24455
293.23167
293.21891
293.2063
293.19387
293.18167
293.16973
293.1581
293.14681
293.1359
293.12543
293.11542
293.10591
293.09692
293.08846
293.08055
293.07321
293.06643
293.06023
293.05461
293.04956
293.04506
293.04106
293.03751
293.03434
293.03146
293.02881
293.02632
293.02393
293.02162
293.01937
293.01716
293.01499
293.01279
293.01058
293.00849
293.0065
293.00445
293.00196
292.99834
292.99278
292.98447
292.97342
292.96189
292.95303
292.94936
292.94921
292.95046
292.95268
292.95518
292.95775
292.96038
292.96314
292.966
292.96894
292.97184
292.97461
292.97713
292.97929
292.98109
292.98263
292.98393
292.98506
292.98611
292.98712
292.98802
292.98879
292.98939
292.98975
292.98981
292.98955
292.98899
292.98813
292.98696
292.98562
292.98427
292.98302
292.98229
292.98248
292.9833
292.9848
292.98709
292.98987
292.99333
292.99655
293.00066
293.68536
293.67494
293.66407
293.65284
293.64135
293.62969
293.61797
293.60628
293.59473
293.58342
293.57245
293.56192
293.55192
293.54254
293.53386
293.52597
293.51892
293.51277
293.50754
293.50327
293.49996
293.4976
293.49619
293.49568
293.49603
293.4972
293.49911
293.50169
293.50488
293.50859
293.51273
293.51721
293.52193
293.52679
293.5317
293.53653
293.5412
293.54559
293.54963
293.55322
293.5563
293.55882
293.56072
293.56199
293.56261
293.56257
293.56189
293.56059
293.55871
293.55628
293.55336
293.54999
293.54623
293.54213
293.53776
293.53315
293.52836
293.52342
293.51838
293.51327
293.5081
293.50291
293.49772
293.49254
293.48739
293.48229
293.47724
293.47226
293.46735
293.46251
293.45773
293.45299
293.44828
293.44354
293.43874
293.43382
293.42872
293.42337
293.41771
293.41166
293.40516
293.39815
293.39057
293.38241
293.37364
293.36426
293.35428
293.34373
293.33266
293.32113
293.30919
293.29693
293.28445
293.27185
293.25913
293.24631
293.23349
293.22077
293.2082
293.1958
293.18362
293.17169
293.16006
293.14875
293.13783
293.12733
293.11728
293.10772
293.09867
293.09015
293.08217
293.07475
293.06789
293.0616
293.05588
293.05073
293.04612
293.04202
293.03837
293.03509
293.03211
293.02935
293.02676
293.02429
293.02189
293.01958
293.01732
293.0151
293.01289
293.01066
293.00856
293.00658
293.00455
293.00209
292.99851
292.993
292.98473
292.97368
292.96213
292.9532
292.94948
292.94933
292.95056
292.95277
292.95527
292.95783
292.96045
292.9632
292.96604
292.96897
292.97186
292.97462
292.97713
292.97928
292.98108
292.98261
292.98391
292.98504
292.9861
292.9871
292.988
292.98877
292.98937
292.98974
292.9898
292.98955
292.98899
292.98813
292.98696
292.98563
292.98428
292.98303
292.9823
292.98249
292.9833
292.98478
292.98706
292.98985
292.99331
292.99654
293.00065
293.6982
293.68762
293.67661
293.66524
293.65363
293.64185
293.63
293.6182
293.60652
293.59508
293.58396
293.57327
293.56311
293.55355
293.54468
293.53658
293.52931
293.52292
293.51745
293.51293
293.50935
293.50673
293.50504
293.50426
293.50434
293.50522
293.50685
293.50915
293.51206
293.51548
293.51934
293.52353
293.52797
293.53256
293.53719
293.54177
293.54619
293.55035
293.55418
293.55757
293.56048
293.56285
293.56462
293.56577
293.56628
293.56616
293.5654
293.56404
293.5621
293.55961
293.55664
293.55322
293.54941
293.54527
293.54084
293.53618
293.53133
293.52634
293.52123
293.51605
293.51081
293.50555
293.50028
293.49501
293.48977
293.48457
293.47943
293.47435
293.46933
293.46439
293.45951
293.45467
293.44985
293.44502
293.44012
293.43511
293.42994
293.42452
293.4188
293.41271
293.40618
293.39916
293.39159
293.38344
293.37469
293.36535
293.35542
293.34494
293.33394
293.32247
293.31061
293.29843
293.28602
293.27349
293.26084
293.24807
293.23531
293.22264
293.2101
293.19773
293.18557
293.17365
293.16201
293.1507
293.13975
293.12922
293.11913
293.10953
293.10042
293.09183
293.08378
293.07628
293.06934
293.06296
293.05715
293.0519
293.04719
293.04298
293.03922
293.03584
293.03275
293.0299
293.02722
293.02466
293.02218
293.0198
293.01748
293.01523
293.013
293.01075
293.00864
293.00667
293.00467
293.00224
292.99869
292.99323
292.985
292.97395
292.96237
292.95338
292.94961
292.94944
292.95066
292.95286
292.95535
292.95791
292.96052
292.96325
292.96609
292.969
292.97188
292.97463
292.97713
292.97928
292.98106
292.98259
292.98389
292.98502
292.98607
292.98708
292.98798
292.98874
292.98935
292.98973
292.9898
292.98954
292.98899
292.98813
292.98697
292.98563
292.98429
292.98305
292.98232
292.9825
292.9833
292.98476
292.98704
292.98982
292.99329
292.99653
293.00064
293.71072
293.7
293.68887
293.67739
293.66566
293.65378
293.64183
293.62991
293.61812
293.60655
293.5953
293.58447
293.57414
293.56441
293.55535
293.54705
293.53956
293.53294
293.52722
293.52243
293.51859
293.5157
293.51373
293.51266
293.51245
293.51305
293.51439
293.51641
293.51902
293.52216
293.52573
293.52964
293.53381
293.53812
293.5425
293.54682
293.55101
293.55495
293.55858
293.56179
293.56454
293.56676
293.56841
293.56945
293.56987
293.56967
293.56885
293.56743
293.56543
293.5629
293.55988
293.55642
293.55257
293.54838
293.54391
293.5392
293.5343
293.52925
293.52408
293.51883
293.51353
293.50819
293.50284
293.4975
293.49217
293.48688
293.48164
293.47646
293.47135
293.4663
293.46132
293.45638
293.45146
293.44652
293.44154
293.43645
293.43119
293.42571
293.41994
293.4138
293.40724
293.4002
293.39263
293.38449
293.37577
293.36647
293.35659
293.34616
293.33522
293.32383
293.31204
293.29993
293.28759
293.27514
293.26255
293.24984
293.23713
293.22451
293.212
293.19966
293.18751
293.1756
293.16396
293.15264
293.14167
293.13111
293.12098
293.11133
293.10216
293.09351
293.08539
293.07781
293.07078
293.06431
293.05841
293.05306
293.04825
293.04394
293.04007
293.03659
293.0334
293.03045
293.02768
293.02503
293.02248
293.02003
293.01766
293.01538
293.01313
293.01087
293.00874
293.00678
293.00481
293.00241
292.99888
292.99347
292.98527
292.97422
292.96262
292.95355
292.94973
292.94955
292.95076
292.95295
292.95543
292.95798
292.96058
292.96331
292.96613
292.96903
292.97189
292.97464
292.97713
292.97927
292.98105
292.98257
292.98387
292.985
292.98605
292.98706
292.98796
292.98872
292.98933
292.98972
292.98979
292.98954
292.98899
292.98813
292.98697
292.98564
292.9843
292.98306
292.98233
292.98251
292.98329
292.98474
292.98702
292.9898
292.99326
292.99652
293.00063
293.71202
293.70078
293.68921
293.67739
293.66541
293.65337
293.64136
293.62947
293.61779
293.60642
293.59545
293.58497
293.57507
293.56583
293.55732
293.54962
293.54276
293.5368
293.53176
293.52764
293.52447
293.52222
293.52086
293.52036
293.52066
293.52171
293.52343
293.52576
293.52861
293.5319
293.53553
293.53942
293.54347
293.54759
293.55168
293.55564
293.55938
293.56281
293.56586
293.56846
293.57055
293.57208
293.57303
293.57337
293.5731
293.57222
293.57075
293.56871
293.56614
293.56308
293.55958
293.55569
293.55146
293.54695
293.54219
293.53724
293.53214
293.52692
293.52161
293.51624
293.51083
293.50541
293.49998
293.49457
293.4892
293.48386
293.47859
293.47338
293.46823
293.46315
293.4581
293.45309
293.44806
293.44298
293.43781
293.43248
293.42693
293.4211
293.41492
293.40833
293.40127
293.39369
293.38557
293.37687
293.36761
293.35777
293.3474
293.33653
293.3252
293.31348
293.30144
293.28917
293.2768
293.26426
293.25161
293.23895
293.22637
293.2139
293.20158
293.18945
293.17755
293.16591
293.15458
293.14359
293.133
293.12283
293.11312
293.1039
293.09518
293.08699
293.07933
293.07222
293.06566
293.05966
293.05422
293.04931
293.0449
293.04093
293.03734
293.03406
293.03101
293.02814
293.02541
293.0228
293.02028
293.01786
293.01554
293.01327
293.011
293.00887
293.00691
293.00496
293.00258
292.99909
292.99372
292.98554
292.9745
292.96287
292.95374
292.94985
292.94966
292.95085
292.95303
292.95551
292.95805
292.96064
292.96336
292.96617
292.96906
292.97191
292.97464
292.97712
292.97925
292.98103
292.98255
292.98384
292.98497
292.98603
292.98703
292.98793
292.98869
292.98931
292.98971
292.98978
292.98954
292.98899
292.98814
292.98697
292.98565
292.98431
292.98307
292.98234
292.98252
292.98329
292.98472
292.98699
292.98978
292.99324
292.99651
293.00062
293.72358
293.71226
293.70062
293.68874
293.67669
293.66458
293.65249
293.64051
293.62874
293.61726
293.60617
293.59555
293.58549
293.57607
293.56737
293.55945
293.55236
293.54616
293.54085
293.53647
293.53302
293.53048
293.52883
293.52803
293.52804
293.52879
293.53022
293.53226
293.53482
293.53782
293.54118
293.5448
293.5486
293.55247
293.55633
293.56008
293.56362
293.56688
293.56977
293.57223
293.5742
293.57563
293.57649
293.57676
293.57643
293.5755
293.57398
293.57191
293.5693
293.56621
293.56268
293.55876
293.5545
293.54995
293.54515
293.54016
293.53501
293.52973
293.52437
293.51894
293.51346
293.50797
293.50247
293.49698
293.49151
293.48609
293.48072
293.47542
293.47017
293.46499
293.45985
293.45474
293.44962
293.44445
293.43919
293.43379
293.42817
293.42229
293.41607
293.40944
293.40237
293.39479
293.38667
293.378
293.36876
293.35897
293.34865
293.33784
293.32658
293.31493
293.30295
293.29076
293.27845
293.26597
293.25337
293.24077
293.22823
293.2158
293.2035
293.19139
293.1795
293.16786
293.15651
293.1455
293.13488
293.12467
293.11491
293.10563
293.09685
293.08859
293.08085
293.07366
293.06701
293.06092
293.05538
293.05037
293.04585
293.04178
293.03809
293.03471
293.03157
293.02862
293.02581
293.02312
293.02054
293.01807
293.01571
293.01343
293.01116
293.00901
293.00705
293.00513
293.00277
292.99931
292.99398
292.98582
292.97478
292.96313
292.95392
292.94998
292.94977
292.95095
292.95311
292.95559
292.95812
292.9607
292.96341
292.96621
292.96908
292.97192
292.97464
292.97712
292.97924
292.98101
292.98252
292.98382
292.98495
292.98601
292.98701
292.98791
292.98867
292.98929
292.98969
292.98977
292.98953
292.98899
292.98814
292.98697
292.98566
292.98432
292.98309
292.98236
292.98252
292.98328
292.98471
292.98697
292.98975
292.99322
292.99649
293.00061
293.73461
293.72325
293.71157
293.69964
293.68755
293.67538
293.66323
293.65119
293.63934
293.62777
293.61656
293.60582
293.59561
293.58602
293.57713
293.56901
293.5617
293.55526
293.5497
293.54505
293.54132
293.53849
293.53655
293.53545
293.53516
293.53562
293.53675
293.53849
293.54077
293.54349
293.54658
293.54994
293.55349
293.55713
293.56076
293.56431
293.56766
293.57075
293.5735
293.57583
293.57769
293.57903
293.57982
293.58002
293.57964
293.57867
293.57712
293.57501
293.57238
293.56927
293.56571
293.56177
293.55748
293.55289
293.54806
293.54303
293.53784
293.53251
293.5271
293.52161
293.51607
293.51051
293.50493
293.49937
293.49382
293.48832
293.48286
293.47746
293.47212
293.46684
293.46161
293.4564
293.45119
293.44594
293.4406
293.43512
293.42944
293.4235
293.41724
293.41058
293.40349
293.3959
293.38779
293.37914
293.36994
293.36019
293.34992
293.33916
293.32796
293.31638
293.30447
293.29235
293.28011
293.26768
293.25514
293.24259
293.23009
293.21769
293.20542
293.19333
293.18144
293.1698
293.15844
293.14741
293.13675
293.1265
293.1167
293.10736
293.09852
293.09018
293.08237
293.07509
293.06835
293.06217
293.05653
293.05142
293.04681
293.04264
293.03885
293.03537
293.03214
293.0291
293.02621
293.02345
293.02081
293.01829
293.0159
293.0136
293.01133
293.00918
293.00722
293.00532
293.00298
292.99954
292.99425
292.98611
292.97506
292.9634
292.95411
292.9501
292.94988
292.95104
292.95319
292.95566
292.95819
292.96076
292.96345
292.96624
292.9691
292.97193
292.97464
292.97711
292.97923
292.98098
292.98249
292.98379
292.98492
292.98598
292.98699
292.98788
292.98864
292.98926
292.98968
292.98976
292.98953
292.98898
292.98815
292.98697
292.98566
292.98433
292.98311
292.98237
292.98253
292.98327
292.98469
292.98694
292.98973
292.99319
292.99648
293.00061
293.74505
293.73367
293.72197
293.71002
293.69791
293.68572
293.67353
293.66145
293.64954
293.63789
293.62659
293.61574
293.6054
293.59566
293.58659
293.57827
293.57074
293.56407
293.55826
293.55335
293.54934
293.54623
293.54399
293.5426
293.54202
293.54217
293.54301
293.54447
293.54646
293.5489
293.55173
293.55483
293.55814
293.56155
293.56497
293.56832
293.5715
293.57443
293.57704
293.57925
293.58101
293.58227
293.58299
293.58315
293.58272
293.58171
293.58014
293.57801
293.57536
293.57223
293.56866
293.56469
293.56038
293.55577
293.55091
293.54585
293.54061
293.53525
293.52978
293.52424
293.51865
293.51302
293.50738
293.50174
293.49612
293.49053
293.48499
293.4795
293.47407
293.4687
293.46338
293.45808
293.45278
293.44744
293.44202
293.43647
293.43073
293.42474
293.41843
293.41174
293.40463
293.39703
293.38893
293.3803
293.37112
293.36142
293.35119
293.34049
293.32936
293.31784
293.306
293.29394
293.28176
293.26939
293.2569
293.2444
293.23194
293.21957
293.20733
293.19525
293.18337
293.17173
293.16036
293.14931
293.13862
293.12833
293.11848
293.10909
293.10018
293.09177
293.08388
293.07651
293.06969
293.06342
293.05768
293.05248
293.04777
293.0435
293.03961
293.03604
293.03271
293.02959
293.02662
293.02379
293.02109
293.01852
293.0161
293.01379
293.01152
293.00936
293.0074
293.00552
293.00319
292.99978
292.99454
292.9864
292.97534
292.96367
292.9543
292.95022
292.94999
292.95113
292.95327
292.95573
292.95826
292.96082
292.9635
292.96627
292.96912
292.97193
292.97464
292.9771
292.97921
292.98096
292.98247
292.98376
292.9849
292.98596
292.98696
292.98786
292.98861
292.98924
292.98966
292.98975
292.98952
292.98898
292.98815
292.98697
292.98567
292.98435
292.98312
292.98239
292.98254
292.98327
292.98467
292.98692
292.98971
292.99317
292.99647
293.0006
293.75481
293.74345
293.73176
293.71982
293.70772
293.69553
293.68333
293.67122
293.65928
293.64758
293.63621
293.62526
293.61481
293.60493
293.5957
293.58719
293.57946
293.57257
293.56652
293.56135
293.55707
293.55368
293.55115
293.54947
293.54859
293.54845
293.549
293.55016
293.55187
293.55405
293.55661
293.55946
293.56253
293.56572
293.56894
293.5721
293.57512
293.5779
293.58038
293.58249
293.58416
293.58535
293.58601
293.58612
293.58566
293.58463
293.58303
293.58089
293.57824
293.57509
293.57151
293.56753
293.56321
293.55858
293.55369
293.5486
293.54334
293.53793
293.53242
293.52683
293.52119
293.5155
293.5098
293.50409
293.49839
293.49273
293.4871
293.48153
293.47602
293.47056
293.46514
293.45976
293.45437
293.44895
293.44346
293.43784
293.43203
293.42598
293.41963
293.41292
293.40578
293.39818
293.39009
293.38147
293.37232
293.36265
293.35248
293.34183
293.33075
293.3193
293.30752
293.29553
293.28341
293.27109
293.25866
293.2462
293.23378
293.22145
293.20923
293.19717
293.1853
293.17366
293.16228
293.1512
293.14048
293.13016
293.12025
293.1108
293.10183
293.09335
293.08538
293.07794
293.07103
293.06466
293.05883
293.05353
293.04872
293.04436
293.04037
293.03671
293.03329
293.03008
293.02704
293.02414
293.02138
293.01877
293.01631
293.01399
293.01172
293.00956
293.0076
293.00573
293.00341
293.00002
292.99483
292.9867
292.97564
292.96394
292.9545
292.95034
292.95009
292.95122
292.95335
292.9558
292.95832
292.96087
292.96354
292.96631
292.96914
292.97194
292.97463
292.97709
292.97919
292.98094
292.98244
292.98374
292.98487
292.98593
292.98693
292.98783
292.98859
292.98922
292.98965
292.98974
292.98952
292.98898
292.98816
292.98698
292.98568
292.98436
292.98314
292.98241
292.98254
292.98326
292.98465
292.98689
292.98968
292.99314
292.99645
293.00059
293.76382
293.75251
293.74087
293.72898
293.71691
293.70475
293.69257
293.68047
293.66851
293.65678
293.64537
293.63435
293.6238
293.6138
293.60442
293.59575
293.58783
293.58073
293.57445
293.56903
293.56448
293.56082
293.55801
293.55604
293.55486
293.55443
293.55469
293.55558
293.55701
293.55892
293.56122
293.56383
293.56667
293.56964
293.57267
293.57565
293.57851
293.58116
293.58352
293.58553
293.58712
293.58824
293.58886
293.58893
293.58845
293.5874
293.58579
293.58365
293.58099
293.57784
293.57426
293.57027
293.56594
293.5613
293.5564
293.55128
293.54599
293.54055
293.53501
293.52937
293.52368
293.51794
293.51218
293.50641
293.50064
293.4949
293.4892
293.48355
293.47795
293.47241
293.46691
293.46144
293.45597
293.45047
293.4449
293.43921
293.43335
293.42725
293.42085
293.41411
293.40695
293.39935
293.39126
293.38265
293.37353
293.3639
293.35377
293.34318
293.33216
293.32076
293.30904
293.29712
293.28506
293.27279
293.26041
293.248
293.23562
293.22332
293.21113
293.19908
293.18722
293.17557
293.16418
293.15309
293.14234
293.13197
293.12202
293.11252
293.10348
293.09493
293.08688
293.07936
293.07236
293.0659
293.05998
293.05458
293.04968
293.04522
293.04114
293.03738
293.03388
293.03059
293.02747
293.0245
293.02169
293.01903
293.01653
293.01419
293.01194
293.00977
293.00782
293.00596
293.00364
293.00028
292.99513
292.98701
292.97594
292.96422
292.95469
292.95046
292.95019
292.9513
292.95343
292.95587
292.95838
292.96092
292.96358
292.96634
292.96916
292.97194
292.97463
292.97707
292.97917
292.98091
292.98241
292.98371
292.98485
292.9859
292.98691
292.9878
292.98856
292.98919
292.98963
292.98973
292.98951
292.98897
292.98816
292.98698
292.98569
292.98437
292.98316
292.98242
292.98255
292.98325
292.98463
292.98687
292.98966
292.99312
292.99644
293.00058
293.76079
293.74924
293.73743
293.72544
293.71334
293.7012
293.68913
293.6772
293.66547
293.65403
293.64296
293.63234
293.62224
293.61274
293.60391
293.59581
293.58852
293.58202
293.57636
293.57156
293.56763
293.56455
293.5623
293.56084
293.56012
293.5601
293.5607
293.56186
293.56351
293.56556
293.56793
293.57055
293.57331
293.57615
293.57896
293.58167
293.58419
293.58645
293.58836
293.58988
293.59095
293.59152
293.59157
293.59107
293.59001
293.58841
293.58627
293.58361
293.58047
293.57689
293.57291
293.56857
293.56392
293.55901
293.55388
293.54857
293.54311
293.53753
293.53186
293.52612
293.52033
293.51451
293.50868
293.50286
293.49705
293.49127
293.48554
293.47987
293.47424
293.46866
293.46311
293.45756
293.45199
293.44635
293.44059
293.43467
293.42852
293.42209
293.41531
293.40814
293.40052
293.39243
293.38385
293.37475
293.36515
293.35507
293.34452
293.33356
293.32222
293.31057
293.29871
293.2867
293.27448
293.26215
293.24979
293.23745
293.22518
293.21301
293.20099
293.18913
293.17748
293.16608
293.15497
293.14419
293.13378
293.12379
293.11422
293.10512
293.0965
293.08838
293.08077
293.07369
293.06714
293.06113
293.05564
293.05063
293.04608
293.04191
293.03806
293.03447
293.0311
293.0279
293.02487
293.022
293.0193
293.01677
293.01441
293.01216
293.01
293.00805
293.00619
293.00388
293.00055
292.99545
292.98733
292.97626
292.96451
292.95489
292.95058
292.9503
292.95138
292.9535
292.95593
292.95844
292.96097
292.96362
292.96636
292.96917
292.97194
292.97462
292.97706
292.97915
292.98089
292.98238
292.98368
292.98482
292.98587
292.98688
292.98777
292.98853
292.98917
292.98961
292.98972
292.98951
292.98897
292.98816
292.98698
292.9857
292.98438
292.98317
292.98244
292.98256
292.98324
292.98461
292.98684
292.98963
292.99309
292.99643
293.00057
293.76824
293.75681
293.74512
293.73324
293.72123
293.70918
293.69717
293.68529
293.67358
293.66214
293.65106
293.64039
293.63022
293.62061
293.61165
293.60339
293.59592
293.58922
293.58334
293.5783
293.57411
293.57077
293.56824
293.5665
293.5655
293.5652
293.56553
293.56642
293.56781
293.56962
293.57176
293.57416
293.57673
293.57938
293.58203
293.5846
293.587
293.58915
293.59098
293.59244
293.59346
293.594
293.59403
293.59352
293.59247
293.59087
293.58873
293.58609
293.58296
293.57939
293.57542
293.57109
293.56644
293.56153
293.55639
293.55106
293.54558
293.53997
293.53427
293.5285
293.52267
293.5168
293.51092
293.50503
293.49916
293.49332
293.48752
293.48176
293.47606
293.4704
293.46477
293.45915
293.4535
293.44779
293.44197
293.43599
293.4298
293.42332
293.41652
293.40933
293.40171
293.39362
293.38505
293.37598
293.36641
293.35637
293.34587
293.33496
293.32368
293.31209
293.30029
293.28834
293.27616
293.26388
293.25157
293.23927
293.22703
293.21489
293.20288
293.19103
293.17939
293.16798
293.15684
293.14603
293.13559
293.12554
293.11592
293.10676
293.09807
293.08987
293.08219
293.07502
293.06838
293.06227
293.05669
293.05159
293.04694
293.04268
293.03874
293.03507
293.03162
293.02835
293.02526
293.02233
293.01958
293.01701
293.01464
293.0124
293.01024
293.00829
293.00644
293.00413
293.00082
292.99577
292.98766
292.97659
292.9648
292.95509
292.9507
292.9504
292.95147
292.95357
292.956
292.95849
292.96102
292.96366
292.96639
292.96919
292.97194
292.97461
292.97704
292.97913
292.98086
292.98234
292.98364
292.98479
292.98585
292.98685
292.98774
292.9885
292.98914
292.98959
292.98971
292.9895
292.98897
292.98817
292.98698
292.98571
292.9844
292.98319
292.98246
292.98256
292.98323
292.98459
292.98682
292.98961
292.99307
292.99641
293.00056
293.77478
293.76353
293.752
293.74026
293.72839
293.71646
293.70455
293.69274
293.6811
293.66969
293.65861
293.64793
293.63771
293.62801
293.61895
293.61055
293.60292
293.59604
293.58995
293.58468
293.58025
293.57665
293.57386
293.57185
293.57058
293.57
293.57006
293.5707
293.57183
293.5734
293.57532
293.5775
293.57988
293.58235
293.58485
293.58728
293.58957
293.59163
293.59339
293.59479
293.59577
293.59629
293.5963
293.5958
293.59475
293.59316
293.59105
293.58843
293.58532
293.58177
293.57781
293.57349
293.56886
293.56394
293.5588
293.55347
293.54797
293.54235
293.53662
293.53081
293.52494
293.51903
293.5131
293.50716
293.50123
293.49533
293.48946
293.48363
293.47786
293.47213
293.46642
293.46073
293.45501
293.44923
293.44335
293.43732
293.43108
293.42457
293.41773
293.41053
293.4029
293.39482
293.38626
293.37721
293.36768
293.35767
293.34722
293.33637
293.32514
293.3136
293.30186
293.28996
293.27784
293.26561
293.25334
293.24107
293.22887
293.21675
293.20476
293.19292
293.18128
293.16986
293.15871
293.14787
293.13739
293.12729
293.11762
293.10839
293.09963
293.09136
293.08359
293.07634
293.06962
293.06342
293.05774
293.05255
293.0478
293.04345
293.03942
293.03567
293.03214
293.0288
293.02565
293.02267
293.01987
293.01727
293.01488
293.01264
293.0105
293.00855
293.00669
293.00438
293.0011
292.99609
292.98799
292.97694
292.9651
292.9553
292.95082
292.95049
292.95155
292.95364
292.95606
292.95855
292.96107
292.96369
292.96641
292.9692
292.97194
292.97459
292.97702
292.9791
292.98083
292.98231
292.98361
292.98476
292.98582
292.98682
292.98771
292.98847
292.98912
292.98958
292.98969
292.98949
292.98896
292.98817
292.98699
292.98572
292.98441
292.98321
292.98247
292.98257
292.98322
292.98457
292.98679
292.98958
292.99304
292.9964
293.00055
293.78039
293.76935
293.75802
293.74648
293.73478
293.723
293.71122
293.69954
293.68798
293.67664
293.66559
293.65492
293.64468
293.63493
293.62578
293.61727
293.6095
293.60245
293.59617
293.59068
293.58603
293.58218
293.57914
293.57687
293.57534
293.5745
293.5743
293.57468
293.57557
293.5769
293.5786
293.58058
293.58277
293.58508
293.58742
293.58973
293.5919
293.59387
293.59557
293.59692
293.59787
293.59837
293.59839
293.59788
293.59685
293.59529
293.5932
293.59061
293.58753
293.58401
293.58007
293.57577
293.57115
293.56625
293.56111
293.55577
293.55027
293.54463
293.53889
293.53305
293.52715
293.52121
293.51523
293.50924
293.50326
293.4973
293.49136
293.48548
293.47963
293.47383
293.46806
293.46229
293.45651
293.45067
293.44473
293.43865
293.43236
293.42581
293.41895
293.41173
293.40409
293.39602
293.38747
293.37844
293.36894
293.35898
293.34857
293.33777
293.32659
293.31511
293.30343
293.29158
293.2795
293.26732
293.25509
293.24287
293.2307
293.21861
293.20663
293.19481
293.18316
293.17173
293.16056
293.1497
293.13917
293.12903
293.1193
293.11001
293.10119
293.09284
293.085
293.07766
293.07085
293.06456
293.05879
293.05351
293.04867
293.04423
293.04012
293.03628
293.03267
293.02927
293.02605
293.02301
293.02017
293.01754
293.01512
293.01289
293.01076
293.00881
293.00695
293.00464
293.00139
292.99642
292.98834
292.97729
292.9654
292.95551
292.95094
292.95059
292.95162
292.9537
292.95612
292.9586
292.96111
292.96372
292.96643
292.96921
292.97193
292.97458
292.977
292.97908
292.9808
292.98228
292.98358
292.98473
292.98579
292.98679
292.98768
292.98844
292.98909
292.98955
292.98968
292.98949
292.98896
292.98817
292.987
292.98573
292.98442
292.98323
292.98249
292.98257
292.98321
292.98455
292.98676
292.98955
292.99301
292.99638
293.00054
293.77423
293.76315
293.75184
293.74037
293.72878
293.71717
293.70563
293.6942
293.68296
293.67198
293.66134
293.65112
293.64134
293.63213
293.62352
293.61564
293.60845
293.60199
293.59631
293.59144
293.58737
293.58408
293.58157
293.57978
293.57869
293.57824
293.57837
293.57902
293.58013
293.58161
293.58339
293.5854
293.58754
293.58975
293.59193
293.594
293.59589
293.59753
293.59884
293.59976
293.60025
293.60027
293.59979
293.59878
293.59725
293.59519
293.59263
293.58959
293.5861
293.5822
293.57793
293.57333
293.56844
293.56332
293.55798
293.55248
293.54683
293.54107
293.53522
293.5293
293.52332
293.51731
293.51128
293.50524
293.49922
293.49324
293.48729
293.48138
293.47551
293.46967
293.46384
293.45799
293.4521
293.4461
293.43997
293.43364
293.42706
293.42017
293.41293
293.40529
293.39722
293.38868
293.37968
293.37021
293.36028
293.34992
293.33916
293.32804
293.31662
293.30499
293.29318
293.28115
293.26902
293.25684
293.24465
293.23251
293.22045
293.20849
293.19668
293.18503
293.17359
293.16241
293.15151
293.14095
293.13077
293.12098
293.11163
293.10274
293.09432
293.0864
293.07898
293.07208
293.0657
293.05984
293.05446
293.04954
293.04501
293.04081
293.03689
293.03321
293.02974
293.02646
293.02337
293.02049
293.01782
293.01537
293.01314
293.01102
293.00908
293.00721
293.00491
293.00169
292.99675
292.9887
292.97766
292.96571
292.95572
292.95105
292.95069
292.9517
292.95377
292.95617
292.95865
292.96115
292.96375
292.96645
292.96921
292.97193
292.97456
292.97698
292.97905
292.98077
292.98224
292.98354
292.98469
292.98576
292.98676
292.98765
292.9884
292.98906
292.98953
292.98967
292.98948
292.98895
292.98817
292.987
292.98574
292.98444
292.98325
292.98251
292.98257
292.9832
292.98453
292.98673
292.98953
292.99298
292.99636
293.00053
293.77816
293.76737
293.75633
293.74512
293.73377
293.72236
293.71102
293.69975
293.68863
293.67775
293.66719
293.657
293.64723
293.63798
293.62931
293.62134
293.61403
293.60742
293.60155
293.59648
293.5922
293.58869
293.58594
293.58391
293.58257
293.58188
293.58177
293.5822
293.58308
293.58435
293.58594
293.58777
293.58976
293.59182
293.59389
293.59587
293.59768
293.59926
293.60054
293.60144
293.60193
293.60196
293.6015
293.60052
293.59902
293.59701
293.59449
293.5915
293.58805
293.58418
293.57995
293.57538
293.57052
293.56541
293.56009
293.55459
293.54894
293.54318
293.53731
293.53137
293.52536
293.51932
293.51325
293.50717
293.50111
293.49507
293.48906
293.48309
293.47716
293.47126
293.46537
293.45946
293.45351
293.44746
293.44128
293.43491
293.4283
293.42139
293.41414
293.40649
293.39842
293.3899
293.38092
293.37148
293.36158
293.35127
293.34056
293.32949
293.31812
293.30655
293.29477
293.28279
293.27071
293.25857
293.24642
293.23431
293.22227
293.21034
293.19853
293.18689
293.17545
293.16424
293.15332
293.14273
293.1325
293.12266
293.11325
293.10429
293.0958
293.08779
293.08029
293.07331
293.06684
293.06089
293.05542
293.05041
293.04579
293.04151
293.03751
293.03376
293.03022
293.02688
293.02374
293.02081
293.01811
293.01563
293.01339
293.01129
293.00935
293.00746
293.00518
293.00199
292.99709
292.98908
292.97805
292.96603
292.95593
292.95117
292.95078
292.95178
292.95383
292.95623
292.9587
292.96119
292.96378
292.96647
292.96922
292.97192
292.97455
292.97696
292.97902
292.98074
292.9822
292.98351
292.98466
292.98572
292.98672
292.98762
292.98837
292.98903
292.98951
292.98965
292.98947
292.98895
292.98817
292.98701
292.98575
292.98445
292.98326
292.98252
292.98258
292.98318
292.98451
292.98671
292.9895
292.99295
292.99635
293.00051
293.78111
293.77066
293.75994
293.74904
293.73797
293.7268
293.71568
293.70461
293.69366
293.68291
293.67244
293.66233
293.6526
293.64334
293.63463
293.62659
293.61919
293.61244
293.60641
293.60116
293.59668
293.59296
293.58999
293.58773
293.58616
293.58523
293.58489
293.58509
293.58576
293.58683
293.58823
293.58989
293.59172
293.59366
293.59561
293.5975
293.59924
293.60077
293.60202
293.60291
293.6034
293.60345
293.60301
293.60207
293.60062
293.59866
293.59619
293.59324
293.58984
293.58603
293.58183
293.5773
293.57247
293.56739
293.56208
293.5566
293.55096
293.54519
293.53932
293.53336
293.52734
293.52127
293.51517
293.50905
293.50294
293.49685
293.49079
293.48477
293.47879
293.47283
293.46688
293.46092
293.45491
293.44881
293.44259
293.43618
293.42954
293.42261
293.41534
293.40769
293.39962
293.39112
293.38216
293.37274
293.36289
293.35261
293.34195
293.33093
293.31962
293.30809
293.29635
293.28442
293.27238
293.26029
293.24818
293.2361
293.22409
293.21217
293.20038
293.18874
293.17729
293.16607
293.15512
293.14449
293.13421
293.12432
293.11485
293.10583
293.09726
293.08918
293.0816
293.07453
293.06798
293.06194
293.05638
293.05128
293.04657
293.04221
293.03814
293.03431
293.0307
293.0273
293.02411
293.02114
293.01841
293.0159
293.01364
293.01155
293.00961
293.00771
293.00545
293.0023
292.99742
292.98946
292.97843
292.96635
292.95614
292.95128
292.95087
292.95185
292.95389
292.95628
292.95874
292.96123
292.96381
292.96648
292.96922
292.97191
292.97453
292.97693
292.97899
292.9807
292.98217
292.98347
292.98463
292.98569
292.98669
292.98758
292.98834
292.989
292.98949
292.98964
292.98946
292.98894
292.98817
292.98702
292.98576
292.98447
292.98328
292.98254
292.98258
292.98317
292.98449
292.98668
292.98947
292.99292
292.99633
293.0005
293.78306
293.773
293.76264
293.75208
293.74134
293.73046
293.71959
293.70876
293.698
293.68742
293.67708
293.66707
293.65742
293.64819
293.63947
293.63137
293.62391
293.61705
293.61088
293.60548
293.60082
293.59691
293.59372
293.59125
293.58946
293.5883
293.58774
293.58773
293.58819
293.58906
293.59028
293.59177
293.59345
293.59526
293.5971
293.5989
293.60058
293.60207
293.60329
293.60417
293.60467
293.60474
293.60434
293.60345
293.60204
293.60013
293.59772
293.59483
293.59149
293.58773
293.58358
293.57909
293.5743
293.56925
293.56397
293.5585
293.55287
293.54711
293.54124
293.53527
293.52924
293.52315
293.51702
293.51087
293.50473
293.49859
293.49249
293.48641
293.48038
293.47436
293.46836
293.46235
293.45629
293.45015
293.44388
293.43744
293.43077
293.42382
293.41654
293.40889
293.40083
293.39233
293.38339
293.37401
293.36418
293.35395
293.34333
293.33237
293.32111
293.30962
293.29791
293.28603
293.27405
293.262
293.24992
293.23788
293.22589
293.21399
293.20221
293.19057
293.17912
293.16788
293.15691
293.14624
293.13592
293.12598
293.11645
293.10736
293.09873
293.09057
293.08291
293.07575
293.06911
293.06298
293.05734
293.05215
293.04736
293.04292
293.03877
293.03487
293.0312
293.02774
293.0245
293.02149
293.01871
293.01618
293.0139
293.01181
293.00988
293.00796
293.00573
293.00261
292.99776
292.98985
292.97883
292.96667
292.95637
292.95139
292.95096
292.95192
292.95395
292.95633
292.95878
292.96127
292.96384
292.9665
292.96922
292.9719
292.97451
292.9769
292.97896
292.98067
292.98213
292.98343
292.98459
292.98566
292.98666
292.98755
292.98831
292.98897
292.98946
292.98963
292.98946
292.98894
292.98816
292.98702
292.98577
292.98448
292.9833
292.98255
292.98258
292.98315
292.98447
292.98665
292.98944
292.99289
292.99631
293.00049
)
;

boundaryField
{
    Side1
    {
        type            empty;
    }
    Inlet
    {
        type            totalTemperature;
        gamma           1.4;
        T0              uniform 294.31799;
        value           nonuniform List<scalar> 
180
(
292.9895
292.9892
292.98889
292.98859
292.9883
292.98801
292.98773
292.98746
292.9872
292.98695
292.98669
292.98645
292.9862
292.98596
292.98571
292.98546
292.98521
292.98495
292.98469
292.98441
292.98414
292.98386
292.98357
292.98329
292.98301
292.98274
292.98248
292.98223
292.98201
292.98181
292.98164
292.9815
292.98138
292.98126
292.98116
292.98104
292.98092
292.9808
292.98068
292.98057
292.98046
292.98031
292.98013
292.97992
292.9797
292.97951
292.97942
292.97928
292.97923
292.97929
292.97944
292.9797
292.98004
292.98045
292.98093
292.98147
292.98204
292.98265
292.98326
292.98386
292.98445
292.98501
292.98551
292.986
292.98655
292.98714
292.98773
292.98831
292.98887
292.98941
292.98994
292.99045
292.99094
292.9914
292.99182
292.99219
292.99251
292.99278
292.993
292.99318
292.99333
292.99343
292.99353
292.99371
292.99391
292.99412
292.99438
292.99471
292.99503
292.99533
292.9956
292.99582
292.996
292.99612
292.99617
292.99616
292.99609
292.99598
292.99582
292.99564
292.99546
292.99527
292.99508
292.99487
292.99463
292.99436
292.99403
292.99366
292.99324
292.99277
292.99224
292.99166
292.99106
292.99047
292.98998
292.98958
292.98926
292.98913
292.98904
292.9887
292.9883
292.98797
292.98768
292.98736
292.98696
292.98669
292.98682
292.98731
292.98802
292.98846
292.98842
292.9884
292.98852
292.9885
292.98871
292.98923
292.9896
292.98989
292.99024
292.99088
292.99174
292.99245
292.9929
292.99336
292.99376
292.99437
292.99533
292.99652
292.99766
292.99855
292.99916
292.99943
292.99937
292.99931
292.9992
292.99931
292.99947
292.9996
292.99983
293.00009
293.00034
293.00064
293.001
293.00148
293.00208
293.00273
293.00338
293.00399
293.00455
293.00504
293.00552
293.00604
293.00585
293.0047
293.00323
293.00167
293.00016
292.99879
292.99751
292.99631
)
;
    }
    Side2
    {
        type            empty;
    }
    Outlet
    {
        type            zeroGradient;
    }
    Botwall
    {
        type            zeroGradient;
    }
    Cyli
    {
        type            zeroGradient;
    }
    procBoundary3to0
    {
        type            processor;
        value           uniform 293.65482;
    }
    procBoundary3to1
    {
        type            processor;
        value           nonuniform List<scalar> 
182
(
293.63212
293.62255
293.61246
293.60195
293.59113
293.58011
293.56901
293.55792
293.54697
293.53627
293.52594
293.51607
293.50677
293.49813
293.49024
293.48317
293.47697
293.4717
293.46739
293.46406
293.4617
293.46031
293.45986
293.46032
293.46165
293.4638
293.47495
293.47495
293.47832
293.48231
293.48684
293.49181
293.49714
293.50272
293.50844
293.5142
293.51987
293.52535
293.5305
293.53525
293.5395
293.54318
293.54623
293.54861
293.5503
293.55127
293.55156
293.55116
293.55011
293.54844
293.54622
293.54348
293.54029
293.5367
293.53278
293.52858
293.52415
293.51954
293.5148
293.50997
293.50506
293.50013
293.49517
293.49023
293.48532
293.48045
293.47563
293.47089
293.46621
293.46162
293.45711
293.45265
293.44824
293.44383
293.43939
293.43487
293.43021
293.42535
293.4202
293.4147
293.40877
293.40235
293.39537
293.38779
293.37957
293.3707
293.36118
293.35103
293.34028
293.329
293.31723
293.30506
293.29256
293.27984
293.26699
293.25407
293.24107
293.22809
293.21522
293.20254
293.19005
293.17781
293.16585
293.15421
293.14294
293.13207
293.12166
293.11172
293.10231
293.09342
293.08509
293.07733
293.07014
293.06353
293.05751
293.05208
293.04723
293.04294
293.03915
293.03582
293.03286
293.0302
293.02776
293.02546
293.02326
293.02111
293.019
293.01692
293.01482
293.01267
293.01051
293.00845
293.00644
293.00432
293.00175
292.99805
292.99239
292.98399
292.97292
292.96145
292.95269
292.94911
292.94898
292.95026
292.9525
292.95501
292.95759
292.96023
292.96301
292.9659
292.96887
292.9718
292.97459
292.97712
292.9793
292.98112
292.98267
292.98397
292.9851
292.98615
292.98715
292.98806
292.98883
292.98943
292.98977
292.98983
292.98956
292.989
292.98812
292.98696
292.98561
292.98426
292.983
292.98227
292.98247
292.98331
292.98483
292.98713
292.98991
292.99336
292.99658
293.00067
)
;
    }
    procBoundary3to2
    {
        type            processor;
        value           nonuniform List<scalar> 
57
(
293.16795
292.91944
293.01278
293.07316
293.13485
293.13485
293.2997
293.2139
293.12764
293.04208
292.95766
292.87422
292.79093
292.70637
292.62057
292.55836
292.60971
292.70085
292.77533
292.84653
292.84653
293.78227
293.78227
293.7779
293.77075
293.75978
293.74375
293.72114
293.69042
293.65024
293.59977
293.53906
293.46915
293.39191
293.39191
293.66847
293.68197
293.69526
293.70827
293.72093
293.72284
293.72284
293.73448
293.74557
293.75603
293.76578
293.77474
293.77202
293.77202
293.77933
293.78569
293.79107
293.78501
293.78501
293.78862
293.79122
293.79277
)
;
    }
}


// ************************************************************************* //
