/*--------------------------------*- C++ -*----------------------------------*\
| =========                 |                                                 |
| \\      /  F ield         | OpenFOAM: The Open Source CFD Toolbox           |
|  \\    /   O peration     | Version:  2406                                  |
|   \\  /    A nd           | Website:  www.openfoam.com                      |
|    \\/     M anipulation  |                                                 |
\*---------------------------------------------------------------------------*/
FoamFile
{
    version     2.0;
    format      ascii;
    arch        "LSB;label=32;scalar=64";
    class       volScalarField;
    location    "0.039";
    object      Ma;
}
// * * * * * * * * * * * * * * * * * * * * * * * * * * * * * * * * * * * * * //

dimensions      [0 0 0 0 0 0 0];

internalField   nonuniform List<scalar> 
8260
(
0.14436997
0.1455242
0.14671705
0.14798214
0.14924972
0.15049583
0.15172864
0.1529452
0.15424326
0.15570867
0.15718385
0.15869724
0.16019369
0.16153526
0.16221579
0.1617033
0.15912618
0.15576142
0.15397735
0.15290667
0.15203942
0.15129009
0.15059515
0.14992402
0.14934871
0.14892296
0.14857655
0.14830599
0.14807922
0.14794026
0.14784581
0.14067717
0.14218276
0.14378921
0.14541386
0.14702567
0.14860992
0.15016499
0.15169853
0.15326422
0.15490197
0.15653947
0.15817333
0.15974511
0.16110874
0.16174494
0.16110887
0.15842582
0.15521048
0.1536377
0.15266172
0.15184886
0.15113744
0.1504706
0.14982175
0.1492675
0.14885841
0.1485241
0.14826222
0.14804167
0.14790701
0.14781536
0.13641731
0.13826813
0.14031217
0.14235403
0.14436046
0.14632365
0.14823942
0.15011151
0.15197175
0.15383985
0.1556734
0.15745665
0.15912866
0.16053214
0.16114784
0.16041139
0.15763669
0.15464678
0.15328049
0.1523928
0.15163695
0.15096724
0.15033231
0.1497085
0.14917689
0.14878552
0.14846463
0.14821242
0.14799896
0.14786921
0.14778071
0.13233672
0.13447553
0.13684778
0.13923756
0.14159608
0.14390948
0.14616774
0.14836528
0.15051597
0.15262888
0.15466838
0.15661096
0.15839074
0.15983222
0.1604207
0.15956171
0.15671391
0.15401912
0.15286921
0.15208027
0.15139022
0.1507689
0.1501707
0.14957642
0.14907181
0.14870143
0.14839633
0.14815535
0.14795016
0.14782607
0.1477413
0.12855828
0.13090454
0.13350277
0.13615579
0.13880443
0.14142242
0.14399
0.14649053
0.14892006
0.15127489
0.15352158
0.15562701
0.15751687
0.15899009
0.15953422
0.15852431
0.15564453
0.15334038
0.15240727
0.1517251
0.15110948
0.15054316
0.14998687
0.14942677
0.14895285
0.14860597
0.1483188
0.14809047
0.14789474
0.14777702
0.14769647
0.12518262
0.12765566
0.13038604
0.13321073
0.13606964
0.13892595
0.14174965
0.14451274
0.14719464
0.14977639
0.15222159
0.1544853
0.15648088
0.15797324
0.15844486
0.15725932
0.15442824
0.15260584
0.1518856
0.15132001
0.15078882
0.1502848
0.14977593
0.14925553
0.14881707
0.14849702
0.14823048
0.14801652
0.14783171
0.14772117
0.1476455
0.12231543
0.12484654
0.127622
0.13052192
0.1334966
0.13650544
0.13951097
0.14247532
0.14536337
0.14814054
0.15076133
0.15316634
0.15525191
0.15673858
0.15709561
0.1557175
0.1530946
0.1518107
0.15129909
0.150859
0.15042381
0.14999041
0.14953498
0.14906056
0.14866273
0.14837314
0.14813015
0.14793238
0.14776014
0.14765764
0.14758761
0.12012577
0.12260669
0.12532791
0.12820217
0.13119037
0.1342532
0.13734971
0.14043515
0.1434629
0.14638375
0.14913878
0.15165071
0.15379258
0.15523033
0.15541568
0.15384268
0.15168585
0.15094706
0.15063966
0.15033542
0.15000849
0.14965514
0.14925971
0.14883812
0.14848692
0.1482322
0.14801614
0.14783663
0.14767882
0.1475853
0.14752193
0.1186339
0.12098351
0.12356766
0.12632582
0.12923091
0.13224781
0.13533624
0.13844898
0.14153221
0.1445245
0.14735146
0.1499136
0.15205124
0.15337533
0.15331636
0.15164017
0.15026637
0.1500052
0.14990096
0.14974381
0.14953583
0.14927388
0.14894649
0.14858538
0.14828733
0.14807215
0.14788678
0.14772773
0.1475864
0.14750288
0.14744747
0.11781507
0.11997711
0.12236445
0.12493375
0.12766766
0.13054134
0.13351996
0.13655831
0.1395995
0.14257279
0.1453877
0.14791712
0.14995389
0.15105804
0.15066723
0.14928939
0.14886453
0.14897195
0.14907983
0.14907838
0.1489969
0.14884008
0.14859102
0.14829946
0.1480614
0.14789033
0.14773979
0.14760377
0.14748118
0.14740884
0.14736297
0.11757105
0.11950791
0.12165555
0.1239802
0.12647484
0.12912284
0.13189912
0.13476404
0.13766041
0.14050991
0.14320514
0.14558342
0.14736848
0.14806549
0.14750445
0.14711464
0.14743856
0.14785185
0.1481755
0.14833215
0.14838444
0.1483469
0.14818868
0.14797762
0.1478066
0.14768378
0.1475722
0.14746254
0.14736126
0.14730143
0.14726671
0.11786727
0.11949998
0.12133912
0.12335743
0.12554841
0.12790162
0.13039719
0.1329981
0.13564435
0.13824724
0.14067568
0.14271148
0.14403526
0.14436107
0.14448865
0.14517658
0.14599126
0.14664556
0.14717477
0.14749571
0.14770087
0.1477871
0.14773312
0.14761495
0.14751901
0.14744925
0.14738029
0.14730139
0.14722452
0.14717883
0.14715646
0.1182404
0.1195744
0.12109772
0.12278744
0.12463688
0.12664298
0.1287894
0.13103533
0.13331059
0.13551528
0.13752211
0.13911494
0.14005956
0.14082155
0.14211752
0.14343649
0.14447591
0.145369
0.14608626
0.14658065
0.14693731
0.1471552
0.14722103
0.14720429
0.14719387
0.14718371
0.14716083
0.14711754
0.14706885
0.14703937
0.1470296
0.11824572
0.11932329
0.12055761
0.12194043
0.12347265
0.12513403
0.12689505
0.12872125
0.13054949
0.13229654
0.13387985
0.13528702
0.13673747
0.13850519
0.1402476
0.14170102
0.14296678
0.14404655
0.14493377
0.14559159
0.14610765
0.14645402
0.1466468
0.14673898
0.14682691
0.14688438
0.14691246
0.14690848
0.14689231
0.14688173
0.14688338
0.11800142
0.11869006
0.11956431
0.12063132
0.12190828
0.12329359
0.12473551
0.12626327
0.12787584
0.12954004
0.13123527
0.13291584
0.13482373
0.13673635
0.1384732
0.14005301
0.14144673
0.1427152
0.14375084
0.14455126
0.1452231
0.1456965
0.14601167
0.14622274
0.14641533
0.14654967
0.14663566
0.14667316
0.1466935
0.14670474
0.14671526
0.11915036
0.11967465
0.12024868
0.12087923
0.12162344
0.12256737
0.1237009
0.1250123
0.12647565
0.12807444
0.12982237
0.13161254
0.13335598
0.13509692
0.13682639
0.13844452
0.13994652
0.14136409
0.14256383
0.14348333
0.14429831
0.14490415
0.14533435
0.14566431
0.14596305
0.1461803
0.14633097
0.14641266
0.14647127
0.14650696
0.14652322
0.12054867
0.12107487
0.12167395
0.12233409
0.12302395
0.12376439
0.12458488
0.12539326
0.12627441
0.12750177
0.12900022
0.13067591
0.132328
0.13387225
0.13548382
0.1370678
0.13854132
0.14000742
0.1413615
0.14242188
0.1433483
0.14408627
0.14464175
0.14507888
0.14548105
0.14577916
0.14599776
0.14612795
0.14622461
0.1462865
0.1463058
0.12192473
0.12225827
0.12264657
0.12310112
0.12363667
0.12427389
0.12505032
0.12600153
0.1269795
0.12782902
0.12872772
0.12999673
0.13146218
0.1330913
0.1346553
0.13617407
0.13751989
0.13880751
0.14016747
0.14137975
0.14239975
0.14326211
0.14393887
0.14448239
0.14498004
0.14534686
0.14563365
0.14581575
0.14595219
0.14604091
0.1460623
0.12369347
0.12399915
0.12434912
0.12474351
0.12518243
0.12566235
0.12617283
0.12670878
0.12732107
0.12810314
0.12897072
0.12983613
0.13100287
0.13231072
0.133833
0.13544578
0.13685922
0.13801814
0.13916015
0.14041194
0.14148015
0.14243807
0.14323312
0.14386978
0.14445524
0.14488486
0.14523303
0.1454716
0.14565074
0.14576764
0.14579294
0.12519511
0.12539745
0.1256312
0.12590223
0.12622074
0.12659975
0.12705696
0.12760685
0.12823992
0.12892337
0.12964479
0.13035044
0.13100932
0.13199042
0.13310387
0.13439117
0.13592685
0.13737867
0.13849085
0.13962664
0.14065709
0.14162748
0.14250559
0.14323195
0.14389522
0.14439317
0.14479161
0.14509156
0.14531828
0.14546455
0.14549845
0.12689926
0.12708379
0.12729529
0.12753541
0.12780667
0.12811119
0.1284472
0.12881291
0.12922174
0.12970472
0.13029286
0.13100302
0.13174766
0.13231954
0.13298814
0.13398349
0.13510141
0.13635913
0.1377949
0.13899745
0.13999352
0.14088116
0.14175182
0.14257359
0.14330325
0.1438711
0.14432094
0.14467695
0.14495345
0.14513103
0.14517951
0.12833133
0.12845256
0.12859259
0.12875478
0.12894461
0.12916853
0.12943448
0.12975256
0.13012724
0.13055127
0.13101669
0.13153761
0.13217174
0.13291404
0.1335474
0.13409062
0.13488008
0.13583502
0.13693175
0.1381835
0.13937123
0.14026927
0.14105266
0.1419383
0.14270629
0.14333191
0.14383423
0.14423534
0.14455547
0.14476689
0.14483659
0.1299029
0.13001335
0.13014007
0.13028452
0.13044854
0.13063369
0.13084116
0.13107154
0.1313269
0.13161592
0.13195029
0.13232425
0.13271964
0.13320223
0.13390514
0.13459481
0.13518621
0.13573562
0.13656481
0.13751392
0.13857787
0.13971395
0.14049867
0.14138326
0.14214601
0.14278513
0.14333197
0.14377141
0.14412551
0.14437208
0.14446976
0.13116185
0.13122644
0.13130109
0.13138756
0.13148864
0.13160792
0.13175016
0.13192172
0.13212551
0.13236439
0.13264595
0.13297983
0.13337448
0.1337832
0.13420036
0.13475994
0.13542973
0.13601656
0.13650703
0.13725119
0.13805484
0.13900275
0.14000326
0.14089467
0.14161031
0.14222331
0.14280044
0.14328324
0.14366915
0.14394811
0.14407718
0.13257686
0.13264032
0.13271306
0.13279591
0.13288974
0.13299502
0.13311166
0.13323906
0.13338218
0.13354571
0.13372677
0.13392729
0.13415631
0.1344494
0.13478348
0.13512684
0.1355711
0.13621155
0.13676964
0.13722867
0.13782589
0.13852826
0.13942465
0.14035456
0.14102783
0.14164998
0.14223781
0.142776
0.14319194
0.14349897
0.14365916
0.13360635
0.13363656
0.13367155
0.13371217
0.13376002
0.13381751
0.13388803
0.13397585
0.13408509
0.13422035
0.13438859
0.13459647
0.13484544
0.13512468
0.13544394
0.13578451
0.13609414
0.13643116
0.13687626
0.13737199
0.13777333
0.13834562
0.13910178
0.1397781
0.1404209
0.14110841
0.14169909
0.14226156
0.14270494
0.14303282
0.14321931
0.13474441
0.13477049
0.13480008
0.13483404
0.13487349
0.13491971
0.1349741
0.13503814
0.13511358
0.13520236
0.13530644
0.13542806
0.13557006
0.1357359
0.13592459
0.13614187
0.13641034
0.13672113
0.13700166
0.13740368
0.13788678
0.13834254
0.13893263
0.13944125
0.14001866
0.14066199
0.14123976
0.14177106
0.14222767
0.14256059
0.14276285
0.13537149
0.13538899
0.13540978
0.13543443
0.13546363
0.13549833
0.13553909
0.13558632
0.13564109
0.13570536
0.1357801
0.13586688
0.13596853
0.13609163
0.13624332
0.13642251
0.13662798
0.13687791
0.13721823
0.13754298
0.13798119
0.13841011
0.13882305
0.13925741
0.1397841
0.14030696
0.14084357
0.14132584
0.14176245
0.14209394
0.14230143
0.13611659
0.1361361
0.13615781
0.13618186
0.13620845
0.13623767
0.13627009
0.1363067
0.13634811
0.13639432
0.13644636
0.1365047
0.13657054
0.13665368
0.13676018
0.13689807
0.13707185
0.13727251
0.13751326
0.13778491
0.13804768
0.13835679
0.13868837
0.13909259
0.13954248
0.13998988
0.14046439
0.14091412
0.14131826
0.1416464
0.14185251
0.13658034
0.13658947
0.13660042
0.1366138
0.13663036
0.13665096
0.13667649
0.13670787
0.13674616
0.13679266
0.13684916
0.136918
0.13699942
0.137088
0.13718418
0.13729374
0.13742064
0.13756853
0.13773949
0.13793549
0.13816926
0.13840784
0.13867975
0.13901039
0.1393796
0.13977813
0.14019392
0.14060499
0.14098284
0.14129241
0.14148661
0.13693305
0.13694191
0.13695239
0.13696487
0.13697975
0.13699752
0.13701865
0.13704367
0.13707313
0.13710772
0.13714819
0.13719618
0.13725649
0.13732629
0.13740394
0.13749276
0.1375961
0.13771723
0.13786163
0.13803407
0.13823403
0.13846914
0.13872142
0.13899057
0.13931817
0.13968121
0.14006711
0.14045506
0.14081689
0.1411165
0.14130398
0.077361019
0.094441952
0.10575918
0.11413312
0.12110102
0.12739987
0.13318693
0.13812184
0.14293255
0.1474065
0.15150121
0.15521803
0.15857233
0.16154736
0.16411129
0.16607513
0.1670295
0.16657891
0.16382383
0.15984391
0.15719096
0.15544926
0.15407609
0.15290095
0.15185293
0.15100819
0.15032777
0.14980601
0.1494016
0.14913744
0.14896102
0.10022176
0.10881999
0.11536299
0.1210533
0.12652421
0.13186088
0.13683507
0.14141173
0.1457431
0.14973527
0.15339125
0.15672873
0.1597592
0.16245433
0.1647685
0.16645441
0.16710965
0.16633181
0.163235
0.15933077
0.15689013
0.15524375
0.15391491
0.15276605
0.1517403
0.15091702
0.15025346
0.14974394
0.14934791
0.14908933
0.14892348
0.10699645
0.11319273
0.11908011
0.12475179
0.13017073
0.13522432
0.13983966
0.14405606
0.14797311
0.15157576
0.15488656
0.15792543
0.16069738
0.16316518
0.16527179
0.16671426
0.16711642
0.16603676
0.16266362
0.15891211
0.15664264
0.15505952
0.15376417
0.1526382
0.1516328
0.15082882
0.15018069
0.14968257
0.14929447
0.14904128
0.14888023
0.1131279
0.11899477
0.12450274
0.12962009
0.13438572
0.13879965
0.14285311
0.14658821
0.15006352
0.1532785
0.15625568
0.15901093
0.16153945
0.16379335
0.16569805
0.16689109
0.16706647
0.16567937
0.16209442
0.1585044
0.1563864
0.15486664
0.15360698
0.15250524
0.1515216
0.15073815
0.15010629
0.14962015
0.14924033
0.14899278
0.14883556
0.11968085
0.12490046
0.12969348
0.13413841
0.13828436
0.14212361
0.14566016
0.1489347
0.15198925
0.15483722
0.1575012
0.15999169
0.16229276
0.16434495
0.16604749
0.16700635
0.1669779
0.16527953
0.16151613
0.15812238
0.15614283
0.15467907
0.15345222
0.15237371
0.15141149
0.15064799
0.15003196
0.14955754
0.14918587
0.14894397
0.14879018
0.12665961
0.13091885
0.1348831
0.13859594
0.14206901
0.14529747
0.14829916
0.15110602
0.15375057
0.15624983
0.15862083
0.16086551
0.16295535
0.16481853
0.16632173
0.16706739
0.16686144
0.16482953
0.16094325
0.15776282
0.15590328
0.15449148
0.15329654
0.1522411
0.15130053
0.15055705
0.14995693
0.14949434
0.1491309
0.14889476
0.14874422
0.13356789
0.13686549
0.13996771
0.14289874
0.14566498
0.14827368
0.15074119
0.15309012
0.15534355
0.15751543
0.15961435
0.16163215
0.1635273
0.1652159
0.1665293
0.16709677
0.16668696
0.16432877
0.16038385
0.15742455
0.1556698
0.15430604
0.15314171
0.1521089
0.15118992
0.15046615
0.14988172
0.14943084
0.14907558
0.14884522
0.14869808
0.14048637
0.14272371
0.14488095
0.14698516
0.14903627
0.15103052
0.15297581
0.1548845
0.15676905
0.15863607
0.16048396
0.16229369
0.16401114
0.16554136
0.16668129
0.1670895
0.16645908
0.16378617
0.15984675
0.15710489
0.15544029
0.15412176
0.15298714
0.15197669
0.15107929
0.15037504
0.14980618
0.14936699
0.14901989
0.14879536
0.14865157
0.14705916
0.14823423
0.1494667
0.15077283
0.15213714
0.15354178
0.15499069
0.1564851
0.1580267
0.15961296
0.16123141
0.162852
0.16440864
0.16579159
0.16676638
0.16703142
0.16617182
0.16320804
0.15933827
0.15680079
0.15521475
0.15393898
0.15283328
0.15184492
0.15096901
0.15028401
0.14973053
0.14930291
0.14896391
0.14874522
0.14860489
0.15304788
0.15324791
0.15364884
0.1542142
0.1549322
0.15578677
0.15677561
0.15788797
0.15911564
0.16044681
0.16185807
0.16330853
0.16472048
0.16596058
0.16678879
0.16692732
0.16583138
0.16262227
0.15886038
0.15650966
0.15499249
0.15375755
0.15268013
0.15171364
0.15085908
0.15019308
0.14965477
0.14923863
0.14890768
0.14869482
0.14855794
0.15837325
0.1577209
0.15736346
0.15725377
0.15738257
0.15774655
0.15832073
0.15908916
0.16003496
0.1611383
0.16236516
0.16366377
0.16494325
0.16604172
0.16675097
0.16678346
0.16544994
0.16203799
0.15841149
0.15622903
0.1547734
0.15357756
0.15252791
0.15158307
0.15074969
0.15010239
0.14957904
0.14917424
0.14885126
0.14864421
0.14851079
0.16291933
0.16155326
0.16053919
0.15984667
0.15947257
0.15940692
0.15961429
0.16008434
0.16078344
0.16168758
0.1627528
0.16391644
0.16507064
0.16605303
0.16667832
0.16659976
0.16503591
0.16146119
0.15798963
0.15595703
0.15455725
0.15339906
0.15237675
0.15145336
0.15064095
0.15001205
0.1495034
0.1491098
0.1487947
0.14859341
0.14846344
0.16655863
0.16464574
0.16312201
0.16197016
0.16118434
0.16075089
0.1606537
0.16086538
0.1613565
0.16209107
0.16301616
0.16405741
0.16511308
0.16602016
0.16656851
0.16637434
0.16459509
0.16089966
0.15759232
0.15569221
0.15434401
0.15322215
0.15222683
0.15132468
0.150533
0.14992216
0.14942795
0.14904537
0.14873805
0.14854247
0.14841591
0.16923234
0.16695218
0.1650787
0.16359389
0.16249491
0.16177552
0.16142569
0.16142168
0.16173536
0.1623272
0.16313863
0.16409723
0.16510332
0.16594357
0.16640671
0.1661035
0.16413361
0.16035577
0.15721692
0.1554335
0.15413366
0.15304699
0.15207835
0.15119719
0.15042597
0.14983285
0.14935277
0.14898103
0.14868136
0.1484914
0.14836821
0.17101254
0.16846932
0.1663652
0.16466163
0.16334899
0.16242285
0.16188035
0.16171402
0.16190199
0.16240234
0.16315888
0.16407639
0.16503329
0.16581032
0.16619872
0.16578982
0.16365446
0.15983218
0.15686136
0.15518028
0.15392628
0.15287375
0.1519315
0.15107112
0.15031995
0.14974421
0.14927797
0.14891684
0.14862469
0.14844025
0.14832035
0.17207668
0.16937312
0.1670965
0.16523315
0.16377621
0.1627173
0.16205062
0.16180326
0.16193881
0.16238804
0.16309908
0.16397716
0.16488687
0.16562039
0.16594958
0.1654461
0.16316538
0.15933074
0.15652357
0.15493217
0.15372196
0.15270261
0.15178648
0.15094661
0.15021505
0.14965634
0.14920362
0.14885286
0.14856809
0.14838904
0.14827235
0.17255145
0.16982396
0.16746076
0.16549803
0.16394931
0.16281294
0.16208452
0.16178592
0.1618692
0.16226675
0.162927
0.16377432
0.16466321
0.16537469
0.1656608
0.16507324
0.16267445
0.15885213
0.15620051
0.15468885
0.15352075
0.1525337
0.1516434
0.15082374
0.15011138
0.14956932
0.1491298
0.14878915
0.14851163
0.14833782
0.14822421
0.17178746
0.16937228
0.16719303
0.16531571
0.16379109
0.16265186
0.16191838
0.16158672
0.16161963
0.16198755
0.16262999
0.16347022
0.16436215
0.16507437
0.16533513
0.16467856
0.16218749
0.158396
0.1558903
0.15445013
0.15332262
0.15236713
0.1515024
0.15070263
0.15000906
0.14948325
0.1490566
0.14872581
0.14845536
0.14828663
0.14817597
0.16991848
0.16786456
0.16601246
0.16439911
0.16306361
0.16204855
0.16139606
0.16110823
0.16116371
0.16154943
0.16220764
0.16306598
0.16398358
0.16472045
0.16497537
0.16426821
0.1617097
0.15796211
0.15559137
0.15421577
0.15312764
0.15220309
0.15136368
0.15058345
0.14990826
0.14939827
0.14898417
0.14866292
0.14839936
0.14823551
0.14812764
0.16734481
0.16566339
0.16416591
0.16287683
0.16181563
0.16101779
0.16053419
0.16036119
0.16050137
0.16095288
0.16166065
0.16256233
0.16352754
0.16431366
0.16458443
0.16384913
0.16124495
0.15754975
0.15530203
0.15398608
0.15293636
0.15204216
0.15122773
0.15046663
0.14980932
0.14931462
0.14891267
0.14860062
0.14834373
0.1481845
0.14807924
0.16401883
0.16280773
0.16174374
0.1608451
0.16012297
0.159616
0.1593616
0.15935694
0.15963885
0.16019971
0.16099051
0.16196081
0.16299464
0.16385467
0.16416545
0.16342575
0.16079597
0.15715951
0.15502303
0.15376264
0.15275023
0.15188557
0.15109547
0.15035285
0.14971267
0.14923256
0.14884226
0.14853898
0.14828848
0.14813358
0.14803076
0.15992531
0.1592807
0.15875248
0.15832994
0.15802392
0.15786888
0.157883
0.15810608
0.15857896
0.15928938
0.16019619
0.161261
0.16238397
0.16334252
0.16372013
0.16300344
0.16036839
0.15679717
0.15475789
0.15354788
0.15257099
0.1517345
0.15096762
0.15024251
0.14961849
0.14915209
0.14877289
0.14847791
0.14823351
0.14808268
0.14798214
0.15499867
0.15497298
0.1550876
0.15525751
0.15546175
0.15572253
0.15607976
0.15658744
0.15730201
0.15820658
0.15926549
0.16045384
0.16168802
0.16277087
0.16324642
0.16258954
0.15997188
0.15647025
0.15450906
0.15334138
0.15239775
0.15158788
0.15084311
0.15013465
0.14952595
0.14907263
0.14870411
0.14841713
0.14817862
0.14803171
0.14793334
0.14937606
0.14970289
0.15038332
0.15120863
0.15205189
0.15287694
0.15372192
0.15461226
0.15566504
0.15684911
0.15812127
0.15947954
0.16085918
0.16210244
0.16272221
0.16217852
0.15961805
0.15617215
0.15426593
0.15313377
0.15222292
0.1514399
0.1507178
0.15002636
0.14943319
0.14899303
0.1486353
0.14835641
0.14812374
0.14798079
0.14788443
0.070679662
0.089631074
0.10198632
0.11108931
0.11850389
0.12504995
0.13105292
0.13638939
0.14141442
0.14610207
0.15041194
0.15433055
0.15786647
0.16100409
0.16371319
0.16583933
0.16696769
0.16669664
0.16413686
0.16016465
0.15740208
0.15560849
0.15420578
0.15300998
0.15194459
0.15108349
0.15038958
0.14985764
0.149446
0.14917677
0.14899407
0.069671428
0.089422689
0.10170535
0.11081361
0.11820272
0.12467627
0.13058478
0.1359328
0.14093947
0.14563404
0.14998127
0.15395559
0.15755358
0.16075419
0.16351805
0.16570893
0.16688877
0.16671799
0.16427557
0.16032243
0.15750881
0.15569549
0.15428184
0.1530781
0.15200512
0.15113529
0.15043355
0.14989542
0.14947933
0.14920676
0.14902502
0.069187421
0.089292682
0.10168719
0.110673
0.11791826
0.12427065
0.13007347
0.13537906
0.1403654
0.14507172
0.14946171
0.15349937
0.1571691
0.16044366
0.16327559
0.16554464
0.1668005
0.1667215
0.16442896
0.16049429
0.15761668
0.15577957
0.15435556
0.15314519
0.15206589
0.15118808
0.15047895
0.14993489
0.14951452
0.1492386
0.14905664
0.068577937
0.088954429
0.10151684
0.11041734
0.11757271
0.12383281
0.12954915
0.13481418
0.13978307
0.14449659
0.14892232
0.15301783
0.15675663
0.16010516
0.16300874
0.1653589
0.16670149
0.16671944
0.16458281
0.16068232
0.15773748
0.15587243
0.15443629
0.15321824
0.15213197
0.15124547
0.15052825
0.14997769
0.14955255
0.14927287
0.1490977
0.067688218
0.088216638
0.10108307
0.11005217
0.11719695
0.12340063
0.12904761
0.13427534
0.13922224
0.14393235
0.14838134
0.15252423
0.15632529
0.15974435
0.16272013
0.16515073
0.16658628
0.16670925
0.1647296
0.1608809
0.15786916
0.15597385
0.15452439
0.1532978
0.15220389
0.15130782
0.15058169
0.15002399
0.14959354
0.14930967
0.14913025
0.066706489
0.087298018
0.10051815
0.10965395
0.11682873
0.12299691
0.12858515
0.13377249
0.13868949
0.14338487
0.14784397
0.1520224
0.15587729
0.15936189
0.16240865
0.16491646
0.16645185
0.16668677
0.16486649
0.1610836
0.15800745
0.15608062
0.15461753
0.15338218
0.15228046
0.15137437
0.15063878
0.15007347
0.14963732
0.14934901
0.14916394
0.065759114
0.086285625
0.099887533
0.10923414
0.11646742
0.1226174
0.12815675
0.1333009
0.13818129
0.14285256
0.14730997
0.15151244
0.15541228
0.15895663
0.16207193
0.16465149
0.16629894
0.16665076
0.16499675
0.16128912
0.15815029
0.15619063
0.15471398
0.15347013
0.15236081
0.15144467
0.15069926
0.15012604
0.14968388
0.14939089
0.14919563
0.064867051
0.085181523
0.09916596
0.10876809
0.11609671
0.12225119
0.12775394
0.13285511
0.13769417
0.14233365
0.14677881
0.15099419
0.15492973
0.15852733
0.16170759
0.16435295
0.1661165
0.16659839
0.16511046
0.16150231
0.15829733
0.15630316
0.15481304
0.15356122
0.15244482
0.15151851
0.15076307
0.1501817
0.14973329
0.14943545
0.14924426
0.06406095
0.083999774
0.098345833
0.1082433
0.11570627
0.12189081
0.12737075
0.13243132
0.13722583
0.14182686
0.14625028
0.15046789
0.15442967
0.15807341
0.16131429
0.16402287
0.16589685
0.16652465
0.16520185
0.16171727
0.15844879
0.15641847
0.15491488
0.15365554
0.15253246
0.15159615
0.15083044
0.15024068
0.14978577
0.14948284
0.14929246
0.063376593
0.082767356
0.097432065
0.10766118
0.11529525
0.12153359
0.12700318
0.13202566
0.13677302
0.14132969
0.14572267
0.14993249
0.15391113
0.15759365
0.16089051
0.16366316
0.1656458
0.16642993
0.16527925
0.1619306
0.15860439
0.15653609
0.15501921
0.15375308
0.15262393
0.15167774
0.15090157
0.15030316
0.14984148
0.14953321
0.1493425
0.062924276
0.081592117
0.096479539
0.10704398
0.11486989
0.12117905
0.12664763
0.13163382
0.13633122
0.14083824
0.14519325
0.14938619
0.15337284
0.15708684
0.16043499
0.16327269
0.16535724
0.16628624
0.1653348
0.16214187
0.15876377
0.15665556
0.15512567
0.15385367
0.15271915
0.15176334
0.15097657
0.15036931
0.14990059
0.14958672
0.14939211
0.062816671
0.080557102
0.095505315
0.10639156
0.11443079
0.12082543
0.12629929
0.13124944
0.13589372
0.14034616
0.14465677
0.1488251
0.15281189
0.15655072
0.15994576
0.16284915
0.16503425
0.16611644
0.1653575
0.16234084
0.15892593
0.15677599
0.15523364
0.15395696
0.15281797
0.15185296
0.15105555
0.15043923
0.14996322
0.14964353
0.14944414
0.062979055
0.07975809
0.09462239
0.105761
0.11399504
0.12047298
0.12595136
0.1308631
0.13545069
0.13984454
0.14410581
0.14824356
0.15222419
0.15598232
0.15942047
0.16238982
0.16467575
0.1659121
0.16534856
0.16251863
0.15908999
0.15689649
0.15534234
0.15406248
0.15292009
0.15194644
0.1511385
0.15051303
0.15002951
0.14970381
0.14949924
0.063611022
0.079420008
0.093923706
0.10518185
0.11356998
0.12011572
0.12559109
0.13045982
0.13498729
0.13931994
0.1435294
0.14763332
0.15160382
0.1553774
0.1588561
0.16189167
0.16427836
0.16566197
0.16530517
0.16268052
0.15925484
0.15701552
0.15545088
0.15416967
0.15302525
0.15204375
0.15122551
0.15059077
0.15009955
0.14976769
0.14955831
0.06486634
0.079548137
0.093451754
0.10467997
0.11314808
0.11973198
0.12519313
0.13001475
0.13448141
0.13875363
0.14291253
0.14698301
0.15094271
0.15473039
0.15824873
0.16135128
0.16383851
0.16536242
0.16521532
0.16282182
0.15942027
0.15713239
0.15555818
0.1542778
0.15313287
0.15214445
0.1513164
0.1506725
0.15017346
0.14983533
0.14962192
0.066663503
0.080209574
0.09337917
0.10425161
0.11266757
0.11925934
0.12470562
0.12948625
0.13389994
0.1381196
0.14223538
0.14627799
0.15023039
0.15403427
0.15759349
0.1607647
0.16335301
0.16501366
0.16507107
0.16293325
0.15958133
0.15724451
0.15566337
0.1543862
0.1532427
0.15224862
0.15141131
0.15075828
0.15025133
0.14990682
0.14968981
0.068882247
0.081384925
0.093531879
0.10391129
0.11215467
0.11868557
0.12409212
0.12883213
0.13320424
0.13738597
0.14147282
0.14549986
0.14945412
0.15328034
0.15688444
0.1601272
0.16281746
0.1646096
0.16487418
0.16300081
0.15974143
0.15735161
0.15576457
0.15449365
0.15335387
0.1523554
0.15150982
0.15084803
0.15033322
0.1499823
0.14976146
0.071419906
0.082842563
0.093978128
0.1037027
0.11159755
0.11796374
0.12329453
0.12799617
0.13234609
0.13651459
0.14059622
0.14462798
0.14859943
0.15245869
0.15611459
0.15943239
0.16222224
0.16414676
0.16466172
0.16303841
0.15988729
0.15744994
0.15586225
0.15459954
0.15346562
0.15246483
0.15161204
0.15094177
0.15041917
0.15006181
0.14983687
0.074126459
0.084381708
0.094330437
0.1032295
0.11068581
0.11688469
0.12217566
0.12688652
0.13126256
0.13546163
0.13957491
0.14364103
0.14765177
0.15155931
0.15527663
0.15867319
0.16155922
0.1636138
0.16436131
0.16303677
0.15999817
0.15753871
0.15595077
0.15470186
0.15357796
0.15257609
0.15171742
0.15103922
0.15050912
0.15014549
0.14991634
0.076461507
0.085529096
0.094277294
0.10231698
0.10933637
0.11538597
0.12067866
0.12545377
0.1299134
0.1341959
0.1383855
0.1425214
0.14659867
0.15057382
0.15436464
0.15784573
0.16083139
0.16303159
0.16401371
0.16299688
0.16009361
0.1576175
0.15603694
0.15480015
0.15368701
0.15268789
0.15182549
0.15114042
0.15060315
0.15023327
0.15000004
0.077924567
0.08588499
0.093751538
0.10104046
0.10763872
0.11353665
0.1188441
0.12371583
0.12830201
0.13271337
0.13702147
0.14126295
0.14543495
0.14949821
0.15337617
0.15694988
0.16004206
0.16238627
0.16358255
0.16287974
0.16019339
0.15768013
0.1561048
0.15489244
0.15379732
0.1528018
0.15193657
0.15124473
0.15070082
0.15032529
0.15008801
0.078490129
0.085561611
0.092572613
0.099301484
0.10558669
0.11138074
0.11672847
0.12172242
0.12646501
0.13103803
0.13549729
0.1398739
0.14416543
0.14833554
0.1523136
0.15598819
0.159193
0.16168204
0.163084
0.16267301
0.1602672
0.15773346
0.15617079
0.15497548
0.15389858
0.15291154
0.15204788
0.15135222
0.15080257
0.15042133
0.15018026
0.078208821
0.084543481
0.090931883
0.097230104
0.10328225
0.10901551
0.11442578
0.11955598
0.12446895
0.1292202
0.13384925
0.13837947
0.14280686
0.14709734
0.15118516
0.15496684
0.15828833
0.16092451
0.16253755
0.16242783
0.16026707
0.15774666
0.15622166
0.15505313
0.15399815
0.15302482
0.15216272
0.15146195
0.15090706
0.1505214
0.15027686
0.077258334
0.08299268
0.088930273
0.094917451
0.10081872
0.10653864
0.11203346
0.11730782
0.12239462
0.12732718
0.13213068
0.13682028
0.14138929
0.14580513
0.15000621
0.1538966
0.15733479
0.16011557
0.16193295
0.1621598
0.1602458
0.15774394
0.15623769
0.15511091
0.15409282
0.1531288
0.15227395
0.1515736
0.15101571
0.15062532
0.15037742
0.075777296
0.081078576
0.086677487
0.092449389
0.098266727
0.10401571
0.10962055
0.11505299
0.12031814
0.12542998
0.13040346
0.13524739
0.13995315
0.1444896
0.14879927
0.15279334
0.15634193
0.15925626
0.16125494
0.16180718
0.16018488
0.1577434
0.15624584
0.15516024
0.15416386
0.15323211
0.15238818
0.15168655
0.15112537
0.15073252
0.15048206
0.074040883
0.078982852
0.084304761
0.089907937
0.095675953
0.10148453
0.10722993
0.11284344
0.11829758
0.12359049
0.1287282
0.13371565
0.13854493
0.14318818
0.14759311
0.15167826
0.15532427
0.15835737
0.16051518
0.16131842
0.16006915
0.15773776
0.15623988
0.15518826
0.15425107
0.15333165
0.15249727
0.15179913
0.15123936
0.15084345
0.1505902
0.072325769
0.076965263
0.082039805
0.087478479
0.093186975
0.099043636
0.10492453
0.11072645
0.11638191
0.12186112
0.12715895
0.13227754
0.13721225
0.14194156
0.14642084
0.15057737
0.1543025
0.15743815
0.159743
0.16079745
0.15990374
0.15771329
0.15622767
0.15519197
0.15429933
0.15340947
0.15260159
0.15191201
0.15135181
0.15095599
0.15070183
0.071003098
0.075375018
0.080210109
0.085464166
0.091066369
0.09691005
0.10286841
0.10881515
0.11464715
0.12029991
0.12574628
0.13098019
0.1359989
0.14078874
0.14531546
0.14951773
0.15329891
0.15651579
0.15895007
0.16023319
0.1597069
0.15768679
0.15620051
0.15517494
0.1543339
0.15349909
0.15270771
0.15202122
0.15146821
0.15107238
0.15081616
0.070391055
0.0745308
0.07913467
0.084178332
0.08961519
0.095359286
0.10129753
0.10729811
0.11323149
0.11900267
0.12455798
0.12987466
0.13494611
0.1397645
0.14430656
0.14852362
0.15233291
0.15560611
0.15814656
0.15962609
0.15939912
0.15763285
0.15612293
0.15514216
0.15436461
0.15355926
0.15279263
0.15212901
0.15158101
0.15118754
0.15093268
0.070614952
0.074548599
0.078940459
0.083772889
0.089013741
0.094595242
0.10041979
0.10635805
0.11228206
0.11807987
0.12367136
0.12901312
0.13408957
0.13889494
0.14341511
0.14761321
0.15142005
0.15472237
0.15734405
0.1589948
0.15910851
0.15750708
0.15605326
0.15512763
0.15435853
0.15360011
0.15288276
0.15222994
0.1516944
0.15130653
0.15105117
0.071919056
0.075513831
0.07959438
0.084160755
0.089178229
0.094575514
0.10023087
0.10602594
0.1118426
0.1175726
0.12311403
0.12840933
0.13343432
0.13818133
0.14264222
0.14678998
0.15056634
0.15387158
0.1565481
0.15833758
0.15872916
0.15736808
0.15599434
0.15509075
0.15432335
0.15364648
0.1529597
0.15232523
0.1518057
0.15142117
0.15116941
0.074648042
0.077890931
0.0815564
0.085667968
0.090229199
0.095217144
0.10057065
0.10615535
0.1118179
0.11739379
0.12280668
0.12799704
0.13292865
0.13758692
0.14196364
0.14603865
0.14976407
0.15305262
0.15576321
0.15766439
0.15830806
0.15720682
0.15585403
0.15501752
0.15431547
0.15364802
0.15300132
0.15241326
0.15190883
0.1515377
0.15128905
0.078000847
0.080947907
0.084284934
0.088033853
0.09219522
0.096744906
0.10163013
0.10677922
0.11208599
0.11742265
0.12264899
0.12769465
0.13250169
0.13705217
0.1413336
0.14532764
0.14899409
0.15225601
0.15498775
0.15698162
0.1578492
0.15701357
0.15570693
0.15495321
0.15429728
0.15363443
0.15305472
0.15249095
0.15201386
0.1516492
0.15140466
0.08136078
0.084018464
0.087030886
0.090422584
0.094200389
0.098353158
0.10284287
0.10760325
0.11254227
0.11754701
0.12252958
0.12738699
0.13205285
0.13649352
0.14068765
0.14461138
0.14822608
0.15146367
0.15421193
0.15628712
0.15735181
0.15679814
0.15555465
0.15480884
0.15422227
0.1536297
0.15308979
0.15255642
0.15210368
0.15175591
0.1515209
0.084267242
0.086666986
0.089386553
0.092451457
0.095874133
0.099652463
0.1037625
0.10815395
0.1127498
0.11747987
0.122241
0.12692745
0.13147489
0.13583265
0.1399667
0.14384552
0.14742916
0.15065542
0.15342373
0.15557446
0.15681203
0.15654572
0.15538487
0.15466209
0.15414476
0.1536187
0.15309771
0.15261847
0.15219089
0.15186087
0.15162895
0.086433898
0.088608603
0.091073584
0.093853788
0.096966279
0.10041672
0.10419334
0.10826578
0.11260663
0.1171146
0.12168118
0.12624308
0.13071472
0.13503006
0.139141
0.14300811
0.14658774
0.1498207
0.15261804
0.15484158
0.1562323
0.15625829
0.15521007
0.15452599
0.15404083
0.15355931
0.15309634
0.15266755
0.15226967
0.15195224
0.15173547
0.087884834
0.089866792
0.092118651
0.094662953
0.097518417
0.10069497
0.10419582
0.10802361
0.11210911
0.11639851
0.12082688
0.12530507
0.12974347
0.13406194
0.13819503
0.14208972
0.14569646
0.1489582
0.15179597
0.15409092
0.15562182
0.15593227
0.1550328
0.15436834
0.15391765
0.15350685
0.15309271
0.15268118
0.15232716
0.15204099
0.15183066
0.088851008
0.090683317
0.092762425
0.095111639
0.097754127
0.10070504
0.10397126
0.10754426
0.11140901
0.1155246
0.11982566
0.12422999
0.12864847
0.13298828
0.13716697
0.14111585
0.14477364
0.1480813
0.15096851
0.15333286
0.15499088
0.1555645
0.15485182
0.15421392
0.15380853
0.15344974
0.15306897
0.15269919
0.15238543
0.15211722
0.15192108
0.089718121
0.091416848
0.093350005
0.09554119
0.098015469
0.10079001
0.10387123
0.10724928
0.11091652
0.11484964
0.11900238
0.1233041
0.12766684
0.13199404
0.13619207
0.1401772
0.14387763
0.14722851
0.15016107
0.15258633
0.15435588
0.15516257
0.15465936
0.15406026
0.15368502
0.15334937
0.15301202
0.15270638
0.15242443
0.15217781
0.15199587
0.090989166
0.092558547
0.094342205
0.096363779
0.098648548
0.10122428
0.10411359
0.10732152
0.11082238
0.11457977
0.11856061
0.12271727
0.12697045
0.13122749
0.13539055
0.13936759
0.14307692
0.14644552
0.14940402
0.15187262
0.15373288
0.15473389
0.15445418
0.15391106
0.15355927
0.15325895
0.1529742
0.15269897
0.15244389
0.15223372
0.15206604
0.092905455
0.094360855
0.096011243
0.097877971
0.099980922
0.10233866
0.10497464
0.10791062
0.11116222
0.11472001
0.11852776
0.1225048
0.12659868
0.13072781
0.13479552
0.13871059
0.14238816
0.14574541
0.14870733
0.15120012
0.15312799
0.15428181
0.15422926
0.15374852
0.15342509
0.15316663
0.15291656
0.15267066
0.15245467
0.15226928
0.1521128
0.094971521
0.096324422
0.097859502
0.099597807
0.10155974
0.10376495
0.10623018
0.1089672
0.11197897
0.11525923
0.11879703
0.12256317
0.12647283
0.13043805
0.13437274
0.13818363
0.14178652
0.14510296
0.14805155
0.15055597
0.15253432
0.15381189
0.15398268
0.15356504
0.15328224
0.15306309
0.15285641
0.15264734
0.15245127
0.15229118
0.15215131
0.096718611
0.09798052
0.099413552
0.10103767
0.10287274
0.10493801
0.10725047
0.10982297
0.11266122
0.1157604
0.11910212
0.12265082
0.12636902
0.13017518
0.13398007
0.13769106
0.14121548
0.14447588
0.14740097
0.14991354
0.15193397
0.15331799
0.15370543
0.15336411
0.15314013
0.15295588
0.15277841
0.15261048
0.15243305
0.15229274
0.15217031
0.098146669
0.099319277
0.10065253
0.10216533
0.10387735
0.10580776
0.10797417
0.11039051
0.11306419
0.11599276
0.11916321
0.12256079
0.1261234
0.12978818
0.13347938
0.13710777
0.14058141
0.14381226
0.14672502
0.14925007
0.15131265
0.15279436
0.15338894
0.15315672
0.15298556
0.15284904
0.1527055
0.15256066
0.15240562
0.15228762
0.15216631
0.099397679
0.10049059
0.10173188
0.10313926
0.10473174
0.10652858
0.10854847
0.11080761
0.11331754
0.11608268
0.11909436
0.12232383
0.1257344
0.12927365
0.13287059
0.13643601
0.1398756
0.14309805
0.1460198
0.1485695
0.15067889
0.15225461
0.1530441
0.15295173
0.15282545
0.15272422
0.15260569
0.15248175
0.15236732
0.15226811
0.15214921
0.10072616
0.10174464
0.10290024
0.10420962
0.10569046
0.10736102
0.10923932
0.11134195
0.11368226
0.1162683
0.11910062
0.12215118
0.1254009
0.12880065
0.13228503
0.13577192
0.13916825
0.1423789
0.14531375
0.1478956
0.15005558
0.15172255
0.1526859
0.15274067
0.1526619
0.15260276
0.15251289
0.15240886
0.15231939
0.15223039
0.15212705
0.10214834
0.10309983
0.10417841
0.10539957
0.10677961
0.10833554
0.11008426
0.11204169
0.11422119
0.11663148
0.11927448
0.12215539
0.12523255
0.12847282
0.13181933
0.13519856
0.13852374
0.14170088
0.14463762
0.14724744
0.14945699
0.15120787
0.15233563
0.15253568
0.15246691
0.15243256
0.15237383
0.15229666
0.15222586
0.15215896
0.152075
0.1034658
0.10435736
0.10536791
0.10651191
0.10780479
0.10926267
0.11090176
0.11273757
0.11478358
0.11704932
0.11953821
0.12224545
0.125161
0.12824653
0.13145383
0.13471724
0.13795627
0.14108233
0.14400315
0.14662946
0.14888553
0.15071512
0.15198014
0.15235611
0.15229458
0.15226238
0.15223395
0.15219023
0.1521396
0.15209333
0.15202146
0.10464168
0.10547773
0.10642535
0.10749813
0.10871075
0.11007859
0.11161735
0.11334233
0.11526734
0.11740303
0.11975497
0.1223212
0.12508977
0.12803484
0.13111431
0.13426921
0.13742488
0.14049373
0.14338821
0.1460212
0.14831212
0.15020232
0.15159318
0.15215446
0.15211478
0.15207956
0.152067
0.15204791
0.15201591
0.15198624
0.15192565
0.10577035
0.10655408
0.10744212
0.10844725
0.10958332
0.11086497
0.11230731
0.11392536
0.11573306
0.11774193
0.11995933
0.1223862
0.12501427
0.12782302
0.13077697
0.133824
0.13689572
0.13991055
0.14277853
0.14541248
0.14773414
0.14968082
0.15118499
0.15193493
0.15195257
0.15191175
0.15191064
0.15191383
0.15190977
0.15189561
0.15184495
0.10687298
0.10760737
0.10843924
0.10938056
0.11044434
0.11164443
0.11299525
0.11451129
0.11620639
0.11809251
0.12017821
0.12246674
0.12495343
0.12762293
0.13044629
0.13337865
0.13635852
0.13930964
0.1421453
0.14477747
0.14712508
0.14912269
0.15072136
0.15167179
0.15181141
0.15177419
0.15175129
0.1517529
0.15176243
0.15175723
0.15171471
0.10791075
0.1086004
0.10938135
0.11026487
0.11126316
0.11238932
0.11365704
0.11508027
0.11667255
0.11844598
0.12040995
0.12256933
0.1249222
0.12745742
0.13015163
0.13296659
0.13584797
0.13872602
0.14151889
0.14414007
0.14650711
0.14855237
0.15023585
0.15136242
0.15165479
0.15166766
0.1516607
0.15165753
0.15165796
0.15165379
0.15161323
0.10892063
0.10956732
0.11029954
0.11112786
0.11206381
0.11311977
0.11430881
0.11564435
0.11713965
0.11880694
0.1206563
0.12269413
0.12492103
0.12732756
0.12989618
0.13259451
0.13537487
0.13817411
0.14091607
0.14351662
0.14589286
0.14797452
0.14971932
0.15099413
0.15144468
0.15149591
0.15150375
0.15150371
0.15150089
0.15149909
0.151459
0.1098593
0.11046749
0.11115601
0.11193483
0.11281481
0.11380768
0.11492587
0.11618225
0.11758971
0.11916036
0.12090458
0.12282968
0.12493808
0.1272262
0.12967796
0.1322665
0.13495047
0.13767309
0.14036366
0.14294221
0.1453269
0.14744484
0.14925242
0.15066366
0.1512542
0.1513269
0.1513506
0.15136336
0.15137354
0.15137816
0.15134173
0.11079414
0.11136357
0.11200825
0.11273755
0.11356171
0.11449184
0.11553978
0.11671788
0.11803867
0.11951419
0.12115511
0.12296963
0.12496177
0.12712961
0.12946258
0.13193864
0.1345222
0.13716281
0.13979568
0.14234504
0.14472986
0.14687554
0.14873314
0.15025321
0.15104347
0.15115061
0.1511613
0.15117555
0.15119277
0.15120002
0.15116779
0.11162642
0.11216211
0.11276856
0.11345462
0.11422996
0.11510512
0.11609138
0.11720058
0.11844484
0.11983603
0.12138498
0.12310052
0.12498801
0.12704728
0.12927099
0.13164157
0.13412896
0.13668886
0.13926248
0.14177868
0.14415979
0.1463319
0.14824279
0.14986821
0.15081422
0.15100957
0.15103654
0.15105477
0.15107177
0.15107886
0.15104883
0.11253727
0.11303651
0.11360184
0.11424155
0.11496478
0.11578148
0.11670239
0.11773883
0.11890254
0.12020517
0.12165766
0.12326935
0.12504675
0.12699202
0.12910036
0.1313582
0.13374059
0.13620914
0.13871122
0.14118089
0.14354401
0.14572708
0.14767372
0.14936467
0.15052375
0.15083481
0.15085916
0.15087453
0.15088913
0.15089557
0.15086556
0.11327748
0.11374777
0.11428037
0.11488313
0.11556474
0.11633465
0.11720311
0.118181
0.11927967
0.12051051
0.12188443
0.12341106
0.12509765
0.12694753
0.12895829
0.13111953
0.13341065
0.1357989
0.13823713
0.14066481
0.14301273
0.14521003
0.14719855
0.14896011
0.1502779
0.15068335
0.15073765
0.15075582
0.15077119
0.15077887
0.15074996
0.11420294
0.11463774
0.11513039
0.11568824
0.11631947
0.11703302
0.11783861
0.11874669
0.11976819
0.12091431
0.122196
0.1236233
0.12520436
0.12694413
0.12884395
0.13089561
0.1330803
0.13536998
0.13772577
0.14009293
0.14240556
0.14459431
0.14659896
0.14838951
0.14986364
0.15049793
0.15055407
0.1505687
0.15058272
0.15058914
0.15056046
0.11483375
0.11524431
0.11570959
0.11623662
0.11683317
0.11750782
0.1182699
0.11912949
0.12009726
0.12118421
0.12240132
0.12375893
0.12526565
0.1269247
0.12873499
0.13069782
0.13279991
0.13501546
0.13730896
0.13963368
0.14192905
0.1441263
0.14616093
0.14800247
0.1495916
0.15032299
0.15044967
0.15046632
0.15047908
0.15048402
0.15045545
0.11585623
0.11623129
0.11665661
0.11713864
0.11768461
0.11830252
0.11900115
0.11979001
0.12067926
0.12167953
0.12280155
0.12405566
0.12545126
0.12699731
0.12869908
0.13054992
0.13253796
0.1346444
0.13683821
0.13907723
0.1413073
0.14346857
0.145503
0.14737044
0.14906008
0.15010137
0.15026373
0.15028025
0.1502894
0.15029133
0.15026213
0.11636258
0.11672028
0.11712586
0.11758553
0.1181062
0.1186955
0.11936183
0.12011426
0.12096249
0.12191664
0.1229869
0.12418296
0.12551334
0.12698425
0.12859957
0.13036567
0.13228171
0.13432992
0.1364832
0.13870205
0.14093252
0.14310599
0.14515353
0.14704251
0.14877195
0.14987918
0.15017511
0.15019507
0.15020151
0.15020128
0.15017139
0.11768402
0.11800108
0.11836068
0.11876833
0.11923027
0.11975343
0.12034549
0.12101484
0.12177059
0.12262244
0.12358062
0.12465555
0.12585786
0.12719836
0.12868644
0.13032046
0.13209308
0.13399426
0.13600423
0.13809059
0.14021032
0.14231077
0.14433113
0.14623052
0.1480095
0.14944349
0.14991328
0.14995576
0.14995852
0.14995338
0.14992222
0.094588879
0.097020192
0.09914936
0.10090047
0.10245065
0.10385898
0.10519838
0.10640322
0.10746587
0.10841884
0.10921335
0.10970038
0.10969534
0.10930413
0.10828314
0.10667507
0.10451721
0.10189894
0.098956923
0.095818609
0.092701062
0.089918464
0.087718146
0.086281808
0.085650559
0.085675709
0.086076345
0.086316453
0.085996681
0.084897741
0.082885457
0.080008005
0.076677031
0.073729097
0.071758902
0.071058041
0.071313483
0.072717346
0.074045124
0.07449295
0.074346098
0.074146726
0.074280129
0.074864931
0.076024656
0.07714741
0.078322884
0.079646843
0.0811595
0.082730218
0.084423921
0.086091322
0.087929305
0.089631646
0.091545805
0.093207314
0.095208875
0.096752834
0.098849601
0.10017663
0.10241762
0.10337521
0.10603693
0.061966739
0.066429259
0.070836774
0.074953473
0.078705038
0.082168922
0.08530855
0.088088296
0.090568398
0.0928213
0.094794081
0.09638478
0.097426147
0.097750042
0.097442175
0.096398837
0.094609426
0.092257622
0.089496644
0.086487441
0.08356044
0.081078831
0.079285342
0.07835021
0.078257393
0.07883374
0.079820562
0.080607317
0.080779851
0.080218614
0.078706837
0.076288191
0.07342413
0.07093847
0.069329934
0.068833646
0.069229739
0.070777562
0.072190587
0.072865895
0.0730996
0.073298144
0.073682363
0.074498421
0.075793676
0.077085296
0.078466454
0.079970268
0.081608695
0.083266736
0.085021683
0.086734185
0.088587877
0.090299866
0.092198602
0.093849293
0.095817769
0.097342261
0.099398471
0.10070558
0.10290331
0.10384883
0.10646562
0.030123344
0.033450171
0.037109167
0.041570422
0.046433699
0.051379133
0.056294016
0.061047288
0.065583448
0.069911623
0.073893
0.077402308
0.080186389
0.082083076
0.083018587
0.082913462
0.082054713
0.080307889
0.078034932
0.075461763
0.073044285
0.071139938
0.069982749
0.069718835
0.070235594
0.071540924
0.073110304
0.074514071
0.075313597
0.075286992
0.074389018
0.072511307
0.070180768
0.068182133
0.066935717
0.06664467
0.067205654
0.068903909
0.070414594
0.071361076
0.072006047
0.072594508
0.07324315
0.074293491
0.075726457
0.077182648
0.078750449
0.080409874
0.082152711
0.083882324
0.085684216
0.087429733
0.089289737
0.091004246
0.092882336
0.094517876
0.096450499
0.097952571
0.099965993
0.1012514
0.10340382
0.10433631
0.1069039
0.012209105
0.014810075
0.017469201
0.020472178
0.023852466
0.027590375
0.031948224
0.03657434
0.041401362
0.046398165
0.051356683
0.056069071
0.06026203
0.063638786
0.065987909
0.06718091
0.067230915
0.066550872
0.0650649
0.06327251
0.061650541
0.060529841
0.060159767
0.060600291
0.06190649
0.063887022
0.066083215
0.06815583
0.069648113
0.070263562
0.069957955
0.068744322
0.066997329
0.065502348
0.064620396
0.064543631
0.065314438
0.067148347
0.068773644
0.070026607
0.071092873
0.07206066
0.072983626
0.074262255
0.075831979
0.077439606
0.079169589
0.080958783
0.08278469
0.084570377
0.086405893
0.088173256
0.090031169
0.091741531
0.093594414
0.095210647
0.097104892
0.098581732
0.10055024
0.10181214
0.10391726
0.10483562
0.10735216
0.007981099
0.0092370513
0.010554191
0.012078669
0.013824893
0.015834678
0.018228728
0.021052183
0.02434867
0.028327038
0.03245983
0.036845132
0.041216729
0.045214751
0.048450823
0.050675284
0.051804656
0.052036999
0.051590914
0.050731786
0.050003679
0.049744366
0.050154473
0.051416876
0.053476969
0.056070516
0.05891341
0.06167606
0.063889563
0.06522511
0.065556807
0.065038362
0.063927206
0.062951342
0.062439969
0.062589599
0.063643045
0.065566936
0.067328973
0.068907442
0.07039
0.071719647
0.072917894
0.074410741
0.07611123
0.077850896
0.079716135
0.081609076
0.083497605
0.085324482
0.087181478
0.088960397
0.090808693
0.09250872
0.09433245
0.095925446
0.09777896
0.099227972
0.10114958
0.10238619
0.10444219
0.10534517
0.10780889
0.0082925268
0.0081546733
0.0082401259
0.0084926604
0.0088742027
0.0094131141
0.010177396
0.01127464
0.012804183
0.015150963
0.01789834
0.021303628
0.025095083
0.028961593
0.032454734
0.035253506
0.037157656
0.038206395
0.038604038
0.038617465
0.038709307
0.039225308
0.040445029
0.042466392
0.045161794
0.048333698
0.051797631
0.055235923
0.058174275
0.060251269
0.061314077
0.061454781
0.061031772
0.060585895
0.060456158
0.060885704
0.062255723
0.064232123
0.066142665
0.068044578
0.069922146
0.071588823
0.073052305
0.07473808
0.076558083
0.078407377
0.080380448
0.082352286
0.084284417
0.086138459
0.088005956
0.089787043
0.091619038
0.093303026
0.095094097
0.096660244
0.098470819
0.099889661
0.10176254
0.10297218
0.1049774
0.10586372
0.10827294
0.0092067978
0.008521732
0.0079405116
0.0074646382
0.0070153607
0.0065385093
0.005994797
0.0054365548
0.0050103632
0.0052603773
0.0066619096
0.0091964894
0.012385994
0.015966007
0.01945937
0.022425274
0.024665711
0.026140598
0.027045816
0.027594174
0.028258968
0.029426238
0.031321951
0.033980744
0.03723322
0.040927794
0.044947457
0.049009724
0.052646045
0.055463672
0.057261225
0.0581112
0.058355
0.058463047
0.058736025
0.059537162
0.061200836
0.063216514
0.065270563
0.06747111
0.069705935
0.071677032
0.073387132
0.075237866
0.077161206
0.079097353
0.081151877
0.083179735
0.085138144
0.087006365
0.088874494
0.090649259
0.092459051
0.094121779
0.095876985
0.097413049
0.099178657
0.10056524
0.10238775
0.10356889
0.10552184
0.10639024
0.10874348
0.0099577148
0.0093284113
0.0087856098
0.0083104097
0.0078532223
0.0073476268
0.0067071955
0.0058482222
0.0046842
0.0033127706
0.0022400964
0.0031012447
0.0054296878
0.0082230367
0.011137663
0.013662459
0.015564283
0.016796836
0.017586934
0.018119072
0.018984266
0.020574547
0.023027797
0.02625297
0.029989636
0.034115812
0.038585102
0.043179578
0.047450037
0.050976819
0.053487081
0.055048149
0.055981766
0.056647765
0.057380419
0.058609442
0.060515122
0.062581268
0.064755932
0.067208587
0.069749286
0.071986538
0.07391477
0.07589971
0.077906296
0.079907787
0.082019478
0.084082734
0.086051898
0.087922497
0.089782425
0.091543245
0.093325555
0.094962346
0.096678736
0.098181872
0.099900695
0.10125319
0.10302392
0.10417518
0.10607453
0.10692386
0.10921984
0.010492008
0.010206374
0.010032963
0.0099547071
0.0099334302
0.0099243599
0.0098782264
0.0097568186
0.0095341425
0.0092357911
0.0089671353
0.0088826458
0.0091228982
0.0097583569
0.0106811
0.011437976
0.011810101
0.011647644
0.011211872
0.010742373
0.011142237
0.012883958
0.015848781
0.01961531
0.02374974
0.028170887
0.032936418
0.037927387
0.042730186
0.046898406
0.050094606
0.052358125
0.053971769
0.055220804
0.056463336
0.058121652
0.060238546
0.062357129
0.064619043
0.067263853
0.070049793
0.072512798
0.074622298
0.076710481
0.07877799
0.080825217
0.082972416
0.085052706
0.087018873
0.088881394
0.09072517
0.092465241
0.094215366
0.095822067
0.097496982
0.098964706
0.10063517
0.101952
0.10366977
0.10478995
0.10663461
0.10746385
0.10970144
0.010824484
0.010989535
0.011251995
0.011603662
0.012015788
0.012458183
0.012902126
0.013320511
0.013689547
0.013990635
0.014234925
0.014473073
0.014621748
0.014543731
0.014484326
0.014132421
0.013309411
0.011814833
0.0096262141
0.006940515
0.0052508394
0.0066083571
0.010153355
0.014466623
0.018849271
0.023368634
0.028225649
0.033432223
0.038627363
0.043339059
0.047178827
0.050124128
0.052394706
0.054249069
0.056020835
0.058078558
0.060374801
0.062542276
0.064857065
0.067628846
0.070603079
0.073241427
0.075493626
0.077655699
0.079761004
0.081836349
0.084000113
0.086081263
0.088032331
0.089877813
0.091698199
0.093411499
0.09512528
0.096698242
0.098329344
0.099759522
0.10138031
0.10266015
0.10432405
0.10541212
0.10720124
0.10800956
0.11018779
0.010908895
0.011512116
0.01217412
0.012893834
0.013653382
0.014439432
0.015237256
0.016028738
0.016790418
0.017493113
0.018114688
0.018647366
0.018970357
0.018997409
0.018699357
0.017969131
0.016583199
0.014391201
0.011447454
0.0075993459
0.0034004049
0.0019921036
0.0065460759
0.01125364
0.015644072
0.019978793
0.024666495
0.029868396
0.035279688
0.040409784
0.044821491
0.048411038
0.051316097
0.053774408
0.056060492
0.058468919
0.060910546
0.063116672
0.065447725
0.068287068
0.071387593
0.074154675
0.076510927
0.07871965
0.080840814
0.082928317
0.085092272
0.087160245
0.089085744
0.090906591
0.092697017
0.094378268
0.096052071
0.097588136
0.099173426
0.10056427
0.10213433
0.10337613
0.10498549
0.10604071
0.10777364
0.10856035
0.11067846
0.010742725
0.011713124
0.012684158
0.013670236
0.014676501
0.015702134
0.016741665
0.017782812
0.018803803
0.019772702
0.020648683
0.021396777
0.021883972
0.022052911
0.021764325
0.020935913
0.019363256
0.01693474
0.013657825
0.009492758
0.0050362055
0.0016777095
0.005525369
0.010098524
0.014257485
0.018200263
0.022455365
0.027395653
0.032819414
0.038217237
0.043101983
0.047273211
0.05077851
0.053809159
0.056563122
0.059262286
0.061809393
0.064037536
0.066353991
0.069208347
0.072379537
0.075232049
0.077655889
0.07988622
0.082003655
0.084088736
0.086238931
0.088281743
0.090172838
0.091962506
0.093717147
0.09536178
0.09699249
0.098488984
0.10002682
0.10137687
0.10289546
0.10409841
0.10565285
0.10667467
0.10835098
0.10911558
0.11117304
0.010391874
0.011588828
0.012745555
0.013885644
0.015029336
0.016187831
0.017362754
0.018546231
0.019718251
0.020843371
0.021873351
0.022753926
0.023300501
0.023552349
0.023324257
0.022473106
0.020783493
0.018188507
0.014686508
0.01036235
0.0060096374
0.0034484199
0.0064178359
0.010596805
0.01440559
0.01792065
0.021661792
0.026142834
0.031359917
0.036854936
0.042088769
0.046754048
0.050797066
0.054332011
0.057494597
0.060415637
0.063026363
0.065254704
0.067532405
0.070359321
0.073552693
0.07645163
0.078910414
0.081140077
0.083236465
0.085305836
0.087430532
0.089438113
0.091287521
0.093040253
0.094754116
0.096358262
0.097943278
0.099398
0.1008871
0.10219524
0.1036619
0.10482547
0.1063249
0.1073129
0.10893248
0.10967467
0.11167116
0.0099064798
0.011145542
0.012342247
0.013524161
0.014705949
0.015899874
0.017110122
0.018331109
0.019544727
0.020717478
0.021794954
0.022692869
0.02326005
0.023546732
0.0233443
0.022406898
0.020602754
0.017843244
0.014138654
0.0097047479
0.0056444488
0.0047056284
0.0082351533
0.012298563
0.015853415
0.018983562
0.022195955
0.026128491
0.03096979
0.036385786
0.041822546
0.046864052
0.051345902
0.055325732
0.058803392
0.061880103
0.064514874
0.066718742
0.068938928
0.071705107
0.074880364
0.077791117
0.080257067
0.082466565
0.084526779
0.086568522
0.088657888
0.090621944
0.092423824
0.094134524
0.095803474
0.097363944
0.098901178
0.10031239
0.10175186
0.1030173
0.10443186
0.10555578
0.10700036
0.10795437
0.10951742
0.11023701
0.11217247
0.0092913608
0.01040217
0.011498
0.012601246
0.013716693
0.014849864
0.016002509
0.01716911
0.018332831
0.019461784
0.020501762
0.02137194
0.021934749
0.022162571
0.021891736
0.020837647
0.01887586
0.015905473
0.011984863
0.0076124998
0.0045588943
0.0065477596
0.010883674
0.014985391
0.018371265
0.021191826
0.023936986
0.027299314
0.031647252
0.03681517
0.042292531
0.047581126
0.052425158
0.056730596
0.060435412
0.063606611
0.066229548
0.068384322
0.070531753
0.073211494
0.076336227
0.079228873
0.081679093
0.083851639
0.085862714
0.087866317
0.089912171
0.091826044
0.093575808
0.095240101
0.096860815
0.098375076
0.099862947
0.10122938
0.10261867
0.10384097
0.10520356
0.10628782
0.107678
0.10859808
0.11010506
0.11080202
0.11267661
0.0086403524
0.0094349518
0.010283251
0.011188335
0.012133921
0.013110732
0.014111975
0.015127994
0.016140818
0.017119821
0.018015165
0.018749348
0.019177282
0.01929304
0.018878454
0.01766638
0.01553086
0.012367511
0.0083379326
0.0045423596
0.0050912528
0.0097604356
0.014549528
0.018627604
0.021836489
0.024373373
0.026705943
0.029521422
0.033319519
0.038113991
0.043491002
0.04890322
0.053964388
0.058489364
0.062337859
0.065548569
0.06812817
0.070211039
0.072272189
0.07484609
0.077894421
0.080744505
0.083160152
0.085281804
0.087232937
0.089189311
0.091184899
0.093043439
0.094737587
0.096351887
0.097921798
0.099387952
0.10082538
0.1021462
0.10348517
0.10466419
0.10597524
0.1070201
0.10835657
0.10924303
0.11069465
0.1113691
0.11318325
0.0079494253
0.0083060526
0.008791402
0.0093925955
0.010073911
0.010807701
0.011574244
0.012355901
0.013130979
0.013869187
0.01452664
0.01502099
0.015241028
0.015150664
0.014526788
0.0131127
0.010766883
0.007376663
0.0035459323
0.0038166439
0.0089572638
0.014451306
0.019287579
0.023202663
0.026163827
0.02838923
0.030329777
0.032630044
0.03586129
0.040202425
0.045353999
0.050743082
0.05589837
0.060544163
0.064460784
0.067662535
0.07017199
0.072163049
0.074125168
0.076578826
0.079530051
0.082317658
0.084684231
0.086744062
0.088626644
0.09052812
0.092467942
0.094267364
0.095903376
0.097464917
0.098982175
0.10039893
0.10178534
0.10306016
0.104349
0.10548495
0.10674517
0.10775113
0.10903487
0.10988823
0.11128543
0.11193768
0.113692
0.0072679666
0.0071468307
0.0071875442
0.0073882045
0.0077114474
0.0081164512
0.008569766
0.0090421156
0.0095048685
0.0099258943
0.01026215
0.010438029
0.010369366
0.0099921304
0.0091026073
0.0074346213
0.0048196867
0.0011041773
0.00366562
0.0091220035
0.014939407
0.020419759
0.025040254
0.028641002
0.031258777
0.033119225
0.034655664
0.036462452
0.039126307
0.042955953
0.047777268
0.053023919
0.058160515
0.062836727
0.066756644
0.069908037
0.072325878
0.074208841
0.076060022
0.078382091
0.081219967
0.083930792
0.086235697
0.088225984
0.090033661
0.091873828
0.093753459
0.095491286
0.097067563
0.098574381
0.10003781
0.10140446
0.10273975
0.1039686
0.10520789
0.10630127
0.10751166
0.10847948
0.10971172
0.11053271
0.11187666
0.1125072
0.11420252
0.0066990268
0.0061766002
0.0057845479
0.0055309398
0.0054094902
0.0053954684
0.0054581523
0.0055621738
0.0056722271
0.005757913
0.0057824132
0.0056934829
0.005395253
0.0049411027
0.0042121136
0.0033797656
0.0037666098
0.0066467112
0.011164083
0.016655284
0.02231259
0.02748659
0.031693661
0.034830559
0.037000416
0.038436455
0.03953989
0.040864263
0.042965801
0.046247793
0.050659346
0.055666462
0.060686401
0.065311704
0.069181482
0.07224742
0.074556717
0.076318859
0.078048709
0.08023063
0.08294195
0.08556811
0.087800543
0.089715538
0.091444221
0.09321805
0.095034087
0.096708932
0.0982247
0.09967564
0.10108472
0.10240111
0.10368563
0.10486896
0.10605961
0.10711123
0.10827306
0.10920375
0.11038595
0.11117553
0.11246758
0.11307712
0.11471442
0.0062313774
0.0056359132
0.0051230281
0.0046739137
0.004296155
0.0040140882
0.0038490776
0.0038039059
0.0038854834
0.0041039188
0.0044677831
0.0049888184
0.0056340996
0.0065382138
0.0077341247
0.0094038197
0.011932286
0.015544732
0.020174094
0.025475463
0.030795053
0.03546527
0.039100796
0.041639832
0.043257314
0.044202172
0.044844777
0.045689563
0.047235653
0.049948339
0.053893516
0.058588148
0.063412607
0.067917625
0.071694582
0.074646964
0.076834804
0.078467014
0.080065218
0.082099925
0.084674992
0.087212988
0.089366084
0.091201865
0.092849258
0.094552543
0.096302693
0.097914336
0.099369633
0.10076426
0.10211908
0.10338557
0.10462014
0.10575878
0.10690204
0.10791299
0.1090278
0.1099226
0.11105644
0.11181578
0.1130575
0.1136469
0.1152273
0.0059728621
0.0058654275
0.0058197949
0.0058349131
0.0059236992
0.006118755
0.006451404
0.0069357144
0.0075873063
0.0084086343
0.0094180173
0.010642744
0.012074751
0.013797994
0.015877967
0.018466511
0.021644132
0.025560183
0.030229512
0.035292114
0.040124366
0.044124773
0.047057328
0.048889591
0.049874703
0.05026266
0.050420877
0.050794586
0.051798354
0.053930452
0.057373333
0.061707655
0.066279478
0.070610475
0.074259362
0.077076851
0.079132093
0.080628454
0.082084588
0.083966807
0.086402593
0.088850634
0.090920845
0.092675009
0.094240077
0.095869359
0.097552568
0.099101879
0.10049749
0.10183604
0.10313724
0.10435472
0.10554056
0.10663571
0.10773314
0.1087048
0.10977436
0.11063472
0.1117221
0.11245256
0.11364571
0.11421605
0.11574078
0.0069260774
0.0076872371
0.0084398726
0.0092765195
0.0101611
0.011075005
0.012056934
0.013137527
0.014356213
0.01572551
0.017271568
0.019008714
0.02096977
0.023221134
0.025833101
0.02887898
0.032383914
0.036460462
0.041055948
0.045773297
0.049963152
0.0531639
0.05528329
0.056351009
0.05666451
0.056468496
0.05611432
0.056035459
0.056543228
0.058086209
0.061001294
0.064947288
0.069229116
0.073347389
0.076839074
0.079507369
0.081420948
0.082779477
0.084086114
0.085812971
0.08811122
0.090466903
0.092453581
0.094125156
0.095608244
0.097161441
0.09877769
0.10026624
0.10160361
0.102887
0.10413577
0.10530559
0.10644433
0.10749754
0.10855099
0.10948498
0.11051129
0.11133889
0.11238191
0.11308503
0.11423153
0.11478408
0.11625446
0.013343536
0.014481725
0.015725453
0.017125142
0.018623203
0.020178127
0.021698799
0.023194875
0.024731895
0.026352052
0.028106539
0.030019428
0.032135489
0.034541545
0.037306535
0.040471946
0.044012528
0.047993274
0.052310388
0.056475675
0.059877527
0.062218734
0.063479193
0.063800253
0.063455568
0.062669103
0.061806294
0.061269365
0.061353936
0.062341701
0.064690568
0.068230489
0.072202325
0.076082817
0.079397545
0.081909413
0.083676038
0.084899579
0.086054342
0.08762328
0.089787564
0.092048128
0.093953402
0.095543122
0.096945996
0.098422503
0.099972859
0.10140241
0.10268366
0.10391346
0.10511152
0.10623542
0.10732906
0.10834218
0.10935379
0.11025199
0.11123727
0.11203395
0.11303489
0.11371238
0.11481433
0.11535053
0.11676792
0.031934733
0.033730646
0.035358802
0.036679367
0.037703858
0.038634185
0.039624486
0.040600601
0.0415435
0.042503529
0.043610039
0.044909417
0.046406766
0.048248877
0.050537384
0.053277519
0.056376883
0.059835953
0.063526204
0.066902457
0.06941497
0.070897172
0.071343341
0.071010858
0.070035433
0.068725686
0.067385601
0.066405418
0.0660939
0.066617569
0.068379101
0.071491642
0.075147664
0.078776602
0.081903129
0.084255968
0.085872993
0.086969494
0.087973969
0.089384642
0.091419017
0.093582687
0.095410527
0.096920195
0.098245981
0.099646933
0.10113271
0.10250572
0.10373362
0.10491202
0.10606153
0.10714167
0.10819253
0.10916772
0.11013987
0.11100437
0.11195102
0.11271881
0.1136801
0.11433383
0.11539347
0.11591507
0.11728077
0.11247544
0.12143434
0.12996371
0.13776811
0.14449966
0.14994413
0.15417672
0.15740035
0.15982171
0.11285415
0.12195201
0.13024851
0.13774472
0.14414915
0.14934437
0.15340397
0.15651021
0.15886069
0.11361104
0.12262894
0.13053339
0.13764672
0.14373329
0.14869208
0.15258643
0.15557854
0.15785291
0.1142667
0.12310193
0.13070971
0.13748066
0.14328159
0.14801924
0.15175189
0.15462921
0.15682467
0.11492704
0.12353879
0.13087534
0.13732808
0.1428389
0.14734956
0.15091643
0.15367617
0.15579145
0.1156268
0.12397948
0.13104003
0.13717855
0.14239924
0.14667916
0.15007597
0.15271661
0.15474985
0.11631311
0.12438373
0.13116714
0.1369992
0.14193845
0.14598994
0.14921786
0.15173939
0.15369135
0.11694244
0.12470426
0.13120865
0.13676252
0.14143162
0.14526339
0.14832657
0.15073176
0.15260409
0.11747762
0.12492893
0.13116592
0.13644091
0.14085167
0.14447534
0.14738282
0.1496777
0.15147418
0.11790976
0.12501614
0.13099765
0.13598718
0.1401615
0.14359754
0.14636395
0.14855764
0.15028386
0.11818209
0.1249189
0.13060366
0.13535368
0.13932618
0.14259883
0.14524249
0.14734732
0.14901075
0.1181238
0.1245515
0.12995308
0.13450502
0.13831072
0.1414488
0.14399117
0.14602167
0.14763094
0.11774089
0.12379463
0.1290027
0.13340041
0.13707963
0.14011706
0.14258246
0.14455505
0.1461191
0.1168816
0.12266584
0.12771249
0.13200191
0.13560255
0.13857839
0.14099352
0.14292565
0.14445556
0.11552697
0.12109107
0.12603715
0.13028446
0.13386357
0.13682181
0.13921892
0.14113335
0.14264625
0.11366548
0.1190751
0.12399022
0.12826191
0.13187582
0.13486057
0.13727277
0.13919384
0.14070791
0.11134015
0.11667394
0.12162712
0.12598358
0.12968243
0.1327325
0.13518816
0.13713553
0.13866362
0.10863928
0.11397662
0.11903328
0.12352888
0.12735568
0.13050306
0.13302466
0.13501329
0.13656468
0.10568825
0.11110192
0.11632158
0.12100441
0.12499499
0.12826419
0.13086849
0.13290945
0.13449171
0.1026029
0.10816702
0.11361438
0.11853346
0.12272071
0.12613254
0.12883243
0.13093396
0.13255269
0.099551733
0.10531398
0.1110393
0.11623976
0.1206545
0.12422723
0.12703204
0.12919846
0.13085546
0.096781715
0.10273114
0.10873733
0.11423573
0.1188958
0.12264015
0.12555331
0.12778328
0.12947499
0.094503659
0.10058087
0.10682433
0.11260372
0.11750893
0.12142829
0.1244517
0.12674564
0.1284723
0.092883227
0.098983769
0.1053674
0.11136202
0.11648029
0.12056313
0.12369422
0.12605187
0.12781618
0.091977556
0.097956695
0.10431608
0.11039759
0.11565667
0.1198736
0.12310513
0.12552906
0.12733102
0.091614113
0.097336003
0.10352729
0.10955353
0.11484408
0.11912862
0.12242906
0.12490804
0.12674873
0.091580624
0.096936739
0.10278323
0.10855561
0.11371637
0.11796923
0.12128585
0.12379357
0.12565969
0.091346328
0.096219441
0.10159436
0.10699218
0.11192025
0.11606506
0.11935033
0.12186125
0.12374092
0.09053972
0.09488488
0.099738172
0.10469988
0.10932699
0.11330158
0.11650972
0.11899407
0.1208696
0.088930791
0.092762267
0.097096601
0.10160329
0.10589155
0.10965286
0.1127454
0.11517482
0.11702856
0.086479111
0.089841616
0.09370157
0.097787325
0.10175367
0.10530334
0.10827467
0.11064439
0.1124761
0.083198762
0.086159242
0.089623735
0.093372391
0.097096293
0.10050164
0.10340458
0.10575409
0.10759293
0.079489742
0.082114443
0.085248174
0.088720568
0.092262922
0.095588799
0.098490764
0.10088466
0.10278789
0.076183542
0.078530193
0.081385498
0.084623558
0.088016526
0.091293955
0.094233271
0.096718561
0.098736758
0.0739447
0.076115331
0.07879446
0.081889117
0.085204088
0.088485661
0.091502997
0.094114309
0.096277112
0.073107723
0.075214574
0.077835504
0.080890879
0.084197784
0.08751104
0.090597329
0.093300992
0.095561406
0.073282688
0.075358635
0.077952085
0.080983545
0.084270191
0.087569467
0.090652024
0.093362727
0.095638309
0.074584795
0.076577453
0.079082797
0.082027012
0.085227048
0.088439347
0.091443915
0.094098277
0.096342812
0.075810747
0.077656265
0.079969663
0.08270331
0.085714964
0.088791292
0.091715383
0.094314728
0.096513436
0.076060081
0.077696327
0.079811896
0.082363763
0.08521359
0.088152977
0.090964378
0.09348289
0.095628412
0.075579694
0.076861974
0.0785258
0.080574225
0.082924456
0.085424139
0.087894877
0.090186964
0.092209445
0.075009813
0.075926451
0.077155907
0.078714291
0.080559383
0.082588807
0.084667068
0.086667657
0.088501034
0.074935374
0.075653201
0.076637517
0.07791328
0.079455237
0.081183671
0.082984544
0.084748978
0.086396029
0.075347682
0.075936632
0.076798308
0.077963783
0.079401418
0.081015786
0.082693747
0.084331813
0.085856994
0.076379501
0.076837368
0.077536505
0.078525444
0.079798426
0.081283889
0.082863318
0.084429022
0.085901324
0.0773542
0.07766391
0.078181473
0.078968045
0.080040229
0.081353924
0.082827132
0.08433684
0.085782303
0.078336636
0.078450808
0.078716312
0.079205089
0.079966921
0.080982811
0.082195567
0.08351582
0.084851636
0.079488207
0.079429226
0.079465051
0.079671931
0.080121174
0.080830393
0.081740467
0.082798114
0.083929898
0.080876317
0.080690653
0.080551138
0.080527744
0.080695971
0.08112945
0.081838276
0.082736127
0.083730567
0.082360923
0.082088956
0.081827815
0.081642674
0.081613979
0.081810641
0.08226019
0.082948696
0.083807612
0.083992179
0.083657056
0.083302148
0.082983757
0.082778185
0.082761631
0.0829832
0.083445552
0.084105597
0.085613701
0.085233949
0.08481041
0.084390352
0.084043286
0.083846518
0.083861932
0.084115094
0.084588282
0.087433139
0.087035819
0.086580251
0.08610562
0.085672492
0.085351387
0.085204433
0.085267524
0.085539653
0.08912489
0.088719797
0.088247568
0.087741823
0.087256782
0.086857616
0.08660448
0.086537191
0.086665473
0.091050762
0.09065865
0.090197735
0.089697382
0.089206156
0.088783241
0.088484046
0.08834638
0.088381988
0.092721525
0.092341572
0.091892198
0.091399752
0.090908754
0.090474034
0.090147385
0.089964583
0.089937639
0.094751099
0.094399089
0.093981777
0.093522621
0.093061802
0.092649108
0.09233152
0.092141255
0.092088701
0.096312329
0.095979857
0.095584566
0.095147877
0.094706961
0.094308342
0.093996265
0.093800937
0.093731756
0.098443067
0.098142946
0.097786233
0.097392342
0.096994807
0.096635298
0.096353157
0.096175051
0.096108687
0.09978832
0.099508517
0.099175555
0.09880734
0.098435084
0.098097827
0.097832518
0.097663991
0.097599038
0.10206474
0.10181711
0.10152278
0.10119795
0.10087074
0.10057614
0.10034695
0.10020453
0.10015353
0.10303447
0.10280251
0.10252649
0.10222157
0.10191426
0.10163773
0.1014231
0.10129054
0.10124415
0.10573578
0.10553506
0.10529761
0.10503731
0.10477683
0.10454591
0.10437166
0.10427096
0.10424622
0.16190621
0.16395656
0.16596384
0.16801184
0.17022699
0.17253407
0.16087399
0.16285222
0.1647898
0.16677221
0.16893888
0.17120575
0.15979926
0.16171892
0.16360594
0.16554602
0.16768542
0.16992295
0.15870659
0.16056784
0.16240714
0.16430983
0.16642259
0.16862382
0.15760865
0.15941011
0.1611969
0.16305422
0.16512697
0.16729674
0.15650358
0.15824428
0.15997654
0.16178314
0.16380748
0.16594815
0.15538146
0.15706275
0.15874102
0.16049616
0.16246959
0.1645838
0.15423343
0.15585817
0.15748392
0.15918863
0.16111092
0.1631964
0.1530461
0.15461777
0.1561934
0.15784759
0.15971764
0.16177679
0.15180303
0.15332636
0.15485543
0.15646298
0.15828428
0.16031463
0.15048275
0.15196247
0.15344834
0.15501048
0.15678366
0.1587929
0.14906227
0.15050479
0.15195283
0.15347515
0.15520664
0.15724584
0.14751451
0.14892183
0.15033092
0.15180885
0.15350311
0.15577896
0.14582164
0.14719853
0.14857508
0.15002707
0.15174111
0.15434891
0.14399655
0.1453548
0.14671158
0.14814704
0.14985618
0.15235225
0.14205548
0.1434061
0.14475238
0.14617542
0.14786651
0.15026783
0.1400153
0.14136195
0.14270032
0.14411166
0.14578445
0.14821766
0.13792324
0.13926349
0.14058744
0.14197369
0.14360595
0.14602079
0.13586035
0.13719533
0.13850949
0.13988509
0.14151471
0.14393349
0.13393288
0.13526043
0.13656109
0.13791441
0.13949923
0.14172411
0.13224609
0.13356331
0.13484624
0.1361739
0.13772436
0.14002532
0.13087184
0.13217381
0.13343627
0.13474002
0.13627948
0.13876844
0.12987613
0.13116584
0.13241082
0.13369718
0.13523433
0.13785388
0.12923579
0.13052242
0.13175972
0.13303543
0.13456628
0.13720753
0.12877379
0.13007492
0.13131797
0.13259193
0.1341103
0.13667524
0.12822484
0.12955752
0.13082246
0.13210621
0.13360831
0.13601538
0.12716842
0.12854018
0.12983562
0.13113721
0.13263555
0.13493926
0.12527945
0.12669571
0.12803066
0.1293679
0.13089823
0.13324262
0.12242691
0.1238812
0.12525782
0.12664361
0.1282556
0.13088262
0.11859062
0.12007318
0.12149189
0.1229495
0.12472393
0.12798098
0.11404173
0.11555131
0.11702325
0.11858431
0.1206066
0.12480578
0.10917995
0.1107265
0.11226585
0.11395838
0.11630547
0.12172872
0.10444231
0.10606535
0.10771703
0.10960175
0.11236386
0.119123
0.10050341
0.10224333
0.10405162
0.10616749
0.10935376
0.11723103
0.098178104
0.10005189
0.10201826
0.10432722
0.10776886
0.11605263
0.097547038
0.099501196
0.10155652
0.10395934
0.10747174
0.11552212
0.097642321
0.099621037
0.10170865
0.10414846
0.1076919
0.11573763
0.098339125
0.10033017
0.1024414
0.10490824
0.10845091
0.11620344
0.09847405
0.10043902
0.10252492
0.10496953
0.10850726
0.11636017
0.097567208
0.099537649
0.1016415
0.10413338
0.1077999
0.11597167
0.09411341
0.096137186
0.098385729
0.1011689
0.10543108
0.1150242
0.090291085
0.092274319
0.094592514
0.097624707
0.1024917
0.11358311
0.088029227
0.089876016
0.092099611
0.09511284
0.10011786
0.11191283
0.087366853
0.089077254
0.091150024
0.093991119
0.098799885
0.11051378
0.087369052
0.089040459
0.091068755
0.093846135
0.09854849
0.10993244
0.087244228
0.08892791
0.090981769
0.0938159
0.098633353
0.11021574
0.086270361
0.087985527
0.090152852
0.093203836
0.098347527
0.11027912
0.08518848
0.086785601
0.088902555
0.092018307
0.097441953
0.11002792
0.084874103
0.086378193
0.088430218
0.09153038
0.097017897
0.10983477
0.08485045
0.086274116
0.088283603
0.091401816
0.096989226
0.10993066
0.084993969
0.08632164
0.08828842
0.091424763
0.09708909
0.11019016
0.085308829
0.08649113
0.08837259
0.091511601
0.097282843
0.1105317
0.086044226
0.086999626
0.088696298
0.091758294
0.097585604
0.1109278
0.087010158
0.087776857
0.08927184
0.09216811
0.097929448
0.11133369
0.088603296
0.089192421
0.090452981
0.093076866
0.098618041
0.11186311
0.090071251
0.090522766
0.091578077
0.093931906
0.099225954
0.11239973
0.09217393
0.092530563
0.093409605
0.095452536
0.10032217
0.11309841
0.09378572
0.094082429
0.094849354
0.09668252
0.10123571
0.11379413
0.096150275
0.09640584
0.09707408
0.098687765
0.10282541
0.11479538
0.097633985
0.09787124
0.098498892
0.10002469
0.10399528
0.11579354
0.10019114
0.10041089
0.10097644
0.10233707
0.10594511
0.11715813
0.10128253
0.10150132
0.10206313
0.10341728
0.10704002
0.11830445
0.10429641
0.10451942
0.10505601
0.10631383
0.10963432
0.12028646
0.12898071
0.12990147
0.13089051
0.13217176
0.13457102
0.14389484
0.13405374
0.13497368
0.1359861
0.13730358
0.13966816
0.14728227
0.13958273
0.14051942
0.14158419
0.14298841
0.14544529
0.15204109
0.14549835
0.14645107
0.14753406
0.14891149
0.15111479
0.15616986
0.15169196
0.15268008
0.15381428
0.15525284
0.15749859
0.16232002
0.15799607
0.15901318
0.16016545
0.16156418
0.16353009
0.16692659
0.1641967
0.16524297
0.16642794
0.16786986
0.16995728
0.17457361
0.170099
0.17117454
0.17238999
0.17386514
0.17597773
0.18012516
0.17557218
0.1767089
0.17798903
0.17951928
0.1815951
0.18474461
0.18034948
0.1815449
0.18287673
0.18443054
0.1864196
0.18881439
0.18421218
0.18547383
0.18686836
0.18846809
0.1904045
0.19207276
0.18696761
0.18827229
0.18967539
0.1912349
0.19304132
0.19432985
0.18841459
0.18987739
0.19144219
0.19314455
0.1949795
0.19559961
0.18843004
0.18990057
0.19146066
0.1931437
0.19494404
0.19566282
0.18794369
0.18942191
0.19097368
0.19261898
0.19430617
0.19466428
0.18659298
0.18813056
0.18972833
0.19143778
0.19323513
0.1935369
0.18444548
0.18606708
0.18772656
0.18946355
0.19125395
0.19158999
0.18179035
0.18348937
0.18520308
0.18696683
0.18875844
0.18923349
0.17879929
0.18058284
0.18237089
0.18420559
0.1860744
0.18666317
0.17564293
0.17749421
0.17932954
0.18119234
0.18309064
0.18396223
0.17249115
0.17441833
0.17632898
0.17827956
0.18029418
0.18129935
0.16939504
0.17136226
0.17329177
0.17524445
0.17728048
0.17867827
0.16656512
0.16860526
0.17060733
0.17264206
0.17478238
0.17625965
0.16361329
0.16568757
0.16772535
0.16980118
0.17201664
0.17389368
0.11754622
0.11882809
0.12085163
0.12295995
0.12484088
0.12630889
0.12732048
0.1279621
0.12835755
0.12669073
0.12731435
0.12842806
0.12970543
0.13091618
0.13190633
0.1326249
0.13311441
0.13345613
0.13561153
0.13551917
0.13582632
0.13640294
0.1370816
0.1377153
0.13823829
0.13864721
0.13898135
0.14415565
0.14344079
0.14310188
0.14310524
0.14334643
0.14370528
0.14410178
0.1444892
0.14486374
0.15226674
0.15102206
0.15014256
0.14968886
0.1495966
0.14976918
0.15010878
0.15053219
0.15099297
0.15977445
0.15811252
0.15681165
0.15600494
0.15568773
0.15576692
0.15611964
0.15663143
0.15721535
0.16650362
0.16454061
0.16295175
0.16191299
0.16147045
0.16153664
0.16196237
0.16260026
0.16332733
0.17232635
0.1701703
0.16841714
0.16726559
0.16679055
0.16691265
0.16746072
0.16825371
0.16913708
0.17699678
0.17481301
0.17303782
0.17189717
0.17148436
0.17172533
0.17243946
0.17342016
0.17448796
0.18082366
0.17862842
0.17680704
0.1757009
0.17540057
0.17580152
0.17670814
0.17788888
0.17914322
0.18282559
0.18072288
0.17916299
0.17833939
0.17828777
0.17891465
0.18005201
0.18144617
0.1828846
0.18279884
0.18098886
0.17981552
0.17936535
0.17970647
0.18073894
0.18221659
0.18388813
0.18553035
0.18213503
0.18057071
0.17957774
0.17935257
0.18000751
0.1813612
0.18309293
0.18496254
0.1867968
0.18025792
0.17913915
0.17858431
0.17877759
0.17969074
0.18118638
0.18301422
0.18493812
0.1867986
0.17653666
0.17610946
0.17624942
0.1770508
0.17845467
0.1802875
0.18233474
0.1843924
0.18630333
0.17130593
0.17167927
0.17260005
0.1740826
0.1760434
0.17829791
0.18064598
0.18288771
0.18489316
0.16492027
0.16625801
0.16807401
0.17033173
0.17289398
0.17557098
0.17818026
0.18057403
0.18266777
0.15759166
0.16003451
0.16287554
0.16599259
0.1692047
0.17233209
0.17522383
0.17777455
0.17994651
0.14971132
0.153363
0.15730332
0.16132266
0.16520283
0.16878207
0.17195153
0.17465095
0.17689131
0.14182111
0.1466645
0.15167684
0.15657721
0.16110803
0.16511741
0.16854692
0.17138408
0.17368265
0.13424451
0.1402882
0.14630552
0.15200168
0.15711984
0.16151273
0.16517107
0.1681298
0.17047913
0.12737815
0.13428724
0.14117636
0.14761668
0.1532933
0.15804719
0.16190788
0.16496835
0.16735317
0.12150108
0.12948741
0.13702589
0.14390262
0.14992378
0.15492232
0.15892811
0.16206356
0.1644765
0.11395751
0.12257524
0.13131991
0.13927055
0.14604582
0.15151283
0.15577814
0.15904346
0.16150133
0.14351457
0.13479686
0.12848189
0.12414401
0.12091802
0.1184418
0.15467837
0.14620938
0.13946768
0.13461879
0.13086924
0.12785471
0.16487881
0.1568624
0.1498353
0.14462023
0.14052155
0.13719096
0.1741269
0.16673833
0.15952983
0.15405537
0.14970877
0.14614571
0.1823629
0.17564903
0.16841341
0.1627952
0.15829629
0.15458934
0.18949849
0.18361282
0.17637333
0.17069038
0.16611926
0.16234421
0.19532004
0.19034359
0.18320941
0.17755939
0.17299816
0.16922951
0.19965523
0.1957563
0.18882236
0.18328478
0.17880981
0.17512003
0.20247557
0.19980088
0.19300712
0.18758553
0.18324301
0.17971628
0.20304728
0.20165143
0.19543366
0.19040132
0.18651068
0.18335893
0.20246406
0.20205771
0.19701434
0.1924148
0.18855436
0.18537764
0.20279589
0.20247379
0.19701291
0.19228296
0.18833766
0.18519759
0.2007956
0.20109813
0.19521706
0.19054014
0.18694351
0.18418225
0.19651222
0.19707455
0.1915867
0.18730183
0.18417541
0.18186152
0.18451126
0.18915926
0.18548473
0.18197251
0.17937091
0.17755198
0.17159992
0.17963612
0.17728974
0.17467804
0.17279574
0.17160608
0.1575573
0.1691408
0.16777455
0.16590013
0.16478262
0.16435228
0.14246002
0.15503918
0.15573435
0.15541291
0.15547446
0.15599798
0.12521255
0.14037537
0.14276617
0.14389699
0.14528263
0.14697012
0.10439469
0.11999563
0.12752008
0.13154859
0.13479659
0.13786101
0.083540824
0.10257926
0.11185473
0.11865473
0.12415427
0.12893239
0.03886759
0.075737472
0.098488216
0.10834555
0.11534673
0.12122473
0.01354924
0.039421221
0.072773565
0.095973319
0.10649714
0.11384455
0.022259252
0.022637671
0.041642395
0.070276489
0.095092935
0.10705448
0.016425764
0.0036740638
0.019104776
0.037053376
0.060774517
0.088626599
0.018002621
0.012225617
0.005584658
0.014269874
0.029730165
0.054437356
0.015511445
0.013326228
0.010225946
0.0059553095
0.0092673111
0.026987531
0.015209765
0.013599831
0.011314103
0.0086237734
0.005131427
0.0086013524
0.015914333
0.014321609
0.012213749
0.010215922
0.0081848749
0.0070231122
0.016877953
0.015180683
0.013308109
0.011691283
0.010173516
0.0088663034
0.017469514
0.015607149
0.013869426
0.012458527
0.011225382
0.01011378
0.017365298
0.015505021
0.013921683
0.012686535
0.011653772
0.010748611
0.016488432
0.014485961
0.013172801
0.012249856
0.011542553
0.010959634
0.013500453
0.012548224
0.011725187
0.011234536
0.010970153
0.010849545
0.010746593
0.01004877
0.0097506118
0.0097781115
0.010038396
0.010437482
0.0069021922
0.0068736176
0.0073610531
0.0080712744
0.0089182454
0.0098181884
0.003906266
0.0042812476
0.0054650961
0.0067281455
0.0079848304
0.0091971611
0.0034701119
0.0030993156
0.0047897014
0.0061410098
0.0074474166
0.0086835485
0.0053162198
0.0048346838
0.0054458817
0.0063161067
0.0072892553
0.008269137
0.0083182727
0.0074687938
0.0071504278
0.007235487
0.0075831788
0.0080503262
0.011248589
0.0096871272
0.0087450515
0.0082317746
0.0079854916
0.0078856785
0.012907969
0.011115308
0.0098409418
0.0089394179
0.0082551789
0.0076832048
0.013328055
0.011734573
0.010327116
0.0092130311
0.0082820683
0.0074365122
0.013077686
0.011584167
0.010152734
0.0089725427
0.0079189393
0.0069807831
0.012150908
0.011153158
0.009622465
0.0082293052
0.0069708784
0.0061494663
0.011074775
0.010396855
0.0086743486
0.0067990766
0.0050260909
0.0055902848
0.010356719
0.009825173
0.0079247647
0.0051566153
0.0037596812
0.011545565
0.0099760959
0.0096407306
0.0076796715
0.0058174951
0.016618574
0.029328244
0.17034582
0.16237513
0.15544417
0.15051705
0.14680225
0.14400832
0.16150369
0.15357306
0.1470579
0.14252736
0.13918409
0.1367109
0.1517795
0.14398608
0.13791988
0.13381271
0.13087369
0.12880378
0.14131861
0.13373832
0.12817179
0.12453355
0.12204366
0.12040733
0.13018053
0.12284033
0.11783446
0.11472281
0.11273668
0.11157665
0.11840637
0.11132191
0.10696334
0.10445152
0.10304101
0.10240833
0.10621586
0.09932969
0.095714203
0.093880997
0.093083008
0.093000942
0.093987849
0.087280699
0.084420487
0.083253184
0.083040735
0.083499616
0.07758079
0.074591377
0.072891151
0.072448991
0.072866519
0.073954749
0.064518585
0.06212898
0.06118352
0.061469943
0.062646846
0.064501326
0.050507526
0.049341643
0.049345878
0.050586949
0.052704629
0.055441155
0.036448561
0.036326068
0.037635704
0.040133203
0.043420745
0.047179481
0.023534275
0.023633092
0.026771322
0.030925593
0.035554055
0.040375539
0.014702141
0.014090353
0.019589228
0.025059816
0.030627975
0.036153087
0.010789397
0.012319416
0.017809512
0.023578936
0.029365652
0.035043016
0.021432419
0.021417565
0.02411109
0.028083018
0.032713083
0.037621269
0.035098725
0.033969767
0.034528227
0.036576166
0.039631709
0.043322802
0.049102397
0.046684709
0.046015247
0.046746718
0.048508861
0.051041477
0.063003719
0.059377887
0.057757774
0.057565017
0.05835685
0.059909981
0.076190102
0.072078489
0.069629325
0.068677837
0.068677402
0.069419045
0.092280311
0.085097716
0.08158541
0.079832113
0.079149988
0.079252403
0.10599731
0.097685969
0.093406135
0.091010217
0.089700037
0.089188614
0.1187568
0.11048776
0.10549585
0.10243606
0.10046471
0.099264306
0.13144169
0.12269904
0.11704683
0.11336819
0.11079015
0.10894404
0.010006993
0.0094916023
0.0076415585
0.02124796
0.038660195
0.050647076
0.010787475
0.0087310585
0.024586939
0.044787857
0.067472
0.085787296
0.0056286643
0.024989575
0.048912623
0.075834099
0.09203248
0.10024211
0.024710799
0.05105256
0.081601124
0.095753302
0.10259988
0.10762711
0.056485112
0.085286446
0.098185773
0.1050426
0.11030856
0.11473787
0.086697122
0.10187881
0.11100172
0.11615069
0.1198022
0.12284777
0.10720532
0.12179642
0.12592662
0.12752917
0.12910151
0.13082048
0.12459223
0.13623911
0.13782903
0.13786323
0.13813502
0.13879932
0.13975076
0.15081748
0.1497654
0.14792143
0.14684761
0.14644276
0.15379576
0.16199153
0.1594057
0.15656533
0.1546271
0.15338984
0.16632047
0.17215641
0.16812757
0.1642635
0.16149835
0.15954809
0.17780327
0.17992319
0.17496903
0.17059214
0.16726058
0.16475304
0.18902226
0.1869421
0.18038383
0.17554714
0.17181612
0.16889698
0.19623798
0.19265977
0.18476788
0.17925757
0.17517029
0.17193217
0.20013495
0.19594923
0.18836266
0.18246486
0.17780116
0.17407805
0.2009122
0.19713674
0.19014934
0.18428319
0.17933993
0.17534142
0.2012406
0.19706676
0.19029284
0.18452857
0.17976936
0.17580822
0.20166419
0.19668997
0.18897848
0.18307348
0.17851775
0.17474361
0.20104518
0.19557177
0.18774538
0.18157023
0.17669029
0.17273106
0.1989809
0.19269008
0.18488829
0.17880285
0.17395574
0.16997869
0.19566548
0.18892926
0.18109117
0.17508119
0.17030646
0.16636911
0.19104985
0.18375542
0.17610662
0.17032923
0.16573952
0.16192072
0.18520974
0.17752604
0.1700807
0.1645692
0.16021812
0.15658936
0.17824263
0.17031401
0.16309265
0.15785907
0.15381325
0.15060061
0.10573966
0.096551093
0.087246459
0.078059863
0.069072423
0.060607692
0.052962439
0.046598685
0.042194255
0.040440409
0.041582722
0.045252157
0.051074688
0.058255392
0.066281094
0.074787004
0.083505259
0.092289815
0.10104627
0.10962861
0.11793398
0.12588175
0.13343068
0.14051505
0.1015115
0.092602172
0.084168435
0.075958083
0.068162493
0.06100201
0.054813388
0.049942952
0.046852066
0.045899413
0.047132546
0.05033218
0.05522881
0.061301291
0.068187898
0.075592336
0.083302501
0.091155689
0.099068504
0.10692081
0.11461199
0.12206249
0.1292396
0.13645236
0.097393025
0.089308163
0.081833312
0.074705196
0.068118518
0.06229292
0.057471136
0.053895505
0.051840037
0.051465062
0.052739174
0.055539458
0.059661466
0.064772428
0.070622922
0.076991203
0.083705708
0.090638318
0.097669845
0.10475042
0.1117708
0.11865961
0.12536206
0.13224254
0.093808437
0.086719105
0.080263069
0.074274407
0.06892218
0.064384975
0.060790877
0.058302084
0.057052961
0.057095213
0.058378907
0.060833769
0.064305162
0.068585715
0.073507306
0.078912492
0.084670555
0.090686488
0.096861663
0.10312443
0.10942401
0.11568287
0.12184919
0.12824765
0.090948333
0.084926829
0.079548003
0.074710131
0.070565614
0.067188403
0.064651381
0.06303829
0.06239848
0.062732335
0.063999764
0.066155197
0.069082429
0.072656565
0.076766982
0.081307085
0.086182346
0.091315509
0.096647808
0.10210777
0.10765035
0.11322465
0.11878223
0.12460658
0.088948
0.084033187
0.079725636
0.076023427
0.072970517
0.070592043
0.068920753
0.067985931
0.067792141
0.068321445
0.069552214
0.071445635
0.07391893
0.076898842
0.080313909
0.08409446
0.088176179
0.092502073
0.097024878
0.10170716
0.10649827
0.11136365
0.11626121
0.12142299
0.087920935
0.084059678
0.080813264
0.078135894
0.076019032
0.074461061
0.073466642
0.073036214
0.073157382
0.073811958
0.074988837
0.076651314
0.078746936
0.081231721
0.084060338
0.087188193
0.090573064
0.094176034
0.09796256
0.10190541
0.10598089
0.11014747
0.11437653
0.11883697
0.087817951
0.085004579
0.08272703
0.08092213
0.079567719
0.07865162
0.078164844
0.07809501
0.078427954
0.079155294
0.080264818
0.081725094
0.083506485
0.085581845
0.08792294
0.090501673
0.093290932
0.09626518
0.09940098
0.1026783
0.10608045
0.10959149
0.11317792
0.11696768
0.088643823
0.0867752
0.085314475
0.08421419
0.083453975
0.083019817
0.082898623
0.083077222
0.083547624
0.084307269
0.085339319
0.086623435
0.088143204
0.089881899
0.091822162
0.093946483
0.096237643
0.098679144
0.10125566
0.10395358
0.10676062
0.10966519
0.1126557
0.11581816
0.090327188
0.089223611
0.088411396
0.087852905
0.087533936
0.087444469
0.087574062
0.08791653
0.088471151
0.089229602
0.090178448
0.091307777
0.092608278
0.094070008
0.095682495
0.097434924
0.099316377
0.10131615
0.10342415
0.10563141
0.10792971
0.11031028
0.11276427
0.11536471
0.092750508
0.092240989
0.091899169
0.091714101
0.09169348
0.091832916
0.092125714
0.092570466
0.09316149
0.093890717
0.094752479
0.095742322
0.096855555
0.098086532
0.0994294
0.10087764
0.10242437
0.10406261
0.10578553
0.10758687
0.10946094
0.11140228
0.11340466
0.11551314
0.095635734
0.095523831
0.095524254
0.095623907
0.09582299
0.096116178
0.096508626
0.096998433
0.097581422
0.09825523
0.099018969
0.099872178
0.10081404
0.10184286
0.10295613
0.10415019
0.10542062
0.10676275
0.1081719
0.10964336
0.11117225
0.11275528
0.11439693
0.11614779
0.098985635
0.099151284
0.099367889
0.099635461
0.09995526
0.10032789
0.10075297
0.10122998
0.10175973
0.10234436
0.10298679
0.10369055
0.10445809
0.10528993
0.10618491
0.10714112
0.10815717
0.10923162
0.11036272
0.11154787
0.11278248
0.11406087
0.11538531
0.11681635
0.10297092
0.10325248
0.10356929
0.10390385
0.10425486
0.1046231
0.10501048
0.10542041
0.10585694
0.10632288
0.10681526
0.1073397
0.10790344
0.10850573
0.10914774
0.10983209
0.11056191
0.11134013
0.112169
0.11304945
0.11397914
0.11495033
0.11595467
0.11704679
0.10709964
0.10738229
0.10767738
0.10797401
0.10827398
0.10858222
0.10890383
0.10924251
0.10960003
0.10997591
0.11036882
0.11077804
0.11120311
0.11164453
0.11210318
0.11257967
0.11307498
0.11359081
0.11413006
0.11469707
0.11529583
0.11592511
0.11657181
0.11725197
0.11012862
0.11041737
0.11071139
0.11100637
0.11130635
0.11161368
0.11192919
0.11225287
0.11258455
0.11292448
0.1132733
0.1136318
0.11400069
0.11438079
0.11477272
0.11517654
0.11559157
0.11601594
0.11644718
0.11688292
0.11732033
0.11775517
0.11818109
0.11861569
0.11286681
0.11317137
0.1134899
0.11380662
0.11411968
0.11442866
0.11473367
0.11503526
0.11533409
0.11563061
0.11592503
0.11621711
0.11650676
0.11679475
0.11708269
0.11737305
0.11766866
0.11797254
0.11828807
0.11861786
0.1189627
0.11931983
0.11968333
0.12006411
0.11556332
0.11587547
0.11618139
0.11647672
0.116765
0.11704956
0.11733272
0.11761574
0.11789901
0.11818245
0.11846561
0.1187478
0.11902833
0.11930636
0.11958074
0.11985027
0.12011265
0.12036471
0.12060437
0.12083145
0.12104751
0.12125483
0.12145442
0.12165368
0.11820955
0.11848231
0.11875145
0.11901521
0.1192746
0.11952965
0.1197796
0.12002352
0.12026116
0.12049278
0.12071895
0.12094041
0.121158
0.12137268
0.1215855
0.12179718
0.12200824
0.12221962
0.12243173
0.12264357
0.12285255
0.12305557
0.12325159
0.12344697
0.12079778
0.12104437
0.12128485
0.12151788
0.12174391
0.12196381
0.12217855
0.12238917
0.12259644
0.12280057
0.12300133
0.12319824
0.12339058
0.12357747
0.12375788
0.12393104
0.12409657
0.12425427
0.12440425
0.12454675
0.12468175
0.12480907
0.12492854
0.12504301
0.12324461
0.12343743
0.12362474
0.12380687
0.12398488
0.1241594
0.12433054
0.12449824
0.12466239
0.12482294
0.12497996
0.12513352
0.12528384
0.12543134
0.12557672
0.12572057
0.12586301
0.12600342
0.12614049
0.12627301
0.12640048
0.12652283
0.12664037
0.12675538
0.12558422
0.1257436
0.12589948
0.12605137
0.12619923
0.12634321
0.12648355
0.12662046
0.12675403
0.12688422
0.12701093
0.12713405
0.12725339
0.12736856
0.12747897
0.12758406
0.12768351
0.12777744
0.12786651
0.12795137
0.12803193
0.12810749
0.1281777
0.12824367
0.12769105
0.12780512
0.12791606
0.12802406
0.12812962
0.12823325
0.1283352
0.12843559
0.12853442
0.12863168
0.12872733
0.12882128
0.12891352
0.12900422
0.12909363
0.12918193
0.12926917
0.12935509
0.12943903
0.12952025
0.12959845
0.12967375
0.12974643
0.12981736
0.12967087
0.1297573
0.12984275
0.12992688
0.13000955
0.13009068
0.13017011
0.13024769
0.13032321
0.13039649
0.13046736
0.1305357
0.13060134
0.13066407
0.1307236
0.13077971
0.13083235
0.13088163
0.13092785
0.1309713
0.13101204
0.13105
0.13108519
0.13111796
0.131336
0.13139401
0.13145095
0.13150694
0.13156221
0.13161696
0.13167138
0.13172555
0.13177949
0.1318332
0.13188662
0.13193968
0.13199233
0.13204452
0.13209628
0.13214756
0.13219825
0.13224813
0.13229704
0.13234485
0.13239159
0.1324374
0.13248248
0.13252706
0.13290004
0.13293858
0.13297732
0.1330162
0.13305517
0.13309415
0.13313297
0.13317141
0.13320923
0.13324617
0.13328198
0.13331642
0.13334928
0.13338037
0.13340951
0.1334366
0.13346158
0.13348445
0.13350525
0.13352409
0.1335412
0.13355702
0.13357232
0.13358766
0.13406702
0.13408819
0.13410952
0.13413124
0.13415363
0.13417698
0.1342015
0.13422733
0.13425457
0.13428324
0.13431331
0.13434465
0.13437714
0.13441056
0.13444471
0.13447937
0.13451428
0.13454912
0.13458349
0.13461683
0.13464836
0.13467714
0.13470229
0.13472381
0.13507132
0.13507749
0.13508486
0.1350935
0.13510342
0.13511456
0.13512682
0.13514007
0.13515412
0.13516874
0.1351837
0.13519874
0.13521364
0.13522819
0.13524224
0.13525571
0.13526862
0.13528101
0.13529303
0.13530493
0.13531709
0.13532985
0.13534348
0.13535793
0.13574481
0.13574473
0.13574546
0.13574746
0.13575093
0.13575596
0.13576257
0.13577074
0.13578047
0.13579173
0.13580439
0.13581859
0.13583438
0.1358518
0.1358709
0.13589183
0.13591488
0.13593988
0.13596602
0.13599275
0.1360196
0.13604614
0.13607203
0.13609705
0.13640077
0.1363957
0.13639304
0.13639244
0.13639369
0.13639665
0.13640116
0.13640706
0.13641418
0.13642237
0.13643165
0.13644183
0.1364526
0.13646377
0.13647513
0.13648641
0.13649714
0.13650733
0.13651747
0.13652776
0.13653832
0.13654919
0.13656039
0.13657186
0.1367474
0.13674193
0.13673837
0.13673672
0.13673687
0.13673865
0.13674194
0.13674664
0.13675243
0.13675893
0.1367675
0.13677672
0.13678652
0.13679689
0.13680778
0.13681916
0.13683098
0.1368432
0.13685581
0.13686875
0.13688195
0.13689532
0.13690884
0.13692249
0.12477969
0.12431928
0.1235685
0.12237011
0.12061646
0.1183496
0.1157718
0.11318695
0.11097455
0.12236778
0.12182746
0.12098094
0.1196511
0.11771503
0.11520232
0.11232441
0.10940895
0.1068636
0.11983249
0.11923178
0.11829384
0.11683682
0.11472768
0.11198268
0.10880468
0.10552697
0.1026561
0.11727301
0.11660807
0.11558664
0.1140244
0.11178382
0.10887305
0.10548797
0.10196499
0.098836372
0.11476813
0.11403682
0.1129407
0.11129944
0.1089782
0.10598394
0.10250975
0.098888138
0.095618101
0.11241609
0.11161511
0.11045429
0.10876472
0.10642191
0.10343728
0.10000067
0.096429154
0.09315351
0.11032165
0.10945178
0.10823826
0.10653318
0.1042301
0.10134894
0.098067031
0.094673308
0.091540668
0.10858965
0.10764427
0.10639344
0.10470516
0.10249177
0.09977737
0.096734623
0.09363054
0.090782421
0.1074645
0.10635745
0.10504012
0.10337974
0.1012985
0.098818603
0.096095165
0.093376054
0.090930306
0.10706397
0.10574624
0.10435648
0.10274227
0.10082018
0.098623272
0.096306529
0.094049905
0.092022445
0.10778337
0.10608973
0.10439452
0.10276216
0.10106212
0.099231563
0.097342269
0.095528554
0.093926342
0.10850532
0.1077967
0.10609602
0.10400169
0.10212297
0.10047799
0.098961568
0.097578146
0.096381235
0.10862071
0.10857172
0.10804431
0.10675512
0.10490497
0.10313618
0.1016224
0.1003846
0.099423918
0.10926754
0.10893917
0.10886163
0.10861242
0.10780425
0.10653325
0.10523305
0.10413661
0.10328687
0.1104263
0.11028763
0.10991774
0.10958519
0.10937982
0.1090348
0.10845912
0.10781841
0.10725647
0.11203831
0.11185405
0.11174632
0.11152119
0.11115349
0.11081563
0.11055242
0.11031446
0.11009422
0.11402099
0.11390904
0.11372706
0.11357891
0.11346133
0.11329812
0.11309965
0.11291903
0.11277801
0.11630229
0.11618514
0.11608931
0.1159549
0.11579611
0.11566484
0.11556583
0.11548796
0.11542855
0.11866155
0.1185905
0.11850405
0.11842787
0.11835595
0.11827486
0.11819537
0.11813103
0.11808584
0.12116276
0.12107425
0.12099308
0.12090932
0.12083125
0.12077013
0.12072527
0.12069413
0.1206754
0.12346962
0.12342697
0.12338082
0.12333381
0.12328583
0.12323872
0.12319819
0.12316803
0.12314862
0.12584825
0.12577605
0.12570865
0.1256479
0.12559706
0.12555804
0.1255301
0.12551183
0.1255017
0.1278421
0.12781676
0.12778922
0.12775813
0.12772488
0.12769298
0.12766602
0.12764583
0.12763245
0.12989091
0.12983647
0.12978503
0.12973938
0.12970138
0.12967165
0.12964976
0.12963472
0.12962529
0.13143615
0.13141942
0.13140237
0.13138352
0.13136335
0.13134381
0.13132696
0.13131389
0.13130465
0.13304331
0.13301229
0.13298251
0.13295534
0.1329318
0.13291241
0.13289731
0.13288622
0.13287858
0.13411094
0.13410449
0.13409899
0.13409269
0.13408483
0.13407574
0.13406687
0.13405941
0.1340538
0.13520578
0.13518408
0.13516163
0.13513948
0.13511889
0.13510105
0.1350866
0.13507557
0.13506763
0.13584105
0.13582557
0.13581046
0.13579565
0.13578145
0.13576851
0.13575759
0.13574912
0.13574315
0.1364956
0.13648297
0.13646962
0.13645591
0.1364425
0.13643017
0.13641954
0.13641086
0.13640413
0.13683472
0.13682288
0.13681019
0.13679715
0.13678462
0.13677348
0.13676438
0.13675757
0.13675278
0.12544982
0.12306206
0.12052301
0.11798071
0.11549701
0.11317522
0.11111153
0.10946071
0.10856493
0.10843561
0.10880134
0.10873953
0.10871749
0.10952105
0.11050237
0.11221733
0.11407274
0.11641867
0.11870016
0.12124544
0.12349916
0.12591605
0.12786257
0.12994476
0.13145367
0.13307633
0.13412105
0.13523017
0.13586114
0.13651115
0.13684825
0.12637667
0.12399718
0.12143189
0.1188736
0.11637274
0.1140517
0.11199161
0.1105178
0.10991991
0.10981914
0.1092739
0.10900952
0.10897325
0.10966244
0.11070343
0.11233934
0.11418538
0.11652179
0.11876622
0.12133375
0.1235464
0.12599272
0.12789492
0.13000654
0.13148177
0.13311619
0.13414073
0.13525984
0.13588751
0.13653136
0.1368673
0.12734837
0.1249787
0.12238809
0.11982857
0.11731247
0.11502703
0.11309337
0.11201833
0.1115635
0.11039737
0.10974488
0.10944034
0.10939538
0.11006006
0.11108698
0.11265724
0.11449214
0.11676967
0.11900294
0.12152915
0.12372289
0.12614474
0.12801439
0.1301153
0.13156815
0.13318832
0.13420038
0.1353146
0.1359349
0.13656436
0.13689613
0.12858215
0.12625028
0.12366404
0.12117857
0.11868935
0.11663835
0.11523388
0.11450317
0.11287983
0.11176437
0.11105382
0.11070057
0.11063911
0.11121118
0.11223453
0.11366334
0.11546695
0.11759356
0.11979881
0.12218207
0.12434716
0.12663226
0.12846192
0.13041942
0.13186568
0.13338796
0.13440187
0.13546145
0.1360571
0.13663869
0.1369541
0.13083375
0.12891743
0.1264711
0.12460195
0.1228845
0.1218693
0.12037744
0.11876941
0.11707899
0.11600107
0.11523136
0.1148496
0.1147671
0.11509103
0.11606957
0.1171931
0.11887772
0.12068193
0.12277289
0.12483875
0.12691464
0.12891227
0.13069849
0.1319836
0.13325492
0.13436155
0.13529858
0.13609118
0.13662875
0.13692926
0.13710986
0.14132683
0.14065994
0.13882624
0.13787597
0.13561253
0.13433574
0.13206922
0.13059725
0.12918757
0.12808932
0.12725728
0.12671096
0.12645496
0.12637076
0.12701105
0.12778834
0.12889808
0.13022698
0.13171111
0.1332752
0.13482056
0.13627502
0.13758863
0.13872364
0.13962373
0.14031095
0.14072814
0.14092959
0.14093274
0.1404727
0.13996492
)
;

boundaryField
{
    Side1
    {
        type            empty;
    }
    Inlet
    {
        type            calculated;
        value           nonuniform List<scalar> 
70
(
0.13694031
0.13694925
0.13696002
0.13697268
0.13698767
0.13700545
0.13702653
0.13705141
0.13708067
0.13711499
0.13715512
0.13720271
0.1372625
0.13733171
0.13740877
0.13749696
0.13759964
0.1377201
0.1378637
0.13803517
0.13823415
0.13846798
0.13871951
0.13898897
0.13931605
0.13967834
0.14006367
0.14045127
0.14081294
0.14111254
0.14130001
0.1367548
0.13674982
0.13674661
0.13674526
0.13674568
0.13674769
0.13675117
0.13675601
0.1367619
0.13676853
0.13677713
0.13678635
0.13679614
0.13680648
0.13681732
0.13682863
0.13684036
0.13685247
0.13686495
0.13687775
0.1368908
0.136904
0.13691737
0.13693076
0.13683816
0.13682676
0.13681459
0.13680204
0.13678993
0.1367791
0.13677014
0.13676321
0.13675848
0.13685165
0.13687039
0.13689868
0.13695528
0.13710996
0.13990798
)
;
    }
    Freestream
    {
        type            calculated;
        value           nonuniform List<scalar> 
118
(
0.14784451
0.14781406
0.14777941
0.14773999
0.14769516
0.14764419
0.14758629
0.1475206
0.14744614
0.14736164
0.14726537
0.14715513
0.14702827
0.14688206
0.14671395
0.14652192
0.14630452
0.14606104
0.1457917
0.14549723
0.14517833
0.14483545
0.1444687
0.14407622
0.14365832
0.14321863
0.14276234
0.14230109
0.14185233
0.14148653
0.14130395
0.14895994
0.14892238
0.14887913
0.14883446
0.14878907
0.14874309
0.14869695
0.14865043
0.14860374
0.14855678
0.14850962
0.14846226
0.14841472
0.14836701
0.14831914
0.14827113
0.14822298
0.14817473
0.14812639
0.14807798
0.14802949
0.14798086
0.14793205
0.14788314
0.14899299
0.14902396
0.14905558
0.14909665
0.14912921
0.14916291
0.14919461
0.14924325
0.14929146
0.14934152
0.14939114
0.14944319
0.14949831
0.1495574
0.14962103
0.14968894
0.14976061
0.14983604
0.14991555
0.14999927
0.15008728
0.15017957
0.1502762
0.1503768
0.15048148
0.15058966
0.15070134
0.15081571
0.15093227
0.15105081
0.15116909
0.15128877
0.15140443
0.15152071
0.1516288
0.15173535
0.15183057
0.15192102
0.15199583
0.15206601
0.15211279
0.1521513
0.15217031
0.15216631
0.15214921
0.15212705
0.152075
0.15202145
0.15192564
0.15184494
0.15171469
0.15161322
0.15145898
0.15134172
0.15116778
0.15104882
0.15086555
0.15074995
0.15056045
0.15045544
0.15026212
0.15017139
0.14992222
)
;
    }
    Side2
    {
        type            empty;
    }
    Outlet
    {
        type            calculated;
        value           nonuniform List<scalar> 
70
(
0.11768402
0.11800108
0.11836068
0.11876833
0.11923027
0.11975343
0.12034549
0.12101484
0.12177059
0.12262244
0.12358062
0.12465555
0.12585786
0.12719836
0.12868644
0.13032046
0.13209308
0.13399426
0.13600423
0.13809059
0.14021032
0.14231077
0.14433113
0.14623052
0.1480095
0.14944349
0.14991328
0.14995576
0.14995852
0.14995338
0.14992222
0.10603693
0.10646562
0.1069039
0.10735216
0.10780889
0.10827294
0.10874348
0.10921984
0.10970144
0.11018779
0.11067846
0.11117304
0.11167116
0.11217247
0.11267661
0.11318325
0.113692
0.11420252
0.11471442
0.1152273
0.11574078
0.11625446
0.11676792
0.11728077
0.10573578
0.10553506
0.10529761
0.10503731
0.10477683
0.10454591
0.10437166
0.10427096
0.10424622
0.10429641
0.10451942
0.10505601
0.10631383
0.10963432
0.12028646
)
;
    }
    Botwall
    {
        type            calculated;
        value           nonuniform List<scalar> 
118
(
0.1498377
0.14983063
0.14982364
0.14981644
0.14980926
0.1498021
0.14979496
0.14978783
0.14978065
0.14977339
0.14976592
0.14975815
0.1497508
0.14974343
0.14973362
0.14972417
0.14971517
0.14970513
0.14969671
0.14968722
0.14967848
0.14967053
0.14966323
0.14965634
0.14964942
0.14964218
0.14963405
0.14962468
0.14961465
0.1496054
0.14959724
0.14959072
0.14958591
0.14958091
0.14957561
0.14956846
0.14955664
0.14953802
0.14952539
0.14952596
0.14953057
0.14953179
0.14953095
0.14952164
0.14950578
0.14950249
0.14950633
0.14951189
0.14951377
0.14951409
0.14951649
0.1495228
0.14953045
0.14953812
0.14954834
0.14956021
0.14957488
0.14958975
0.14960686
0.14962148
0.1496381
0.14964665
0.14966565
0.14972718
0.14974216
0.14976466
0.14978491
0.14981616
0.14984233
0.14987628
0.14990476
0.1499303
0.14995264
0.14997101
0.1499828
0.14999075
0.14998849
0.14998037
0.14997163
0.14995813
0.14994214
0.14992538
0.14990775
0.14989143
0.14987473
0.1498611
0.1498459
0.14971344
0.14971552
0.14970657
0.14970708
0.14969479
0.14969299
0.14967911
0.14967451
0.14966771
0.14966319
0.14965953
0.14965721
0.14965572
0.14965475
0.14965747
0.14966044
0.1496651
0.14967062
0.14967724
0.14968422
0.14969147
0.14969844
0.149705
0.14971077
0.14971606
0.1497201
0.14972374
0.14972602
0.14972806
0.14972772
0.14972788
)
;
    }
    Cyli
    {
        type            calculated;
        value           uniform 0;
    }
}


// ************************************************************************* //
